1556039041.000000, IBI
17.813315,0.656280
18.532098,0.718783
19.157127,0.625029
19.797781,0.640654
20.500938,0.703157
21.172844,0.671906
21.891627,0.718783
22.594784,0.703157
36.595425,0.687531
37.220454,0.625029
37.939237,0.718783
38.548640,0.609403
39.204920,0.656280
39.876825,0.671906
40.548731,0.671906
41.283140,0.734409
41.923794,0.640654
42.595700,0.671906
43.298857,0.703157
44.017640,0.718783
44.798926,0.781286
45.455206,0.656280
46.095860,0.640654
46.799017,0.703157
47.470923,0.671906
48.158454,0.687531
48.861612,0.703157
49.564769,0.703157
50.189797,0.625029
50.877329,0.687531
51.533609,0.656280
52.205515,0.671906
52.924298,0.718783
53.518075,0.593777
54.174355,0.656280
54.830635,0.656280
55.486915,0.656280
56.205698,0.718783
56.877604,0.671906
57.518258,0.640654
58.221415,0.703157
58.908947,0.687531
59.674607,0.765660
60.284009,0.609403
60.955915,0.671906
61.643447,0.687531
62.330978,0.687531
63.002884,0.671906
63.737293,0.734409
64.440450,0.703157
65.065478,0.625029
65.753010,0.687531
66.581173,0.828163
69.878199,0.687531
70.550104,0.671906
71.362642,0.812537
71.987670,0.625029
72.722079,0.734409
78.800482,0.593777
79.472388,0.671906
80.159919,0.687531
80.831825,0.671906
81.503731,0.671906
82.222514,0.718783
82.831917,0.609403
83.488197,0.656280
84.175728,0.687531
84.863260,0.687531
85.472662,0.609403
86.160194,0.687531
92.691743,0.656280
93.441777,0.750034
94.051180,0.609403
94.676209,0.625029
95.301237,0.625029
110.551935,0.812537
111.208215,0.656280
111.864496,0.656280
112.552027,0.687531
113.223933,0.671906
113.973967,0.750034
114.645873,0.671906
115.302153,0.656280
116.005310,0.703157
116.692842,0.687531
117.333496,0.640654
118.177284,0.843789
123.036882,0.765660
129.662185,0.656280
130.349717,0.687531
131.005997,0.656280
131.724780,0.718783
132.506065,0.781286
141.397097,0.687531
142.100255,0.703157
142.834663,0.734409
143.553446,0.718783
144.334732,0.781286
144.975386,0.640654
145.662918,0.687531
146.350449,0.687531
147.084858,0.734409
147.850518,0.765660
148.584926,0.734409
149.241206,0.656280
149.959989,0.718783
150.694398,0.734409
151.428807,0.734409
152.085087,0.656280
152.756992,0.671906
153.444524,0.687531
154.100804,0.656280
154.882090,0.781286
155.538370,0.656280
156.225901,0.687531
156.897807,0.671906
157.585338,0.687531
158.272870,0.687531
158.991653,0.718783
159.694810,0.703157
160.382341,0.687531
161.085499,0.703157
161.773030,0.687531
162.554316,0.781286
163.241847,0.687531
180.773900,0.796911
181.430180,0.656280
182.148963,0.718783
182.898997,0.750034
183.649031,0.750034
184.399066,0.750034
185.164726,0.765660
185.805380,0.640654
186.508537,0.703157
187.196069,0.687531
187.867975,0.671906
188.664886,0.796911
189.321166,0.656280
189.993072,0.671906
190.664978,0.671906
191.352509,0.687531
192.024415,0.671906
192.790075,0.765660
193.461981,0.671906
194.118261,0.656280
194.790166,0.671906
195.540201,0.750034
196.352738,0.812537
227.182274,0.578151
227.869806,0.687531
228.604214,0.734409
239.823478,0.734409
253.949124,0.703157
254.652282,0.703157
255.246059,0.593777
255.886713,0.640654
256.527367,0.640654
257.199273,0.671906
257.824302,0.625029
258.543085,0.718783
259.152488,0.609403
259.840019,0.687531
260.465048,0.625029
261.152579,0.687531
268.527917,0.640654
302.560724,0.578151
303.310759,0.750034
303.904536,0.593777
321.389711,0.640654
322.061617,0.671906
322.686646,0.625029
323.311674,0.625029
324.046083,0.734409
324.671112,0.625029
325.296140,0.625029
325.921169,0.625029
326.530572,0.609403
327.296232,0.765660
327.952512,0.656280
328.593166,0.640654
329.296323,0.703157
329.983855,0.687531
330.702638,0.718783
331.358918,0.656280
332.015198,0.656280
332.749606,0.734409
338.828010,0.640654
339.531167,0.703157
340.171821,0.640654
340.812475,0.640654
341.359375,0.546900
347.015884,0.718783
347.672164,0.656280
348.344070,0.671906
349.031602,0.687531
353.047410,0.562526
353.797445,0.750034
354.531853,0.734409
355.250636,0.718783
355.844414,0.593777
356.578822,0.734409
357.250728,0.671906
357.969511,0.718783
362.063448,0.609403
362.719728,0.656280
377.204766,0.656280
377.876672,0.671906
384.751987,0.640654
385.392641,0.640654
400.862099,0.640654
401.549631,0.687531
402.362168,0.812537
418.066012,0.687531
424.925701,0.640654
451.661299,0.781286
452.317580,0.656280
452.973860,0.656280
453.661391,0.687531
454.286420,0.625029
455.036454,0.750034
455.614605,0.578151
456.114628,0.500023
462.068026,0.625029
462.708680,0.640654
463.364960,0.656280
463.989989,0.625029
464.615017,0.625029
465.240046,0.625029
465.865075,0.625029
466.490103,0.625029
467.146383,0.656280
467.724535,0.578151
468.271435,0.546900
468.865212,0.593777
469.443363,0.578151
470.052766,0.609403
470.740298,0.687531
471.318449,0.578151
471.896601,0.578151
480.881387,0.640654
481.615795,0.734409
487.631696,0.656280
488.303602,0.671906
488.991133,0.687531
489.709916,0.718783
490.366196,0.656280
491.006850,0.640654
491.663130,0.656280
492.366287,0.703157
492.991316,0.625029
493.647596,0.656280
494.335128,0.687531
495.022659,0.687531
495.710191,0.687531
496.413348,0.703157
497.069628,0.656280
497.725908,0.656280
498.397814,0.671906
499.054094,0.656280
499.772877,0.718783
500.429157,0.656280
501.054185,0.625029
523.664595,0.687531
524.227121,0.562526
524.836524,0.609403
528.274181,0.656280
529.024215,0.750034
529.680496,0.656280
530.321150,0.640654
531.008681,0.687531
531.696213,0.687531
532.414996,0.718783
533.180656,0.765660
533.852561,0.671906
534.493216,0.640654
535.149496,0.656280
535.821402,0.671906
536.446430,0.625029
537.196465,0.750034
537.821493,0.625029
538.477773,0.656280
539.180930,0.703157
539.805959,0.625029
540.509116,0.703157
541.212273,0.703157
572.323072,0.703157
573.010604,0.687531
573.698135,0.687531
600.605617,0.875040
606.371506,0.546900
652.592372,0.625029
653.233026,0.640654
653.873681,0.640654
654.592463,0.718783
655.233118,0.640654
655.920649,0.687531
656.701935,0.781286
657.311338,0.609403
666.514884,0.625029
667.155539,0.640654
667.796193,0.640654
668.421221,0.625029
669.077502,0.656280
673.249568,0.734409
673.890222,0.640654
679.187339,0.656280
684.453205,0.640654
685.171988,0.718783
685.812643,0.640654
686.484548,0.671906
687.125203,0.640654
690.422229,0.609403
729.892785,0.562526
757.659681,0.703157
768.503928,0.625029
769.285213,0.781286
769.894616,0.609403
770.566522,0.671906
771.207176,0.640654
780.676360,0.671906
832.663115,0.640654
833.241266,0.578151
833.819417,0.578151
867.930354,0.609403
868.586634,0.656280
869.211663,0.625029
869.836691,0.625029
870.539848,0.703157
871.086748,0.546900
871.602397,0.515649
872.055543,0.453146
909.369751,0.671906
909.963528,0.593777
910.604182,0.640654
915.088763,0.750034
915.713791,0.625029
916.370071,0.656280
917.010725,0.640654
917.682631,0.671906
918.385788,0.703157
919.073320,0.687531
919.838980,0.765660
920.464009,0.625029
921.151540,0.687531
938.886727,0.656280
953.199882,0.578151
953.793659,0.593777
954.387436,0.593777
954.996839,0.609403
955.653119,0.656280
956.340651,0.687531
956.965679,0.625029
957.590708,0.625029
958.215737,0.625029
958.840765,0.625029
959.481420,0.640654
1013.968289,0.562526
1025.687575,0.562526
1035.406770,0.656280
1036.125553,0.718783
1036.781833,0.656280
1060.189154,0.640654
1065.423769,0.656280
1066.095675,0.671906
1066.783206,0.687531
1067.439486,0.656280
1070.752138,0.718783
1071.439669,0.687531
1072.064698,0.625029
1072.720978,0.656280
1073.377258,0.656280
1074.064790,0.687531
1074.752321,0.687531
1075.361724,0.609403
1076.018004,0.656280
1076.658658,0.640654
1077.330564,0.671906
1078.096224,0.765660
1078.752504,0.656280
1084.690276,0.640654
1085.455936,0.765660
1086.065339,0.609403
1094.721985,0.671906
1095.409517,0.687531
1106.347517,0.718783
1127.192221,0.687531
1158.724915,0.718783
1169.100390,0.703157
1183.710433,0.578151
1277.495976,0.609403
1324.044982,0.609403
1324.513754,0.468771
1325.185659,0.671906
1381.156971,0.609403
1381.750748,0.593777
1382.344526,0.593777
1425.143360,0.546900
1425.705885,0.562526
1426.330914,0.625029
1426.940317,0.609403
1427.596597,0.656280
1428.362257,0.765660
1429.034163,0.671906
1429.831074,0.796911
1430.424851,0.593777
1431.081131,0.656280
1431.612406,0.531274
1507.303370,0.828163
1523.960383,0.656280
1524.491657,0.531274
1544.383193,0.671906
1544.914467,0.531274
1545.492619,0.578151
1591.838490,0.593777
1592.401016,0.562526
1593.104173,0.703157
1593.822956,0.718783
1600.026365,0.578151
1633.590401,0.500023
1634.246681,0.656280
1636.949930,0.609403
1637.543707,0.593777
1638.215613,0.671906
1645.903465,0.656280
1646.559745,0.656280
1647.247277,0.687531
1647.872305,0.625029
1648.528585,0.656280
1649.247368,0.718783
1649.934900,0.687531
1650.591180,0.656280
1651.247460,0.656280
1675.545447,0.671906
1676.139224,0.593777
1709.203238,0.562526
1709.828266,0.625029
1710.406418,0.578151
1711.172078,0.765660
1714.187841,0.687531
1737.438905,0.578151
1738.110811,0.671906
1776.612573,0.703157
1777.221976,0.609403
1777.893882,0.671906
1791.253868,0.687531
1791.972651,0.718783
1792.660183,0.687531
1854.741149,0.593777
1855.366178,0.625029
1855.881827,0.515649
1893.164783,0.656280
1893.883566,0.718783
1894.461718,0.578151
1895.149249,0.687531
1895.789903,0.640654
1896.461809,0.671906
1910.040556,0.671906
1910.665584,0.625029
1911.399993,0.734409
1912.259407,0.859414
1917.806536,0.640654
1918.525319,0.718783
1919.165973,0.640654
1923.697431,0.703157
1924.306834,0.609403
1929.697706,0.671906
1930.353986,0.656280
1931.010266,0.656280
1982.434494,0.593777
1983.184529,0.750034
2011.513951,0.562526
2012.201482,0.687531
2012.779634,0.578151
2052.734587,0.640654
2053.312739,0.578151
2053.844013,0.531274
2054.359662,0.515649
2105.346370,0.656280
2106.018276,0.671906
2106.627679,0.609403
2107.299585,0.671906
2107.987116,0.687531
2108.643396,0.656280
2109.205922,0.562526
2109.909079,0.703157
2110.534108,0.625029
2111.206013,0.671906
2111.877919,0.671906
2112.596702,0.718783
2113.237356,0.640654
2113.862385,0.625029
2114.581168,0.718783
2115.174945,0.593777
2131.910086,0.593777
2141.223012,0.859414
2144.379407,0.703157
2149.270256,0.750034
2149.926536,0.656280
2150.660944,0.734409
2160.473894,0.609403
2161.114548,0.640654
2165.208485,0.703157
2165.958520,0.750034
2166.630425,0.671906
2167.302331,0.671906
2168.005488,0.703157
2168.739897,0.734409
2204.647791,0.578151
2205.413451,0.765660
2206.194736,0.781286
2206.772888,0.578151
2235.821093,0.750034
2236.446121,0.625029
2237.196156,0.750034
2237.868061,0.671906
2238.461838,0.593777
2242.227636,0.593777
2242.868290,0.640654
2243.508945,0.640654
2244.118347,0.609403
2244.696499,0.578151
2245.321527,0.625029
2245.993433,0.671906
2246.665339,0.671906
2247.243490,0.578151
2247.946648,0.703157
2250.790528,0.609403
2251.399931,0.609403
2251.978082,0.578151
2260.244086,0.609403
2260.900366,0.656280
2261.525394,0.625029
2262.103546,0.578151
2262.712949,0.609403
2263.306726,0.593777
2263.853626,0.546900
2264.463029,0.609403
2264.994303,0.531274
2265.556829,0.562526
2269.135118,0.687531
2269.807023,0.671906
2270.510180,0.703157
2271.166461,0.656280
2271.822741,0.656280
2272.479021,0.656280
2273.150926,0.671906
2273.838458,0.687531
2274.494738,0.656280
2275.135392,0.640654
2275.791672,0.656280
2276.479204,0.687531
2277.119858,0.640654
2277.807389,0.687531
2278.479295,0.671906
2279.166827,0.687531
2279.823107,0.656280
2280.479387,0.656280
2281.198170,0.718783
2281.823198,0.625029
2282.495104,0.671906
2283.167010,0.671906
2283.885793,0.718783
2284.542073,0.656280
2285.198353,0.656280
2285.870259,0.671906
2286.589041,0.718783
2287.229696,0.640654
2287.901602,0.671906
2288.589133,0.687531
2289.323542,0.734409
2290.011073,0.687531
2290.667353,0.656280
2291.354885,0.687531
2292.042416,0.687531
2292.745573,0.703157
2293.433105,0.687531
2294.058133,0.625029
2294.808168,0.750034
2295.448822,0.640654
2319.090529,0.703157
2328.247198,0.562526
2328.840976,0.593777
2329.481630,0.640654
2330.059781,0.578151
2330.653558,0.593777
2331.262961,0.609403
2331.950493,0.687531
2332.606773,0.656280
2333.216176,0.609403
2333.872456,0.656280
2334.466233,0.593777
2335.091262,0.625029
2335.716290,0.625029
2336.356945,0.640654
2336.950722,0.593777
2337.607002,0.656280
2338.216405,0.609403
2338.857059,0.640654
2339.450836,0.593777
2340.075865,0.625029
2340.841525,0.765660
2341.450928,0.609403
2342.044705,0.593777
2342.669734,0.625029
2343.279136,0.609403
2343.935416,0.656280
2344.576071,0.640654
2347.591834,0.578151
2356.654749,0.609403
2357.232900,0.578151
2357.826677,0.593777
2358.436080,0.609403
2359.029857,0.593777
2359.623635,0.593777
2360.233037,0.609403
2360.826815,0.593777
2361.436218,0.609403
2362.092498,0.656280
2362.717526,0.625029
2363.326929,0.609403
2363.951958,0.625029
2364.608238,0.656280
2365.248892,0.640654
2365.858295,0.609403
2366.514575,0.656280
2367.155229,0.640654
2367.764632,0.609403
2373.499270,0.640654
2374.139924,0.640654
2374.827456,0.687531
2375.483736,0.656280
2376.155641,0.671906
2376.796296,0.640654
2377.436950,0.640654
2378.077604,0.640654
2378.718259,0.640654
2379.374539,0.656280
2380.015193,0.640654
2380.655847,0.640654
2381.327753,0.671906
2388.406202,0.640654
2389.046856,0.640654
2389.703136,0.656280
2390.375042,0.671906
2391.031322,0.656280
2391.671977,0.640654
2392.328257,0.656280
2393.031414,0.703157
2393.703320,0.671906
2394.359600,0.656280
2395.015880,0.656280
2395.672160,0.656280
2396.375317,0.703157
2397.047223,0.671906
2397.703503,0.656280
2398.375408,0.671906
2399.047314,0.671906
2399.719220,0.671906
2400.375500,0.656280
2401.063031,0.687531
2401.750563,0.687531
2402.453720,0.703157
2403.125626,0.671906
2403.828783,0.703157
2404.531940,0.703157
2405.266349,0.734409
2405.938255,0.671906
2406.641412,0.703157
2407.313318,0.671906
2408.047726,0.734409
2408.766509,0.718783
2409.438415,0.671906
2410.172823,0.734409
2410.860355,0.687531
2411.610389,0.750034
2412.282295,0.671906
2412.985452,0.703157
2413.688609,0.703157
2414.407392,0.718783
2415.157427,0.750034
2496.708035,0.687531
2497.442443,0.734409
2524.006159,0.640654
2524.678065,0.671906
2525.349971,0.671906
2526.053128,0.703157
2526.771911,0.718783
2527.459442,0.687531
2528.178225,0.718783
2528.865757,0.687531
2529.600165,0.734409
2530.318948,0.718783
2580.883763,0.671906
2581.680674,0.796911
2582.415083,0.734409
2583.196368,0.781286
2583.805771,0.609403
2584.383923,0.578151
2606.244298,0.562526
2606.806824,0.562526
2638.886418,0.703157
2639.636452,0.750034
2640.402112,0.765660
2641.136521,0.734409
2641.855304,0.718783
2642.589712,0.734409
2643.308495,0.718783
2644.058529,0.750034
2644.792938,0.734409
2645.527347,0.734409
2646.261755,0.734409
2646.996164,0.734409
2647.683695,0.687531
2648.371227,0.687531
2649.043133,0.671906
2649.761915,0.718783
2650.449447,0.687531
2651.136978,0.687531
2651.808884,0.671906
2652.527667,0.718783
2653.277701,0.750034
2653.949607,0.671906
2654.668390,0.718783
2655.387173,0.718783
2656.168459,0.781286
2656.855990,0.687531
2657.606025,0.750034
2658.387310,0.781286
2659.152970,0.765660
2659.934256,0.781286
2660.653039,0.718783
2661.403073,0.750034
2688.482438,0.750034
2689.216846,0.734409
2689.920004,0.703157
2690.685664,0.765660
2691.435698,0.750034
2692.170107,0.734409
2692.904515,0.734409
2693.685801,0.781286
2694.388958,0.703157
2695.107741,0.718783
2695.810898,0.703157
2696.592184,0.781286
2697.279716,0.687531
2697.967247,0.687531
2698.686030,0.718783
2699.451690,0.765660
2700.154847,0.703157
2700.858004,0.703157
2701.576787,0.718783
2702.373699,0.796911
2703.076856,0.703157
2703.780013,0.703157
2704.483170,0.703157
2705.264456,0.781286
2705.951988,0.687531
2706.670770,0.718783
2707.405179,0.734409
2708.186465,0.781286
2708.889622,0.703157
2709.608405,0.718783
2710.295936,0.687531
2711.061596,0.765660
2711.733502,0.671906
2712.436659,0.703157
2713.139817,0.703157
2713.921102,0.781286
2714.639885,0.718783
2715.343042,0.703157
2716.077451,0.734409
2716.858737,0.781286
2717.561894,0.703157
2718.265051,0.703157
2718.983834,0.718783
2719.733868,0.750034
2720.530780,0.796911
2721.171434,0.640654
2721.858966,0.687531
2722.562123,0.703157
