1484670325.000000, IBI
615.590679,0.812537
654.639341,0.609403
655.342498,0.703157
655.998778,0.656280
656.701936,0.703157
657.326964,0.625029
657.951993,0.625029
658.545770,0.593777
659.248927,0.703157
659.873956,0.625029
660.483359,0.609403
663.764759,0.671906
664.421039,0.656280
665.030442,0.609403
665.577342,0.546900
666.233622,0.656280
666.843025,0.609403
667.608685,0.765660
670.515068,0.578151
671.108845,0.593777
671.733874,0.625029
672.358902,0.625029
672.983931,0.625029
673.655837,0.671906
674.374619,0.718783
675.077777,0.703157
675.734057,0.656280
676.390337,0.656280
677.062243,0.671906
677.718523,0.656280
678.343551,0.625029
678.937328,0.593777
679.546731,0.609403
680.171760,0.625029
680.749911,0.578151
681.343688,0.593777
681.968717,0.625029
682.640623,0.671906
683.250026,0.609403
683.843803,0.593777
684.468832,0.625029
685.125112,0.656280
685.765766,0.640654
686.375169,0.609403
686.953320,0.578151
687.593975,0.640654
688.219003,0.625029
688.828406,0.609403
689.422183,0.593777
690.015960,0.593777
690.656615,0.640654
691.219141,0.562526
691.719163,0.500023
696.438129,0.578151
696.985029,0.546900
697.563181,0.578151
698.188210,0.625029
710.251262,0.625029
710.813787,0.562526
711.407565,0.593777
712.032593,0.625029
712.673248,0.640654
713.267025,0.593777
713.813925,0.546900
714.438953,0.625029
715.032731,0.593777
715.673385,0.640654
716.235911,0.562526
716.845314,0.609403
717.423465,0.578151
718.064119,0.640654
718.673522,0.609403
722.861214,0.609403
723.376863,0.515649
724.095645,0.718783
724.689423,0.593777
725.345703,0.656280
725.986357,0.640654
726.595760,0.609403
727.205163,0.609403
727.814566,0.609403
728.455220,0.640654
729.080249,0.625029
729.674026,0.593777
730.299054,0.625029
730.955334,0.656280
734.721132,0.609403
735.299283,0.578151
792.098758,0.640654
792.848793,0.750034
855.179771,0.593777
855.804799,0.625029
856.461079,0.656280
857.101734,0.640654
857.695511,0.593777
858.398668,0.703157
864.555200,0.609403
865.211480,0.656280
865.836509,0.625029
866.477163,0.640654
867.117817,0.640654
867.774097,0.656280
868.414752,0.640654
869.102283,0.687531
869.758563,0.656280
890.478261,0.531274
891.134542,0.656280
891.947079,0.812537
907.650923,0.593777
908.385331,0.734409
935.292813,0.578151
935.933467,0.640654
936.495993,0.562526
937.089770,0.593777
937.667922,0.578151
938.230447,0.562526
938.824224,0.593777
939.386750,0.562526
939.964902,0.578151
940.574305,0.609403
962.840949,0.531274
963.419100,0.578151
963.997252,0.578151
964.606654,0.609403
965.216057,0.609403
965.841086,0.625029
966.403612,0.562526
967.013015,0.609403
967.653669,0.640654
968.294323,0.640654
968.950603,0.656280
969.528755,0.578151
970.106906,0.578151
970.700683,0.593777
971.310086,0.609403
971.856986,0.546900
972.466389,0.609403
973.028915,0.562526
973.591441,0.562526
974.200844,0.609403
974.763369,0.562526
975.357147,0.593777
975.904047,0.546900
976.513449,0.609403
977.122852,0.609403
977.701004,0.578151
978.310407,0.609403
978.904184,0.593777
979.529212,0.625029
980.091738,0.562526
980.685515,0.593777
981.263667,0.578151
981.888695,0.625029
982.498098,0.609403
983.091876,0.593777
983.701278,0.609403
984.357558,0.656280
984.935710,0.578151
985.529487,0.593777
986.107639,0.578151
986.685790,0.578151
987.263942,0.578151
987.857719,0.593777
988.420244,0.562526
988.982770,0.562526
1012.390092,0.625029
1012.936992,0.546900
1013.499517,0.562526
1014.140172,0.640654
1019.656049,0.671906
1020.265452,0.609403
1020.906106,0.640654
1021.531135,0.625029
1022.171789,0.640654
1031.734727,0.640654
1032.406633,0.671906
1032.953533,0.546900
1033.594187,0.640654
1034.250467,0.656280
1034.859870,0.609403
1035.500525,0.640654
1036.078676,0.578151
1036.750582,0.671906
1037.469365,0.718783
1038.125645,0.656280
1038.735048,0.609403
1039.422579,0.687531
1040.000731,0.578151
1061.954860,0.671906
1062.486135,0.531274
1063.126789,0.640654
1076.080507,0.593777
1076.705536,0.625029
1077.424319,0.718783
1078.064973,0.640654
1078.658750,0.593777
1079.330656,0.671906
1079.830679,0.500023
1080.549462,0.718783
1081.080736,0.531274
1081.830770,0.750034
1095.331388,0.609403
1095.940791,0.609403
1096.487691,0.546900
1109.910181,0.484397
1110.378952,0.468771
1115.457309,0.625029
1116.097964,0.640654
1136.177008,0.546900
1139.317777,0.531274
1173.538093,0.625029
1193.492132,0.625029
1194.085909,0.593777
1194.679686,0.593777
1195.304715,0.625029
1195.835989,0.531274
1196.492269,0.656280
1197.054795,0.562526
1200.914346,0.656280
1201.523749,0.609403
1202.164404,0.640654
1202.805058,0.640654
1203.508215,0.703157
1204.101992,0.593777
1204.773898,0.671906
1205.352050,0.578151
1205.992704,0.640654
1206.602107,0.609403
1207.227135,0.625029
1207.867790,0.640654
1216.430681,0.656280
1219.274562,0.578151
1219.821462,0.546900
1220.399613,0.578151
1221.071519,0.671906
1221.587168,0.515649
1222.196570,0.609403
1245.072618,0.734409
1245.682020,0.609403
1246.353926,0.671906
1247.057083,0.703157
1247.682112,0.625029
1248.400895,0.718783
1249.135303,0.734409
1249.682204,0.546900
1250.275981,0.593777
1250.979138,0.703157
1251.588541,0.609403
1252.229195,0.640654
1252.838598,0.609403
1253.369872,0.531274
1254.026152,0.656280
1279.199180,0.531274
1279.792957,0.593777
1280.246103,0.453146
1280.793003,0.546900
1281.418031,0.625029
1281.949306,0.531274
1282.496206,0.546900
1283.011854,0.515649
1283.652508,0.640654
1284.152531,0.500023
1310.106844,0.640654
1310.606867,0.500023
1311.216270,0.609403
1311.763170,0.546900
1312.372573,0.609403
1312.935099,0.562526
1313.575753,0.640654
1361.484196,0.593777
