1547782407.00
64.000000
-0.00
-0.00
-0.00
-0.00
-0.00
-0.00
-0.00
-0.00
-0.00
-0.01
-0.00
0.00
0.01
0.01
-0.00
-0.03
-0.05
-0.05
-0.00
0.13
0.36
0.66
1.01
1.37
1.72
2.06
2.40
2.78
3.24
3.79
4.41
5.05
5.68
6.24
6.74
7.19
7.60
8.12
8.73
9.42
10.12
10.75
11.27
11.73
12.27
12.98
14.22
15.98
18.19
20.61
23.00
25.19
27.20
29.29
31.66
34.96
39.22
44.32
49.86
55.39
60.52
65.20
69.66
74.20
79.69
86.25
93.81
101.94
110.04
117.59
124.39
131.57
136.85
142.12
148.25
156.48
167.57
180.85
193.50
200.81
197.34
178.78
144.29
96.01
38.75
-22.17
-82.71
-141.18
-197.80
-253.64
-309.55
-365.13
-419.72
-472.12
-520.67
-562.79
-594.57
-611.22
-608.30
-583.34
-536.72
-472.21
-395.55
-312.96
-229.84
-150.31
-77.37
-13.16
40.91
84.59
118.57
144.84
165.78
183.32
198.48
211.35
221.19
226.55
225.64
216.78
199.41
175.15
148.14
124.29
109.34
106.65
115.82
132.81
151.61
166.68
174.74
175.34
170.01
160.97
150.07
138.48
127.08
116.96
109.57
106.74
109.89
119.12
132.67
146.97
156.99
157.61
144.96
117.68
77.46
28.76
-22.48
-70.68
-112.28
-146.36
-174.59
-200.40
-227.88
-260.85
-301.17
-349.24
-403.07
-457.66
-504.72
-533.86
-535.81
-506.77
-451.99
-385.74
-326.75
-290.41
-281.83
-293.58
-309.64
-313.36
-295.11
-255.33
-202.13
-145.45
-91.49
-40.91
9.28
62.09
117.91
174.22
227.37
274.53
314.37
346.59
370.98
386.75
392.89
388.70
374.61
352.41
324.91
295.46
267.28
242.91
223.66
209.28
198.04
187.43
175.15
160.07
142.68
124.81
108.67
95.95
87.01
80.87
75.72
69.77
61.94
52.20
41.44
31.03
22.16
15.43
10.73
7.45
4.91
2.74
1.02
0.06
0.10
0.98
2.15
2.88
2.62
1.22
-1.06
-3.80
-6.65
-9.44
-12.02
-14.13
-15.34
-15.23
-13.65
-10.92
-7.77
-5.13
-3.72
-3.85
-5.40
-7.94
-11.00
-14.18
-17.28
-20.26
-23.14
-25.89
-28.42
-30.52
-31.93
-32.48
-32.12
-31.03
-29.47
-27.74
-25.97
-24.18
-22.32
-20.35
-18.38
-16.60
-15.20
-14.31
-13.88
-13.75
-13.70
-13.53
-13.09
-12.31
-11.13
-9.50
-7.32
-4.52
-1.06
3.04
7.71
12.84
18.28
23.82
29.23
34.26
38.66
42.27
45.03
47.03
48.45
49.50
50.32
51.00
51.57
52.01
52.31
52.42
52.27
51.77
50.85
49.47
47.68
45.57
43.25
40.84
38.45
36.08
33.68
31.18
28.54
25.80
23.10
20.66
18.62
17.01
15.73
14.60
13.47
12.28
11.06
9.84
8.59
7.16
5.40
3.22
0.70
-1.88
-4.16
-5.78
-6.65
-6.92
-6.98
-7.32
-8.40
-10.52
-13.70
-17.64
-21.75
-25.28
-27.50
-27.97
-26.62
-23.82
-20.23
-16.51
-13.18
-10.56
-8.79
-8.00
-8.24
-9.44
-11.30
-13.29
-14.76
-15.17
-14.36
-12.63
-10.57
-8.91
-8.12
-8.28
-9.06
-9.92
-10.41
-10.40
-10.09
-9.91
-10.24
-11.18
-12.54
-13.86
-14.65
-14.55
-13.41
-11.30
-8.48
-5.33
-2.31
0.10
1.60
2.11
1.86
1.30
0.93
1.02
1.48
1.89
1.72
0.55
-1.69
-4.66
-7.75
-10.30
-11.87
-12.35
-11.92
-10.94
-9.70
-8.38
-7.00
-5.53
-4.04
-2.72
-1.81
-1.48
-1.72
-2.26
-2.70
-2.69
-2.07
-0.92
0.42
1.63
2.45
2.83
2.93
2.97
3.19
3.72
4.59
5.70
6.84
7.76
8.19
7.91
6.86
5.18
3.26
1.60
0.68
0.76
1.80
3.44
5.15
6.39
6.71
5.83
3.69
0.42
-3.64
-8.01
-12.20
-15.91
-19.13
-22.13
-25.18
-28.19
-30.55
-31.27
-29.47
-24.90
-18.26
-10.96
-4.59
-0.28
1.69
1.75
0.72
-0.68
-2.03
-3.13
-3.85
-4.06
-3.64
-2.70
-1.62
-0.92
-1.05
-2.12
-3.81
-5.58
-6.83
-7.18
-6.56
-5.15
-3.28
-1.30
0.43
1.63
2.09
1.75
0.70
-0.75
-2.27
-3.52
-4.37
-4.88
-5.20
-5.53
-5.92
-6.33
-6.62
-6.66
-6.43
-5.95
-5.35
-4.69
-4.05
-3.44
-2.82
-2.15
-1.39
-0.50
0.48
1.49
2.45
3.32
4.15
5.02
6.07
7.36
8.86
10.45
12.01
13.43
14.64
15.65
16.50
17.21
17.83
18.38
18.89
19.34
19.72
19.95
19.97
19.72
19.12
18.12
16.63
14.50
11.62
7.92
3.46
-1.51
-6.57
-11.27
-15.17
-18.03
-19.79
-20.60
-20.73
-20.43
-19.92
-19.30
-18.62
-17.85
-16.99
-15.98
-14.75
-13.26
-11.48
-9.49
-7.44
-5.56
-4.01
-2.79
-1.76
-0.66
0.75
2.55
4.61
6.76
8.78
10.60
12.25
13.80
15.29
16.70
17.98
19.13
20.21
21.38
22.74
24.25
25.68
26.64
26.68
25.41
22.64
18.37
12.80
6.24
-0.92
-8.31
-15.52
-22.18
-27.96
-32.66
-36.19
-38.53
-39.56
-39.05
-36.75
-32.51
-26.57
-19.67
-12.87
-7.30
-3.73
-2.31
-2.63
-3.86
-5.18
-6.04
-6.27
-6.04
-5.71
-5.53
-5.56
-5.69
-5.70
-5.46
-4.99
-4.44
-3.91
-3.38
-2.64
-1.47
0.20
2.18
4.03
5.29
5.72
5.45
4.90
4.57
4.73
5.34
6.05
6.47
6.37
5.80
4.99
4.27
3.83
3.68
3.70
3.71
3.58
3.24
2.66
1.84
0.79
-0.38
-1.52
-2.40
-2.82
-2.76
-2.34
-1.83
-1.51
-1.52
-1.83
-2.22
-2.46
-2.37
-1.93
-1.28
-0.63
-0.20
-0.14
-0.51
-1.27
-2.27
-3.32
-4.21
-4.79
-4.99
-4.81
-4.34
-3.69
-3.03
-2.54
-2.41
-2.74
-3.49
-4.48
-5.44
-6.12
-6.38
-6.18
-5.61
-4.81
-3.93
-3.13
-2.59
-2.52
-3.07
-4.29
-6.04
-8.00
-9.73
-10.83
-11.08
-10.52
-9.46
-8.33
-7.56
-7.41
-7.83
-8.50
-8.95
-8.78
-7.90
-6.62
-5.51
-5.12
-5.62
-6.71
-7.61
-7.37
-5.17
-0.53
6.65
15.95
26.41
36.38
43.79
46.74
44.35
37.37
28.02
19.15
13.00
10.26
10.01
10.48
10.16
8.53
6.09
3.81
2.36
1.75
1.50
1.01
0.01
-1.38
-2.83
-4.06
-4.97
-5.73
-6.56
-7.61
-8.81
-9.88
-10.41
-10.07
-8.72
-6.57
-4.09
-1.79
-0.04
1.13
1.99
2.92
4.21
5.86
7.61
9.04
9.77
9.64
8.71
7.27
5.73
4.49
3.83
3.90
4.57
5.56
6.49
7.02
6.98
6.40
5.44
4.34
3.23
2.20
1.25
0.38
-0.39
-1.06
-1.62
-2.07
-2.41
-2.64
-2.75
-2.73
-2.64
-2.56
-2.49
-2.39
-2.22
-1.92
-1.45
-0.88
-0.34
0.05
0.26
0.41
0.66
1.15
1.89
2.83
3.81
4.70
5.41
5.88
6.19
6.36
6.28
5.89
5.26
4.47
3.67
2.93
2.19
1.50
0.83
-0.06
-1.21
-2.32
-3.07
-3.27
-2.93
-2.34
-1.63
-0.95
-0.95
-1.75
-2.73
-3.20
-2.69
-1.19
0.81
3.17
5.83
8.02
9.73
11.78
14.80
19.15
25.02
32.52
42.32
54.30
66.02
74.63
78.24
76.25
69.99
62.48
52.46
39.47
29.97
25.28
21.60
16.82
10.37
3.02
-4.04
-10.18
-14.88
-18.35
-22.14
-26.90
-31.89
-36.14
-38.89
-40.06
-40.21
-39.52
-38.14
-36.88
-35.97
-34.95
-33.62
-32.10
-30.71
-29.72
-28.85
-27.69
-26.45
-25.25
-23.96
-22.57
-21.08
-19.56
-18.13
-16.81
-15.66
-15.04
-15.02
-15.36
-15.70
-15.71
-15.23
-14.25
-12.82
-11.11
-9.36
-7.76
-6.36
-5.18
-4.19
-3.35
-2.59
-1.88
-1.20
-0.53
0.07
0.58
0.93
1.08
1.00
0.69
0.18
-0.45
-1.06
-1.51
-1.74
-1.75
-1.64
-1.54
-1.53
-1.64
-1.84
-2.06
-2.22
-2.30
-2.27
-2.13
-1.89
-1.60
-1.29
-1.04
-0.85
-0.73
-0.63
-0.45
-0.15
0.34
0.99
1.72
2.38
2.75
2.66
2.01
0.86
-0.59
-2.03
-3.25
-4.18
-5.01
-6.04
-7.54
-9.60
-12.11
-14.77
-17.21
-19.14
-20.36
-20.76
-20.30
-18.99
-16.91
-14.26
-11.32
-8.42
-5.85
-3.72
-1.97
-0.47
0.97
2.46
4.01
5.56
6.99
8.18
9.02
9.43
9.41
9.02
8.43
7.84
7.44
7.31
7.39
7.49
7.38
6.92
6.08
4.97
3.77
2.62
1.63
0.80
0.10
-0.53
-1.12
-1.68
-2.18
-2.59
-2.88
-3.02
-3.06
-3.01
-2.88
-2.66
-2.31
-1.77
-1.04
-0.12
0.90
1.89
2.73
3.26
3.42
3.22
2.75
2.21
1.77
1.59
1.70
2.02
2.42
2.76
2.97
3.09
3.18
3.29
3.45
3.62
3.76
3.82
3.79
3.65
3.39
2.95
2.33
1.58
0.87
0.36
0.21
0.46
1.06
1.88
2.80
3.79
4.89
6.17
7.65
9.28
10.92
12.38
13.56
14.38
14.85
14.99
14.87
14.54
14.11
13.68
13.37
13.23
13.22
13.21
12.96
12.22
10.85
8.83
6.33
3.62
1.05
-1.13
-2.78
-3.95
-4.82
-5.65
-6.62
-7.81
-9.12
-10.39
-11.47
-12.31
-12.95
-13.45
-13.82
-13.97
-13.76
-13.11
-12.08
-10.85
-9.64
-8.59
-7.72
-6.93
-6.14
-5.33
-4.57
-3.97
-3.61
-3.52
-3.64
-3.92
-4.30
-4.77
-5.28
-5.79
-6.22
-6.51
-6.65
-6.66
-6.59
-6.47
-6.37
-6.30
-6.26
-6.24
-6.17
-5.96
-5.55
-4.87
-3.96
-2.88
-1.80
-0.88
-0.27
-0.02
-0.08
-0.31
-0.56
-0.73
-0.77
-0.69
-0.55
-0.39
-0.21
-0.02
0.20
0.46
0.77
1.13
1.57
2.07
2.61
3.13
3.57
3.85
3.90
3.67
3.19
2.51
1.75
1.03
0.45
0.02
-0.31
-0.62
-1.01
-1.53
-2.16
-2.82
-3.39
-3.77
-3.93
-3.87
-3.71
-3.59
-3.66
-4.06
-4.86
-6.04
-7.53
-9.25
-11.06
-12.86
-14.49
-15.82
-16.71
-17.06
-16.85
-16.10
-14.94
-13.52
-11.97
-10.38
-8.76
-7.07
-5.26
-3.32
-1.29
0.77
2.77
4.67
6.41
7.96
9.23
10.19
10.80
11.08
11.13
11.06
10.94
10.78
10.58
10.38
10.30
10.47
11.00
11.79
12.61
13.15
13.20
12.73
11.88
10.89
9.92
9.02
8.14
7.21
6.19
5.12
4.02
2.93
1.85
0.78
-0.22
-1.08
-1.76
-2.25
-2.61
-2.97
-3.42
-4.05
-4.83
-5.69
-6.47
-7.05
-7.31
-7.24
-6.88
-6.36
-5.79
-5.22
-4.65
-3.99
-3.16
-2.17
-1.12
-0.19
0.47
0.80
0.83
0.69
0.52
0.42
0.39
0.41
0.44
0.48
0.54
0.67
0.88
1.14
1.38
1.52
1.52
1.36
1.08
0.72
0.35
0.00
-0.27
-0.46
-0.59
-0.67
-0.71
-0.69
-0.58
-0.32
0.12
0.73
1.46
2.25
2.98
3.57
3.99
4.25
4.41
4.51
4.56
4.50
4.25
3.81
3.26
2.77
2.46
2.40
2.52
2.67
2.70
2.56
2.25
1.86
1.47
1.13
0.86
0.68
0.59
0.56
0.55
0.49
0.33
0.04
-0.40
-0.97
-1.67
-2.50
-3.38
-4.23
-4.94
-5.42
-5.71
-5.86
-5.98
-6.10
-6.15
-5.99
-5.52
-4.68
-3.53
-2.24
-0.97
0.14
1.05
1.73
2.21
2.51
2.68
2.79
2.88
3.01
3.16
3.29
3.33
3.27
3.11
2.85
2.54
2.18
1.82
1.50
1.25
1.07
0.90
0.67
0.34
-0.09
-0.55
-0.98
-1.32
-1.62
-1.93
-2.29
-2.66
-2.93
-3.02
-2.93
-2.71
-2.44
-2.13
-1.68
-0.99
-0.02
1.14
2.22
2.97
3.23
3.03
2.60
2.21
2.08
2.24
2.57
2.85
2.87
2.51
1.80
0.86
-0.16
-1.07
-1.77
-2.23
-2.46
-2.56
-2.56
-2.50
-2.35
-2.10
-1.73
-1.28
-0.84
-0.50
-0.34
-0.39
-0.59
-0.87
-1.14
-1.34
-1.47
-1.57
-1.64
-1.68
-1.62
-1.39
-1.00
-0.53
-0.12
0.11
0.14
0.05
-0.04
-0.02
0.11
0.29
0.38
0.32
0.11
-0.13
-0.30
-0.34
-0.28
-0.19
-0.16
-0.18
-0.24
-0.29
-0.32
-0.42
-0.70
-1.24
-2.02
-2.91
-3.69
-4.21
-4.40
-4.29
-3.99
-3.65
-3.36
-3.14
-2.96
-2.71
-2.30
-1.71
-0.95
-0.10
0.73
1.45
1.99
2.36
2.56
2.64
2.62
2.52
2.38
2.20
2.03
1.89
1.83
1.83
1.87
1.88
1.79
1.55
1.19
0.80
0.47
0.28
0.21
0.19
0.14
-0.03
-0.33
-0.72
-1.14
-1.52
-1.77
-1.83
-1.66
-1.28
-0.75
-0.18
0.34
0.74
0.98
1.06
0.99
0.80
0.55
0.32
0.19
0.20
0.33
0.51
0.63
0.58
0.35
-0.01
-0.35
-0.54
-0.47
-0.19
0.20
0.50
0.59
0.41
0.04
-0.44
-0.93
-1.41
-1.89
-2.36
-2.74
-2.93
-2.82
-2.41
-1.82
-1.21
-0.72
-0.36
-0.08
0.22
0.57
0.91
1.14
1.18
1.03
0.77
0.52
0.38
0.31
0.27
0.15
-0.08
-0.39
-0.70
-0.92
-1.03
-1.03
-1.01
-1.01
-1.11
-1.30
-1.59
-1.93
-2.25
-2.50
-2.61
-2.54
-2.30
-1.92
-1.42
-0.86
-0.26
0.36
0.99
1.64
2.27
2.83
3.24
3.43
3.36
3.03
2.52
1.94
1.42
1.07
0.95
1.09
1.41
1.76
1.97
1.88
1.45
0.78
0.12
-0.31
-0.38
-0.14
0.22
0.46
0.41
0.05
-0.53
-1.19
-1.82
-2.35
-2.74
-2.98
-3.03
-2.86
-2.51
-2.03
-1.51
-1.04
-0.67
-0.41
-0.24
-0.10
0.04
0.24
0.53
0.92
1.34
1.68
1.87
1.86
1.74
1.65
1.69
1.87
2.12
2.30
2.33
2.25
2.16
2.22
2.48
2.90
3.33
3.62
3.66
3.48
3.12
2.66
2.15
1.58
0.94
0.20
-0.58
-1.29
-1.79
-1.96
-1.77
-1.30
-0.68
-0.06
0.49
0.99
1.48
2.01
2.57
3.07
3.41
3.54
3.50
3.41
3.39
3.50
3.74
4.06
4.37
4.61
4.73
4.71
4.55
4.26
3.84
3.31
2.67
1.90
0.99
-0.02
-1.05
-1.92
-2.48
-2.61
-2.34
-1.77
-1.08
-0.45
-0.01
0.15
0.00
-0.43
-1.05
-1.77
-2.42
-2.85
-2.99
-2.80
-2.35
-1.78
-1.21
-0.75
-0.47
-0.34
-0.29
-0.19
0.04
0.44
0.95
1.42
1.66
1.56
1.11
0.41
-0.34
-0.94
-1.24
-1.24
-1.03
-0.79
-0.68
-0.79
-1.14
-1.68
-2.36
-3.13
-3.95
-4.77
-5.50
-6.02
-6.20
-5.96
-5.32
-4.43
-3.50
-2.73
-2.22
-1.95
-1.80
-1.67
-1.54
-1.46
-1.53
-1.77
-2.09
-2.30
-2.22
-1.79
-1.15
-0.52
-0.12
-0.00
-0.06
-0.08
0.09
0.47
0.94
1.34
1.57
1.65
1.67
1.72
1.81
1.86
1.78
1.54
1.21
0.93
0.83
0.94
1.20
1.45
1.55
1.41
1.08
0.67
0.31
0.05
-0.08
-0.15
-0.18
-0.16
-0.04
0.21
0.55
0.88
1.07
1.00
0.65
0.05
-0.68
-1.41
-2.04
-2.48
-2.70
-2.72
-2.60
-2.44
-2.27
-2.11
-1.91
-1.62
-1.23
-0.79
-0.35
0.02
0.33
0.61
0.88
1.15
1.38
1.53
1.58
1.54
1.42
1.27
1.14
1.07
1.05
1.06
1.05
0.95
0.74
0.44
0.12
-0.15
-0.34
-0.48
-0.63
-0.85
-1.12
-1.42
-1.73
-2.03
-2.39
-2.83
-3.35
-3.84
-4.19
-4.27
-4.03
-3.50
-2.77
-1.96
-1.19
-0.52
-0.00
0.39
0.65
0.82
0.91
0.96
0.99
1.02
1.06
1.06
1.03
0.93
0.80
0.69
0.63
0.64
0.70
0.76
0.79
0.79
0.78
0.77
0.73
0.63
0.41
0.07
-0.33
-0.70
-0.95
-1.07
-1.12
-1.22
-1.43
-1.78
-2.17
-2.47
-2.59
-2.50
-2.24
-1.90
-1.54
-1.14
-0.68
-0.12
0.52
1.15
1.63
1.88
1.88
1.69
1.40
1.11
0.88
0.73
0.68
0.71
0.83
0.98
1.12
1.17
1.09
0.87
0.55
0.20
-0.11
-0.36
-0.51
-0.58
-0.58
-0.51
-0.40
-0.30
-0.30
-0.45
-0.79
-1.30
-1.89
-2.42
-2.78
-2.91
-2.82
-2.56
-2.18
-1.70
-1.07
-0.25
0.72
1.75
2.65
3.28
3.59
3.69
3.75
3.88
4.04
4.12
3.96
3.53
2.93
2.39
2.08
2.07
2.26
2.43
2.40
2.07
1.48
0.77
0.07
-0.50
-0.89
-1.14
-1.29
-1.42
-1.58
-1.80
-2.10
-2.48
-2.97
-3.52
-4.05
-4.44
-4.55
-4.33
-3.82
-3.13
-2.39
-1.68
-0.98
-0.24
0.60
1.51
2.38
3.06
3.47
3.58
3.49
3.32
3.20
3.19
3.23
3.18
2.89
2.28
1.33
0.17
-1.05
-2.18
-3.13
-3.85
-4.33
-4.60
-4.76
-4.98
-5.54
-6.68
-8.53
-10.94
-13.54
-15.77
-17.11
-17.31
-16.45
-14.87
-13.08
-11.56
-10.60
-10.24
-10.35
-10.71
-11.09
-11.33
-11.35
-11.10
-10.57
-9.72
-8.53
-7.05
-5.35
-3.60
-1.96
-0.53
0.65
1.68
2.63
3.54
4.31
4.78
4.75
4.14
3.05
1.71
0.45
-0.47
-0.91
-0.90
-0.56
-0.01
0.67
1.49
2.45
3.55
4.70
5.82
6.86
7.84
8.86
9.96
11.08
12.04
12.60
12.54
11.83
10.58
9.08
7.65
6.50
5.72
5.23
4.89
4.56
4.21
3.85
3.56
3.34
3.14
2.87
2.47
1.92
1.29
0.66
0.09
-0.42
-0.91
-1.38
-1.77
-1.96
-1.81
-1.24
-0.31
0.80
1.84
2.64
3.14
3.44
3.70
4.07
4.63
5.32
6.01
6.55
6.81
6.72
6.31
5.67
4.96
4.35
3.95
3.78
3.77
3.83
3.86
3.84
3.78
3.67
3.48
3.16
2.72
2.23
1.83
1.67
1.79
2.15
2.57
2.90
3.07
3.09
3.05
3.04
3.09
3.19
3.31
3.49
3.81
4.40
5.35
6.66
8.23
9.91
11.53
12.98
14.21
15.23
16.07
16.73
17.23
17.55
17.62
17.40
16.81
15.83
14.46
12.77
10.83
8.71
6.46
4.08
1.59
-1.01
-3.65
-6.29
-8.85
-11.27
-13.47
-15.40
-17.01
-18.33
-19.42
-20.37
-21.22
-21.94
-22.42
-22.51
-22.13
-21.31
-20.17
-18.93
-17.77
-16.79
-15.96
-15.22
-14.47
-13.68
-12.86
-12.05
-11.29
-10.56
-9.82
-9.05
-8.29
-7.64
-7.23
-7.14
-7.33
-7.65
-7.94
-8.06
-8.00
-7.84
-7.70
-7.64
-7.64
-7.60
-7.42
-7.04
-6.42
-5.53
-4.34
-2.82
-0.99
1.05
3.17
5.23
7.15
8.90
10.48
11.88
13.08
14.01
14.67
15.13
15.46
15.71
15.89
15.95
15.84
15.53
15.02
14.35
13.56
12.67
11.74
10.82
9.98
9.25
8.63
8.06
7.49
6.89
6.25
5.62
5.02
4.44
3.83
3.15
2.37
1.53
0.70
-0.04
-0.63
-1.08
-1.41
-1.71
-2.06
-2.50
-3.02
-3.58
-4.08
-4.44
-4.60
-4.55
-4.28
-3.82
-3.18
-2.39
-1.53
-0.67
0.10
0.74
1.23
1.60
1.88
2.04
2.03
1.86
1.60
1.38
1.30
1.40
1.58
1.70
1.63
1.39
1.08
0.84
0.73
0.68
0.55
0.25
-0.21
-0.72
-1.08
-1.20
-1.09
-0.83
-0.59
-0.47
-0.52
-0.71
-0.98
-1.26
-1.51
-1.72
-1.92
-2.09
-2.22
-2.27
-2.19
-1.94
-1.51
-0.93
-0.26
0.39
0.93
1.27
1.41
1.40
1.37
1.44
1.66
1.99
2.32
2.56
2.67
2.66
2.56
2.37
2.09
1.71
1.31
1.01
0.90
0.97
1.11
1.18
1.08
0.82
0.49
0.18
-0.08
-0.34
-0.67
-1.07
-1.48
-1.81
-2.01
-2.05
-1.98
-1.80
-1.49
-1.04
-0.45
0.19
0.75
1.15
1.35
1.44
1.52
1.66
1.89
2.18
2.45
2.67
2.79
2.80
2.70
2.48
2.17
1.80
1.43
1.09
0.77
0.46
0.16
-0.16
-0.53
-1.00
-1.63
-2.48
-3.50
-4.56
-5.45
-6.02
-6.19
-6.04
-5.71
-5.37
-5.13
-5.01
-4.96
-4.92
-4.80
-4.57
-4.17
-3.57
-2.79
-1.89
-1.00
-0.25
0.26
0.52
0.56
0.47
0.30
0.10
-0.09
-0.22
-0.23
-0.09
0.21
0.59
0.94
1.17
1.23
1.15
0.98
0.77
0.52
0.19
-0.24
-0.72
-1.17
-1.50
-1.68
-1.78
-1.91
-2.18
-2.62
-3.16
-3.63
-3.87
-3.77
-3.35
-2.69
-1.91
-1.14
-0.46
0.10
0.52
0.81
1.01
1.16
1.31
1.52
1.80
2.16
2.53
2.87
3.10
3.19
3.11
2.85
2.43
1.91
1.39
0.98
0.75
0.69
0.71
0.70
0.55
0.25
-0.15
-0.56
-0.91
-1.21
-1.49
-1.81
-2.19
-2.57
-2.88
-3.04
-3.00
-2.77
-2.39
-1.92
-1.42
-0.94
-0.52
-0.19
0.07
0.27
0.47
0.68
0.94
1.23
1.52
1.77
1.95
2.05
2.06
2.00
1.88
1.72
1.51
1.28
1.03
0.79
0.59
0.41
0.21
-0.06
-0.42
-0.82
-1.16
-1.33
-1.29
-1.12
-0.99
-1.07
-1.44
-2.02
-2.61
-3.02
-3.14
-2.98
-2.63
-2.20
-1.74
-1.28
-0.84
-0.45
-0.15
0.03
0.15
0.28
0.49
0.83
1.21
1.54
1.68
1.58
1.29
0.94
0.66
0.58
0.72
1.00
1.27
1.39
1.30
1.03
0.68
0.34
0.04
-0.26
-0.65
-1.17
-1.77
-2.34
-2.74
-2.94
-2.97
-2.97
-3.05
-3.22
-3.35
-3.26
-2.81
-2.01
-1.01
-0.04
0.74
1.29
1.66
1.95
2.19
2.38
2.48
2.47
2.41
2.37
2.42
2.54
2.71
2.90
3.13
3.44
3.86
4.33
4.79
5.16
5.44
5.69
5.97
6.31
6.63
6.84
6.87
6.70
6.40
6.03
5.64
5.20
4.67
4.05
3.38
2.75
2.23
1.83
1.53
1.28
1.08
0.93
0.83
0.78
0.70
0.50
0.09
-0.59
-1.52
-2.66
-3.93
-5.27
-6.62
-7.97
-9.29
-10.55
-11.73
-12.78
-13.70
-14.49
-15.13
-15.62
-15.93
-16.02
-15.88
-15.48
-14.80
-13.80
-12.47
-10.81
-8.86
-6.73
-4.57
-2.55
-0.85
0.39
1.12
1.39
1.37
1.30
1.42
1.83
2.52
3.34
4.14
4.80
5.35
5.83
6.27
6.65
6.89
6.93
6.78
6.52
6.25
6.05
5.91
5.78
5.61
5.40
5.19
5.02
4.94
4.92
4.91
4.91
4.90
4.89
4.86
4.75
4.48
4.04
3.46
2.81
2.16
1.50
0.80
-0.02
-0.97
-2.00
-3.01
-3.86
-4.46
-4.77
-4.81
-4.65
-4.36
-3.99
-3.55
-3.01
-2.37
-1.62
-0.89
-0.33
-0.11
-0.31
-0.87
-1.59
-2.15
-2.29
-1.84
-0.79
0.72
2.46
4.20
5.72
6.81
7.32
7.12
6.17
4.55
2.46
0.25
-1.72
-3.16
-3.95
-4.18
-4.08
-3.94
-3.97
-4.22
-4.54
-4.69
-4.38
-3.48
-2.01
-0.18
1.71
3.36
4.57
5.29
5.56
5.52
5.26
4.88
4.45
4.01
3.61
3.31
3.10
2.96
2.82
2.62
2.33
1.96
1.58
1.26
1.08
1.05
1.08
1.09
0.97
0.71
0.35
-0.00
-0.26
-0.41
-0.51
-0.65
-0.90
-1.26
-1.66
-2.04
-2.37
-2.67
-3.00
-3.35
-3.64
-3.77
-3.65
-3.29
-2.78
-2.22
-1.69
-1.20
-0.72
-0.24
0.18
0.46
0.53
0.43
0.30
0.29
0.50
0.86
1.20
1.33
1.15
0.73
0.22
-0.20
-0.41
-0.42
-0.30
-0.16
-0.06
0.01
0.07
0.12
0.15
0.10
-0.08
-0.38
-0.74
-1.06
-1.25
-1.30
-1.28
-1.33
-1.57
-2.04
-2.67
-3.30
-3.74
-3.87
-3.62
-3.02
-2.15
-1.14
-0.16
0.67
1.26
1.58
1.68
1.67
1.66
1.69
1.76
1.83
1.86
1.82
1.76
1.73
1.74
1.79
1.80
1.76
1.65
1.51
1.37
1.26
1.16
1.01
0.76
0.39
-0.09
-0.61
-1.06
-1.38
-1.54
-1.62
-1.74
-2.01
-2.47
-3.08
-3.66
-4.04
-4.10
-3.80
-3.19
-2.36
-1.40
-0.42
0.50
1.26
1.76
1.99
2.00
1.95
1.97
2.14
2.41
2.65
2.75
2.64
2.39
2.14
1.99
1.96
1.98
1.92
1.69
1.30
0.89
0.57
0.45
0.51
0.67
0.77
0.73
0.49
0.10
-0.33
-0.68
-0.84
-0.78
-0.56
-0.29
-0.11
-0.11
-0.26
-0.42
-0.40
-0.04
0.71
1.83
3.18
4.62
6.04
7.36
8.54
9.51
10.17
10.44
10.24
9.63
8.75
7.85
7.13
6.70
6.48
6.29
5.92
5.25
4.33
3.29
2.31
1.50
0.86
0.35
-0.10
-0.52
-0.91
-1.29
-1.69
-2.19
-2.81
-3.55
-4.38
-5.24
-6.10
-6.99
-7.92
-8.92
-9.95
-10.94
-11.79
-12.36
-12.55
-12.30
-11.66
-10.73
-9.71
-8.79
-8.09
-7.62
-7.30
-7.04
-6.75
-6.41
-6.00
-5.55
-5.04
-4.44
-3.76
-3.00
-2.22
-1.49
-0.87
-0.36
0.07
0.49
0.93
1.42
1.91
2.32
2.56
2.61
2.51
2.35
2.22
2.18
2.22
2.26
2.21
1.95
1.46
0.75
-0.05
-0.78
-1.23
-1.25
-0.80
0.02
0.99
1.90
2.60
3.07
3.36
3.59
3.82
4.06
4.26
4.36
4.31
4.11
3.81
3.45
3.12
2.86
2.68
2.56
2.48
2.41
2.34
2.27
2.18
1.99
1.66
1.16
0.57
0.04
-0.30
-0.37
-0.24
-0.08
-0.04
-0.23
-0.58
-0.98
-1.29
-1.44
-1.40
-1.19
-0.77
-0.10
0.87
2.10
3.43
4.63
5.52
5.99
6.09
6.01
5.94
6.01
6.21
6.42
6.52
6.38
6.01
5.47
4.86
4.25
3.64
3.02
2.35
1.64
0.92
0.20
-0.51
-1.28
-2.20
-3.34
-4.72
-6.25
-7.80
-9.23
-10.40
-11.28
-11.84
-12.10
-12.10
-11.88
-11.52
-11.12
-10.79
-10.62
-10.63
-10.77
-10.96
-11.09
-11.10
-10.99
-10.81
-10.62
-10.49
-10.45
-10.48
-10.51
-10.49
-10.39
-10.21
-9.99
-9.75
-9.47
-9.09
-8.54
-7.82
-7.04
-6.37
-5.97
-5.92
-6.12
-6.41
-6.59
-6.54
-6.29
-5.88
-5.36
-4.64
-3.58
-2.00
0.18
2.89
5.94
9.05
11.89
14.22
15.88
16.89
17.34
17.42
17.31
17.11
16.89
16.62
16.30
15.94
15.55
15.13
14.64
13.99
13.13
12.09
11.00
10.02
9.30
8.91
8.82
8.94
9.12
9.19
9.01
8.45
7.50
6.23
4.79
3.40
2.19
1.23
0.45
-0.25
-0.94
-1.63
-2.22
-2.57
-2.56
-2.13
-1.32
-0.22
1.05
2.42
3.80
5.15
6.36
7.35
8.00
8.27
8.15
7.72
7.14
6.57
6.17
6.02
6.11
6.36
6.59
6.65
6.39
5.71
4.60
3.09
1.25
-0.82
-2.99
-5.11
-7.03
-8.66
-9.95
-10.94
-11.65
-12.10
-12.29
-12.17
-11.74
-11.00
-10.06
-9.02
-8.00
-7.10
-6.35
-5.78
-5.37
-5.11
-4.99
-4.99
-5.10
-5.24
-5.33
-5.31
-5.16
-4.94
-4.74
-4.69
-4.81
-5.09
-5.39
-5.60
-5.58
-5.33
-4.89
-4.35
-3.78
-3.23
-2.68
-2.12
-1.51
-0.88
-0.27
0.35
0.99
1.75
2.68
3.81
5.06
6.34
7.52
8.57
9.52
10.49
11.58
12.79
14.06
15.24
16.15
16.63
16.62
16.11
15.18
13.90
12.36
10.67
8.91
7.19
5.59
4.15
2.82
1.48
-0.01
-1.69
-3.49
-5.22
-6.66
-7.66
-8.22
-8.45
-8.54
-8.61
-8.71
-8.82
-8.89
-8.93
-8.98
-9.13
-9.40
-9.69
-9.79
-9.52
-8.73
-7.50
-6.05
-4.67
-3.61
-2.96
-2.67
-2.59
-2.55
-2.43
-2.15
-1.70
-1.13
-0.48
0.16
0.71
1.07
1.20
1.12
0.88
0.61
0.44
0.42
0.58
0.78
0.91
0.85
0.60
0.25
-0.02
-0.12
-0.05
0.09
0.18
0.11
-0.14
-0.52
-0.96
-1.40
-1.80
-2.11
-2.34
-2.50
-2.64
-2.84
-3.15
-3.56
-3.96
-4.19
-4.13
-3.71
-3.00
-2.13
-1.29
-0.59
-0.09
0.28
0.61
0.96
1.37
1.80
2.18
2.44
2.55
2.50
2.33
2.11
1.88
1.69
1.55
1.47
1.42
1.37
1.29
1.17
1.01
0.81
0.56
0.24
-0.17
-0.65
-1.14
-1.59
-1.93
-2.14
-2.29
-2.48
-2.83
-3.39
-4.10
-4.86
-5.53
-6.03
-6.33
-6.45
-6.42
-6.22
-5.81
-5.18
-4.40
-3.59
-2.88
-2.33
-1.88
-1.42
-0.85
-0.16
0.57
1.20
1.65
1.96
2.22
2.54
2.97
3.42
3.77
3.87
3.66
3.17
2.55
2.00
1.67
1.58
1.64
1.68
1.56
1.25
0.84
0.49
0.30
0.26
0.24
0.12
-0.16
-0.53
-0.87
-1.08
-1.17
-1.27
-1.48
-1.84
-2.26
-2.60
-2.74
-2.70
-2.56
-2.45
-2.41
-2.37
-2.18
-1.69
-0.85
0.21
1.31
2.24
2.86
3.22
3.44
3.69
4.09
4.61
5.17
5.64
5.95
6.09
6.11
6.02
5.83
5.49
5.01
4.45
3.89
3.43
3.10
2.80
2.37
1.65
0.57
-0.82
-2.29
-3.59
-4.52
-5.00
-5.11
-5.00
-4.88
-4.89
-5.11
-5.54
-6.13
-6.79
-7.42
-7.89
-8.08
-7.94
-7.49
-6.78
-5.89
-4.81
-3.50
-1.94
-0.17
1.65
3.26
4.40
4.88
4.65
3.80
2.55
1.17
-0.09
-1.00
-1.44
-1.40
-1.01
-0.45
0.08
0.49
0.73
0.83
0.83
0.78
0.70
0.63
0.59
0.54
0.39
0.03
-0.61
-1.48
-2.43
-3.25
-3.78
-4.00
-4.03
-4.00
-4.03
-4.13
-4.22
-4.23
-4.12
-3.94
-3.76
-3.63
-3.55
-3.48
-3.36
-3.17
-2.92
-2.64
-2.35
-2.09
-1.86
-1.64
-1.39
-1.09
-0.72
-0.31
0.09
0.45
0.78
1.16
1.78
2.76
4.18
5.98
7.95
9.78
11.19
12.00
12.17
11.86
11.28
10.68
10.24
10.00
9.90
9.81
9.60
9.23
8.71
8.10
7.48
6.86
6.21
5.42
4.45
3.32
2.15
1.11
0.32
-0.19
-0.49
-0.72
-1.00
-1.37
-1.81
-2.29
-2.78
-3.34
-3.97
-4.62
-5.18
-5.49
-5.48
-5.21
-4.87
-4.69
-4.80
-5.15
-5.51
-5.57
-5.07
-3.94
-2.35
-0.64
0.80
1.71
2.06
2.03
1.91
1.95
2.26
2.82
3.51
4.25
4.98
5.69
6.37
7.01
7.59
8.10
8.50
8.75
8.75
8.42
7.76
6.87
6.02
5.53
5.66
6.56
8.21
10.45
12.99
15.51
17.69
19.27
20.16
20.38
20.08
19.38
18.30
16.67
14.25
10.84
6.43
1.30
-4.09
-9.23
-13.71
-17.34
-20.14
-22.19
-23.58
-24.30
-24.31
-23.55
-22.00
-19.71
-16.79
-13.36
-9.56
-5.57
-1.60
2.13
5.40
8.08
10.11
11.43
12.02
11.85
11.01
9.69
8.29
7.23
6.83
7.09
7.71
8.19
8.09
7.22
5.72
3.95
2.27
0.87
-0.29
-1.42
-2.73
-4.36
-6.31
-8.50
-10.78
-12.98
-14.85
-16.22
-16.96
-17.06
-16.65
-15.92
-15.10
-14.41
-14.14
-14.60
-16.08
-18.74
-22.47
-26.83
-31.21
-34.99
-37.82
-39.64
-40.64
-41.07
-41.01
-40.33
-38.73
-35.90
-31.71
-26.28
-19.95
-13.22
-6.58
-0.42
5.07
9.85
13.99
17.56
20.59
23.09
25.08
26.64
27.89
28.94
29.88
30.69
31.33
31.72
31.83
31.68
31.36
31.05
30.90
31.00
31.28
31.53
31.47
30.88
29.75
28.32
26.97
26.01
25.55
25.42
25.27
24.74
23.61
21.87
19.66
17.21
14.70
12.22
9.77
7.29
4.65
1.73
-1.53
-5.10
-8.78
-12.22
-15.04
-16.90
-17.72
-17.64
-17.05
-16.39
-16.01
-16.06
-16.44
-16.92
-17.23
-17.23
-16.90
-16.36
-15.84
-15.54
-15.58
-15.91
-16.33
-16.49
-16.03
-14.73
-12.62
-10.02
-7.48
-5.60
-4.80
-5.25
-6.79
-9.01
-11.45
-13.69
-15.43
-16.53
-16.94
-16.67
-15.74
-14.26
-12.37
-10.34
-8.43
-6.86
-5.72
-4.88
-4.07
-3.02
-1.55
0.29
2.28
4.12
5.59
6.61
7.28
7.74
8.08
8.32
8.40
8.25
7.85
7.24
6.53
5.82
5.19
4.65
4.18
3.73
3.25
2.71
2.17
1.72
1.51
1.64
2.12
2.88
3.73
4.47
4.97
5.18
5.15
5.02
4.91
4.84
4.79
4.67
4.43
4.06
3.64
3.21
2.81
2.45
2.12
1.81
1.58
1.48
1.56
1.82
2.18
2.50
2.65
2.49
1.97
1.14
0.11
-0.95
-1.90
-2.73
-3.52
-4.41
-5.50
-6.76
-8.09
-9.31
-10.30
-11.00
-11.47
-11.77
-11.95
-11.95
-11.69
-11.04
-9.97
-8.55
-6.96
-5.41
-4.05
-2.90
-1.84
-0.73
0.51
1.85
3.14
4.26
5.15
5.86
6.45
6.97
7.38
7.60
7.63
7.54
7.47
7.56
7.85
8.27
8.63
8.79
8.65
8.20
7.49
6.60
5.61
4.59
3.64
2.84
2.24
1.82
1.50
1.18
0.77
0.24
-0.38
-1.00
-1.49
-1.75
-1.72
-1.40
-0.89
-0.33
0.12
0.42
0.58
0.70
0.90
1.24
1.73
2.31
2.90
3.42
3.81
4.03
4.06
3.91
3.60
3.25
2.97
2.87
2.99
3.33
3.77
4.20
4.50
4.59
4.45
4.13
3.70
3.24
2.83
2.56
2.48
2.60
2.95
3.49
4.18
4.95
5.69
6.29
6.62
6.62
6.31
5.75
5.05
4.31
3.53
2.68
1.66
0.39
-1.14
-2.86
-4.64
-6.29
-7.63
-8.56
-9.08
-9.26
-9.21
-9.02
-8.67
-8.06
-7.12
-5.86
-4.44
-3.17
-2.36
-2.25
-2.90
-4.25
-6.13
-8.28
-10.43
-12.30
-13.64
-14.24
-14.00
-12.94
-11.22
-9.06
-6.73
-4.46
-2.45
-0.79
0.49
1.45
2.23
2.94
3.67
4.43
5.15
5.75
6.19
6.46
6.56
6.54
6.42
6.18
5.84
5.41
4.93
4.48
4.09
3.73
3.38
2.96
2.47
1.90
1.28
0.62
-0.06
-0.74
-1.35
-1.77
-1.89
-1.62
-1.02
-0.25
0.48
0.97
1.15
1.03
0.70
0.27
-0.19
-0.64
-1.02
-1.26
-1.33
-1.19
-0.91
-0.57
-0.30
-0.17
-0.22
-0.39
-0.62
-0.81
-0.95
-1.04
-1.16
-1.39
-1.80
-2.43
-3.20
-4.01
-4.71
-5.21
-5.50
-5.60
-5.56
-5.41
-5.11
-4.60
-3.83
-2.81
-1.62
-0.34
0.94
2.18
3.39
4.59
5.77
6.84
7.70
8.25
8.48
8.44
8.32
8.29
8.48
8.95
9.66
10.47
11.26
11.87
12.18
12.10
11.60
10.70
9.41
7.78
5.81
3.54
1.09
-1.38
-3.68
-5.66
-7.24
-8.37
-9.04
-9.16
-8.65
-7.49
-5.78
-3.81
-1.91
-0.37
0.68
1.29
1.66
1.98
2.36
2.81
3.27
3.64
3.85
3.87
3.73
3.49
3.18
2.84
2.40
1.81
1.04
0.14
-0.77
-1.55
-2.00
-2.04
-1.63
-0.88
0.01
0.77
1.16
0.98
0.20
-1.10
-2.73
-4.52
-6.33
-8.13
-9.94
-11.78
-13.61
-15.28
-16.60
-17.38
-17.50
-16.94
-15.80
-14.21
-12.29
-10.15
-7.88
-5.58
-3.39
-1.48
0.02
1.06
1.66
1.90
1.85
1.60
1.24
0.87
0.57
0.42
0.48
0.71
1.07
1.50
1.94
2.35
2.64
2.73
2.61
2.32
1.95
1.64
1.45
1.39
1.36
1.29
1.12
0.87
0.61
0.39
0.26
0.25
0.36
0.64
1.13
1.83
2.68
3.57
4.37
5.00
5.39
5.52
5.42
5.08
4.54
3.84
3.07
2.34
1.74
1.30
0.99
0.71
0.39
-0.01
-0.47
-0.88
-1.16
-1.27
-1.29
-1.34
-1.59
-2.17
-3.10
-4.28
-5.46
-6.41
-6.92
-6.92
-6.48
-5.78
-4.98
-4.20
-3.47
-2.80
-2.18
-1.63
-1.19
-0.88
-0.69
-0.56
-0.44
-0.27
-0.04
0.30
0.78
1.47
2.42
3.60
4.91
6.16
7.16
7.76
7.94
7.80
7.43
6.96
6.43
5.86
5.27
4.64
3.99
3.33
2.66
2.01
1.44
1.09
1.06
1.40
2.04
2.80
3.45
3.88
4.05
4.06
4.01
3.97
3.93
3.84
3.65
3.34
2.91
2.38
1.74
1.03
0.29
-0.40
-0.93
-1.25
-1.36
-1.38
-1.43
-1.66
-2.11
-2.73
-3.39
-3.98
-4.40
-4.63
-4.73
-4.75
-4.77
-4.83
-4.93
-5.03
-5.07
-4.96
-4.63
-4.04
-3.22
-2.25
-1.27
-0.42
0.21
0.58
0.76
0.85
0.98
1.22
1.59
2.01
2.38
2.60
2.65
2.55
2.33
2.03
1.70
1.37
1.11
0.98
1.00
1.12
1.23
1.16
0.81
0.16
-0.67
-1.50
-2.15
-2.53
-2.63
-2.58
-2.53
-2.61
-2.88
-3.31
-3.83
-4.33
-4.72
-4.91
-4.87
-4.53
-3.89
-2.99
-1.95
-0.95
-0.19
0.26
0.39
0.32
0.19
0.08
0.02
0.00
0.03
0.14
0.36
0.65
0.85
0.71
-0.05
-1.55
-3.71
-6.31
-9.01
-11.49
-13.49
-14.86
-15.46
-15.24
-14.23
-12.55
-10.42
-8.14
-5.95
-4.02
-2.35
-0.89
0.44
1.68
2.85
3.99
5.14
6.38
7.74
9.22
10.73
12.17
13.40
14.31
14.82
14.92
14.66
14.14
13.51
12.89
12.30
11.69
10.96
10.02
8.86
7.60
6.36
5.27
4.40
3.73
3.23
2.89
2.71
2.68
2.77
2.92
3.10
3.28
3.47
3.69
3.90
4.03
4.03
3.90
3.70
3.59
3.76
4.31
5.30
6.62
8.10
9.46
10.42
10.71
10.12
8.56
6.07
2.80
-0.97
-4.92
-8.70
-11.98
-14.51
-16.16
-16.90
-16.77
-15.90
-14.39
-12.39
-10.08
-7.68
-5.45
-3.62
-2.36
-1.66
-1.43
-1.47
-1.59
-1.70
-1.79
-1.92
-2.09
-2.27
-2.35
-2.21
-1.82
-1.21
-0.56
-0.01
0.32
0.38
0.22
-0.10
-0.53
-1.02
-1.53
-2.03
-2.50
-2.92
-3.24
-3.42
-3.42
-3.20
-2.76
-2.20
-1.66
-1.28
-1.14
-1.22
-1.42
-1.64
-1.82
-1.93
-2.01
-2.09
-2.20
-2.37
-2.64
-3.03
-3.56
-4.16
-4.72
-5.11
-5.23
-5.05
-4.64
-4.09
-3.46
-2.81
-2.15
-1.47
-0.74
0.04
0.80
1.49
2.05
2.45
2.69
2.80
2.77
2.60
2.27
1.82
1.34
0.96
0.82
0.95
1.28
1.65
1.90
1.95
1.80
1.54
1.24
0.90
0.54
0.14
-0.27
-0.66
-0.98
-1.22
-1.39
-1.54
-1.71
-1.88
-1.99
-1.95
-1.72
-1.29
-0.70
-0.00
0.75
1.52
2.29
2.99
3.55
3.89
4.00
3.94
3.80
3.73
3.77
3.93
4.11
4.21
4.16
3.95
3.62
3.29
3.03
2.94
3.01
3.21
3.43
3.56
3.56
3.41
3.19
2.94
2.67
2.34
1.91
1.35
0.70
0.04
-0.59
-1.21
-1.87
-2.59
-3.29
-3.82
-4.02
-3.79
-3.20
-2.43
-1.68
-1.12
-0.76
-0.52
-0.29
0.00
0.34
0.64
0.85
0.96
1.04
1.18
1.43
1.77
2.09
2.26
2.18
1.87
1.45
1.04
0.75
0.57
0.39
0.09
-0.43
-1.21
-2.16
-3.19
-4.17
-5.02
-5.66
-6.08
-6.28
-6.27
-6.13
-5.94
-5.76
-5.67
-5.64
-5.63
-5.53
-5.23
-4.64
-3.77
-2.67
-1.48
-0.37
0.55
1.22
1.66
1.98
2.27
2.62
3.04
3.52
4.00
4.42
4.74
4.93
4.98
4.89
4.69
4.42
4.12
3.86
3.67
3.54
3.44
3.31
3.13
2.86
2.53
2.17
1.84
1.56
1.36
1.20
1.02
0.77
0.42
-0.05
-0.64
-1.30
-1.94
-2.47
-2.76
-2.72
-2.33
-1.66
-0.88
-0.17
0.31
0.52
0.50
0.39
0.30
0.33
0.45
0.61
0.70
0.66
0.46
0.15
-0.18
-0.43
-0.53
-0.46
-0.25
0.02
0.26
0.42
0.48
0.47
0.43
0.34
0.19
-0.06
-0.40
-0.76
-1.07
-1.25
-1.29
-1.22
-1.13
-1.07
-1.02
-0.93
-0.71
-0.30
0.29
1.05
1.93
2.90
3.95
5.01
6.00
6.76
7.15
7.04
6.42
5.40
4.17
2.94
1.89
1.08
0.48
0.01
-0.42
-0.86
-1.30
-1.70
-2.06
-2.38
-2.67
-2.95
-3.17
-3.30
-3.33
-3.23
-3.07
-2.93
-2.87
-2.98
-3.28
-3.76
-4.34
-4.88
-5.19
-5.12
-4.56
-3.55
-2.25
-0.83
0.54
1.77
2.82
3.75
4.57
5.30
5.95
6.51
6.98
7.37
7.66
7.84
7.89
7.84
7.74
7.67
7.68
7.76
7.89
8.03
8.09
8.01
7.71
7.12
6.21
4.96
3.46
1.85
0.29
-1.10
-2.28
-3.33
-4.37
-5.53
-6.86
-8.30
-9.71
-10.87
-11.61
-11.80
-11.43
-10.58
-9.35
-7.90
-6.33
-4.79
-3.39
-2.18
-1.20
-0.39
0.34
1.07
1.83
2.59
3.20
3.56
3.61
3.42
3.13
2.89
2.79
2.79
2.77
2.55
1.95
0.91
-0.54
-2.28
-4.16
-6.01
-7.73
-9.26
-10.60
-11.77
-12.83
-13.81
-14.69
-15.43
-15.99
-16.39
-16.65
-16.79
-16.82
-16.65
-16.14
-15.20
-13.78
-11.97
-9.87
-7.64
-5.39
-3.18
-1.07
0.92
2.70
4.24
5.49
6.49
7.29
7.95
8.49
8.88
9.06
8.97
8.64
8.12
7.54
7.02
6.63
6.39
6.24
6.09
5.84
5.44
4.87
4.20
3.51
2.89
2.39
1.95
1.52
1.04
0.52
-0.02
-0.51
-0.91
-1.24
-1.50
-1.65
-1.64
-1.42
-0.98
-0.37
0.34
1.07
1.79
2.46
3.06
3.49
3.67
3.56
3.19
2.67
2.13
1.68
1.40
1.33
1.47
1.74
2.07
2.32
2.39
2.20
1.80
1.28
0.74
0.27
-0.12
-0.45
-0.76
-1.08
-1.40
-1.72
-2.04
-2.38
-2.78
-3.25
-3.79
-4.32
-4.66
-4.66
-4.21
-3.32
-2.18
-1.03
-0.12
0.45
0.72
0.84
0.98
1.22
1.56
1.91
2.17
2.31
2.33
2.32
2.34
2.42
2.58
2.75
2.88
2.90
2.76
2.45
1.99
1.45
0.92
0.44
0.06
-0.23
-0.47
-0.69
-0.90
-1.13
-1.43
-1.86
-2.44
-3.15
-3.87
-4.44
-4.64
-4.39
-3.69
-2.69
-1.58
-0.55
0.30
0.96
1.48
1.90
2.28
2.61
2.88
3.07
3.18
3.19
3.11
2.96
2.78
2.59
2.39
2.16
1.88
1.56
1.24
0.98
0.82
0.73
0.64
0.47
0.21
-0.12
-0.41
-0.62
-0.75
-0.89
-1.14
-1.57
-2.17
-2.84
-3.44
-3.83
-3.88
-3.57
-2.90
-2.01
-1.02
-0.11
0.65
1.26
1.77
2.26
2.77
3.27
3.69
3.96
4.03
3.92
3.70
3.42
3.15
2.93
2.76
2.66
2.60
2.51
2.36
2.10
1.74
1.37
1.06
0.87
0.77
0.67
0.42
-0.05
-0.73
-1.49
-2.18
-2.66
-2.89
-2.96
-3.01
-3.17
-3.56
-4.14
-4.82
-5.37
-5.60
-5.36
-4.64
-3.54
-2.29
-1.13
-0.22
0.43
0.88
1.25
1.65
2.10
2.56
2.96
3.26
3.46
3.59
3.70
3.79
3.86
3.83
3.65
3.29
2.79
2.22
1.68
1.27
1.00
0.83
0.70
0.52
0.28
-0.00
-0.27
-0.48
-0.57
-0.57
-0.56
-0.65
-0.97
-1.57
-2.42
-3.38
-4.29
-4.96
-5.27
-5.17
-4.67
-3.82
-2.75
-1.60
-0.54
0.30
0.83
1.09
1.18
1.24
1.38
1.67
2.09
2.58
3.03
3.38
3.55
3.53
3.34
3.03
2.69
2.42
2.30
2.37
2.57
2.77
2.80
2.54
1.97
1.18
0.36
-0.33
-0.80
-1.05
-1.17
-1.25
-1.38
-1.60
-1.94
-2.43
-3.06
-3.80
-4.53
-5.09
-5.36
-5.24
-4.76
-3.99
-3.07
-2.11
-1.20
-0.38
0.32
0.86
1.26
1.54
1.77
2.01
2.28
2.55
2.76
2.84
2.77
2.57
2.35
2.18
2.11
2.15
2.27
2.40
2.50
2.50
2.39
2.14
1.78
1.35
0.90
0.50
0.13
-0.21
-0.59
-1.03
-1.53
-2.05
-2.53
-2.95
-3.30
-3.62
-3.91
-4.14
-4.23
-4.09
-3.70
-3.08
-2.30
-1.47
-0.68
0.01
0.54
0.91
1.13
1.24
1.32
1.44
1.63
1.89
2.16
2.36
2.44
2.41
2.31
2.17
2.01
1.79
1.46
1.00
0.45
-0.07
-0.45
-0.61
-0.60
-0.53
-0.53
-0.68
-0.94
-1.24
-1.50
-1.73
-1.99
-2.37
-2.89
-3.48
-4.01
-4.33
-4.30
-3.92
-3.22
-2.33
-1.36
-0.42
0.45
1.23
1.95
2.57
3.06
3.37
3.47
3.36
3.13
2.85
2.59
2.36
2.14
1.88
1.60
1.33
1.15
1.07
1.06
1.05
0.96
0.75
0.46
0.14
-0.14
-0.34
-0.51
-0.68
-0.89
-1.17
-1.53
-1.99
-2.55
-3.21
-3.93
-4.61
-5.09
-5.28
-5.11
-4.62
-3.89
-3.01
-2.06
-1.08
-0.12
0.77
1.53
2.14
2.59
2.91
3.13
3.25
3.26
3.14
2.93
2.71
2.62
2.74
3.04
3.37
3.49
3.23
2.57
1.68
0.84
0.27
0.08
0.15
0.30
0.30
0.05
-0.43
-1.04
-1.66
-2.23
-2.76
-3.28
-3.82
-4.37
-4.86
-5.18
-5.25
-5.01
-4.46
-3.67
-2.74
-1.80
-0.91
-0.10
0.62
1.26
1.82
2.27
2.62
2.86
3.05
3.21
3.35
3.46
3.50
3.43
3.24
2.94
2.57
2.17
1.79
1.48
1.27
1.16
1.12
1.07
0.92
0.63
0.21
-0.27
-0.71
-1.02
-1.20
-1.30
-1.46
-1.82
-2.47
-3.39
-4.42
-5.34
-5.91
-5.98
-5.50
-4.58
-3.39
-2.13
-0.96
0.01
0.75
1.28
1.67
1.99
2.29
2.59
2.89
3.13
3.27
3.29
3.21
3.11
3.02
2.98
2.95
2.90
2.79
2.61
2.38
2.12
1.86
1.56
1.21
0.77
0.25
-0.29
-0.78
-1.17
-1.43
-1.59
-1.69
-1.75
-1.85
-2.03
-2.35
-2.83
-3.43
-4.07
-4.60
-4.85
-4.72
-4.20
-3.36
-2.36
-1.34
-0.40
0.40
1.08
1.65
2.12
2.46
2.65
2.70
2.62
2.50
2.39
2.35
2.36
2.38
2.35
2.27
2.18
2.13
2.16
2.25
2.33
2.36
2.28
2.12
1.90
1.62
1.26
0.80
0.26
-0.31
-0.82
-1.21
-1.49
-1.75
-2.07
-2.53
-3.11
-3.77
-4.41
-4.92
-5.20
-5.16
-4.73
-3.93
-2.82
-1.56
-0.33
0.66
1.31
1.61
1.64
1.57
1.56
1.71
2.03
2.41
2.70
2.77
2.55
2.14
1.69
1.38
1.28
1.36
1.49
1.51
1.35
1.02
0.61
0.23
-0.06
-0.26
-0.40
-0.52
-0.63
-0.77
-0.96
-1.27
-1.76
-2.44
-3.24
-4.00
-4.57
-4.81
-4.67
-4.17
-3.41
-2.50
-1.59
-0.77
-0.12
0.36
0.72
1.05
1.44
1.90
2.40
2.83
3.11
3.18
3.08
2.86
2.61
2.37
2.14
1.92
1.69
1.48
1.31
1.21
1.15
1.06
0.86
0.48
-0.08
-0.73
-1.33
-1.77
-2.00
-2.04
-1.99
-2.00
-2.19
-2.64
-3.32
-4.12
-4.82
-5.20
-5.07
-4.36
-3.18
-1.75
-0.37
0.71
1.37
1.65
1.73
1.77
1.90
2.17
2.56
3.01
3.45
3.83
4.10
4.22
4.13
3.79
3.21
2.44
1.61
0.89
0.39
0.17
0.16
0.24
0.25
0.09
-0.25
-0.72
-1.20
-1.57
-1.78
-1.85
-1.85
-1.88
-2.05
-2.44
-3.04
-3.75
-4.42
-4.85
-4.91
-4.55
-3.79
-2.74
-1.53
-0.32
0.75
1.58
2.11
2.41
2.57
2.75
3.00
3.31
3.58
3.71
3.68
3.53
3.36
3.22
3.09
2.91
2.63
2.24
1.81
1.46
1.25
1.16
1.10
0.97
0.72
0.37
-0.03
-0.39
-0.70
-0.99
-1.33
-1.77
-2.31
-2.91
-3.52
-4.08
-4.56
-4.93
-5.13
-5.08
-4.71
-3.97
-2.94
-1.75
-0.54
0.56
1.47
2.19
2.70
3.01
3.10
3.00
2.77
2.49
2.23
2.03
1.89
1.76
1.65
1.56
1.52
1.53
1.57
1.63
1.66
1.66
1.56
1.33
0.90
0.29
-0.41
-1.08
-1.57
-1.83
-1.92
-1.98
-2.15
-2.50
-2.97
-3.43
-3.74
-3.82
-3.69
-3.42
-3.06
-2.60
-2.00
-1.23
-0.32
0.65
1.54
2.22
2.66
2.86
2.89
2.85
2.79
2.73
2.65
2.48
2.17
1.73
1.22
0.78
0.53
0.51
0.66
0.85
0.92
0.81
0.52
0.15
-0.24
-0.61
-0.97
-1.38
-1.79
-2.17
-2.48
-2.73
-3.00
-3.35
-3.78
-4.15
-4.27
-3.97
-3.21
-2.13
-1.00
-0.08
0.49
0.76
0.90
1.10
1.51
2.11
2.80
3.41
3.85
4.08
4.15
4.15
4.12
4.05
3.88
3.57
3.13
2.64
2.23
2.03
2.09
2.34
2.64
2.82
2.74
2.37
1.76
1.03
0.25
-0.56
-1.44
-2.48
-3.66
-4.84
-5.81
-6.34
-6.30
-5.75
-4.87
-3.92
-3.06
-2.36
-1.70
-0.95
0.01
1.16
2.35
3.38
4.04
4.19
3.87
3.21
2.44
1.78
1.37
1.24
1.31
1.43
1.45
1.29
0.96
0.49
-0.06
-0.67
-1.32
-1.99
-2.62
-3.13
-3.45
-3.53
-3.45
-3.29
-3.20
-3.28
-3.54
-3.88
-4.13
-4.06
-3.50
-2.41
-0.93
0.73
2.30
3.60
4.55
5.16
5.49
5.61
5.56
5.35
4.98
4.45
3.76
2.92
1.94
0.88
-0.17
-1.09
-1.81
-2.27
-2.51
-2.55
-2.44
-2.19
-1.84
-1.45
-1.13
-0.98
-1.06
-1.33
-1.67
-1.95
-2.08
-2.08
-2.10
-2.30
-2.79
-3.54
-4.38
-5.07
-5.33
-5.00
-4.11
-2.79
-1.30
0.11
1.24
2.03
2.47
2.63
2.63
2.56
2.52
2.54
2.61
2.67
2.69
2.61
2.48
2.33
2.19
2.09
1.99
1.84
1.59
1.23
0.74
0.15
-0.48
-1.10
-1.67
-2.14
-2.50
-2.76
-2.96
-3.11
-3.24
-3.36
-3.46
-3.49
-3.37
-3.02
-2.42
-1.62
-0.75
0.00
0.52
0.79
0.98
1.26
1.76
2.46
3.19
3.72
3.93
3.84
3.59
3.34
3.16
2.99
2.70
2.22
1.57
0.90
0.38
0.10
-0.00
-0.05
-0.17
-0.44
-0.82
-1.24
-1.66
-2.05
-2.46
-2.93
-3.46
-3.99
-4.46
-4.77
-4.85
-4.66
-4.22
-3.55
-2.73
-1.80
-0.83
0.11
0.98
1.73
2.34
2.80
3.13
3.35
3.48
3.54
3.57
3.57
3.56
3.55
3.51
3.41
3.25
3.00
2.68
2.32
1.96
1.63
1.34
1.07
0.80
0.49
0.12
-0.35
-0.87
-1.39
-1.84
-2.17
-2.41
-2.65
-3.01
-3.54
-4.20
-4.80
-5.11
-4.97
-4.35
-3.38
-2.27
-1.19
-0.22
0.67
1.53
2.38
3.13
3.68
3.94
3.93
3.74
3.53
3.40
3.39
3.46
3.53
3.51
3.35
3.04
2.64
2.26
2.02
1.97
2.08
2.19
2.08
1.60
0.74
-0.31
-1.30
-2.00
-2.34
-2.38
-2.34
-2.39
-2.65
-3.10
-3.63
-4.12
-4.49
-4.69
-4.71
-4.52
-4.14
-3.58
-2.90
-2.16
-1.46
-0.86
-0.34
0.16
0.71
1.36
2.09
2.78
3.31
3.59
3.64
3.54
3.43
3.39
3.40
3.39
3.27
3.01
2.65
2.32
2.09
1.97
1.91
1.77
1.45
0.89
0.16
-0.65
-1.36
-1.88
-2.14
-2.23
-2.24
-2.32
-2.58
-3.02
-3.59
-4.15
-4.58
-4.80
-4.78
-4.53
-4.07
-3.40
-2.54
-1.51
-0.42
0.62
1.45
1.99
2.24
2.29
2.25
2.22
2.28
2.42
2.59
2.76
2.86
2.87
2.73
2.42
1.94
1.35
0.75
0.29
0.04
-0.03
-0.04
-0.14
-0.45
-0.96
-1.56
-2.11
-2.50
-2.74
-2.91
-3.14
-3.46
-3.80
-4.01
-3.95
-3.55
-2.89
-2.08
-1.24
-0.46
0.27
0.97
1.62
2.18
2.55
2.71
2.70
2.63
2.62
2.72
2.90
3.06
3.08
2.90
2.58
2.19
1.86
1.66
1.58
1.54
1.44
1.22
0.84
0.34
-0.24
-0.82
-1.38
-1.91
-2.44
-3.01
-3.65
-4.32
-4.92
-5.30
-5.33
-4.92
-4.13
-3.07
-1.96
-0.97
-0.23
0.23
0.48
0.60
0.73
0.95
1.32
1.78
2.26
2.64
2.83
2.83
2.70
2.54
2.40
2.28
2.14
1.89
1.55
1.14
0.73
0.38
0.08
-0.22
-0.55
-0.95
-1.37
-1.77
-2.13
-2.49
-2.90
-3.42
-4.00
-4.53
-4.84
-4.74
-4.17
-3.15
-1.85
-0.46
0.83
1.90
2.65
3.08
3.21
3.10
2.88
2.72
2.75
3.01
3.41
3.78
3.91
3.71
3.21
2.57
1.99
1.63
1.52
1.59
1.68
1.64
1.39
0.94
0.39
-0.14
-0.58
-0.93
-1.24
-1.60
-2.05
-2.56
-3.08
-3.52
-3.90
-4.24
-4.55
-4.82
-4.95
-4.84
-4.44
-3.75
-2.88
-1.93
-0.99
-0.09
0.71
1.38
1.87
2.16
2.30
2.39
2.54
2.80
3.13
3.44
3.62
3.62
3.44
3.14
2.80
2.47
2.19
1.95
1.70
1.41
1.06
0.66
0.23
-0.22
-0.69
-1.16
-1.59
-1.92
-2.11
-2.16
-2.14
-2.21
-2.52
-3.17
-4.08
-5.07
-5.87
-6.28
-6.20
-5.65
-4.76
-3.68
-2.51
-1.34
-0.21
0.84
1.73
2.40
2.82
2.99
3.00
2.96
2.96
3.01
3.09
3.14
3.13
3.07
2.97
2.88
2.75
2.53
2.17
1.68
1.14
0.65
0.31
0.11
-0.05
-0.30
-0.73
-1.33
-2.00
-2.61
-3.06
-3.31
-3.39
-3.34
-3.20
-2.97
-2.66
-2.27
-1.83
-1.36
-0.88
-0.38
0.15
0.72
1.32
1.88
2.31
2.56
2.60
2.48
2.28
2.06
1.85
1.65
1.43
1.15
0.81
0.43
0.04
-0.31
-0.63
-0.91
-1.17
-1.39
-1.57
-1.65
-1.61
-1.48
-1.34
-1.29
-1.41
-1.75
-2.21
-2.70
-3.07
-3.25
-3.22
-2.97
-2.52
-1.86
-1.00
0.00
1.03
1.96
2.71
3.28
3.76
4.25
4.80
5.35
5.75
5.83
5.52
4.88
4.10
3.40
2.97
2.82
2.85
2.89
2.77
2.44
1.94
1.38
0.89
0.50
0.18
-0.17
-0.62
-1.20
-1.84
-2.44
-2.94
-3.34
-3.74
-4.23
-4.87
-5.61
-6.28
-6.68
-6.69
-6.27
-5.51
-4.57
-3.60
-2.70
-1.88
-1.12
-0.37
0.38
1.11
1.74
2.16
2.33
2.25
2.01
1.73
1.49
1.35
1.31
1.36
1.50
1.72
2.00
2.24
2.35
2.25
1.95
1.54
1.11
0.76
0.47
0.24
0.04
-0.13
-0.22
-0.24
-0.26
-0.39
-0.75
-1.31
-1.93
-2.41
-2.57
-2.38
-1.88
-1.18
-0.35
0.54
1.41
2.16
2.67
2.92
2.96
2.95
3.00
3.16
3.33
3.38
3.19
2.81
2.35
1.95
1.71
1.62
1.62
1.64
1.64
1.63
1.60
1.52
1.35
1.04
0.56
-0.07
-0.77
-1.47
-2.12
-2.67
-3.16
-3.62
-4.06
-4.46
-4.74
-4.81
-4.60
-4.11
-3.41
-2.58
-1.71
-0.88
-0.10
0.62
1.29
1.91
2.48
2.96
3.34
3.57
3.65
3.58
3.40
3.12
2.74
2.28
1.77
1.28
0.92
0.74
0.71
0.70
0.56
0.16
-0.49
-1.24
-1.91
-2.30
-2.36
-2.14
-1.86
-1.76
-2.01
-2.62
-3.42
-4.13
-4.49
-4.39
-3.87
-3.11
-2.31
-1.57
-0.91
-0.27
0.41
1.10
1.76
2.34
2.84
3.28
3.67
3.97
4.13
4.09
3.89
3.59
3.32
3.14
3.03
2.92
2.72
2.43
2.08
1.77
1.57
1.47
1.37
1.15
0.74
0.16
-0.50
-1.16
-1.77
-2.31
-2.83
-3.36
-3.91
-4.44
-4.85
-5.01
-4.82
-4.19
-3.12
-1.74
-0.23
1.16
2.24
2.93
3.29
3.45
3.56
3.70
3.86
3.99
4.07
4.09
4.08
4.07
4.02
3.88
3.59
3.12
2.54
1.98
1.54
1.28
1.19
1.18
1.15
1.04
0.81
0.44
-0.04
-0.60
-1.21
-1.80
-2.34
-2.81
-3.19
-3.52
-3.81
-4.06
-4.26
-4.32
-4.14
-3.63
-2.74
-1.52
-0.12
1.25
2.41
3.23
3.70
3.92
4.02
4.12
4.27
4.45
4.58
4.59
4.46
4.23
4.00
3.87
3.88
3.95
3.93
3.67
3.11
2.28
1.33
0.44
-0.25
-0.69
-0.92
-1.03
-1.12
-1.32
-1.70
-2.31
-3.17
-4.21
-5.32
-6.38
-7.24
-7.80
-8.03
-7.93
-7.55
-6.94
-6.14
-5.22
-4.24
-3.29
-2.48
-1.94
-1.77
-2.01
-2.63
-3.51
-4.50
-5.46
-6.23
-6.74
-6.96
-6.92
-6.76
-6.61
-6.61
-6.80
-7.14
-7.51
-7.82
-8.02
-8.13
-8.20
-8.29
-8.39
-8.46
-8.41
-8.15
-7.61
-6.68
-5.32
-3.54
-1.45
0.76
2.88
4.74
6.25
7.41
8.26
8.83
9.15
9.27
9.23
9.12
8.98
8.83
8.59
8.13
7.37
6.36
5.26
4.33
3.78
3.70
3.96
4.29
4.38
4.05
3.26
2.19
1.09
0.18
-0.47
-0.91
-1.26
-1.64
-2.10
-2.64
-3.23
-3.87
-4.57
-5.27
-5.84
-6.11
-5.87
-5.04
-3.70
-2.07
-0.47
0.83
1.72
2.22
2.49
2.69
2.95
3.30
3.67
4.00
4.23
4.37
4.41
4.39
4.26
4.00
3.59
3.09
2.64
2.35
2.27
2.33
2.41
2.38
2.17
1.78
1.28
0.74
0.21
-0.29
-0.71
-1.03
-1.22
-1.32
-1.42
-1.62
-2.00
-2.54
-3.10
-3.52
-3.61
-3.27
-2.51
-1.45
-0.26
0.89
1.88
2.67
3.33
3.93
4.57
5.28
6.04
6.78
7.42
7.91
8.25
8.42
8.39
8.13
7.60
6.83
5.89
4.90
3.97
3.16
2.48
1.82
1.11
0.28
-0.65
-1.65
-2.61
-3.45
-4.10
-4.55
-4.85
-5.12
-5.44
-5.89
-6.42
-6.94
-7.34
-7.52
-7.45
-7.17
-6.72
-6.14
-5.43
-4.61
-3.71
-2.77
-1.86
-1.03
-0.28
0.42
1.09
1.73
2.30
2.75
3.01
3.09
3.02
2.88
2.77
2.76
2.84
2.97
3.07
3.09
3.01
2.87
2.67
2.41
2.05
1.59
1.06
0.53
0.06
-0.33
-0.64
-0.93
-1.24
-1.59
-1.97
-2.40
-2.86
-3.33
-3.72
-3.91
-3.76
-3.22
-2.35
-1.31
-0.31
0.49
1.02
1.32
1.49
1.67
1.97
2.44
3.05
3.72
4.30
4.68
4.76
4.55
4.12
3.58
3.02
2.52
2.11
1.80
1.58
1.39
1.19
0.92
0.59
0.19
-0.23
-0.65
-1.03
-1.37
-1.65
-1.89
-2.16
-2.53
-3.05
-3.74
-4.52
-5.29
-5.88
-6.17
-6.09
-5.56
-4.62
-3.32
-1.80
-0.26
1.08
2.05
2.59
2.76
2.70
2.58
2.50
2.49
2.52
2.54
2.49
2.35
2.14
1.90
1.70
1.56
1.47
1.35
1.13
0.77
0.32
-0.13
-0.46
-0.65
-0.77
-0.98
-1.43
-2.16
-3.03
-3.82
-4.30
-4.31
-3.87
-3.06
-2.02
-0.88
0.27
1.35
2.25
2.91
3.29
3.44
3.50
3.57
3.71
3.87
3.97
3.94
3.80
3.61
3.41
3.20
2.89
2.38
1.63
0.72
-0.26
-1.19
-2.01
-2.74
-3.39
-3.97
-4.51
-5.01
-5.52
-6.09
-6.72
-7.34
-7.80
-7.92
-7.62
-6.91
-5.93
-4.93
-4.11
-3.57
-3.25
-3.03
-2.75
-2.29
-1.66
-0.93
-0.21
0.43
0.96
1.39
1.73
2.00
2.15
2.09
1.79
1.21
0.42
-0.50
-1.43
-2.29
-3.09
-3.93
-4.95
-6.25
-7.81
-9.50
-11.11
-12.42
-13.26
-13.55
-13.31
-12.64
-11.66
-10.56
-9.52
-8.67
-8.07
-7.70
-7.47
-7.21
-6.81
-6.19
-5.36
-4.42
-3.50
-2.72
-2.14
-1.69
-1.21
-0.48
0.68
2.32
4.36
6.60
8.81
10.78
12.40
13.63
14.46
14.91
15.03
14.88
14.52
14.03
13.39
12.55
11.44
10.02
8.38
6.73
5.31
4.35
3.90
3.89
4.11
4.39
4.58
4.67
4.65
4.56
4.45
4.37
4.40
4.61
5.03
5.64
6.34
7.04
7.68
8.24
8.72
9.10
9.33
9.36
9.18
8.86
8.54
8.34
8.31
8.39
8.45
8.35
8.03
7.50
6.83
6.10
5.29
4.36
3.23
1.85
0.23
-1.61
-3.60
-5.66
-7.70
-9.56
-11.07
-12.07
-12.48
-12.39
-11.98
-11.50
-11.16
-11.00
-10.97
-10.91
-10.63
-10.06
-9.26
-8.32
-7.39
-6.52
-5.67
-4.77
-3.74
-2.59
-1.45
-0.44
0.31
0.80
1.08
1.26
1.38
1.46
1.45
1.33
1.13
0.88
0.65
0.43
0.16
-0.24
-0.83
-1.59
-2.45
-3.25
-3.85
-4.15
-4.07
-3.63
-2.88
-1.88
-0.76
0.40
1.52
2.58
3.55
4.42
5.09
5.50
5.54
5.19
4.52
3.67
2.77
1.92
1.12
0.36
-0.39
-1.12
-1.78
-2.37
-2.86
-3.27
-3.60
-3.85
-4.02
-4.14
-4.27
-4.48
-4.84
-5.38
-6.03
-6.67
-7.12
-7.18
-6.75
-5.82
-4.53
-3.12
-1.82
-0.76
0.02
0.63
1.21
1.83
2.51
3.20
3.84
4.35
4.72
4.92
4.94
4.78
4.43
3.93
3.34
2.74
2.25
1.97
1.97
2.23
2.61
2.86
2.75
2.12
1.01
-0.34
-1.61
-2.46
-2.72
-2.34
-1.47
-0.33
0.86
1.91
2.71
3.29
3.72
4.10
4.51
4.95
5.37
5.69
5.82
5.72
5.41
4.94
4.38
3.82
3.33
2.96
2.73
2.56
2.40
2.18
1.86
1.45
0.94
0.31
-0.47
-1.41
-2.48
-3.58
-4.57
-5.31
-5.65
-5.55
-5.01
-4.14
-3.11
-2.10
-1.28
-0.69
-0.30
0.01
0.39
0.90
1.52
2.15
2.66
2.97
3.11
3.15
3.18
3.21
3.19
3.08
2.87
2.62
2.45
2.39
2.38
2.16
1.46
0.09
-1.93
-4.40
-7.02
-9.51
-11.68
-13.43
-14.65
-15.28
-15.27
-14.66
-13.58
-12.26
-10.89
-9.61
-8.44
-7.32
-6.17
-4.95
-3.71
-2.50
-1.40
-0.46
0.31
0.94
1.48
1.97
2.42
2.79
3.02
3.09
2.99
2.81
2.61
2.45
2.32
2.18
1.96
1.61
1.11
0.52
-0.07
-0.53
-0.73
-0.59
-0.14
0.55
1.33
2.08
2.73
3.25
3.68
4.05
4.34
4.51
4.50
4.30
3.98
3.65
3.38
3.22
3.11
2.97
2.74
2.46
2.22
2.12
2.21
2.36
2.43
2.23
1.74
1.01
0.21
-0.57
-1.29
-2.00
-2.70
-3.30
-3.61
-3.44
-2.69
-1.47
-0.03
1.27
2.19
2.62
2.66
2.51
2.38
2.38
2.55
2.82
3.11
3.38
3.65
3.93
4.21
4.39
4.34
3.90
3.06
1.95
0.80
-0.12
-0.62
-0.67
-0.38
0.03
0.35
0.39
0.08
-0.59
-1.54
-2.62
-3.66
-4.47
-4.88
-4.80
-4.24
-3.32
-2.21
-1.10
-0.16
0.53
0.96
1.22
1.46
1.75
2.11
2.44
2.58
2.43
1.99
1.40
0.88
0.63
0.70
1.00
1.35
1.57
1.60
1.48
1.30
1.15
1.03
0.91
0.74
0.52
0.26
-0.08
-0.53
-1.15
-1.92
-2.68
-3.22
-3.31
-2.87
-2.00
-0.95
0.01
0.73
1.20
1.51
1.79
2.07
2.30
2.45
2.47
2.42
2.35
2.32
2.32
2.30
2.21
2.02
1.70
1.27
0.74
0.11
-0.57
-1.26
-1.88
-2.37
-2.70
-2.91
-3.08
-3.29
-3.57
-3.88
-4.08
-4.05
-3.70
-3.03
-2.17
-1.29
-0.52
0.11
0.69
1.33
2.09
2.90
3.57
3.88
3.70
3.09
2.26
1.46
0.90
0.64
0.60
0.62
0.59
0.45
0.25
0.07
-0.07
-0.20
-0.39
-0.72
-1.22
-1.86
-2.59
-3.38
-4.19
-4.98
-5.66
-6.06
-6.01
-5.38
-4.20
-2.64
-1.00
0.40
1.36
1.82
1.88
1.69
1.44
1.22
1.09
1.05
1.09
1.17
1.26
1.32
1.32
1.23
1.04
0.75
0.39
-0.00
-0.35
-0.57
-0.62
-0.53
-0.42
-0.47
-0.84
-1.55
-2.47
-3.32
-3.82
-3.77
-3.16
-2.16
-1.00
0.10
0.99
1.66
2.20
2.69
3.23
3.83
4.46
5.04
5.47
5.72
5.80
5.76
5.66
5.57
5.52
5.53
5.57
5.61
5.64
5.66
5.67
5.70
5.74
5.74
5.56
5.04
4.05
2.57
0.71
-1.27
-3.05
-4.29
-4.78
-4.51
-3.62
-2.40
-1.11
0.03
0.94
1.66
2.21
2.60
2.76
2.59
2.06
1.17
0.04
-1.18
-2.41
-3.56
-4.60
-5.51
-6.23
-6.71
-6.91
-6.86
-6.61
-6.29
-6.02
-5.84
-5.75
-5.68
-5.53
-5.24
-4.83
-4.40
-4.09
-4.03
-4.25
-4.67
-5.12
-5.40
-5.35
-4.95
-4.25
-3.43
-2.67
-2.09
-1.74
-1.59
-1.59
-1.72
-1.98
-2.31
-2.62
-2.71
-2.38
-1.55
-0.35
0.92
1.90
2.34
2.23
1.79
1.34
1.13
1.20
1.43
1.56
1.40
0.91
0.15
-0.70
-1.50
-2.12
-2.46
-2.45
-2.00
-1.09
0.19
1.59
2.80
3.55
3.75
3.52
3.15
2.89
2.89
3.13
3.47
3.79
4.02
4.16
4.23
4.18
3.95
3.50
2.85
2.14
1.50
1.06
0.80
0.61
0.34
-0.15
-0.89
-1.84
-2.89
-3.90
-4.73
-5.30
-5.53
-5.40
-4.96
-4.26
-3.39
-2.42
-1.45
-0.56
0.19
0.73
1.05
1.16
1.12
0.98
0.80
0.60
0.40
0.21
0.04
-0.11
-0.30
-0.57
-0.95
-1.44
-1.98
-2.45
-2.75
-2.82
-2.69
-2.47
-2.31
-2.35
-2.65
-3.17
-3.77
-4.29
-4.55
-4.42
-3.84
-2.83
-1.46
0.11
1.68
3.05
4.08
4.70
4.99
5.05
5.02
5.00
5.03
5.13
5.28
5.41
5.48
5.43
5.22
4.86
4.40
3.91
3.45
3.08
2.81
2.63
2.50
2.36
2.16
1.86
1.48
1.12
0.95
1.12
1.71
2.64
3.72
4.71
5.39
5.67
5.59
5.25
4.76
4.16
3.43
2.54
1.49
0.35
-0.72
-1.58
-2.12
-2.32
-2.23
-1.99
-1.77
-1.73
-1.94
-2.44
-3.13
-3.86
-4.53
-5.09
-5.62
-6.25
-7.11
-8.18
-9.33
-10.28
-10.78
-10.68
-9.96
-8.76
-7.29
-5.75
-4.29
-3.00
-1.92
-1.04
-0.35
0.18
0.56
0.78
0.84
0.78
0.68
0.67
0.86
1.27
1.81
2.27
2.48
2.34
1.90
1.36
0.96
0.86
1.06
1.44
1.78
1.85
1.51
0.72
-0.42
-1.71
-2.86
-3.56
-3.62
-3.00
-1.84
-0.42
0.96
2.07
2.78
3.09
3.08
2.82
2.40
1.91
1.47
1.21
1.19
1.45
1.87
2.31
2.62
2.73
2.66
2.46
2.20
1.88
1.51
1.11
0.72
0.42
0.24
0.13
-0.06
-0.48
-1.19
-2.11
-3.02
-3.62
-3.70
-3.19
-2.21
-1.01
0.15
1.09
1.75
2.15
2.34
2.36
2.21
1.91
1.53
1.18
1.01
1.10
1.43
1.86
2.17
2.18
1.82
1.14
0.32
-0.44
-0.98
-1.21
-1.17
-0.99
-0.83
-0.86
-1.16
-1.72
-2.45
-3.19
-3.77
-4.05
-3.95
-3.43
-2.57
-1.51
-0.41
0.54
1.24
1.70
1.99
2.22
2.46
2.72
2.91
2.97
2.87
2.65
2.43
2.30
2.25
2.22
2.08
1.76
1.29
0.78
0.39
0.25
0.35
0.54
0.61
0.39
-0.21
-1.12
-2.16
-3.09
-3.70
-3.88
-3.60
-2.94
-2.04
-1.05
-0.10
0.72
1.35
1.80
2.06
2.19
2.21
2.19
2.17
2.19
2.25
2.33
2.38
2.38
2.29
2.08
1.77
1.38
0.95
0.56
0.25
0.05
-0.10
-0.29
-0.63
-1.16
-1.85
-2.64
-3.42
-4.09
-4.56
-4.75
-4.56
-3.98
-3.03
-1.85
-0.64
0.43
1.22
1.74
2.04
2.23
2.39
2.56
2.74
2.95
3.19
3.44
3.64
3.71
3.57
3.20
2.63
2.01
1.44
1.03
0.78
0.64
0.51
0.30
0.00
-0.35
-0.68
-0.94
-1.14
-1.37
-1.73
-2.28
-2.97
-3.67
-4.20
-4.44
-4.36
-4.01
-3.52
-2.95
-2.31
-1.56
-0.68
0.29
1.21
1.92
2.32
2.36
2.14
1.84
1.60
1.53
1.60
1.74
1.85
1.90
1.89
1.86
1.83
1.78
1.65
1.39
0.99
0.51
0.03
-0.37
-0.64
-0.79
-0.87
-0.96
-1.13
-1.43
-1.88
-2.44
-3.07
-3.67
-4.15
-4.45
-4.48
-4.22
-3.64
-2.77
-1.72
-0.66
0.23
0.82
1.07
1.08
1.00
0.95
1.01
1.16
1.33
1.44
1.48
1.47
1.47
1.49
1.52
1.48
1.30
0.95
0.50
0.07
-0.21
-0.31
-0.32
-0.41
-0.72
-1.35
-2.19
-3.09
-3.81
-4.22
-4.24
-3.92
-3.31
-2.49
-1.54
-0.52
0.47
1.34
2.01
2.45
2.66
2.71
2.65
2.56
2.44
2.30
2.13
1.93
1.71
1.52
1.37
1.27
1.18
1.06
0.89
0.66
0.37
0.06
-0.25
-0.55
-0.84
-1.17
-1.56
-2.04
-2.63
-3.26
-3.83
-4.21
-4.30
-4.06
-3.56
-2.91
-2.22
-1.53
-0.82
-0.02
0.89
1.84
2.69
3.30
3.59
3.58
3.34
2.98
2.58
2.19
1.86
1.64
1.60
1.74
2.00
2.22
2.23
1.94
1.39
0.72
0.11
-0.32
-0.56
-0.70
-0.85
-1.12
-1.56
-2.15
-2.81
-3.44
-3.93
-4.20
-4.16
-3.81
-3.19
-2.38
-1.47
-0.54
0.32
1.06
1.64
2.05
2.32
2.52
2.72
2.98
3.26
3.52
3.66
3.63
3.43
3.13
2.83
2.56
2.36
2.19
2.01
1.77
1.49
1.19
0.91
0.66
0.43
0.16
-0.22
-0.72
-1.32
-1.90
-2.36
-2.59
-2.60
-2.50
-2.47
-2.70
-3.26
-4.07
-4.90
-5.47
-5.58
-5.15
-4.29
-3.18
-2.03
-1.00
-0.16
0.49
0.95
1.28
1.51
1.70
1.87
2.05
2.26
2.48
2.71
2.94
3.14
3.26
3.26
3.10
2.80
2.42
2.04
1.75
1.61
1.59
1.63
1.63
1.51
1.19
0.66
-0.05
-0.82
-1.52
-2.04
-2.31
-2.34
-2.25
-2.16
-2.22
-2.49
-2.97
-3.60
-4.23
-4.72
-4.90
-4.68
-3.99
-2.94
-1.68
-0.47
0.49
1.13
1.54
1.88
2.32
2.89
3.49
3.96
4.16
4.06
3.78
3.46
3.23
3.08
2.95
2.78
2.53
2.26
2.06
2.00
2.05
2.13
2.06
1.70
0.97
-0.06
-1.20
-2.18
-2.75
-2.82
-2.45
-1.86
-1.37
-1.24
-1.60
-2.39
-3.43
-4.41
-5.04
-5.17
-4.76
-3.93
-2.87
-1.76
-0.74
0.16
0.97
1.71
2.36
2.87
3.17
3.24
3.13
2.92
2.69
2.49
2.31
2.10
1.86
1.60
1.39
1.30
1.39
1.63
1.92
2.14
2.14
1.87
1.34
0.64
-0.09
-0.73
-1.25
-1.64
-1.93
-2.17
-2.36
-2.52
-2.69
-2.93
-3.31
-3.83
-4.38
-4.80
-4.85
-4.40
-3.45
-2.14
-0.75
0.48
1.38
1.93
2.25
2.49
2.77
3.08
3.34
3.43
3.31
3.00
2.61
2.23
1.91
1.62
1.33
1.02
0.70
0.40
0.15
-0.08
-0.29
-0.53
-0.77
-0.99
-1.16
-1.29
-1.41
-1.57
-1.81
-2.16
-2.66
-3.30
-4.05
-4.79
-5.35
-5.55
-5.28
-4.55
-3.50
-2.35
-1.30
-0.44
0.29
0.99
1.76
2.64
3.51
4.20
4.60
4.65
4.43
4.06
3.69
3.44
3.32
3.28
3.27
3.22
3.08
2.85
2.53
2.13
1.67
1.16
0.63
0.10
-0.40
-0.86
-1.25
-1.55
-1.75
-1.82
-1.78
-1.68
-1.59
-1.63
-1.88
-2.40
-3.16
-4.03
-4.82
-5.27
-5.18
-4.45
-3.13
-1.41
0.44
2.16
3.61
4.78
5.72
6.53
7.26
7.91
8.44
8.82
9.05
9.15
9.12
8.93
8.56
7.94
7.04
5.86
4.47
2.98
1.52
0.23
-0.81
-1.62
-2.29
-2.95
-3.70
-4.53
-5.35
-5.99
-6.35
-6.40
-6.23
-5.98
-5.77
-5.67
-5.71
-5.89
-6.22
-6.68
-7.21
-7.68
-7.92
-7.76
-7.12
-6.01
-4.58
-3.03
-1.54
-0.28
0.70
1.39
1.83
2.09
2.23
2.29
2.32
2.33
2.32
2.26
2.15
2.00
1.82
1.69
1.66
1.74
1.89
2.01
2.01
1.81
1.42
0.93
0.42
-0.02
-0.37
-0.64
-0.88
-1.13
-1.38
-1.66
-1.98
-2.42
-3.03
-3.78
-4.56
-5.16
-5.37
-5.08
-4.30
-3.18
-1.92
-0.71
0.34
1.19
1.85
2.40
2.86
3.28
3.64
3.87
3.90
3.68
3.25
2.71
2.20
1.84
1.61
1.45
1.28
1.06
0.89
0.84
0.97
1.18
1.29
1.11
0.57
-0.26
-1.17
-1.94
-2.44
-2.72
-2.95
-3.34
-4.02
-4.92
-5.81
-6.35
-6.26
-5.43
-4.02
-2.33
-0.75
0.44
1.13
1.42
1.54
1.72
2.11
2.71
3.43
4.09
4.52
4.67
4.56
4.33
4.12
4.04
4.05
4.08
4.02
3.85
3.62
3.42
3.29
3.19
2.98
2.53
1.79
0.82
-0.24
-1.24
-2.07
-2.73
-3.26
-3.75
-4.30
-4.99
-5.83
-6.77
-7.64
-8.21
-8.27
-7.72
-6.62
-5.16
-3.63
-2.26
-1.18
-0.38
0.23
0.79
1.39
2.07
2.79
3.47
4.00
4.30
4.36
4.25
4.09
4.01
4.06
4.18
4.26
4.19
3.92
3.49
3.00
2.52
2.13
1.82
1.59
1.40
1.22
1.02
0.77
0.47
0.15
-0.16
-0.46
-0.78
-1.22
-1.82
-2.60
-3.50
-4.37
-5.09
-5.57
-5.79
-5.77
-5.53
-5.10
-4.45
-3.59
-2.55
-1.45
-0.43
0.39
0.99
1.40
1.73
2.05
2.36
2.61
2.74
2.75
2.71
2.69
2.75
2.86
2.91
2.79
2.45
1.94
1.40
0.96
0.65
0.44
0.26
0.04
-0.21
-0.43
-0.56
-0.57
-0.52
-0.49
-0.62
-0.98
-1.58
-2.38
-3.23
-3.98
-4.45
-4.52
-4.14
-3.39
-2.42
-1.40
-0.45
0.37
1.05
1.60
1.99
2.23
2.34
2.44
2.63
2.94
3.31
3.56
3.55
3.24
2.75
2.28
1.98
1.86
1.78
1.59
1.21
0.69
0.20
-0.16
-0.35
-0.47
-0.64
-0.92
-1.25
-1.53
-1.68
-1.71
-1.76
-1.97
-2.47
-3.24
-4.11
-4.83
-5.10
-4.75
-3.81
-2.48
-1.08
0.10
0.95
1.53
2.00
2.50
3.04
3.52
3.80
3.79
3.56
3.26
3.03
2.91
2.85
2.74
2.52
2.21
1.89
1.65
1.53
1.54
1.58
1.61
1.54
1.33
0.97
0.46
-0.15
-0.78
-1.36
-1.81
-2.12
-2.31
-2.47
-2.69
-3.06
-3.59
-4.23
-4.84
-5.24
-5.29
-4.90
-4.10
-3.03
-1.91
-0.93
-0.23
0.18
0.40
0.62
0.97
1.54
2.31
3.14
3.83
4.23
4.25
3.95
3.49
3.03
2.70
2.56
2.59
2.70
2.81
2.85
2.77
2.53
2.16
1.69
1.18
0.73
0.34
0.01
-0.31
-0.67
-1.07
-1.46
-1.78
-1.96
-2.01
-2.01
-2.09
-2.36
-2.85
-3.52
-4.28
-5.01
-5.57
-5.87
-5.83
-5.42
-4.67
-3.68
-2.58
-1.51
-0.58
0.20
0.89
1.55
2.23
2.90
3.49
3.89
4.05
3.98
3.74
3.43
3.14
2.92
2.76
2.66
2.56
2.45
2.33
2.22
2.11
1.99
1.78
1.41
0.87
0.24
-0.36
-0.79
-0.97
-0.95
-0.84
-0.76
-0.79
-0.91
-1.10
-1.34
-1.66
-2.13
-2.76
-3.54
-4.35
-5.07
-5.53
-5.62
-5.31
-4.62
-3.64
-2.51
-1.38
-0.40
0.33
0.84
1.19
1.51
1.92
2.45
3.06
3.62
4.01
4.11
3.92
3.50
2.98
2.49
2.15
2.02
2.07
2.24
2.39
2.38
2.16
1.77
1.32
0.94
0.68
0.53
0.40
0.22
-0.06
-0.39
-0.72
-0.99
-1.19
-1.37
-1.55
-1.79
-2.11
-2.52
-3.02
-3.56
-4.08
-4.51
-4.77
-4.84
-4.69
-4.33
-3.73
-2.93
-1.96
-0.95
-0.04
0.69
1.22
1.64
2.03
2.48
2.96
3.39
3.64
3.66
3.46
3.13
2.80
2.56
2.41
2.31
2.22
2.13
2.09
2.14
2.30
2.47
2.50
2.28
1.74
0.99
0.18
-0.48
-0.89
-1.07
-1.11
-1.11
-1.15
-1.26
-1.41
-1.63
-1.94
-2.41
-3.04
-3.78
-4.47
-4.90
-4.92
-4.45
-3.56
-2.43
-1.25
-0.18
0.66
1.26
1.64
1.85
1.95
1.99
1.99
1.97
1.95
1.95
1.99
2.05
2.09
2.06
1.90
1.63
1.32
1.05
0.92
0.94
1.04
1.14
1.15
1.02
0.75
0.39
-0.03
-0.47
-0.90
-1.32
-1.74
-2.20
-2.72
-3.30
-3.95
-4.63
-5.29
-5.80
-6.01
-5.78
-5.05
-3.91
-2.59
-1.39
-0.54
-0.12
-0.05
-0.08
0.06
0.53
1.33
2.31
3.23
3.89
4.19
4.16
3.89
3.49
3.04
2.56
2.04
1.51
1.01
0.63
0.46
0.52
0.76
1.04
1.25
1.26
1.04
0.63
0.11
-0.42
-0.87
-1.25
-1.58
-1.88
-2.22
-2.63
-3.14
-3.76
-4.42
-5.01
-5.38
-5.37
-4.92
-4.08
-3.02
-1.89
-0.86
0.02
0.74
1.32
1.77
2.10
2.34
2.55
2.75
2.93
3.03
3.00
2.84
2.63
2.46
2.40
2.46
2.59
2.70
2.77
2.78
2.73
2.60
2.31
1.78
1.00
0.06
-0.83
-1.48
-1.77
-1.71
-1.47
-1.24
-1.23
-1.52
-2.11
-2.89
-3.74
-4.50
-5.04
-5.25
-5.08
-4.48
-3.52
-2.29
-0.99
0.20
1.13
1.77
2.17
2.46
2.74
3.06
3.33
3.45
3.33
3.00
2.60
2.31
2.28
2.52
2.92
3.30
3.45
3.29
2.85
2.27
1.74
1.38
1.24
1.24
1.23
1.08
0.73
0.22
-0.37
-0.89
-1.25
-1.41
-1.43
-1.43
-1.56
-1.92
-2.54
-3.38
-4.29
-5.15
-5.80
-6.12
-6.04
-5.51
-4.56
-3.30
-1.89
-0.51
0.67
1.58
2.24
2.73
3.10
3.40
3.60
3.67
3.61
3.48
3.32
3.18
3.04
2.87
2.62
2.32
2.00
1.74
1.61
1.60
1.66
1.74
1.76
1.69
1.51
1.22
0.84
0.43
0.00
-0.39
-0.70
-0.92
-1.06
-1.19
-1.37
-1.70
-2.20
-2.88
-3.63
-4.30
-4.75
-4.87
-4.65
-4.15
-3.47
-2.70
-1.87
-0.98
-0.05
0.86
1.66
2.24
2.55
2.66
2.64
2.59
2.57
2.54
2.48
2.41
2.37
2.42
2.58
2.80
2.95
2.90
2.59
2.06
1.46
0.93
0.58
0.40
0.26
0.03
-0.39
-0.97
-1.59
-2.08
-2.33
-2.36
-2.31
-2.36
-2.64
-3.18
-3.92
-4.72
-5.44
-5.92
-6.05
-5.73
-4.92
-3.71
-2.27
-0.85
0.36
1.26
1.89
2.39
2.85
3.35
3.86
4.28
4.53
4.57
4.40
4.08
3.68
3.26
2.88
2.57
2.35
2.24
2.21
2.20
2.15
2.05
1.89
1.67
1.38
1.02
0.56
0.02
-0.53
-1.01
-1.34
-1.51
-1.59
-1.72
-2.00
-2.46
-3.07
-3.71
-4.31
-4.80
-5.14
-5.27
-5.12
-4.63
-3.81
-2.74
-1.58
-0.47
0.48
1.25
1.84
2.29
2.57
2.67
2.62
2.49
2.39
2.41
2.57
2.83
3.07
3.20
3.16
2.96
2.67
2.35
2.09
1.90
1.78
1.68
1.56
1.33
0.97
0.45
-0.19
-0.87
-1.48
-1.89
-2.06
-2.01
-1.88
-1.83
-2.01
-2.46
-3.12
-3.88
-4.61
-5.20
-5.56
-5.60
-5.23
-4.42
-3.22
-1.83
-0.49
0.57
1.26
1.64
1.87
2.10
2.41
2.75
3.02
3.13
3.04
2.82
2.54
2.33
2.22
2.22
2.29
2.35
2.34
2.21
1.97
1.67
1.39
1.17
1.02
0.87
0.66
0.32
-0.10
-0.54
-0.91
-1.18
-1.37
-1.55
-1.76
-2.01
-2.26
-2.50
-2.72
-2.97
-3.28
-3.63
-3.92
-3.99
-3.73
-3.07
-2.07
-0.88
0.29
1.26
1.94
2.36
2.63
2.89
3.24
3.72
4.27
4.81
5.28
5.62
5.79
5.78
5.62
5.34
5.03
4.72
4.42
4.07
3.57
2.87
1.97
0.94
-0.16
-1.26
-2.30
-3.21
-3.91
-4.32
-4.45
-4.39
-4.32
-4.47
-4.98
-5.86
-6.96
-7.99
-8.65
-8.69
-8.02
-6.71
-5.00
-3.21
-1.63
-0.47
0.20
0.46
0.50
0.50
0.62
0.93
1.39
1.90
2.31
2.51
2.43
2.12
1.72
1.38
1.21
1.27
1.47
1.69
1.78
1.67
1.38
0.99
0.58
0.16
-0.29
-0.79
-1.35
-1.92
-2.45
-2.92
-3.37
-3.89
-4.49
-5.12
-5.66
-5.93
-5.80
-5.24
-4.32
-3.17
-1.96
-0.86
0.03
0.66
1.07
1.36
1.67
2.09
2.65
3.28
3.82
4.15
4.18
3.93
3.52
3.07
2.72
2.51
2.44
2.40
2.32
2.17
1.95
1.71
1.48
1.26
1.00
0.69
0.32
-0.09
-0.53
-1.01
-1.55
-2.17
-2.88
-3.66
-4.44
-5.12
-5.59
-5.73
-5.48
-4.83
-3.90
-2.82
-1.80
-0.95
-0.30
0.26
0.83
1.47
2.18
2.85
3.38
3.70
3.83
3.81
3.75
3.68
3.62
3.51
3.31
2.98
2.56
2.13
1.79
1.65
1.70
1.85
1.93
1.80
1.37
0.68
-0.10
-0.82
-1.34
-1.63
-1.76
-1.82
-1.92
-2.15
-2.55
-3.15
-3.94
-4.81
-5.63
-6.18
-6.26
-5.73
-4.63
-3.14
-1.54
-0.13
0.91
1.56
1.95
2.28
2.69
3.21
3.76
4.21
4.46
4.50
4.39
4.22
4.06
3.93
3.81
3.66
3.45
3.14
2.75
2.31
1.87
1.48
1.16
0.89
0.62
0.30
-0.10
-0.53
-0.91
-1.19
-1.37
-1.50
-1.71
-2.05
-2.52
-3.05
-3.55
-3.94
-4.25
-4.49
-4.66
-4.73
-4.59
-4.16
-3.42
-2.46
-1.44
-0.49
0.30
0.95
1.52
2.09
2.71
3.33
3.89
4.28
4.49
4.53
4.48
4.42
4.36
4.27
4.07
3.70
3.14
2.45
1.78
1.25
0.99
0.98
1.14
1.28
1.24
0.93
0.38
-0.31
-0.96
-1.44
-1.71
-1.82
-1.87
-1.96
-2.14
-2.43
-2.79
-3.24
-3.76
-4.33
-4.87
-5.22
-5.22
-4.80
-3.98
-2.90
-1.77
-0.77
0.05
0.70
1.27
1.80
2.29
2.69
2.96
3.11
3.18
3.21
3.20
3.14
2.99
2.74
2.44
2.13
1.84
1.57
1.26
0.88
0.42
-0.05
-0.46
-0.77
-0.96
-1.10
-1.24
-1.43
-1.65
-1.85
-2.02
-2.21
-2.52
-3.08
-3.89
-4.79
-5.52
-5.80
-5.46
-4.52
-3.21
-1.83
-0.64
0.25
0.86
1.31
1.69
2.03
2.31
2.53
2.69
2.86
3.06
3.29
3.46
3.50
3.36
3.08
2.76
2.51
2.36
2.30
2.24
2.10
1.85
1.50
1.07
0.60
0.13
-0.35
-0.79
-1.17
-1.48
-1.70
-1.88
-2.10
-2.42
-2.92
-3.58
-4.30
-4.92
-5.25
-5.14
-4.53
-3.49
-2.18
-0.80
0.46
1.47
2.19
2.63
2.84
2.90
2.89
2.86
2.83
2.77
2.68
2.56
2.47
2.46
2.52
2.61
2.61
2.44
2.11
1.72
1.43
1.33
1.42
1.57
1.58
1.31
0.72
-0.09
-0.93
-1.64
-2.13
-2.42
-2.61
-2.81
-3.06
-3.36
-3.70
-4.05
-4.44
-4.85
-5.19
-5.30
-4.99
-4.18
-2.94
-1.49
-0.14
0.91
1.62
2.11
2.57
3.11
3.71
4.22
4.49
4.41
4.06
3.58
3.16
2.91
2.84
2.84
2.76
2.52
2.12
1.66
1.26
1.06
1.05
1.18
1.28
1.23
0.93
0.42
-0.21
-0.81
-1.28
-1.58
-1.76
-1.90
-2.10
-2.38
-2.74
-3.16
-3.61
-4.06
-4.50
-4.87
-5.10
-5.10
-4.79
-4.14
-3.18
-2.04
-0.86
0.21
1.08
1.77
2.37
2.98
3.65
4.34
4.91
5.26
5.31
5.10
4.73
4.32
3.92
3.55
3.18
2.80
2.41
2.05
1.73
1.47
1.29
1.14
0.97
0.70
0.32
-0.18
-0.69
-1.10
-1.32
-1.37
-1.33
-1.38
-1.61
-2.02
-2.47
-2.83
-3.04
-3.15
-3.33
-3.72
-4.34
-5.05
-5.61
-5.77
-5.45
-4.73
-3.80
-2.87
-2.05
-1.33
-0.61
0.15
0.94
1.69
2.30
2.75
3.08
3.38
3.69
3.96
4.07
3.91
3.49
2.96
2.51
2.29
2.31
2.42
2.46
2.32
2.04
1.73
1.48
1.27
0.97
0.44
-0.36
-1.27
-2.05
-2.49
-2.51
-2.22
-1.84
-1.60
-1.65
-2.01
-2.62
-3.37
-4.13
-4.75
-5.12
-5.10
-4.66
-3.84
-2.78
-1.65
-0.62
0.19
0.77
1.18
1.49
1.77
2.02
2.26
2.45
2.57
2.61
2.59
2.53
2.47
2.42
2.37
2.32
2.27
2.23
2.22
2.21
2.14
1.92
1.50
0.89
0.19
-0.47
-0.98
-1.31
-1.52
-1.69
-1.90
-2.21
-2.64
-3.20
-3.90
-4.70
-5.48
-6.05
-6.21
-5.86
-4.99
-3.79
-2.49
-1.31
-0.42
0.20
0.62
0.98
1.38
1.86
2.38
2.86
3.22
3.42
3.45
3.34
3.17
2.98
2.80
2.66
2.54
2.45
2.38
2.32
2.28
2.20
2.04
1.73
1.26
0.67
0.08
-0.38
-0.63
-0.67
-0.59
-0.55
-0.67
-1.06
-1.70
-2.55
-3.49
-4.39
-5.15
-5.70
-5.99
-6.01
-5.77
-5.24
-4.44
-3.40
-2.20
-0.97
0.15
1.07
1.78
2.34
2.79
3.19
3.52
3.77
3.91
3.96
3.94
3.85
3.68
3.40
3.02
2.58
2.15
1.79
1.52
1.28
1.00
0.61
0.13
-0.39
-0.88
-1.28
-1.56
-1.72
-1.73
-1.57
-1.25
-0.83
-0.41
-0.10
0.00
-0.15
-0.57
-1.28
-2.28
-3.51
-4.84
-5.98
-6.65
-6.60
-5.76
-4.30
-2.57
-0.92
0.37
1.24
1.77
2.16
2.58
3.09
3.64
4.11
4.40
4.46
4.33
4.10
3.85
3.61
3.38
3.16
2.93
2.69
2.44
2.20
1.97
1.77
1.58
1.39
1.18
0.91
0.57
0.17
-0.23
-0.57
-0.82
-0.96
-1.05
-1.16
-1.39
-1.81
-2.43
-3.20
-3.99
-4.69
-5.18
-5.37
-5.25
-4.81
-4.06
-3.04
-1.82
-0.55
0.60
1.47
2.00
2.23
2.33
2.46
2.72
3.11
3.51
3.79
3.83
3.64
3.29
2.93
2.68
2.56
2.50
2.40
2.17
1.83
1.47
1.22
1.13
1.19
1.27
1.24
1.05
0.70
0.29
-0.10
-0.45
-0.78
-1.15
-1.61
-2.17
-2.78
-3.39
-3.92
-4.29
-4.46
-4.38
-4.05
-3.48
-2.74
-1.89
-1.05
-0.32
0.22
0.54
0.66
0.68
0.72
0.88
1.17
1.56
1.94
2.23
2.36
2.32
2.14
1.87
1.56
1.27
1.04
0.90
0.88
0.95
1.08
1.19
1.19
0.98
0.53
-0.09
-0.75
-1.26
-1.49
-1.39
-1.07
-0.72
-0.54
-0.66
-1.10
-1.75
-2.44
-2.97
-3.16
-2.89
-2.15
-1.07
0.11
1.09
1.65
1.73
1.51
1.28
1.33
1.80
2.62
3.53
4.26
4.60
4.51
4.05
3.39
2.64
1.87
1.12
0.43
-0.08
-0.34
-0.30
-0.03
0.29
0.45
0.30
-0.18
-0.89
-1.66
-2.37
-2.98
-3.49
-3.94
-4.34
-4.71
-5.10
-5.59
-6.20
-6.91
-7.54
-7.86
-7.62
-6.74
-5.35
-3.72
-2.15
-0.86
0.08
0.74
1.23
1.64
1.94
2.10
2.08
1.93
1.78
1.78
2.02
2.47
2.98
3.39
3.55
3.45
3.18
2.85
2.58
2.39
2.19
1.87
1.35
0.63
-0.22
-1.07
-1.81
-2.40
-2.85
-3.26
-3.70
-4.22
-4.80
-5.31
-5.59
-5.49
-4.92
-3.89
-2.50
-0.93
0.61
1.96
2.99
3.64
3.94
3.95
3.80
3.63
3.56
3.64
3.82
3.99
4.02
3.82
3.42
2.95
2.58
2.44
2.53
2.73
2.89
2.89
2.74
2.49
2.26
2.12
2.07
2.06
2.02
1.89
1.62
1.17
0.48
-0.52
-1.79
-3.26
-4.73
-6.01
-6.90
-7.28
-7.08
-6.30
-4.96
-3.17
-1.06
1.17
3.32
5.18
6.64
7.64
8.18
8.35
8.21
7.84
7.25
6.43
5.38
4.10
2.65
1.15
-0.25
-1.42
-2.25
-2.69
-2.74
-2.47
-1.99
-1.43
-0.97
-0.75
-0.82
-1.18
-1.74
-2.40
-3.04
-3.57
-3.97
-4.21
-4.36
-4.53
-4.84
-5.39
-6.16
-7.03
-7.81
-8.30
-8.38
-8.05
-7.35
-6.37
-5.20
-3.93
-2.70
-1.63
-0.79
-0.14
0.42
1.02
1.74
2.57
3.44
4.29
5.12
5.98
6.87
7.77
8.54
9.03
9.13
8.84
8.20
7.33
6.31
5.20
4.02
2.81
1.61
0.50
-0.48
-1.30
-1.96
-2.51
-3.04
-3.55
-4.02
-4.33
-4.33
-3.92
-3.06
-1.86
-0.51
0.77
1.79
2.48
2.88
3.11
3.26
3.38
3.41
3.24
2.77
1.98
0.98
-0.04
-0.86
-1.34
-1.49
-1.40
-1.23
-1.10
-1.01
-0.93
-0.81
-0.64
-0.49
-0.48
-0.65
-0.99
-1.43
-1.86
-2.25
-2.61
-2.98
-3.37
-3.67
-3.73
-3.35
-2.45
-1.11
0.44
1.91
3.07
3.81
4.22
4.47
4.77
5.22
5.75
6.17
6.25
5.82
4.90
3.66
2.32
1.07
0.02
-0.87
-1.66
-2.37
-2.99
-3.46
-3.76
-3.91
-3.97
-4.03
-4.16
-4.40
-4.77
-5.23
-5.76
-6.30
-6.80
-7.21
-7.49
-7.60
-7.52
-7.20
-6.62
-5.79
-4.76
-3.63
-2.48
-1.36
-0.30
0.74
1.74
2.67
3.46
4.01
4.23
4.10
3.64
2.94
2.12
1.27
0.46
-0.24
-0.73
-0.95
-0.88
-0.56
-0.14
0.17
0.23
-0.01
-0.50
-1.07
-1.59
-1.97
-2.20
-2.29
-2.23
-1.98
-1.50
-0.81
0.00
0.80
1.49
2.04
2.50
2.95
3.44
3.92
4.30
4.46
4.31
3.90
3.33
2.75
2.26
1.84
1.42
0.86
0.10
-0.81
-1.74
-2.54
-3.10
-3.43
-3.63
-3.85
-4.18
-4.62
-5.11
-5.61
-6.09
-6.56
-6.98
-7.25
-7.23
-6.76
-5.84
-4.58
-3.20
-1.97
-1.01
-0.34
0.16
0.64
1.20
1.89
2.66
3.45
4.18
4.80
5.29
5.64
5.84
5.93
5.97
6.02
6.11
6.25
6.36
6.33
6.08
5.58
4.88
4.12
3.41
2.81
2.29
1.74
1.07
0.29
-0.50
-1.13
-1.42
-1.24
-0.60
0.45
1.79
3.29
4.86
6.45
7.99
9.43
10.64
11.53
11.98
11.92
11.35
10.38
9.17
7.90
6.75
5.78
4.99
4.28
3.54
2.67
1.67
0.63
-0.38
-1.27
-2.08
-2.92
-3.92
-5.16
-6.60
-8.09
-9.48
-10.66
-11.63
-12.52
-13.41
-14.31
-15.05
-15.36
-15.02
-13.97
-12.38
-10.55
-8.80
-7.32
-6.13
-5.13
-4.21
-3.32
-2.49
-1.75
-1.09
-0.42
0.31
1.09
1.78
2.18
2.17
1.79
1.21
0.72
0.51
0.66
1.09
1.60
2.03
2.28
2.31
2.16
1.88
1.55
1.23
1.04
1.07
1.40
2.07
3.00
4.01
4.87
5.38
5.37
4.83
3.88
2.76
1.77
1.16
1.04
1.39
2.04
2.76
3.37
3.77
3.97
4.02
3.98
3.86
3.67
3.45
3.22
3.08
3.05
3.10
3.14
3.07
2.84
2.46
2.01
1.54
1.09
0.63
0.11
-0.49
-1.19
-1.94
-2.70
-3.41
-3.99
-4.38
-4.54
-4.46
-4.25
-4.04
-4.00
-4.22
-4.66
-5.19
-5.58
-5.63
-5.21
-4.35
-3.18
-1.91
-0.75
0.17
0.83
1.31
1.72
2.13
2.52
2.81
2.93
2.88
2.71
2.53
2.40
2.36
2.37
2.42
2.46
2.48
2.42
2.23
1.87
1.34
0.76
0.23
-0.17
-0.47
-0.75
-1.10
-1.55
-2.04
-2.49
-2.88
-3.28
-3.77
-4.39
-4.97
-5.27
-5.06
-4.27
-3.06
-1.70
-0.53
0.30
0.78
1.10
1.42
1.84
2.32
2.76
3.01
3.01
2.82
2.52
2.23
2.00
1.81
1.59
1.31
0.98
0.68
0.48
0.40
0.39
0.36
0.21
-0.06
-0.44
-0.92
-1.51
-2.27
-3.21
-4.24
-5.16
-5.73
-5.78
-5.24
-4.22
-2.91
-1.56
-0.38
0.50
1.06
1.35
1.48
1.56
1.69
1.91
2.24
2.61
2.95
3.14
3.13
2.90
2.49
2.00
1.52
1.10
0.76
0.49
0.27
0.09
-0.06
-0.21
-0.43
-0.76
-1.23
-1.78
-2.34
-2.85
-3.27
-3.61
-3.87
-4.00
-3.91
-3.55
-2.91
-2.07
-1.13
-0.20
0.67
1.43
2.09
2.62
3.01
3.28
3.47
3.63
3.76
3.79
3.62
3.19
2.54
1.81
1.19
0.82
0.74
0.86
1.04
1.16
1.16
1.04
0.82
0.52
0.13
-0.38
-0.97
-1.55
-2.04
-2.40
-2.68
-3.00
-3.46
-4.07
-4.72
-5.21
-5.31
-4.91
-4.06
-2.92
-1.69
-0.55
0.42
1.23
1.93
2.57
3.19
3.81
4.41
4.94
5.32
5.46
5.31
4.90
4.31
3.68
3.13
2.69
2.37
2.12
1.93
1.77
1.64
1.52
1.35
1.08
0.69
0.19
-0.36
-0.93
-1.48
-1.97
-2.35
-2.59
-2.72
-2.79
-2.91
-3.18
-3.68
-4.38
-5.17
-5.88
-6.32
-6.33
-5.89
-5.06
-3.97
-2.82
-1.72
-0.75
0.10
0.87
1.60
2.24
2.75
3.07
3.21
3.24
3.24
3.28
3.39
3.53
3.67
3.73
3.68
3.52
3.27
2.96
2.66
2.37
2.09
1.78
1.38
0.83
0.14
-0.59
-1.24
-1.70
-1.90
-1.90
-1.84
-1.87
-2.11
-2.60
-3.27
-4.02
-4.69
-5.19
-5.44
-5.43
-5.16
-4.65
-3.95
-3.11
-2.19
-1.25
-0.34
0.52
1.30
1.98
2.52
2.90
3.07
3.02
2.78
2.41
2.05
1.83
1.81
2.00
2.28
2.52
2.65
2.64
2.55
2.45
2.36
2.23
2.01
1.61
1.05
0.38
-0.31
-0.94
-1.46
-1.84
-2.11
-2.31
-2.51
-2.78
-3.16
-3.68
-4.25
-4.76
-5.04
-4.93
-4.38
-3.42
-2.21
-0.96
0.14
0.98
1.57
1.97
2.28
2.59
2.89
3.12
3.21
3.12
2.86
2.45
2.00
1.57
1.26
1.14
1.21
1.42
1.66
1.82
1.80
1.55
1.09
0.49
-0.19
-0.85
-1.45
-1.96
-2.36
-2.67
-2.93
-3.23
-3.66
-4.25
-4.95
-5.60
-6.02
-6.00
-5.46
-4.40
-2.99
-1.45
-0.01
1.18
2.07
2.67
3.06
3.29
3.36
3.29
3.11
2.91
2.81
2.86
3.04
3.24
3.30
3.16
2.82
2.38
1.94
1.57
1.24
0.87
0.44
-0.05
-0.50
-0.81
-0.93
-0.87
-0.78
-0.76
-0.94
-1.36
-2.02
-2.86
-3.83
-4.80
-5.63
-6.13
-6.13
-5.56
-4.52
-3.18
-1.80
-0.55
0.50
1.34
2.01
2.54
2.90
3.12
3.20
3.22
3.26
3.35
3.49
3.64
3.73
3.71
3.57
3.33
3.02
2.71
2.43
2.20
1.99
1.79
1.57
1.28
0.92
0.46
-0.08
-0.66
-1.22
-1.70
-2.09
-2.43
-2.77
-3.17
-3.62
-4.09
-4.54
-4.95
-5.33
-5.65
-5.84
-5.74
-5.25
-4.33
-3.10
-1.75
-0.51
0.53
1.35
2.04
2.67
3.25
3.73
4.05
4.16
4.12
4.01
3.92
3.91
3.99
4.12
4.20
4.14
3.84
3.28
2.55
1.80
1.23
0.93
0.90
0.98
1.00
0.83
0.46
0.00
-0.43
-0.77
-1.04
-1.34
-1.73
-2.23
-2.80
-3.39
-3.98
-4.56
-5.13
-5.59
-5.83
-5.72
-5.19
-4.31
-3.19
-2.01
-0.92
-0.01
0.74
1.35
1.88
2.39
2.88
3.34
3.70
3.88
3.87
3.72
3.53
3.41
3.42
3.49
3.53
3.45
3.22
2.92
2.62
2.36
2.09
1.73
1.21
0.55
-0.14
-0.72
-1.10
-1.29
-1.37
-1.47
-1.66
-1.96
-2.37
-2.87
-3.46
-4.15
-4.89
-5.56
-6.00
-6.01
-5.50
-4.48
-3.11
-1.63
-0.29
0.77
1.50
1.98
2.32
2.64
2.97
3.28
3.51
3.60
3.53
3.32
3.02
2.65
2.21
1.73
1.24
0.83
0.58
0.54
0.68
0.87
0.94
0.78
0.38
-0.15
-0.63
-0.96
-1.08
-1.10
-1.18
-1.48
-2.11
-3.06
-4.19
-5.29
-6.10
-6.41
-6.09
-5.21
-3.93
-2.49
-1.13
-0.00
0.86
1.49
1.99
2.45
2.88
3.28
3.59
3.75
3.74
3.60
3.39
3.19
3.05
2.96
2.89
2.80
2.66
2.49
2.30
2.11
1.86
1.49
0.97
0.31
-0.38
-1.00
-1.47
-1.78
-1.98
-2.18
-2.47
-2.90
-3.47
-4.11
-4.71
-5.16
-5.34
-5.17
-4.65
-3.80
-2.74
-1.57
-0.46
0.50
1.22
1.70
2.04
2.35
2.74
3.24
3.78
4.21
4.38
4.25
3.92
3.60
3.46
3.54
3.72
3.82
3.65
3.18
2.52
1.88
1.42
1.21
1.17
1.17
1.09
0.85
0.47
0.02
-0.45
-0.89
-1.27
-1.63
-1.98
-2.38
-2.88
-3.50
-4.24
-5.03
-5.74
-6.26
-6.46
-6.25
-5.60
-4.56
-3.25
-1.86
-0.60
0.40
1.07
1.50
1.83
2.22
2.76
3.40
3.98
4.34
4.36
4.05
3.53
2.98
2.54
2.32
2.30
2.41
2.55
2.64
2.67
2.66
2.62
2.51
2.23
1.68
0.85
-0.14
-1.09
-1.77
-2.04
-1.95
-1.69
-1.50
-1.57
-1.96
-2.62
-3.45
-4.32
-5.15
-5.80
-6.15
-6.06
-5.47
-4.43
-3.13
-1.81
-0.68
0.16
0.75
1.20
1.61
2.02
2.42
2.76
3.02
3.20
3.31
3.36
3.35
3.24
3.02
2.68
2.28
1.90
1.60
1.38
1.21
1.04
0.84
0.64
0.45
0.31
0.18
0.02
-0.24
-0.65
-1.22
-1.92
-2.72
-3.57
-4.43
-5.19
-5.76
-6.03
-5.92
-5.46
-4.70
-3.72
-2.63
-1.51
-0.43
0.55
1.41
2.15
2.76
3.25
3.60
3.80
3.85
3.80
3.68
3.57
3.50
3.42
3.29
3.05
2.71
2.33
2.01
1.80
1.70
1.63
1.48
1.19
0.74
0.16
-0.49
-1.12
-1.70
-2.19
-2.59
-2.94
-3.30
-3.75
-4.34
-5.07
-5.79
-6.33
-6.48
-6.12
-5.29
-4.14
-2.87
-1.65
-0.55
0.44
1.35
2.20
2.93
3.47
3.77
3.83
3.74
3.62
3.58
3.66
3.83
4.01
4.09
4.01
3.77
3.42
3.06
2.78
2.60
2.48
2.32
2.03
1.56
0.96
0.34
-0.23
-0.72
-1.14
-1.52
-1.86
-2.14
-2.34
-2.51
-2.74
-3.14
-3.78
-4.60
-5.42
-6.01
-6.18
-5.89
-5.20
-4.25
-3.17
-2.07
-1.01
-0.02
0.87
1.61
2.19
2.63
2.98
3.31
3.64
3.95
4.16
4.22
4.12
3.88
3.54
3.12
2.65
2.18
1.77
1.55
1.57
1.81
2.11
2.24
2.02
1.39
0.47
-0.53
-1.40
-2.05
-2.46
-2.71
-2.85
-2.96
-3.05
-3.17
-3.41
-3.83
-4.43
-5.10
-5.62
-5.78
-5.43
-4.58
-3.36
-2.01
-0.74
0.32
1.15
1.81
2.36
2.85
3.24
3.49
3.56
3.45
3.22
2.97
2.77
2.66
2.62
2.57
2.42
2.14
1.76
1.34
0.96
0.63
0.35
0.05
-0.33
-0.78
-1.23
-1.60
-1.81
-1.89
-1.92
-2.11
-2.61
-3.46
-4.54
-5.56
-6.16
-6.07
-5.24
-3.84
-2.22
-0.72
0.40
1.08
1.42
1.58
1.74
2.02
2.44
2.98
3.53
3.97
4.18
4.09
3.74
3.23
2.72
2.31
2.04
1.90
1.83
1.77
1.67
1.48
1.18
0.77
0.27
-0.24
-0.71
-1.10
-1.44
-1.82
-2.28
-2.86
-3.51
-4.18
-4.79
-5.27
-5.57
-5.61
-5.33
-4.66
-3.63
-2.38
-1.08
0.05
0.92
1.54
2.04
2.57
3.21
3.92
4.53
4.87
4.86
4.53
4.03
3.54
3.18
2.97
2.85
2.75
2.61
2.40
2.14
1.86
1.55
1.22
0.86
0.44
-0.04
-0.53
-0.93
-1.15
-1.14
-0.96
-0.80
-0.86
-1.25
-1.97
-2.93
-3.96
-4.94
-5.78
-6.39
-6.69
-6.53
-5.84
-4.65
-3.15
-1.60
-0.23
0.82
1.58
2.15
2.68
3.24
3.79
4.27
4.57
4.68
4.60
4.40
4.15
3.89
3.58
3.22
2.81
2.40
2.07
1.86
1.76
1.69
1.57
1.31
0.90
0.37
-0.22
-0.79
-1.27
-1.61
-1.78
-1.77
-1.64
-1.48
-1.39
-1.51
-1.90
-2.61
-3.61
-4.77
-5.86
-6.60
-6.77
-6.27
-5.23
-3.87
-2.48
-1.26
-0.26
0.56
1.29
1.98
2.60
3.10
3.44
3.60
3.61
3.52
3.38
3.26
3.19
3.17
3.19
3.18
3.08
2.89
2.61
2.30
2.00
1.70
1.37
0.95
0.42
-0.19
-0.79
-1.27
-1.58
-1.72
-1.76
-1.83
-2.04
-2.45
-3.03
-3.72
-4.41
-4.97
-5.27
-5.20
-4.72
-3.86
-2.75
-1.56
-0.44
0.50
1.25
1.85
2.35
2.74
3.01
3.10
3.02
2.83
2.61
2.42
2.30
2.23
2.20
2.18
2.18
2.17
2.14
2.02
1.79
1.43
0.98
0.49
0.02
-0.39
-0.76
-1.10
-1.45
-1.86
-2.38
-3.03
-3.83
-4.70
-5.52
-6.09
-6.25
-5.88
-4.98
-3.70
-2.25
-0.88
0.24
1.01
1.49
1.78
2.04
2.39
2.85
3.37
3.87
4.23
4.35
4.17
3.72
3.10
2.44
1.85
1.44
1.21
1.12
1.11
1.08
0.96
0.69
0.26
-0.29
-0.91
-1.54
-2.12
-2.61
-3.04
-3.44
-3.90
-4.42
-4.97
-5.44
-5.71
-5.66
-5.25
-4.53
-3.58
-2.57
-1.59
-0.69
0.12
0.89
1.63
2.29
2.83
3.16
3.26
3.13
2.82
2.38
1.88
1.38
0.96
0.68
0.53
0.43
0.26
-0.04
-0.47
-0.88
-1.11
-1.09
-0.86
-0.59
-0.42
-0.40
-0.48
-0.51
-0.41
-0.23
-0.07
-0.11
-0.45
-1.06
-1.81
-2.50
-2.91
-2.86
-2.33
-1.43
-0.40
0.54
1.21
1.64
1.93
2.28
2.78
3.44
4.13
4.73
5.15
5.35
5.39
5.30
5.15
4.92
4.61
4.19
3.69
3.18
2.73
2.42
2.26
2.19
2.13
1.99
1.74
1.38
0.92
0.39
-0.17
-0.72
-1.21
-1.55
-1.69
-1.62
-1.42
-1.25
-1.28
-1.65
-2.36
-3.27
-4.14
-4.65
-4.60
-3.97
-2.90
-1.65
-0.52
0.33
0.86
1.19
1.46
1.80
2.24
2.72
3.14
3.40
3.47
3.39
3.23
3.09
2.98
2.84
2.58
2.11
1.44
0.68
-0.00
-0.51
-0.81
-1.00
-1.17
-1.43
-1.76
-2.13
-2.47
-2.80
-3.17
-3.63
-4.20
-4.79
-5.27
-5.53
-5.51
-5.24
-4.78
-4.19
-3.54
-2.87
-2.23
-1.66
-1.17
-0.68
-0.10
0.64
1.54
2.50
3.32
3.80
3.83
3.45
2.81
2.15
1.66
1.47
1.53
1.74
1.90
1.87
1.60
1.13
0.54
-0.07
-0.62
-1.09
-1.50
-1.90
-2.33
-2.85
-3.47
-4.14
-4.77
-5.18
-5.20
-4.74
-3.85
-2.68
-1.47
-0.44
0.32
0.84
1.22
1.59
2.05
2.60
3.16
3.63
3.92
3.98
3.89
3.71
3.54
3.39
3.23
3.00
2.68
2.32
2.00
1.77
1.60
1.42
1.14
0.74
0.28
-0.12
-0.40
-0.59
-0.79
-1.11
-1.58
-2.16
-2.74
-3.24
-3.67
-4.11
-4.64
-5.23
-5.71
-5.88
-5.54
-4.68
-3.45
-2.09
-0.87
0.08
0.76
1.28
1.76
2.29
2.86
3.40
3.83
4.08
4.14
4.04
3.86
3.71
3.62
3.58
3.52
3.37
3.10
2.78
2.48
2.29
2.22
2.21
2.16
1.97
1.56
0.94
0.16
-0.68
-1.45
-2.02
-2.32
-2.36
-2.29
-2.26
-2.42
-2.81
-3.36
-3.94
-4.47
-4.89
-5.20
-5.40
-5.41
-5.16
-4.58
-3.67
-2.58
-1.49
-0.57
0.12
0.62
1.07
1.59
2.22
2.93
3.59
4.08
4.32
4.29
4.03
3.63
3.22
2.87
2.64
2.48
2.33
2.17
1.99
1.82
1.68
1.56
1.38
1.09
0.67
0.17
-0.31
-0.70
-0.97
-1.16
-1.35
-1.58
-1.91
-2.32
-2.83
-3.40
-4.01
-4.59
-5.05
-5.31
-5.30
-5.00
-4.42
-3.63
-2.70
-1.72
-0.78
0.06
0.77
1.36
1.84
2.24
2.57
2.83
3.03
3.14
3.18
3.12
2.98
2.79
2.59
2.44
2.40
2.47
2.59
2.66
2.55
2.16
1.50
0.68
-0.16
-0.89
-1.47
-1.93
-2.32
-2.67
-2.96
-3.18
-3.34
-3.51
-3.78
-4.17
-4.61
-4.91
-4.89
-4.43
-3.58
-2.48
-1.36
-0.38
0.38
0.95
1.40
1.81
2.23
2.64
2.96
3.13
3.11
2.97
2.81
2.75
2.85
3.07
3.30
3.40
3.27
2.85
2.16
1.27
0.27
-0.73
-1.62
-2.28
-2.70
-2.90
-3.02
-3.18
-3.50
-3.98
-4.55
-5.07
-5.39
-5.40
-5.03
-4.34
-3.38
-2.33
-1.32
-0.47
0.19
0.72
1.20
1.71
2.25
2.78
3.23
3.55
3.75
3.85
3.86
3.76
3.54
3.18
2.75
2.39
2.18
2.14
2.23
2.30
2.23
1.96
1.48
0.84
0.11
-0.62
-1.24
-1.70
-1.96
-2.10
-2.25
-2.55
-3.09
-3.82
-4.59
-5.19
-5.44
-5.26
-4.67
-3.77
-2.68
-1.53
-0.40
0.62
1.47
2.12
2.58
2.87
3.05
3.17
3.29
3.45
3.64
3.83
3.94
3.91
3.75
3.50
3.21
2.93
2.63
2.29
1.89
1.49
1.15
0.90
0.69
0.40
-0.07
-0.73
-1.44
-1.99
-2.22
-2.14
-1.92
-1.83
-2.12
-2.86
-3.93
-5.08
-5.98
-6.39
-6.23
-5.55
-4.51
-3.27
-1.99
-0.77
0.29
1.15
1.77
2.18
2.45
2.69
2.99
3.38
3.80
4.19
4.45
4.54
4.42
4.10
3.60
3.01
2.44
2.00
1.79
1.78
1.87
1.91
1.78
1.40
0.81
0.11
-0.58
-1.15
-1.54
-1.73
-1.81
-1.87
-2.04
-2.39
-2.94
-3.62
-4.31
-4.90
-5.27
-5.34
-5.06
-4.40
-3.42
-2.24
-1.04
0.01
0.80
1.34
1.72
2.05
2.39
2.72
3.01
3.19
3.23
3.15
2.97
2.69
2.34
1.94
1.55
1.25
1.09
1.04
1.02
0.93
0.71
0.38
-0.02
-0.41
-0.75
-1.07
-1.41
-1.83
-2.37
-3.01
-3.69
-4.34
-4.87
-5.19
-5.23
-4.96
-4.36
-3.50
-2.45
-1.33
-0.26
0.68
1.47
2.14
2.75
3.32
3.86
4.26
4.42
4.26
3.83
3.24
2.69
2.30
2.10
2.01
1.89
1.66
1.28
0.84
0.45
0.17
-0.01
-0.14
-0.34
-0.68
-1.16
-1.73
-2.33
-2.91
-3.44
-3.94
-4.39
-4.77
-5.00
-4.99
-4.67
-4.04
-3.17
-2.23
-1.36
-0.65
-0.06
0.51
1.17
1.97
2.90
3.81
4.57
5.06
5.24
5.14
4.82
4.38
3.88
3.39
2.92
2.47
2.05
1.66
1.35
1.15
1.07
1.04
0.99
0.80
0.42
-0.11
-0.70
-1.22
-1.58
-1.78
-1.93
-2.16
-2.61
-3.32
-4.23
-5.15
-5.84
-6.11
-5.86
-5.13
-4.12
-3.01
-1.95
-0.97
-0.05
0.87
1.80
2.69
3.45
4.03
4.44
4.67
4.76
4.73
4.57
4.32
4.02
3.73
3.47
3.25
2.98
2.63
2.18
1.69
1.26
1.00
0.94
1.01
1.10
1.08
0.89
0.52
0.04
-0.49
-1.00
-1.46
-1.83
-2.11
-2.33
-2.58
-2.97
-3.59
-4.44
-5.41
-6.24
-6.64
-6.39
-5.46
-4.00
-2.31
-0.73
0.52
1.34
1.78
2.01
2.18
2.41
2.73
3.06
3.32
3.43
3.39
3.27
3.17
3.15
3.18
3.19
3.07
2.78
2.34
1.83
1.37
1.03
0.79
0.63
0.46
0.25
-0.02
-0.37
-0.78
-1.25
-1.76
-2.27
-2.70
-3.02
-3.22
-3.37
-3.56
-3.87
-4.31
-4.83
-5.29
-5.59
-5.64
-5.42
-4.93
-4.19
-3.19
-1.94
-0.53
0.93
2.30
3.45
4.33
4.94
5.29
5.44
5.38
5.14
4.76
4.32
3.90
3.55
3.27
3.02
2.74
2.44
2.13
1.85
1.59
1.27
0.81
0.18
-0.57
-1.30
-1.82
-2.02
-1.91
-1.67
-1.53
-1.67
-2.19
-2.99
-3.90
-4.71
-5.24
-5.44
-5.29
-4.83
-4.12
-3.24
-2.29
-1.38
-0.60
0.01
0.50
0.95
1.43
1.98
2.51
2.92
3.12
3.08
2.84
2.48
2.09
1.70
1.34
1.03
0.81
0.71
0.72
0.78
0.78
0.64
0.35
-0.07
-0.49
-0.88
-1.20
-1.51
-1.86
-2.29
-2.79
-3.32
-3.84
-4.32
-4.69
-4.87
-4.75
-4.23
-3.31
-2.10
-0.79
0.42
1.36
2.00
2.39
2.66
2.90
3.15
3.40
3.59
3.67
3.58
3.34
2.97
2.57
2.22
2.01
1.96
2.05
2.18
2.26
2.22
2.00
1.58
0.98
0.25
-0.57
-1.35
-2.00
-2.46
-2.75
-2.95
-3.24
-3.72
-4.38
-5.08
-5.59
-5.69
-5.27
-4.37
-3.16
-1.86
-0.68
0.25
0.92
1.40
1.81
2.26
2.81
3.43
4.00
4.42
4.58
4.46
4.09
3.60
3.08
2.64
2.29
2.06
1.94
1.90
1.92
1.93
1.82
1.53
1.01
0.32
-0.42
-1.03
-1.38
-1.44
-1.34
-1.26
-1.43
-1.95
-2.82
-3.87
-4.86
-5.55
-5.79
-5.52
-4.81
-3.82
-2.75
-1.74
-0.91
-0.24
0.34
0.94
1.60
2.36
3.13
3.79
4.22
4.32
4.08
3.57
2.94
2.35
1.94
1.75
1.76
1.86
1.93
1.87
1.67
1.34
0.94
0.52
0.11
-0.29
-0.67
-1.05
-1.43
-1.78
-2.12
-2.49
-2.94
-3.46
-4.02
-4.47
-4.66
-4.46
-3.86
-2.99
-2.00
-1.07
-0.29
0.36
0.94
1.51
2.07
2.60
3.07
3.44
3.73
3.94
4.08
4.13
4.05
3.80
3.41
2.94
2.47
2.10
1.85
1.73
1.66
1.57
1.39
1.09
0.65
0.09
-0.57
-1.27
-1.93
-2.48
-2.87
-3.14
-3.39
-3.75
-4.28
-4.91
-5.48
-5.74
-5.51
-4.75
-3.63
-2.38
-1.30
-0.55
-0.12
0.14
0.42
0.87
1.53
2.33
3.11
3.74
4.15
4.32
4.28
4.10
3.84
3.57
3.33
3.13
2.95
2.78
2.56
2.25
1.86
1.41
0.96
0.56
0.22
-0.05
-0.28
-0.48
-0.66
-0.83
-1.02
-1.28
-1.65
-2.17
-2.79
-3.43
-4.05
-4.58
-5.04
-5.40
-5.61
-5.56
-5.16
-4.38
-3.31
-2.14
-1.03
-0.12
0.61
1.22
1.79
2.36
2.90
3.34
3.61
3.70
3.63
3.49
3.35
3.24
3.16
3.04
2.87
2.65
2.48
2.42
2.50
2.64
2.72
2.58
2.18
1.57
0.89
0.26
-0.26
-0.72
-1.18
-1.68
-2.22
-2.73
-3.16
-3.54
-3.98
-4.55
-5.26
-5.97
-6.47
-6.57
-6.16
-5.30
-4.17
-2.96
-1.84
-0.87
-0.06
0.62
1.22
1.75
2.23
2.64
2.99
3.25
3.40
3.44
3.36
3.18
2.91
2.60
2.29
2.02
1.83
1.72
1.64
1.54
1.35
1.05
0.66
0.24
-0.17
-0.55
-0.94
-1.36
-1.81
-2.25
-2.63
-2.95
-3.25
-3.63
-4.11
-4.63
-5.01
-5.08
-4.68
-3.83
-2.69
-1.48
-0.42
0.38
0.97
1.45
1.93
2.40
2.81
3.04
3.03
2.83
2.56
2.41
2.49
2.76
3.04
3.12
2.86
2.27
1.51
0.78
0.22
-0.15
-0.40
-0.64
-0.94
-1.27
-1.61
-1.93
-2.30
-2.83
-3.57
-4.51
-5.49
-6.30
-6.73
-6.62
-5.96
-4.86
-3.49
-2.08
-0.77
0.33
1.22
1.95
2.60
3.20
3.75
4.21
4.53
4.67
4.61
4.36
3.93
3.38
2.75
2.15
1.67
1.37
1.27
1.29
1.30
1.16
0.78
0.17
-0.57
-1.30
-1.91
-2.36
-2.69
-3.03
-3.44
-3.98
-4.60
-5.19
-5.64
-5.83
-5.72
-5.30
-4.62
-3.75
-2.75
-1.68
-0.60
0.43
1.37
2.17
2.82
3.32
3.70
3.98
4.16
4.24
4.20
4.06
3.86
3.68
3.56
3.53
3.52
3.47
3.31
3.00
2.59
2.16
1.82
1.60
1.52
1.50
1.43
1.25
0.95
0.61
0.31
0.13
0.02
-0.13
-0.48
-1.17
-2.21
-3.49
-4.75
-5.74
-6.23
-6.17
-5.62
-4.75
-3.69
-2.56
-1.43
-0.33
0.69
1.55
2.17
2.54
2.73
2.88
3.10
3.41
3.74
3.93
3.90
3.63
3.23
2.86
2.62
2.54
2.53
2.50
2.39
2.24
2.08
1.96
1.84
1.63
1.27
0.75
0.15
-0.41
-0.83
-1.07
-1.19
-1.31
-1.55
-1.96
-2.57
-3.30
-4.10
-4.86
-5.49
-5.86
-5.86
-5.42
-4.59
-3.52
-2.40
-1.40
-0.61
0.01
0.52
1.02
1.53
2.03
2.45
2.75
2.90
2.90
2.77
2.58
2.37
2.20
2.10
2.04
1.96
1.79
1.49
1.07
0.59
0.14
-0.22
-0.48
-0.62
-0.68
-0.66
-0.61
-0.60
-0.72
-1.08
-1.69
-2.46
-3.19
-3.60
-3.51
-2.84
-1.70
-0.28
1.17
2.48
3.51
4.20
4.52
4.49
4.18
3.71
3.19
2.71
2.26
1.77
1.19
0.56
-0.05
-0.55
-0.88
-1.08
-1.24
-1.41
-1.61
-1.75
-1.76
-1.59
-1.32
-1.06
-0.96
-1.08
-1.44
-1.96
-2.61
-3.33
-4.11
-4.90
-5.60
-6.07
-6.13
-5.73
-4.91
-3.87
-2.81
-1.90
-1.17
-0.57
-0.00
0.62
1.29
1.97
2.61
3.15
3.58
3.90
4.09
4.16
4.11
3.96
3.70
3.36
2.96
2.57
2.31
2.26
2.44
2.77
3.08
3.15
2.88
2.26
1.39
0.47
-0.36
-1.02
-1.52
-1.95
-2.37
-2.84
-3.33
-3.79
-4.19
-4.50
-4.71
-4.79
-4.64
-4.17
-3.35
-2.27
-1.10
-0.08
0.64
1.08
1.40
1.78
2.34
3.05
3.77
4.32
4.62
4.64
4.45
4.17
3.89
3.67
3.54
3.48
3.41
3.28
3.04
2.71
2.36
2.05
1.80
1.59
1.36
1.08
0.71
0.28
-0.18
-0.61
-1.01
-1.40
-1.80
-2.27
-2.83
-3.44
-4.06
-4.63
-5.11
-5.49
-5.80
-6.01
-6.05
-5.82
-5.25
-4.35
-3.21
-1.99
-0.88
0.03
0.70
1.18
1.54
1.86
2.17
2.49
2.77
3.01
3.18
3.24
3.19
3.03
2.77
2.43
2.05
1.69
1.37
1.12
0.92
0.74
0.57
0.37
0.11
-0.25
-0.70
-1.25
-1.81
-2.28
-2.63
-2.83
-2.98
-3.17
-3.48
-3.91
-4.40
-4.83
-5.07
-4.97
-4.47
-3.55
-2.32
-0.94
0.36
1.43
2.16
2.61
2.87
3.09
3.35
3.67
4.01
4.29
4.45
4.44
4.26
3.97
3.66
3.38
3.21
3.14
3.11
3.02
2.80
2.45
2.00
1.53
1.10
0.70
0.31
-0.12
-0.62
-1.19
-1.83
-2.54
-3.35
-4.22
-5.07
-5.70
-5.94
-5.67
-4.89
-3.74
-2.42
-1.11
0.11
1.17
2.06
2.79
3.34
3.73
3.99
4.20
4.37
4.51
4.59
4.56
4.36
3.98
3.47
2.91
2.45
2.20
2.19
2.34
2.45
2.32
1.81
0.94
-0.13
-1.18
-2.01
-2.58
-2.93
-3.21
-3.55
-4.05
-4.73
-5.54
-6.35
-7.01
-7.37
-7.31
-6.84
-6.00
-4.95
-3.83
-2.77
-1.85
-1.13
-0.59
-0.16
0.30
0.89
1.65
2.50
3.28
3.79
3.91
3.67
3.22
2.77
2.47
2.38
2.44
2.54
2.55
2.41
2.12
1.72
1.26
0.79
0.34
-0.05
-0.37
-0.59
-0.71
-0.78
-0.88
-1.11
-1.53
-2.18
-3.02
-3.95
-4.84
-5.57
-6.03
-6.19
-6.06
-5.70
-5.17
-4.53
-3.78
-2.95
-2.03
-1.04
-0.03
0.98
1.96
2.90
3.73
4.37
4.73
4.79
4.58
4.22
3.82
3.48
3.20
2.93
2.65
2.35
2.11
2.01
2.09
2.28
2.45
2.46
2.25
1.85
1.34
0.83
0.36
-0.08
-0.52
-0.98
-1.43
-1.83
-2.11
-2.33
-2.56
-2.93
-3.54
-4.38
-5.32
-6.12
-6.57
-6.49
-5.89
-4.90
-3.75
-2.65
-1.71
-0.93
-0.20
0.58
1.43
2.30
3.06
3.60
3.89
3.96
3.90
3.78
3.66
3.54
3.43
3.33
3.21
3.05
2.80
2.45
2.00
1.51
1.07
0.70
0.38
0.03
-0.42
-1.02
-1.69
-2.30
-2.75
-2.99
-3.11
-3.24
-3.55
-4.09
-4.81
-5.50
-5.94
-5.92
-5.41
-4.45
-3.25
-1.97
-0.76
0.29
1.18
1.88
2.39
2.71
2.90
3.04
3.22
3.48
3.80
4.08
4.20
4.09
3.74
3.22
2.64
2.08
1.60
1.24
1.00
0.88
0.84
0.81
0.70
0.43
-0.03
-0.67
-1.41
-2.13
-2.77
-3.30
-3.77
-4.24
-4.79
-5.43
-6.05
-6.49
-6.54
-6.05
-5.03
-3.66
-2.22
-0.98
-0.08
0.51
0.99
1.56
2.32
3.20
4.03
4.60
4.83
4.76
4.53
4.32
4.21
4.18
4.16
4.05
3.80
3.43
2.99
2.56
2.21
1.95
1.74
1.56
1.33
1.04
0.67
0.24
-0.23
-0.74
-1.26
-1.77
-2.26
-2.69
-3.09
-3.51
-4.01
-4.66
-5.44
-6.21
-6.79
-6.93
-6.49
-5.45
-3.90
-2.10
-0.33
1.14
2.14
2.64
2.79
2.79
2.85
3.09
3.48
3.90
4.20
4.32
4.26
4.10
3.93
3.78
3.64
3.49
3.29
3.09
2.92
2.81
2.73
2.59
2.31
1.83
1.18
0.46
-0.24
-0.85
-1.36
-1.77
-2.09
-2.32
-2.46
-2.54
-2.67
-2.97
-3.52
-4.32
-5.24
-6.07
-6.59
-6.63
-6.15
-5.20
-3.89
-2.40
-0.92
0.41
1.48
2.28
2.82
3.16
3.34
3.42
3.41
3.37
3.37
3.46
3.65
3.89
4.09
4.14
3.99
3.64
3.15
2.62
2.17
1.87
1.73
1.65
1.50
1.12
0.47
-0.37
-1.19
-1.76
-1.94
-1.78
-1.48
-1.32
-1.51
-2.13
-3.08
-4.18
-5.20
-5.95
-6.31
-6.21
-5.63
-4.63
-3.35
-1.96
-0.66
0.40
1.13
1.55
1.75
1.88
2.06
2.36
2.78
3.23
3.57
3.71
3.62
3.36
3.05
2.78
2.61
2.49
2.35
2.16
1.88
1.57
1.23
0.88
0.48
0.00
-0.54
-1.12
-1.68
-2.20
-2.68
-3.19
-3.78
-4.47
-5.18
-5.76
-6.02
-5.83
-5.17
-4.16
-3.00
-1.87
-0.89
-0.04
0.72
1.45
2.15
2.77
3.23
3.52
3.66
3.73
3.78
3.83
3.83
3.73
3.48
3.12
2.70
2.31
2.06
1.97
2.06
2.25
2.43
2.46
2.21
1.60
0.72
-0.29
-1.22
-1.91
-2.34
-2.61
-2.88
-3.27
-3.80
-4.40
-4.92
-5.26
-5.32
-5.04
-4.45
-3.60
-2.62
-1.64
-0.80
-0.15
0.34
0.80
1.35
2.08
2.98
3.90
4.66
5.08
5.10
4.77
4.24
3.70
3.29
3.08
3.05
3.11
3.13
3.04
2.77
2.36
1.90
1.46
1.11
0.85
0.62
0.35
-0.01
-0.47
-0.96
-1.40
-1.76
-2.03
-2.27
-2.52
-2.84
-3.24
-3.74
-4.35
-5.07
-5.81
-6.43
-6.72
-6.47
-5.63
-4.30
-2.74
-1.28
-0.16
0.58
1.03
1.40
1.86
2.46
3.11
3.67
4.04
4.16
4.11
3.99
3.89
3.83
3.75
3.55
3.16
2.64
2.09
1.69
1.52
1.56
1.67
1.67
1.42
0.89
0.17
-0.55
-1.10
-1.38
-1.37
-1.17
-0.94
-0.85
-1.06
-1.62
-2.52
-3.64
-4.80
-5.81
-6.47
-6.63
-6.23
-5.34
-4.10
-2.75
-1.47
-0.40
0.42
1.05
1.56
2.01
2.39
2.71
2.93
3.09
3.24
3.40
3.55
3.62
3.53
3.21
2.67
2.01
1.36
0.85
0.56
0.47
0.49
0.52
0.48
0.33
0.09
-0.23
-0.62
-1.09
-1.68
-2.36
-3.12
-3.86
-4.51
-4.99
-5.29
-5.36
-5.19
-4.74
-4.01
-3.05
-1.97
-0.93
-0.06
0.60
1.08
1.48
1.91
2.42
2.97
3.45
3.79
3.93
3.89
3.72
3.47
3.20
2.92
2.66
2.43
2.22
2.01
1.79
1.52
1.17
0.76
0.29
-0.19
-0.65
-1.03
-1.32
-1.53
-1.70
-1.94
-2.35
-2.98
-3.81
-4.71
-5.51
-5.99
-6.03
-5.59
-4.76
-3.70
-2.61
-1.66
-0.91
-0.33
0.18
0.74
1.44
2.25
3.06
3.74
4.15
4.27
4.16
3.95
3.77
3.66
3.62
3.58
3.51
3.36
3.13
2.82
2.44
2.00
1.53
1.09
0.71
0.41
0.16
-0.12
-0.44
-0.82
-1.22
-1.64
-2.11
-2.71
-3.48
-4.39
-5.32
-6.07
-6.48
-6.44
-5.99
-5.20
-4.19
-3.11
-2.04
-1.08
-0.24
0.50
1.21
1.94
2.73
3.51
4.19
4.66
4.85
4.81
4.63
4.43
4.28
4.18
4.10
3.97
3.72
3.31
2.78
2.17
1.58
1.13
0.87
0.80
0.85
0.90
0.83
0.58
0.13
-0.46
-1.11
-1.75
-2.35
-2.91
-3.45
-4.00
-4.52
-5.01
-5.43
-5.75
-5.97
-6.05
-5.93
-5.54
-4.81
-3.76
-2.51
-1.25
-0.19
0.56
1.03
1.34
1.66
2.11
2.69
3.32
3.86
4.21
4.32
4.19
3.92
3.59
3.29
3.04
2.81
2.57
2.30
1.98
1.65
1.29
0.88
0.40
-0.16
-0.76
-1.29
-1.65
-1.78
-1.71
-1.61
-1.66
-2.07
-2.89
-4.01
-5.16
-5.98
-6.18
-5.63
-4.47
-3.00
-1.59
-0.48
0.27
0.77
1.21
1.72
2.33
2.92
3.38
3.60
3.57
3.32
2.94
2.51
2.08
1.76
1.58
1.62
1.86
2.23
2.59
2.80
2.73
2.35
1.74
1.00
0.26
-0.38
-0.88
-1.24
-1.51
-1.76
-2.07
-2.50
-3.09
-3.81
-4.60
-5.35
-5.91
-6.14
-5.91
-5.21
-4.10
-2.78
-1.49
-0.44
0.28
0.73
1.09
1.55
2.21
3.08
4.01
4.84
5.39
5.56
5.33
4.79
4.12
3.49
3.04
2.83
2.80
2.86
2.87
2.74
2.44
1.98
1.42
0.81
0.21
-0.35
-0.80
-1.09
-1.22
-1.24
-1.25
-1.43
-1.91
-2.73
-3.81
-4.98
-6.01
-6.68
-6.89
-6.62
-5.93
-4.91
-3.68
-2.32
-0.95
0.28
1.22
1.80
2.08
2.19
2.34
2.64
3.10
3.62
4.06
4.31
4.36
4.27
4.10
3.90
3.64
3.31
2.92
2.50
2.12
1.84
1.64
1.48
1.28
0.95
0.47
-0.15
-0.80
-1.37
-1.79
-2.02
-2.14
-2.23
-2.42
-2.79
-3.36
-4.11
-4.90
-5.59
-6.00
-6.02
-5.60
-4.83
-3.84
-2.80
-1.83
-0.96
-0.19
0.51
1.16
1.74
2.26
2.72
3.11
3.44
3.64
3.68
3.52
3.20
2.84
2.57
2.46
2.49
2.52
2.40
2.04
1.46
0.76
0.05
-0.59
-1.12
-1.55
-1.89
-2.13
-2.28
-2.39
-2.52
-2.74
-3.10
-3.58
-4.08
-4.47
-4.63
-4.45
-3.94
-3.12
-2.13
-1.11
-0.20
0.52
1.05
1.46
1.84
2.29
2.82
3.39
3.87
4.13
4.09
3.75
3.21
2.63
2.17
1.92
1.87
1.95
2.05
2.08
1.99
1.78
1.45
1.02
0.48
-0.11
-0.72
-1.26
-1.67
-1.95
-2.15
-2.39
-2.76
-3.32
-4.01
-4.67
-5.12
-5.23
-4.93
-4.28
-3.39
-2.40
-1.42
-0.53
0.28
1.02
1.73
2.42
3.07
3.63
4.05
4.32
4.49
4.62
4.77
4.90
4.94
4.74
4.26
3.52
2.68
1.93
1.39
1.12
1.06
1.09
1.12
1.05
0.85
0.51
0.07
-0.43
-0.95
-1.41
-1.78
-2.07
-2.32
-2.63
-3.10
-3.78
-4.63
-5.51
-6.22
-6.57
-6.44
-5.87
-4.97
-3.91
-2.78
-1.63
-0.45
0.75
1.89
2.83
3.47
3.76
3.77
3.65
3.55
3.53
3.60
3.68
3.68
3.59
3.41
3.17
2.90
2.60
2.28
1.96
1.63
1.30
0.96
0.55
0.05
-0.50
-1.04
-1.44
-1.67
-1.72
-1.70
-1.75
-1.98
-2.43
-3.07
-3.81
-4.55
-5.19
-5.65
-5.88
-5.80
-5.40
-4.69
-3.70
-2.52
-1.24
-0.00
1.08
1.91
2.49
2.84
3.02
3.10
3.12
3.08
2.99
2.87
2.73
2.61
2.48
2.32
2.10
1.83
1.57
1.35
1.21
1.11
0.97
0.72
0.31
-0.21
-0.79
-1.34
-1.80
-2.18
-2.50
-2.84
-3.24
-3.70
-4.17
-4.53
-4.68
-4.54
-4.11
-3.44
-2.61
-1.70
-0.79
0.07
0.85
1.51
2.06
2.54
2.99
3.46
3.97
4.45
4.80
4.92
4.75
4.33
3.79
3.28
2.93
2.75
2.69
2.61
2.41
2.06
1.62
1.18
0.81
0.52
0.21
-0.21
-0.80
-1.55
-2.35
-3.10
-3.75
-4.29
-4.77
-5.18
-5.48
-5.55
-5.30
-4.72
-3.92
-3.06
-2.32
-1.75
-1.30
-0.79
-0.09
0.85
1.92
2.91
3.62
3.90
3.78
3.38
2.88
2.47
2.23
2.16
2.21
2.28
2.32
2.28
2.17
1.99
1.74
1.43
1.04
0.54
-0.08
-0.80
-1.54
-2.22
-2.74
-3.06
-3.20
-3.22
-3.25
-3.43
-3.88
-4.61
-5.48
-6.27
-6.70
-6.58
-5.90
-4.80
-3.52
-2.28
-1.19
-0.22
0.71
1.66
2.62
3.49
4.19
4.69
4.99
5.15
5.20
5.16
5.03
4.80
4.50
4.11
3.69
3.27
2.92
2.69
2.55
2.46
2.31
2.02
1.56
0.95
0.27
-0.40
-0.98
-1.41
-1.66
-1.72
-1.66
-1.60
-1.72
-2.19
-3.04
-4.14
-5.25
-6.10
-6.50
-6.40
-5.86
-5.00
-3.94
-2.77
-1.56
-0.37
0.71
1.62
2.29
2.70
2.85
2.79
2.58
2.33
2.10
1.99
2.02
2.22
2.56
2.98
3.40
3.71
3.82
3.66
3.25
2.68
2.03
1.39
0.81
0.33
-0.02
-0.21
-0.27
-0.25
-0.26
-0.43
-0.83
-1.47
-2.23
-2.93
-3.40
-3.47
-3.12
-2.38
-1.45
-0.54
0.15
0.51
0.57
0.45
0.34
0.38
0.66
1.16
1.80
2.49
3.07
3.44
3.51
3.28
2.85
2.32
1.79
1.31
0.84
0.30
-0.27
-0.79
-1.06
-0.97
-0.53
0.10
0.63
0.82
0.59
0.00
-0.75
-1.50
-2.18
-2.85
-3.60
-4.43
-5.24
-5.83
-6.00
-5.67
-4.93
-3.99
-3.10
-2.38
-1.82
-1.30
-0.71
0.00
0.79
1.54
2.14
2.53
2.74
2.77
2.70
2.53
2.31
2.07
1.86
1.75
1.77
1.91
2.13
2.32
2.36
2.15
1.66
0.94
0.16
-0.51
-0.91
-1.01
-0.88
-0.66
-0.51
-0.59
-1.02
-1.82
-2.96
-4.28
-5.50
-6.32
-6.51
-6.00
-4.91
-3.51
-2.11
-0.90
0.07
0.88
1.63
2.39
3.12
3.72
4.11
4.26
4.22
4.08
3.95
3.86
3.80
3.75
3.66
3.54
3.44
3.37
3.35
3.33
3.24
3.02
2.65
2.15
1.59
0.99
0.38
-0.26
-0.91
-1.54
-2.07
-2.44
-2.66
-2.76
-2.89
-3.15
-3.62
-4.27
-5.01
-5.66
-6.04
-6.01
-5.52
-4.64
-3.48
-2.22
-1.01
0.03
0.84
1.42
1.86
2.24
2.65
3.10
3.54
3.86
3.98
3.87
3.58
3.21
2.88
2.68
2.61
2.62
2.63
2.54
2.26
1.74
1.01
0.18
-0.59
-1.17
-1.49
-1.61
-1.66
-1.78
-2.06
-2.46
-2.87
-3.22
-3.48
-3.75
-4.15
-4.71
-5.33
-5.80
-5.86
-5.37
-4.36
-3.04
-1.67
-0.49
0.44
1.17
1.83
2.47
3.08
3.62
4.00
4.24
4.39
4.51
4.63
4.70
4.66
4.46
4.08
3.59
3.05
2.53
2.03
1.55
1.05
0.56
0.09
-0.30
-0.60
-0.79
-0.90
-0.94
-0.98
-1.13
-1.50
-2.20
-3.25
-4.51
-5.72
-6.57
-6.81
-6.33
-5.25
-3.84
-2.39
-1.14
-0.16
0.56
1.11
1.60
2.08
2.60
3.14
3.68
4.16
4.52
4.71
4.67
4.44
4.08
3.70
3.39
3.22
3.16
3.15
3.06
2.81
2.38
1.81
1.19
0.56
-0.05
-0.69
-1.38
-2.06
-2.63
-2.97
-3.05
-2.98
-2.98
-3.26
-3.90
-4.77
-5.59
-6.05
-5.98
-5.40
-4.50
-3.49
-2.54
-1.67
-0.81
0.10
1.07
2.04
2.92
3.64
4.20
4.58
4.80
4.82
4.63
4.27
3.82
3.41
3.13
3.01
3.00
3.00
2.96
2.84
2.61
2.28
1.85
1.34
0.80
0.30
-0.10
-0.38
-0.58
-0.77
-1.03
-1.39
-1.85
-2.40
-2.99
-3.57
-4.09
-4.55
-4.96
-5.35
-5.76
-6.17
-6.48
-6.54
-6.21
-5.44
-4.31
-3.01
-1.76
-0.71
0.12
0.77
1.33
1.85
2.31
2.68
2.95
3.13
3.27
3.39
3.49
3.53
3.49
3.32
3.05
2.71
2.32
1.94
1.61
1.39
1.30
1.27
1.18
0.93
0.48
-0.12
-0.70
-1.12
-1.29
-1.26
-1.17
-1.19
-1.45
-2.00
-2.77
-3.65
-4.45
-5.02
-5.21
-4.96
-4.30
-3.32
-2.20
-1.09
-0.09
0.77
1.50
2.10
2.58
2.90
3.04
3.05
2.98
2.92
2.88
2.88
2.87
2.84
2.76
2.66
2.54
2.37
2.11
1.73
1.26
0.76
0.30
-0.07
-0.34
-0.57
-0.81
-1.09
-1.39
-1.66
-1.90
-2.17
-2.54
-3.11
-3.91
-4.85
-5.71
-6.24
-6.26
-5.73
-4.77
-3.63
-2.56
-1.69
-1.00
-0.37
0.32
1.16
2.08
2.96
3.67
4.13
4.32
4.29
4.09
3.77
3.40
3.04
2.77
2.65
2.70
2.87
3.05
3.14
3.03
2.72
2.25
1.70
1.14
0.60
0.05
-0.54
-1.11
-1.60
-1.94
-2.11
-2.23
-2.46
-2.95
-3.70
-4.62
-5.49
-6.11
-6.36
-6.23
-5.78
-5.07
-4.13
-3.01
-1.79
-0.58
0.49
1.35
1.99
2.43
2.73
2.92
3.01
3.02
3.01
3.05
3.21
3.48
3.80
4.03
4.04
3.82
3.44
3.02
2.65
2.36
2.10
1.82
1.49
1.12
0.79
0.51
0.27
0.02
-0.29
-0.68
-1.11
-1.54
-1.94
-2.34
-2.77
-3.26
-3.86
-4.55
-5.29
-5.98
-6.49
-6.65
-6.35
-5.56
-4.40
-3.06
-1.72
-0.52
0.53
1.46
2.29
3.00
3.56
3.91
4.05
4.04
3.96
3.84
3.70
3.51
3.24
2.90
2.56
2.32
2.26
2.40
2.71
3.07
3.33
3.35
3.05
2.42
1.53
0.52
-0.48
-1.36
-2.07
-2.64
-3.13
-3.62
-4.19
-4.87
-5.64
-6.36
-6.85
-6.94
-6.50
-5.52
-4.16
-2.65
-1.27
-0.20
0.47
0.77
0.82
0.73
0.64
0.60
0.65
0.80
1.03
1.36
1.75
2.14
2.45
2.55
2.34
1.82
1.10
0.38
-0.16
-0.39
-0.36
-0.19
-0.08
-0.13
-0.32
-0.54
-0.65
-0.59
-0.41
-0.14
0.17
0.57
1.15
1.97
2.96
3.92
4.57
4.69
4.24
3.35
2.26
1.24
0.43
-0.14
-0.54
-0.85
-1.12
-1.32
-1.41
-1.37
-1.25
-1.14
-1.09
-1.16
-1.31
-1.51
-1.68
-1.80
-1.83
-1.78
-1.70
-1.64
-1.67
-1.84
-2.14
-2.52
-2.90
-3.21
-3.45
-3.62
-3.76
-3.80
-3.64
-3.12
-2.16
-0.84
0.64
1.97
2.89
3.26
3.17
2.84
2.55
2.51
2.78
3.29
3.85
4.28
4.48
4.45
4.28
4.11
4.00
3.96
3.96
3.96
3.95
3.97
4.04
4.15
4.20
4.04
3.60
2.88
2.03
1.22
0.59
0.15
-0.23
-0.77
-1.62
-2.83
-4.29
-5.84
-7.29
-8.47
-9.28
-9.62
-9.44
-8.76
-7.67
-6.33
-4.94
-3.65
-2.51
-1.49
-0.54
0.39
1.29
2.10
2.79
3.32
3.72
4.04
4.30
4.45
4.47
4.31
4.01
3.62
3.25
2.93
2.68
2.45
2.23
2.00
1.78
1.56
1.31
0.99
0.56
0.04
-0.51
-0.97
-1.27
-1.37
-1.27
-1.01
-0.65
-0.24
0.16
0.47
0.62
0.53
0.14
-0.55
-1.48
-2.50
-3.39
-3.90
-3.87
-3.29
-2.31
-1.14
0.01
1.02
1.84
2.52
3.11
3.63
4.10
4.48
4.76
4.91
4.90
4.73
4.44
4.09
3.74
3.40
3.05
2.65
2.20
1.73
1.28
0.92
0.65
0.41
0.13
-0.23
-0.70
-1.24
-1.80
-2.33
-2.79
-3.16
-3.46
-3.73
-4.08
-4.58
-5.24
-5.98
-6.63
-6.98
-6.84
-6.15
-5.02
-3.64
-2.29
-1.15
-0.27
0.39
0.96
1.53
2.11
2.62
2.97
3.15
3.18
3.16
3.14
3.09
2.95
2.63
2.14
1.56
1.00
0.52
0.12
-0.28
-0.75
-1.33
-1.97
-2.54
-2.95
-3.14
-3.14
-3.07
-3.05
-3.16
-3.37
-3.53
-3.44
-2.95
-2.01
-0.72
0.69
1.99
3.04
3.79
4.27
4.53
4.63
4.60
4.49
4.36
4.27
4.24
4.20
4.04
3.66
3.04
2.27
1.50
0.87
0.43
0.16
-0.08
-0.40
-0.86
-1.44
-2.07
-2.70
-3.28
-3.82
-4.36
-4.93
-5.55
-6.18
-6.75
-7.16
-7.30
-7.07
-6.46
-5.53
-4.42
-3.28
-2.26
-1.41
-0.73
-0.16
0.37
0.89
1.45
2.05
2.65
3.21
3.65
3.87
3.84
3.58
3.20
2.84
2.63
2.63
2.76
2.89
2.90
2.74
2.44
2.10
1.82
1.61
1.37
0.99
0.37
-0.49
-1.50
-2.55
-3.57
-4.51
-5.37
-6.11
-6.62
-6.75
-6.40
-5.53
-4.28
-2.81
-1.37
-0.13
0.80
1.42
1.80
2.12
2.52
3.07
3.72
4.33
4.69
4.70
4.38
3.86
3.30
2.84
2.52
2.29
2.15
2.08
2.08
2.14
2.19
2.15
1.94
1.57
1.09
0.58
0.07
-0.39
-0.83
-1.25
-1.66
-2.08
-2.50
-2.99
-3.60
-4.36
-5.24
-6.09
-6.74
-6.99
-6.74
-5.97
-4.84
-3.55
-2.30
-1.20
-0.26
0.60
1.46
2.33
3.17
3.87
4.37
4.63
4.65
4.48
4.17
3.78
3.37
3.02
2.77
2.64
2.63
2.67
2.73
2.76
2.74
2.65
2.47
2.17
1.74
1.17
0.52
-0.15
-0.74
-1.18
-1.46
-1.64
-1.81
-2.05
-2.44
-2.99
-3.65
-4.37
-5.08
-5.71
-6.21
-6.50
-6.45
-5.95
-4.98
-3.62
-2.06
-0.57
0.65
1.52
2.11
2.56
3.05
3.61
4.22
4.73
5.04
5.09
4.94
4.69
4.47
4.36
4.36
4.44
4.51
4.49
4.31
3.96
3.47
2.90
2.33
1.77
1.23
0.65
-0.03
-0.83
-1.70
-2.55
-3.26
-3.76
-4.07
-4.29
-4.55
-4.94
-5.44
-5.97
-6.37
-6.51
-6.33
-5.83
-5.05
-4.09
-3.04
-2.03
-1.16
-0.50
-0.05
0.26
0.57
0.99
1.59
2.32
3.08
3.76
4.26
4.55
4.62
4.51
4.28
3.99
3.68
3.38
3.11
2.83
2.56
2.28
2.04
1.82
1.59
1.27
0.79
0.15
-0.57
-1.21
-1.64
-1.83
-1.84
-1.78
-1.80
-2.02
-2.48
-3.18
-4.03
-4.90
-5.61
-5.98
-5.89
-5.28
-4.20
-2.81
-1.29
0.14
1.33
2.18
2.72
3.03
3.27
3.58
4.02
4.56
5.08
5.43
5.49
5.23
4.70
4.02
3.33
2.76
2.39
2.24
2.27
2.39
2.45
2.34
1.97
1.37
0.63
-0.11
-0.76
-1.28
-1.71
-2.13
-2.55
-2.96
-3.35
-3.72
-4.11
-4.58
-5.07
-5.45
-5.52
-5.14
-4.31
-3.21
-2.09
-1.16
-0.52
-0.10
0.26
0.71
1.28
1.92
2.52
2.97
3.22
3.27
3.16
2.92
2.54
1.99
1.29
0.54
-0.11
-0.51
-0.59
-0.47
-0.37
-0.54
-1.09
-1.94
-2.88
-3.60
-3.96
-3.93
-3.68
-3.41
-3.32
-3.50
-3.94
-4.54
-5.19
-5.71
-5.94
-5.73
-4.98
-3.75
-2.19
-0.51
1.04
2.30
3.23
3.87
4.28
4.57
4.75
4.84
4.83
4.70
4.49
4.24
4.03
3.93
3.98
4.15
4.31
4.28
3.93
3.21
2.22
1.17
0.27
-0.37
-0.76
-1.07
-1.44
-1.99
-2.71
-3.52
-4.31
-5.00
-5.52
-5.81
-5.80
-5.45
-4.75
-3.78
-2.69
-1.65
-0.81
-0.22
0.16
0.45
0.76
1.17
1.63
2.06
2.35
2.47
2.41
2.24
2.01
1.75
1.43
1.05
0.58
0.08
-0.39
-0.78
-1.07
-1.27
-1.47
-1.76
-2.22
-2.89
-3.77
-4.82
-5.96
-7.12
-8.17
-8.99
-9.42
-9.38
-8.87
-8.05
-7.14
-6.34
-5.77
-5.34
-4.87
-4.21
-3.31
-2.26
-1.22
-0.32
0.40
0.99
1.60
2.34
3.29
4.44
5.71
6.93
7.94
8.66
9.10
9.38
9.63
9.88
10.05
9.98
9.55
8.79
7.90
7.15
6.73
6.63
6.73
6.80
6.69
6.35
5.81
5.11
4.29
3.42
2.61
2.07
2.01
2.54
3.60
5.00
6.45
7.71
8.66
9.26
9.54
9.50
9.08
8.21
6.83
4.93
2.58
-0.10
-2.94
-5.72
-8.26
-10.39
-12.01
-13.09
-13.65
-13.71
-13.28
-12.41
-11.19
-9.78
-8.45
-7.45
-6.95
-6.93
-7.24
-7.64
-7.89
-7.83
-7.41
-6.71
-5.86
-4.99
-4.22
-3.60
-3.12
-2.68
-2.15
-1.42
-0.40
0.88
2.32
3.78
5.09
6.11
6.74
6.93
6.72
6.20
5.50
4.81
4.28
4.01
4.05
4.35
4.81
5.30
5.68
5.90
5.92
5.80
5.61
5.43
5.32
5.26
5.25
5.24
5.20
5.07
4.84
4.45
3.91
3.27
2.62
2.06
1.62
1.29
0.91
0.32
-0.61
-1.93
-3.51
-5.06
-6.24
-6.77
-6.48
-5.45
-3.92
-2.25
-0.75
0.43
1.26
1.85
2.33
2.79
3.28
3.79
4.35
4.95
5.54
6.05
6.34
6.32
5.97
5.39
4.69
4.04
3.49
3.05
2.69
2.37
2.07
1.79
1.48
1.01
0.25
-0.90
-2.41
-4.08
-5.61
-6.75
-7.36
-7.46
-7.23
-6.90
-6.61
-6.40
-6.21
-5.97
-5.58
-4.99
-4.21
-3.26
-2.24
-1.28
-0.53
-0.07
0.09
0.04
-0.08
-0.13
-0.06
0.14
0.44
0.81
1.24
1.76
2.30
2.79
3.07
3.05
2.73
2.22
1.73
1.48
1.59
2.03
2.59
2.98
2.92
2.28
1.07
-0.53
-2.26
-3.89
-5.28
-6.40
-7.35
-8.23
-9.18
-10.28
-11.50
-12.73
-13.77
-14.40
-14.46
-13.86
-12.68
-11.11
-9.39
-7.77
-6.38
-5.31
-4.53
-4.00
-3.64
-3.36
-3.11
-2.81
-2.44
-2.00
-1.52
-1.05
-0.61
-0.27
-0.05
0.04
0.03
0.02
0.10
0.35
0.81
1.40
2.03
2.61
3.10
3.47
3.76
3.93
3.96
3.80
3.47
3.02
2.54
2.11
1.76
1.46
1.15
0.80
0.45
0.19
0.16
0.49
1.21
2.22
3.35
4.39
5.15
5.59
5.75
5.71
5.55
5.32
5.00
4.60
4.17
3.81
3.61
3.62
3.79
4.00
4.08
3.91
3.46
2.80
2.06
1.38
0.87
0.59
0.48
0.45
0.41
0.25
-0.09
-0.65
-1.40
-2.27
-3.16
-3.95
-4.54
-4.83
-4.76
-4.34
-3.63
-2.75
-1.83
-0.98
-0.28
0.24
0.61
0.85
1.01
1.13
1.26
1.42
1.65
1.93
2.23
2.45
2.48
2.26
1.81
1.22
0.61
0.07
-0.35
-0.67
-0.92
-1.11
-1.26
-1.39
-1.55
-1.83
-2.26
-2.83
-3.41
-3.86
-4.07
-3.98
-3.62
-3.03
-2.28
-1.41
-0.48
0.44
1.25
1.88
2.32
2.63
2.90
3.18
3.48
3.73
3.83
3.73
3.46
3.11
2.78
2.51
2.28
2.01
1.65
1.17
0.64
0.15
-0.20
-0.43
-0.62
-0.90
-1.37
-2.05
-2.85
-3.63
-4.21
-4.49
-4.40
-3.95
-3.22
-2.27
-1.21
-0.13
0.88
1.72
2.36
2.84
3.23
3.61
4.01
4.40
4.65
4.66
4.35
3.75
2.96
2.16
1.51
1.09
0.91
0.86
0.79
0.58
0.20
-0.27
-0.72
-1.01
-1.13
-1.16
-1.26
-1.59
-2.24
-3.16
-4.23
-5.25
-6.01
-6.33
-6.11
-5.32
-4.07
-2.55
-0.99
0.38
1.45
2.20
2.72
3.13
3.55
4.01
4.47
4.85
5.04
5.00
4.75
4.39
4.07
3.90
3.92
4.10
4.34
4.56
4.73
4.82
4.83
4.72
4.42
3.89
3.16
2.32
1.55
0.95
0.55
0.24
-0.17
-0.81
-1.68
-2.63
-3.49
-4.15
-4.66
-5.13
-5.66
-6.26
-6.80
-7.09
-7.03
-6.63
-5.99
-5.23
-4.42
-3.53
-2.57
-1.55
-0.60
0.18
0.79
1.28
1.78
2.37
3.01
3.56
3.87
3.88
3.64
3.31
3.04
2.92
2.93
2.97
2.95
2.82
2.64
2.47
2.36
2.28
2.14
1.86
1.44
0.97
0.60
0.46
0.59
0.92
1.31
1.66
1.90
2.00
1.97
1.74
1.24
0.45
-0.55
-1.55
-2.33
-2.68
-2.57
-2.08
-1.44
-0.82
-0.35
0.00
0.32
0.70
1.19
1.74
2.28
2.70
2.95
3.03
2.94
2.73
2.43
2.09
1.74
1.43
1.19
1.01
0.87
0.70
0.44
0.05
-0.48
-1.11
-1.79
-2.44
-2.99
-3.40
-3.67
-3.83
-3.93
-4.01
-4.05
-4.02
-3.86
-3.48
-2.81
-1.84
-0.60
0.77
2.10
3.17
3.82
3.98
3.70
3.18
2.63
2.22
1.98
1.87
1.74
1.48
1.03
0.42
-0.22
-0.79
-1.21
-1.45
-1.53
-1.50
-1.40
-1.25
-1.06
-0.86
-0.66
-0.51
-0.43
-0.45
-0.52
-0.61
-0.67
-0.70
-0.71
-0.79
-1.05
-1.62
-2.51
-3.64
-4.77
-5.58
-5.79
-5.31
-4.26
-2.95
-1.73
-0.88
-0.47
-0.37
-0.38
-0.33
-0.13
0.19
0.52
0.76
0.87
0.86
0.77
0.66
0.58
0.52
0.47
0.42
0.34
0.24
0.13
0.01
-0.14
-0.37
-0.74
-1.26
-1.92
-2.61
-3.20
-3.56
-3.63
-3.45
-3.18
-3.01
-3.12
-3.57
-4.27
-5.04
-5.62
-5.82
-5.51
-4.73
-3.64
-2.42
-1.24
-0.23
0.56
1.13
1.52
1.78
1.95
2.08
2.16
2.20
2.19
2.10
1.95
1.76
1.55
1.34
1.09
0.74
0.28
-0.28
-0.81
-1.18
-1.29
-1.12
-0.76
-0.35
-0.05
0.05
-0.10
-0.44
-0.92
-1.44
-1.94
-2.40
-2.89
-3.51
-4.35
-5.44
-6.66
-7.79
-8.55
-8.72
-8.20
-7.07
-5.53
-3.81
-2.10
-0.52
0.83
1.92
2.72
3.24
3.53
3.70
3.90
4.23
4.72
5.30
5.77
5.96
5.77
5.25
4.58
4.00
3.62
3.43
3.28
2.98
2.42
1.64
0.79
0.02
-0.56
-0.95
-1.19
-1.38
-1.58
-1.89
-2.39
-3.13
-4.10
-5.15
-6.03
-6.45
-6.23
-5.36
-3.99
-2.37
-0.78
0.58
1.61
2.27
2.63
2.76
2.78
2.82
2.98
3.31
3.77
4.29
4.75
5.01
4.97
4.55
3.77
2.76
1.72
0.83
0.20
-0.23
-0.61
-1.08
-1.71
-2.43
-3.07
-3.51
-3.70
-3.67
-3.49
-3.22
-2.91
-2.56
-2.25
-2.03
-1.93
-1.87
-1.66
-1.06
0.13
1.95
4.24
6.72
9.05
10.96
12.33
13.21
13.80
14.29
14.83
15.46
16.08
16.50
16.57
16.26
15.63
14.87
14.10
13.39
12.65
11.75
10.57
9.17
7.68
6.32
5.21
4.35
3.56
2.62
1.35
-0.31
-2.28
-4.41
-6.57
-8.66
-10.68
-12.60
-14.38
-15.92
-17.05
-17.62
-17.58
-17.00
-16.08
-15.08
-14.21
-13.53
-12.97
-12.40
-11.68
-10.82
-9.91
-9.08
-8.37
-7.74
-7.01
-6.02
-4.69
-3.06
-1.31
0.38
1.83
2.97
3.80
4.37
4.75
5.02
5.25
5.49
5.77
6.07
6.32
6.43
6.29
5.85
5.06
3.91
2.43
0.68
-1.22
-3.04
-4.55
-5.52
-5.85
-5.59
-4.95
-4.16
-3.44
-2.83
-2.29
-1.73
-1.08
-0.39
0.21
0.60
0.70
0.56
0.33
0.14
0.05
0.03
-0.04
-0.28
-0.71
-1.26
-1.77
-2.10
-2.19
-2.03
-1.74
-1.48
-1.39
-1.57
-2.04
-2.71
-3.45
-4.13
-4.63
-4.89
-4.89
-4.64
-4.15
-3.43
-2.56
-1.62
-0.74
-0.02
0.48
0.82
1.09
1.38
1.77
2.27
2.84
3.37
3.77
3.95
3.89
3.62
3.22
2.77
2.32
1.89
1.48
1.09
0.75
0.47
0.25
0.05
-0.23
-0.62
-1.15
-1.76
-2.34
-2.79
-3.04
-3.04
-2.76
-2.22
-1.48
-0.62
0.27
1.11
1.85
2.51
3.11
3.68
4.17
4.52
4.66
4.53
4.17
3.68
3.20
2.87
2.75
2.82
3.00
3.17
3.22
3.11
2.84
2.46
1.98
1.41
0.72
-0.10
-1.03
-1.99
-2.91
-3.68
-4.25
-4.61
-4.76
-4.71
-4.46
-3.99
-3.33
-2.51
-1.64
-0.84
-0.17
0.35
0.79
1.28
1.93
2.78
3.73
4.61
5.21
5.41
5.26
4.93
4.64
4.54
4.62
4.79
4.89
4.82
4.59
4.27
3.90
3.50
3.06
2.61
2.17
1.81
1.54
1.30
1.02
0.66
0.28
-0.01
-0.14
-0.17
-0.23
-0.52
-1.11
-1.98
-2.99
-4.02
-5.02
-5.98
-6.85
-7.51
-7.76
-7.46
-6.58
-5.26
-3.76
-2.33
-1.14
-0.24
0.39
0.88
1.33
1.82
2.37
2.94
3.40
3.66
3.64
3.40
3.06
2.79
2.71
2.81
3.03
3.23
3.32
3.27
3.12
2.93
2.73
2.51
2.23
1.84
1.34
0.79
0.28
-0.10
-0.35
-0.54
-0.77
-1.14
-1.69
-2.36
-3.03
-3.62
-4.06
-4.37
-4.57
-4.65
-4.58
-4.32
-3.86
-3.24
-2.54
-1.82
-1.14
-0.50
0.09
0.63
1.08
1.43
1.63
1.67
1.55
1.29
0.96
0.62
0.37
0.26
0.30
0.43
0.58
0.70
0.74
0.71
0.62
0.47
0.25
-0.07
-0.47
-0.88
-1.20
-1.34
-1.28
-1.09
-0.92
-0.95
-1.32
-2.05
-3.02
-4.01
-4.76
-5.10
-4.97
-4.48
-3.78
-3.08
-2.49
-2.03
-1.65
-1.24
-0.72
-0.07
0.69
1.48
2.21
2.80
3.23
3.53
3.79
4.13
4.66
5.37
6.24
7.12
7.90
8.52
8.99
9.35
9.62
9.70
9.42
8.63
7.28
5.48
3.50
1.60
-0.03
-1.40
-2.68
-4.06
-5.62
-7.31
-8.94
-10.31
-11.26
-11.80
-12.03
-12.09
-12.04
-11.84
-11.43
-10.73
-9.77
-8.68
-7.63
-6.79
-6.21
-5.82
-5.48
-5.04
-4.40
-3.52
-2.46
-1.33
-0.27
0.63
1.29
1.72
1.98
2.16
2.30
2.42
2.44
2.27
1.86
1.22
0.42
-0.42
-1.22
-1.94
-2.60
-3.20
-3.70
-3.98
-3.95
-3.54
-2.80
-1.86
-0.88
0.02
0.80
1.48
2.16
2.89
3.71
4.59
5.45
6.18
6.68
6.91
6.87
6.65
6.33
5.99
5.65
5.32
4.98
4.61
4.25
3.90
3.57
3.22
2.79
2.27
1.66
1.07
0.62
0.36
0.29
0.28
0.14
-0.32
-1.19
-2.41
-3.78
-4.99
-5.75
-5.83
-5.19
-3.96
-2.39
-0.81
0.54
1.53
2.15
2.48
2.64
2.72
2.76
2.77
2.75
2.72
2.71
2.76
2.89
3.09
3.30
3.47
3.54
3.48
3.28
2.96
2.60
2.28
2.00
1.74
1.40
0.90
0.24
-0.48
-1.11
-1.51
-1.63
-1.55
-1.43
-1.41
-1.47
-1.47
-1.16
-0.34
1.05
2.85
4.77
6.51
7.90
8.89
9.54
9.93
10.04
9.81
9.19
8.19
6.99
5.79
4.75
3.92
3.17
2.35
1.34
0.19
-0.98
-1.99
-2.74
-3.25
-3.67
-4.15
-4.78
-5.54
-6.32
-7.05
-7.69
-8.33
-9.03
-9.79
-10.45
-10.77
-10.51
-9.56
-8.03
-6.17
-4.29
-2.61
-1.22
-0.06
0.98
2.00
3.04
4.04
4.93
5.61
6.02
6.18
6.16
6.09
6.03
6.00
5.90
5.60
5.03
4.20
3.26
2.42
1.79
1.41
1.13
0.78
0.19
-0.69
-1.78
-2.93
-3.98
-4.78
-5.27
-5.45
-5.36
-5.05
-4.60
-4.05
-3.49
-2.96
-2.52
-2.18
-1.91
-1.68
-1.46
-1.29
-1.29
-1.59
-2.26
-3.26
-4.41
-5.48
-6.28
-6.73
-6.90
-6.98
-7.11
-7.31
-7.47
-7.38
-6.90
-6.08
-5.15
-4.42
-4.10
-4.22
-4.59
-4.96
-5.11
-4.96
-4.58
-4.08
-3.51
-2.84
-2.01
-0.99
0.14
1.22
2.11
2.78
3.25
3.65
4.09
4.56
4.99
5.24
5.21
4.88
4.33
3.73
3.20
2.84
2.63
2.54
2.50
2.48
2.47
2.46
2.42
2.31
2.10
1.76
1.36
0.97
0.67
0.54
0.63
0.93
1.41
1.98
2.56
3.05
3.41
3.64
3.83
4.01
4.18
4.25
4.10
3.64
2.89
2.05
1.36
1.12
1.47
2.39
3.72
5.19
6.58
7.78
8.77
9.61
10.33
10.90
11.23
11.20
10.74
9.83
8.56
7.03
5.37
3.68
2.06
0.60
-0.66
-1.68
-2.50
-3.17
-3.80
-4.48
-5.26
-6.18
-7.21
-8.30
-9.40
-10.47
-11.43
-12.21
-12.75
-12.98
-12.86
-12.43
-11.78
-11.07
-10.47
-10.11
-10.05
-10.22
-10.44
-10.45
-9.98
-8.84
-7.03
-4.70
-2.18
0.21
2.24
3.82
5.04
6.05
7.00
7.93
8.79
9.47
9.88
9.98
9.82
9.51
9.13
8.71
8.20
7.55
6.73
5.78
4.79
3.89
3.13
2.49
1.88
1.20
0.37
-0.61
-1.70
-2.82
-3.92
-4.96
-5.90
-6.76
-7.54
-8.25
-8.86
-9.36
-9.71
-9.89
-9.85
-9.58
-9.05
-8.29
-7.34
-6.28
-5.22
-4.26
-3.51
-3.05
-2.92
-3.15
-3.73
-4.56
-5.48
-6.24
-6.62
-6.47
-5.81
-4.76
-3.53
-2.29
-1.13
-0.07
0.91
1.83
2.63
3.24
3.62
3.78
3.78
3.72
3.64
3.57
3.47
3.30
3.02
2.66
2.31
2.08
2.07
2.32
2.77
3.28
3.68
3.79
3.56
2.99
2.21
1.39
0.68
0.21
0.05
0.20
0.63
1.26
1.99
2.74
3.45
4.06
4.57
4.96
5.25
5.50
5.75
6.06
6.42
6.76
6.94
6.78
6.16
5.08
3.70
2.28
1.13
0.50
0.45
0.89
1.60
2.36
2.99
3.41
3.58
3.54
3.30
2.92
2.50
2.17
2.07
2.26
2.71
3.26
3.74
4.00
4.02
3.87
3.68
3.54
3.50
3.53
3.55
3.50
3.32
2.99
2.49
1.85
1.11
0.35
-0.36
-0.97
-1.51
-2.04
-2.67
-3.46
-4.41
-5.45
-6.47
-7.34
-7.95
-8.20
-8.03
-7.44
-6.52
-5.50
-4.61
-4.07
-3.91
-4.00
-4.08
-3.91
-3.42
-2.75
-2.14
-1.86
-2.01
-2.52
-3.16
-3.69
-3.92
-3.84
-3.51
-3.02
-2.41
-1.62
-0.56
0.83
2.49
4.24
5.83
7.03
7.67
7.75
7.34
6.55
5.52
4.31
2.97
1.58
0.25
-0.85
-1.55
-1.73
-1.41
-0.73
0.06
0.73
1.15
1.30
1.27
1.23
1.28
1.46
1.74
2.07
2.37
2.65
2.88
3.07
3.21
3.26
3.20
3.02
2.72
2.35
1.96
1.56
1.14
0.65
0.05
-0.63
-1.31
-1.83
-2.08
-2.03
-1.75
-1.39
-1.11
-1.02
-1.06
-1.11
-0.99
-0.57
0.12
0.96
1.75
2.32
2.59
2.57
2.38
2.12
1.88
1.69
1.57
1.53
1.60
1.80
2.11
2.49
2.86
3.14
3.30
3.36
3.41
3.51
3.72
4.02
4.32
4.52
4.53
4.32
3.94
3.43
2.84
2.16
1.35
0.41
-0.65
-1.75
-2.80
-3.75
-4.64
-5.52
-6.44
-7.39
-8.28
-8.92
-9.14
-8.82
-7.97
-6.75
-5.37
-4.02
-2.84
-1.83
-0.94
-0.10
0.75
1.60
2.45
3.29
4.15
5.06
6.03
6.99
7.87
8.57
9.11
9.57
10.04
10.55
11.00
11.16
10.76
9.60
7.63
4.99
1.89
-1.39
-4.61
-7.56
-10.06
-12.00
-13.36
-14.25
-14.88
-15.49
-16.27
-17.21
-18.18
-18.95
-19.28
-19.03
-18.16
-16.74
-14.87
-12.68
-10.25
-7.65
-4.95
-2.27
0.21
2.32
3.92
4.98
5.57
5.84
5.92
5.93
5.87
5.75
5.56
5.35
5.19
5.12
5.11
5.07
4.90
4.54
4.03
3.44
2.86
2.34
1.90
1.50
1.06
0.55
-0.04
-0.66
-1.24
-1.72
-2.00
-2.05
-1.84
-1.40
-0.81
-0.16
0.43
0.94
1.39
1.86
2.39
2.97
3.49
3.85
3.97
3.87
3.64
3.37
3.14
2.95
2.79
2.61
2.42
2.19
1.91
1.52
0.95
0.18
-0.74
-1.66
-2.42
-2.89
-3.04
-2.98
-2.86
-2.88
-3.12
-3.54
-4.03
-4.42
-4.55
-4.33
-3.79
-2.98
-2.01
-1.01
-0.05
0.81
1.57
2.21
2.76
3.20
3.49
3.58
3.43
3.06
2.57
2.09
1.77
1.69
1.80
1.95
1.96
1.73
1.28
0.74
0.24
-0.16
-0.50
-0.88
-1.39
-2.01
-2.62
-3.10
-3.41
-3.55
-3.60
-3.62
-3.66
-3.72
-3.78
-3.83
-3.83
-3.74
-3.50
-3.08
-2.47
-1.72
-0.87
0.08
1.18
2.49
3.91
5.27
6.28
6.69
6.43
5.64
4.62
3.70
3.10
2.84
2.80
2.81
2.72
2.50
2.19
1.88
1.60
1.33
1.01
0.59
0.09
-0.42
-0.83
-1.08
-1.16
-1.14
-1.14
-1.28
-1.60
-2.11
-2.78
-3.57
-4.48
-5.49
-6.54
-7.49
-8.15
-8.33
-7.93
-7.01
-5.78
-4.51
-3.42
-2.63
-2.07
-1.66
-1.28
-0.90
-0.54
-0.24
0.01
0.25
0.54
0.89
1.28
1.62
1.85
1.98
2.04
2.07
2.11
2.11
2.05
1.88
1.63
1.30
0.96
0.62
0.30
-0.03
-0.40
-0.86
-1.42
-2.13
-2.96
-3.82
-4.54
-4.91
-4.74
-4.02
-2.87
-1.56
-0.36
0.55
1.11
1.43
1.66
1.95
2.35
2.85
3.40
3.88
4.22
4.32
4.17
3.81
3.37
2.98
2.74
2.63
2.54
2.36
2.02
1.55
1.08
0.72
0.50
0.33
0.04
-0.46
-1.21
-2.08
-2.94
-3.66
-4.20
-4.59
-4.86
-4.97
-4.87
-4.46
-3.72
-2.74
-1.66
-0.66
0.17
0.79
1.25
1.62
1.94
2.23
2.49
2.73
2.95
3.12
3.16
3.02
2.67
2.19
1.69
1.35
1.28
1.49
1.91
2.37
2.73
2.92
2.95
2.92
2.95
3.10
3.41
3.82
4.25
4.59
4.72
4.58
4.14
3.45
2.63
1.90
1.47
1.48
1.92
2.63
3.35
3.86
4.01
3.80
3.33
2.71
2.03
1.33
0.59
-0.22
-1.09
-1.95
-2.70
-3.22
-3.42
-3.27
-2.82
-2.17
-1.45
-0.78
-0.21
0.22
0.54
0.77
0.94
1.05
1.08
1.00
0.76
0.35
-0.24
-0.91
-1.60
-2.22
-2.73
-3.21
-3.74
-4.43
-5.31
-6.25
-7.02
-7.31
-6.95
-5.93
-4.51
-3.04
-1.84
-1.02
-0.50
-0.05
0.54
1.33
2.25
3.12
3.81
4.26
4.47
4.50
4.37
4.08
3.67
3.23
2.83
2.58
2.45
2.37
2.24
1.96
1.52
0.96
0.38
-0.19
-0.73
-1.27
-1.81
-2.31
-2.71
-2.97
-3.10
-3.21
-3.40
-3.75
-4.22
-4.67
-4.93
-4.86
-4.45
-3.79
-3.03
-2.34
-1.77
-1.29
-0.81
-0.21
0.55
1.46
2.43
3.33
3.99
4.32
4.28
3.95
3.45
2.94
2.52
2.22
2.00
1.78
1.50
1.13
0.72
0.32
-0.08
-0.48
-0.92
-1.42
-1.91
-2.35
-2.72
-3.09
-3.57
-4.22
-5.00
-5.72
-6.16
-6.13
-5.61
-4.74
-3.72
-2.75
-1.93
-1.26
-0.67
-0.08
0.54
1.13
1.62
1.95
2.09
2.07
1.99
1.96
2.03
2.20
2.41
2.56
2.58
2.42
2.08
1.61
1.08
0.57
0.19
-0.01
-0.06
-0.06
-0.19
-0.55
-1.18
-2.03
-2.93
-3.74
-4.31
-4.56
-4.47
-4.04
-3.32
-2.38
-1.33
-0.27
0.70
1.50
2.09
2.48
2.72
2.89
3.05
3.23
3.42
3.56
3.60
3.51
3.33
3.14
2.97
2.85
2.75
2.62
2.41
2.13
1.79
1.42
1.05
0.67
0.29
-0.09
-0.42
-0.69
-0.92
-1.18
-1.56
-2.16
-3.00
-4.01
-5.02
-5.80
-6.15
-5.96
-5.27
-4.24
-3.10
-2.03
-1.11
-0.33
0.37
1.05
1.73
2.40
3.05
3.66
4.18
4.56
4.69
4.50
4.03
3.39
2.78
2.36
2.19
2.20
2.24
2.21
2.07
1.86
1.67
1.54
1.44
1.29
1.03
0.62
0.11
-0.43
-0.91
-1.28
-1.54
-1.74
-1.93
-2.21
-2.62
-3.15
-3.74
-4.26
-4.60
-4.66
-4.45
-4.01
-3.43
-2.76
-2.01
-1.16
-0.23
0.72
1.57
2.27
2.81
3.25
3.66
4.09
4.46
4.66
4.61
4.33
3.92
3.52
3.20
2.98
2.78
2.55
2.26
1.95
1.68
1.46
1.28
1.09
0.83
0.46
-0.02
-0.57
-1.10
-1.52
-1.74
-1.76
-1.66
-1.58
-1.68
-2.03
-2.61
-3.34
-4.10
-4.80
-5.33
-5.61
-5.55
-5.11
-4.33
-3.35
-2.36
-1.56
-1.00
-0.66
-0.43
-0.18
0.19
0.68
1.25
1.82
2.34
2.76
3.05
3.20
3.21
3.11
2.95
2.75
2.56
2.38
2.19
1.95
1.64
1.25
0.81
0.34
-0.15
-0.64
-1.11
-1.52
-1.82
-1.97
-2.01
-2.04
-2.21
-2.62
-3.27
-4.03
-4.66
-4.96
-4.85
-4.34
-3.57
-2.68
-1.81
-1.04
-0.40
0.12
0.54
0.90
1.26
1.66
2.07
2.46
2.74
2.81
2.69
2.43
2.15
1.96
1.90
1.90
1.84
1.66
1.31
0.87
0.42
0.05
-0.24
-0.50
-0.82
-1.22
-1.65
-2.05
-2.37
-2.65
-2.97
-3.41
-3.95
-4.45
-4.70
-4.57
-4.02
-3.17
-2.22
-1.34
-0.57
0.11
0.77
1.43
2.05
2.57
2.94
3.19
3.38
3.54
3.67
3.71
3.61
3.34
2.93
2.42
1.91
1.47
1.17
1.04
1.04
1.13
1.23
1.24
1.12
0.86
0.49
0.03
-0.49
-1.07
-1.73
-2.45
-3.20
-3.93
-4.58
-5.02
-5.16
-4.93
-4.34
-3.50
-2.58
-1.68
-0.88
-0.15
0.56
1.27
1.93
2.47
2.83
3.02
3.13
3.24
3.41
3.64
3.87
4.04
4.12
4.08
3.93
3.64
3.21
2.65
2.04
1.49
1.09
0.90
0.84
0.82
0.68
0.38
-0.08
-0.58
-1.03
-1.37
-1.64
-1.93
-2.31
-2.80
-3.37
-3.96
-4.51
-4.99
-5.37
-5.60
-5.58
-5.23
-4.56
-3.63
-2.61
-1.67
-0.87
-0.21
0.41
1.09
1.84
2.61
3.27
3.71
3.90
3.89
3.77
3.64
3.54
3.45
3.34
3.22
3.11
3.09
3.18
3.33
3.45
3.41
3.16
2.75
2.22
1.66
1.10
0.51
-0.12
-0.77
-1.36
-1.82
-2.08
-2.16
-2.13
-2.12
-2.23
-2.53
-3.04
-3.69
-4.40
-5.03
-5.46
-5.60
-5.39
-4.84
-3.99
-2.95
-1.79
-0.65
0.40
1.30
2.01
2.58
3.02
3.34
3.51
3.54
3.44
3.29
3.15
3.13
3.24
3.41
3.54
3.54
3.36
3.05
2.74
2.51
2.40
2.36
2.29
2.10
1.74
1.24
0.65
0.02
-0.61
-1.21
-1.78
-2.26
-2.59
-2.75
-2.79
-2.82
-2.95
-3.28
-3.78
-4.35
-4.83
-5.06
-4.96
-4.51
-3.79
-2.91
-2.01
-1.15
-0.39
0.32
1.03
1.79
2.59
3.35
3.99
4.43
4.64
4.65
4.51
4.27
3.98
3.64
3.27
2.91
2.56
2.24
1.95
1.69
1.49
1.36
1.30
1.27
1.19
0.99
0.63
0.14
-0.35
-0.71
-0.88
-0.87
-0.81
-0.85
-1.13
-1.69
-2.45
-3.31
-4.14
-4.82
-5.30
-5.53
-5.45
-5.05
-4.35
-3.47
-2.57
-1.78
-1.17
-0.67
-0.17
0.44
1.15
1.91
2.58
3.07
3.35
3.48
3.50
3.46
3.33
3.08
2.70
2.24
1.82
1.53
1.44
1.50
1.65
1.78
1.84
1.80
1.68
1.50
1.23
0.82
0.28
-0.36
-0.98
-1.43
-1.64
-1.65
-1.57
-1.59
-1.85
-2.38
-3.09
-3.84
-4.47
-4.84
-4.92
-4.73
-4.31
-3.74
-3.07
-2.34
-1.59
-0.86
-0.19
0.41
0.98
1.55
2.15
2.77
3.33
3.70
3.78
3.52
3.00
2.39
1.85
1.48
1.25
1.09
0.91
0.73
0.58
0.54
0.58
0.65
0.64
0.51
0.28
0.03
-0.20
-0.38
-0.57
-0.84
-1.25
-1.83
-2.56
-3.41
-4.30
-5.10
-5.63
-5.75
-5.40
-4.63
-3.62
-2.59
-1.70
-1.03
-0.50
-0.05
0.42
0.91
1.38
1.81
2.16
2.47
2.77
3.07
3.34
3.53
3.55
3.36
3.00
2.57
2.18
1.98
2.02
2.23
2.47
2.57
2.40
1.92
1.22
0.46
-0.20
-0.68
-0.97
-1.14
-1.25
-1.39
-1.59
-1.86
-2.24
-2.73
-3.36
-4.08
-4.84
-5.53
-6.03
-6.23
-6.07
-5.55
-4.72
-3.67
-2.53
-1.42
-0.42
0.43
1.16
1.82
2.42
2.97
3.40
3.64
3.66
3.53
3.36
3.28
3.33
3.44
3.47
3.33
2.99
2.57
2.22
2.07
2.11
2.22
2.25
2.06
1.62
0.97
0.22
-0.50
-1.12
-1.60
-1.92
-2.10
-2.17
-2.19
-2.23
-2.37
-2.71
-3.29
-4.11
-5.08
-6.01
-6.65
-6.78
-6.29
-5.20
-3.71
-2.13
-0.74
0.26
0.84
1.11
1.25
1.41
1.66
1.99
2.33
2.61
2.81
2.96
3.10
3.26
3.45
3.67
3.89
4.03
4.03
3.85
3.48
2.98
2.48
2.09
1.87
1.79
1.75
1.63
1.36
0.94
0.42
-0.12
-0.67
-1.22
-1.78
-2.35
-2.88
-3.32
-3.65
-3.91
-4.19
-4.58
-5.10
-5.66
-6.09
-6.19
-5.85
-5.07
-4.00
-2.86
-1.85
-1.10
-0.56
-0.10
0.44
1.18
2.10
3.07
3.88
4.36
4.45
4.21
3.85
3.55
3.43
3.50
3.64
3.75
3.77
3.71
3.62
3.52
3.42
3.27
3.04
2.73
2.37
2.01
1.64
1.22
0.68
0.01
-0.73
-1.43
-1.99
-2.35
-2.55
-2.68
-2.83
-3.06
-3.40
-3.85
-4.36
-4.90
-5.35
-5.59
-5.47
-4.93
-4.01
-2.87
-1.73
-0.77
-0.05
0.52
1.04
1.61
2.26
2.94
3.54
3.99
4.27
4.39
4.39
4.27
4.03
3.65
3.16
2.68
2.33
2.21
2.33
2.56
2.70
2.59
2.22
1.64
1.03
0.52
0.14
-0.11
-0.30
-0.47
-0.65
-0.87
-1.16
-1.58
-2.12
-2.74
-3.37
-3.91
-4.30
-4.54
-4.68
-4.76
-4.75
-4.60
-4.21
-3.51
-2.54
-1.39
-0.26
0.68
1.33
1.70
1.92
2.14
2.44
2.79
3.09
3.26
3.29
3.23
3.19
3.21
3.26
3.27
3.16
2.91
2.58
2.25
1.99
1.79
1.61
1.34
0.95
0.40
-0.23
-0.84
-1.33
-1.63
-1.76
-1.81
-1.93
-2.25
-2.81
-3.58
-4.42
-5.22
-5.81
-6.08
-5.96
-5.44
-4.59
-3.57
-2.55
-1.72
-1.11
-0.64
-0.17
0.47
1.32
2.35
3.39
4.27
4.85
5.07
4.96
4.57
4.04
3.48
2.98
2.60
2.36
2.22
2.18
2.22
2.35
2.50
2.59
2.50
2.14
1.50
0.65
-0.24
-1.03
-1.61
-1.96
-2.12
-2.21
-2.31
-2.54
-2.95
-3.54
-4.24
-4.92
-5.43
-5.62
-5.47
-5.00
-4.34
-3.58
-2.80
-2.03
-1.29
-0.58
0.06
0.60
1.05
1.44
1.84
2.29
2.77
3.20
3.50
3.61
3.58
3.51
3.47
3.49
3.50
3.42
3.20
2.91
2.66
2.54
2.60
2.74
2.83
2.74
2.45
1.99
1.43
0.82
0.19
-0.47
-1.12
-1.68
-2.08
-2.29
-2.33
-2.35
-2.48
-2.85
-3.51
-4.38
-5.31
-6.09
-6.51
-6.44
-5.89
-4.96
-3.87
-2.83
-1.98
-1.31
-0.73
-0.12
0.60
1.41
2.21
2.89
3.38
3.66
3.77
3.75
3.64
3.48
3.33
3.24
3.26
3.41
3.61
3.76
3.75
3.55
3.19
2.77
2.40
2.15
2.01
1.89
1.69
1.30
0.74
0.05
-0.64
-1.20
-1.59
-1.83
-1.99
-2.16
-2.39
-2.73
-3.20
-3.79
-4.48
-5.16
-5.70
-5.91
-5.68
-4.99
-3.93
-2.72
-1.55
-0.58
0.16
0.71
1.15
1.57
2.01
2.46
2.86
3.14
3.23
3.13
2.91
2.64
2.44
2.37
2.44
2.61
2.79
2.89
2.85
2.64
2.29
1.86
1.43
1.05
0.75
0.50
0.27
0.05
-0.13
-0.27
-0.38
-0.52
-0.79
-1.22
-1.80
-2.43
-3.02
-3.53
-3.99
-4.45
-4.94
-5.36
-5.55
-5.31
-4.61
-3.54
-2.33
-1.23
-0.43
0.06
0.35
0.64
1.04
1.58
2.19
2.74
3.13
3.32
3.33
3.23
3.06
2.82
2.51
2.16
1.83
1.59
1.51
1.60
1.80
1.99
2.07
1.95
1.64
1.15
0.56
-0.06
-0.65
-1.17
-1.58
-1.92
-2.24
-2.62
-3.13
-3.79
-4.56
-5.36
-6.05
-6.49
-6.53
-6.10
-5.20
-3.95
-2.56
-1.27
-0.27
0.36
0.71
0.95
1.27
1.76
2.43
3.15
3.77
4.19
4.36
4.31
4.13
3.89
3.63
3.36
3.04
2.67
2.29
1.97
1.77
1.73
1.80
1.86
1.79
1.50
0.98
0.31
-0.43
-1.11
-1.66
-2.07
-2.36
-2.61
-2.88
-3.24
-3.71
-4.26
-4.81
-5.27
-5.55
-5.58
-5.33
-4.80
-4.03
-3.08
-2.05
-1.02
-0.08
0.73
1.44
2.08
2.69
3.23
3.65
3.90
3.94
3.79
3.55
3.31
3.16
3.14
3.22
3.35
3.43
3.40
3.25
2.98
2.62
2.22
1.80
1.39
0.98
0.60
0.24
-0.09
-0.38
-0.65
-0.91
-1.20
-1.52
-1.89
-2.33
-2.88
-3.55
-4.32
-5.12
-5.82
-6.30
-6.43
-6.15
-5.46
-4.43
-3.21
-1.99
-0.93
-0.12
0.43
0.85
1.28
1.80
2.43
3.08
3.63
3.99
4.12
4.10
4.00
3.87
3.73
3.55
3.34
3.12
2.93
2.79
2.70
2.60
2.44
2.18
1.85
1.47
1.10
0.76
0.49
0.26
0.04
-0.19
-0.46
-0.83
-1.30
-1.89
-2.58
-3.35
-4.15
-4.90
-5.52
-5.92
-6.02
-5.80
-5.29
-4.55
-3.67
-2.69
-1.68
-0.66
0.33
1.24
2.02
2.61
3.00
3.18
3.18
3.06
2.87
2.71
2.63
2.67
2.82
3.03
3.21
3.29
3.24
3.07
2.81
2.52
2.24
1.97
1.73
1.52
1.34
1.16
0.92
0.58
0.12
-0.43
-0.99
-1.52
-2.01
-2.50
-3.02
-3.57
-4.12
-4.55
-4.80
-4.85
-4.72
-4.45
-4.07
-3.57
-2.94
-2.19
-1.38
-0.58
0.10
0.60
0.95
1.23
1.56
2.01
2.59
3.22
3.75
4.05
4.03
3.71
3.17
2.56
2.02
1.64
1.47
1.47
1.55
1.64
1.66
1.58
1.37
1.00
0.44
-0.29
-1.12
-1.92
-2.54
-2.88
-3.00
-3.03
-3.18
-3.58
-4.24
-5.02
-5.69
-6.04
-5.94
-5.35
-4.35
-3.09
-1.77
-0.55
0.47
1.28
1.94
2.56
3.20
3.83
4.35
4.63
4.62
4.32
3.86
3.37
2.94
2.63
2.39
2.22
2.11
2.09
2.13
2.13
1.94
1.42
0.55
-0.50
-1.50
-2.19
-2.46
-2.37
-2.12
-1.94
-2.00
-2.34
-2.93
-3.67
-4.45
-5.14
-5.62
-5.74
-5.43
-4.68
-3.59
-2.37
-1.21
-0.26
0.44
0.96
1.42
1.95
2.54
3.12
3.56
3.75
3.67
3.43
3.15
2.96
2.88
2.87
2.85
2.76
2.59
2.40
2.25
2.20
2.26
2.34
2.34
2.15
1.74
1.13
0.42
-0.27
-0.84
-1.28
-1.65
-2.03
-2.47
-3.00
-3.57
-4.11
-4.57
-4.89
-5.04
-4.95
-4.58
-3.94
-3.07
-2.11
-1.18
-0.39
0.24
0.76
1.26
1.80
2.37
2.93
3.38
3.67
3.79
3.78
3.72
3.65
3.58
3.50
3.37
3.19
2.99
2.80
2.66
2.55
2.45
2.27
1.94
1.46
0.87
0.27
-0.23
-0.58
-0.79
-0.93
-1.08
-1.32
-1.65
-2.10
-2.63
-3.27
-4.01
-4.80
-5.53
-6.00
-6.04
-5.54
-4.54
-3.22
-1.85
-0.69
0.13
0.62
0.94
1.25
1.68
2.21
2.75
3.19
3.45
3.57
3.62
3.68
3.77
3.86
3.87
3.71
3.40
2.99
2.56
2.20
1.97
1.88
1.89
1.94
1.93
1.78
1.43
0.90
0.23
-0.47
-1.06
-1.47
-1.69
-1.79
-1.91
-2.19
-2.75
-3.56
-4.54
-5.48
-6.17
-6.49
-6.36
-5.83
-5.01
-4.03
-3.03
-2.09
-1.25
-0.49
0.20
0.84
1.42
1.92
2.34
2.72
3.08
3.43
3.70
3.78
3.56
3.01
2.22
1.41
0.82
0.57
0.68
1.02
1.41
1.72
1.89
1.90
1.74
1.38
0.83
0.14
-0.61
-1.30
-1.82
-2.17
-2.41
-2.65
-3.00
-3.52
-4.20
-4.91
-5.46
-5.66
-5.39
-4.64
-3.54
-2.31
-1.12
-0.09
0.76
1.45
1.99
2.35
2.54
2.60
2.61
2.65
2.77
2.91
2.96
2.89
2.69
2.43
2.19
2.00
1.86
1.76
1.67
1.59
1.46
1.23
0.85
0.32
-0.28
-0.83
-1.23
-1.44
-1.48
-1.46
-1.47
-1.61
-1.96
-2.57
-3.41
-4.35
-5.18
-5.67
-5.67
-5.18
-4.34
-3.37
-2.45
-1.65
-0.96
-0.34
0.22
0.74
1.19
1.61
2.04
2.51
3.01
3.50
3.90
4.12
4.13
3.95
3.64
3.28
2.92
2.59
2.28
1.98
1.69
1.41
1.13
0.81
0.42
-0.08
-0.65
-1.19
-1.57
-1.71
-1.65
-1.52
-1.49
-1.69
-2.15
-2.78
-3.48
-4.17
-4.78
-5.24
-5.47
-5.38
-4.92
-4.15
-3.18
-2.21
-1.38
-0.72
-0.20
0.27
0.77
1.34
1.98
2.66
3.30
3.81
4.10
4.10
3.83
3.40
2.96
2.64
2.52
2.55
2.67
2.79
2.84
2.82
2.70
2.50
2.23
1.88
1.51
1.13
0.77
0.42
0.03
-0.43
-0.95
-1.49
-2.00
-2.41
-2.73
-3.04
-3.47
-4.11
-4.97
-5.91
-6.68
-7.03
-6.79
-5.97
-4.71
-3.27
-1.86
-0.64
0.33
1.11
1.75
2.32
2.86
3.35
3.77
4.04
4.13
4.05
3.86
3.68
3.58
3.57
3.57
3.50
3.30
2.97
2.62
2.31
2.12
2.02
1.92
1.73
1.36
0.82
0.18
-0.46
-1.01
-1.41
-1.67
-1.84
-2.01
-2.27
-2.67
-3.21
-3.82
-4.44
-4.96
-5.32
-5.45
-5.33
-4.93
-4.27
-3.40
-2.38
-1.30
-0.25
0.72
1.56
2.27
2.83
3.25
3.53
3.65
3.63
3.51
3.34
3.18
3.04
2.87
2.61
2.26
1.86
1.52
1.33
1.31
1.37
1.39
1.22
0.83
0.25
-0.41
-1.05
-1.59
-2.06
-2.49
-2.94
-3.44
-3.98
-4.55
-5.07
-5.47
-5.66
-5.55
-5.10
-4.35
-3.37
-2.31
-1.30
-0.43
0.26
0.81
1.28
1.75
2.26
2.79
3.31
3.73
4.02
4.14
4.13
4.04
3.91
3.78
3.62
3.40
3.09
2.71
2.31
1.97
1.77
1.67
1.57
1.35
0.88
0.16
-0.72
-1.60
-2.32
-2.82
-3.14
-3.39
-3.69
-4.08
-4.54
-4.97
-5.24
-5.27
-5.00
-4.45
-3.68
-2.78
-1.87
-1.04
-0.37
0.12
0.50
0.87
1.32
1.90
2.56
3.23
3.80
4.19
4.36
4.32
4.11
3.78
3.38
2.95
2.56
2.23
2.02
1.93
1.94
2.01
2.08
2.07
1.92
1.57
1.06
0.42
-0.24
-0.82
-1.29
-1.65
-1.97
-2.33
-2.82
-3.50
-4.34
-5.21
-5.94
-6.31
-6.17
-5.50
-4.41
-3.16
-2.00
-1.04
-0.30
0.35
1.02
1.77
2.53
3.20
3.70
4.02
4.20
4.29
4.30
4.20
3.97
3.65
3.33
3.14
3.15
3.33
3.55
3.67
3.60
3.33
2.91
2.40
1.83
1.20
0.54
-0.11
-0.67
-1.06
-1.30
-1.42
-1.56
-1.78
-2.16
-2.65
-3.21
-3.75
-4.23
-4.64
-4.97
-5.19
-5.23
-4.99
-4.40
-3.52
-2.47
-1.47
-0.68
-0.13
0.29
0.74
1.34
2.09
2.85
3.44
3.74
3.76
3.62
3.45
3.34
3.30
3.29
3.24
3.14
3.00
2.86
2.73
2.58
2.37
2.06
1.63
1.14
0.65
0.21
-0.15
-0.43
-0.65
-0.84
-1.00
-1.16
-1.34
-1.61
-1.98
-2.50
-3.12
-3.78
-4.43
-4.99
-5.39
-5.54
-5.38
-4.86
-4.02
-3.00
-1.96
-1.07
-0.37
0.17
0.66
1.17
1.71
2.21
2.58
2.77
2.79
2.72
2.63
2.54
2.43
2.29
2.15
2.08
2.15
2.34
2.57
2.68
2.54
2.12
1.50
0.78
0.08
-0.55
-1.09
-1.53
-1.87
-2.08
-2.18
-2.29
-2.55
-3.04
-3.77
-4.57
-5.22
-5.49
-5.30
-4.66
-3.72
-2.69
-1.72
-0.89
-0.20
0.40
0.98
1.59
2.22
2.82
3.29
3.56
3.60
3.44
3.17
2.89
2.65
2.47
2.32
2.15
1.90
1.57
1.19
0.83
0.56
0.41
0.35
0.32
0.24
0.05
-0.23
-0.55
-0.88
-1.23
-1.63
-2.16
-2.89
-3.77
-4.71
-5.53
-6.06
-6.13
-5.71
-4.88
-3.83
-2.81
-1.97
-1.34
-0.82
-0.23
0.55
1.49
2.45
3.26
3.80
4.09
4.22
4.31
4.41
4.48
4.43
4.19
3.78
3.30
2.85
2.50
2.23
1.97
1.64
1.25
0.85
0.52
0.30
0.16
0.05
-0.08
-0.25
-0.44
-0.64
-0.87
-1.21
-1.76
-2.54
-3.51
-4.55
-5.49
-6.17
-6.48
-6.32
-5.71
-4.72
-3.45
-2.07
-0.73
0.46
1.42
2.13
2.63
3.00
3.30
3.56
3.76
3.87
3.85
3.75
3.65
3.65
3.77
3.92
3.96
3.77
3.33
2.75
2.19
1.81
1.66
1.66
1.70
1.65
1.44
1.11
0.70
0.26
-0.21
-0.71
-1.24
-1.77
-2.26
-2.66
-2.96
-3.21
-3.47
-3.80
-4.19
-4.58
-4.89
-5.01
-4.89
-4.56
-4.05
-3.43
-2.75
-2.03
-1.25
-0.39
0.55
1.53
2.45
3.19
3.66
3.82
3.73
3.49
3.19
2.93
2.73
2.59
2.46
2.30
2.07
1.77
1.44
1.15
0.94
0.81
0.70
0.53
0.24
-0.18
-0.68
-1.17
-1.60
-1.96
-2.26
-2.55
-2.83
-3.07
-3.29
-3.48
-3.67
-3.83
-3.94
-3.93
-3.74
-3.36
-2.81
-2.12
-1.35
-0.54
0.24
0.90
1.37
1.62
1.72
1.82
2.03
2.39
2.84
3.22
3.36
3.23
2.92
2.57
2.39
2.44
2.71
3.06
3.34
3.44
3.31
2.96
2.42
1.75
1.00
0.24
-0.47
-1.06
-1.51
-1.85
-2.14
-2.47
-2.92
-3.51
-4.20
-4.87
-5.42
-5.71
-5.70
-5.38
-4.80
-4.04
-3.21
-2.38
-1.61
-0.90
-0.23
0.42
1.07
1.69
2.27
2.78
3.22
3.59
3.87
4.04
4.10
4.04
3.91
3.74
3.58
3.42
3.26
3.09
2.87
2.61
2.30
1.96
1.59
1.21
0.83
0.46
0.10
-0.22
-0.50
-0.73
-0.90
-1.06
-1.29
-1.71
-2.38
-3.29
-4.31
-5.21
-5.79
-5.95
-5.68
-5.08
-4.28
-3.38
-2.43
-1.47
-0.53
0.30
0.97
1.46
1.81
2.11
2.46
2.85
3.24
3.54
3.71
3.78
3.82
3.86
3.91
3.88
3.72
3.43
3.07
2.74
2.49
2.30
2.07
1.74
1.29
0.80
0.36
0.00
-0.30
-0.63
-1.05
-1.55
-2.06
-2.44
-2.66
-2.78
-2.93
-3.29
-3.92
-4.74
-5.57
-6.15
-6.28
-5.91
-5.15
-4.15
-3.11
-2.13
-1.23
-0.42
0.33
1.01
1.59
2.08
2.49
2.86
3.19
3.42
3.51
3.43
3.20
2.98
2.89
3.04
3.37
3.74
3.94
3.84
3.44
2.82
2.14
1.53
1.06
0.70
0.39
0.05
-0.41
-0.97
-1.58
-2.16
-2.59
-2.85
-2.96
-2.99
-3.03
-3.15
-3.40
-3.77
-4.26
-4.82
-5.35
-5.72
-5.75
-5.35
-4.53
-3.42
-2.23
-1.11
-0.17
0.58
1.19
1.66
2.01
2.18
2.20
2.15
2.16
2.32
2.65
3.03
3.30
3.27
2.90
2.25
1.50
0.85
0.45
0.31
0.36
0.44
0.38
0.08
-0.47
-1.20
-1.96
-2.58
-2.94
-3.03
-2.94
-2.87
-3.03
-3.50
-4.24
-5.03
-5.60
-5.72
-5.29
-4.38
-3.17
-1.87
-0.66
0.34
1.11
1.67
2.07
2.41
2.74
3.09
3.47
3.83
4.13
4.36
4.52
4.58
4.52
4.30
3.93
3.45
2.94
2.48
2.10
1.82
1.60
1.40
1.20
0.97
0.71
0.41
0.05
-0.35
-0.79
-1.24
-1.66
-2.08
-2.51
-3.02
-3.64
-4.37
-5.10
-5.65
-5.84
-5.56
-4.82
-3.78
-2.65
-1.62
-0.76
-0.02
0.68
1.40
2.11
2.74
3.19
3.40
3.41
3.32
3.26
3.33
3.53
3.76
3.91
3.89
3.70
3.39
3.09
2.87
2.78
2.75
2.68
2.45
1.99
1.32
0.55
-0.15
-0.66
-0.89
-0.90
-0.84
-0.88
-1.14
-1.68
-2.42
-3.26
-4.11
-4.84
-5.35
-5.51
-5.23
-4.50
-3.43
-2.26
-1.21
-0.43
0.07
0.44
0.84
1.37
2.03
2.71
3.27
3.65
3.80
3.80
3.72
3.62
3.55
3.48
3.37
3.20
2.97
2.71
2.47
2.29
2.19
2.13
2.06
1.90
1.62
1.22
0.73
0.17
-0.42
-1.00
-1.51
-1.92
-2.23
-2.49
-2.78
-3.19
-3.75
-4.47
-5.23
-5.90
-6.33
-6.39
-6.04
-5.33
-4.33
-3.15
-1.92
-0.75
0.27
1.04
1.54
1.80
1.93
2.06
2.32
2.71
3.18
3.58
3.82
3.82
3.63
3.36
3.08
2.87
2.74
2.71
2.75
2.84
2.92
2.91
2.73
2.28
1.58
0.70
-0.21
-0.99
-1.51
-1.69
-1.57
-1.27
-0.96
-0.79
-0.92
-1.40
-2.15
-3.00
-3.69
-4.02
-3.86
-3.20
-2.19
-1.00
0.18
1.22
2.05
2.66
3.04
3.20
3.16
2.97
2.71
2.48
2.33
2.23
2.13
1.93
1.62
1.25
0.93
0.72
0.63
0.58
0.49
0.29
-0.01
-0.39
-0.82
-1.29
-1.81
-2.34
-2.84
-3.25
-3.52
-3.71
-3.88
-4.18
-4.67
-5.35
-6.10
-6.73
-7.01
-6.79
-6.04
-4.85
-3.41
-1.99
-0.76
0.16
0.79
1.24
1.67
2.20
2.89
3.69
4.46
5.05
5.35
5.32
5.03
4.61
4.19
3.81
3.45
3.07
2.64
2.21
1.88
1.69
1.66
1.69
1.63
1.36
0.87
0.22
-0.43
-0.94
-1.27
-1.52
-1.84
-2.41
-3.28
-4.35
-5.40
-6.13
-6.34
-5.96
-5.09
-3.95
-2.78
-1.77
-0.97
-0.38
0.10
0.57
1.06
1.61
2.16
2.66
3.06
3.32
3.46
3.46
3.34
3.09
2.70
2.24
1.82
1.58
1.59
1.81
2.12
2.31
2.21
1.80
1.14
0.37
-0.38
-1.01
-1.47
-1.72
-1.77
-1.63
-1.44
-1.37
-1.60
-2.20
-3.11
-4.12
-4.96
-5.44
-5.48
-5.11
-4.43
-3.55
-2.57
-1.56
-0.61
0.23
0.92
1.50
2.01
2.52
3.04
3.51
3.86
4.02
4.01
3.90
3.75
3.59
3.39
3.13
2.79
2.44
2.13
1.86
1.56
1.10
0.41
-0.43
-1.24
-1.78
-1.89
-1.61
-1.15
-0.80
-0.82
-1.30
-2.20
-3.32
-4.40
-5.23
-5.63
-5.52
-4.93
-3.95
-2.73
-1.47
-0.35
0.54
1.16
1.58
1.93
2.29
2.71
3.16
3.60
3.97
4.25
4.45
4.54
4.50
4.28
3.86
3.28
2.63
2.08
1.73
1.63
1.69
1.76
1.71
1.47
1.08
0.64
0.26
-0.01
-0.23
-0.45
-0.75
-1.14
-1.60
-2.14
-2.79
-3.59
-4.52
-5.50
-6.28
-6.65
-6.43
-5.63
-4.41
-3.06
-1.84
-0.92
-0.32
0.07
0.45
0.94
1.59
2.34
3.06
3.62
3.97
4.11
4.10
3.98
3.78
3.49
3.10
2.67
2.27
1.99
1.84
1.76
1.65
1.39
0.95
0.36
-0.25
-0.78
-1.12
-1.28
-1.31
-1.36
-1.55
-1.98
-2.66
-3.48
-4.32
-5.03
-5.52
-5.75
-5.74
-5.48
-4.96
-4.11
-2.93
-1.49
0.02
1.38
2.38
2.93
3.07
2.97
2.80
2.70
2.70
2.76
2.80
2.77
2.67
2.57
2.54
2.60
2.72
2.82
2.79
2.55
2.08
1.44
0.71
0.01
-0.60
-1.07
-1.39
-1.59
-1.74
-1.91
-2.19
-2.66
-3.35
-4.22
-5.16
-5.96
-6.43
-6.44
-5.96
-5.10
-3.99
-2.81
-1.68
-0.67
0.17
0.86
1.42
1.89
2.32
2.71
3.04
3.26
3.35
3.34
3.30
3.30
3.34
3.37
3.32
3.13
2.86
2.63
2.53
2.58
2.69
2.67
2.36
1.70
0.79
-0.20
-1.06
-1.70
-2.10
-2.37
-2.62
-2.91
-3.27
-3.66
-4.06
-4.45
-4.84
-5.17
-5.32
-5.15
-4.58
-3.66
-2.54
-1.40
-0.42
0.37
1.01
1.59
2.14
2.61
2.95
3.10
3.10
3.05
3.02
3.06
3.16
3.25
3.28
3.19
2.99
2.71
2.37
2.03
1.72
1.44
1.21
1.01
0.81
0.59
0.31
-0.06
-0.51
-1.03
-1.59
-2.15
-2.65
-3.09
-3.48
-3.85
-4.23
-4.62
-4.94
-5.12
-5.06
-4.71
-4.07
-3.19
-2.14
-1.02
0.06
1.01
1.78
2.36
2.80
3.18
3.56
3.93
4.28
4.51
4.56
4.38
3.98
3.44
2.83
2.26
1.79
1.48
1.35
1.35
1.44
1.55
1.62
1.63
1.56
1.40
1.10
0.66
0.06
-0.63
-1.32
-1.95
-2.47
-2.91
-3.33
-3.79
-4.28
-4.75
-5.11
-5.26
-5.15
-4.78
-4.18
-3.43
-2.63
-1.85
-1.13
-0.44
0.24
0.94
1.64
2.28
2.77
3.03
3.05
2.89
2.63
2.36
2.12
1.95
1.85
1.79
1.74
1.68
1.61
1.53
1.48
1.44
1.36
1.12
0.67
0.03
-0.69
-1.27
-1.59
-1.67
-1.67
-1.84
-2.33
-3.14
-4.07
-4.90
-5.39
-5.49
-5.21
-4.66
-3.93
-3.08
-2.17
-1.26
-0.45
0.16
0.55
0.81
1.10
1.60
2.40
3.39
4.35
4.98
5.08
4.65
3.87
3.02
2.40
2.12
2.14
2.26
2.27
2.03
1.54
0.91
0.31
-0.11
-0.29
-0.27
-0.16
-0.08
-0.14
-0.40
-0.81
-1.35
-1.99
-2.77
-3.70
-4.75
-5.80
-6.58
-6.84
-6.41
-5.32
-3.81
-2.24
-0.91
0.03
0.65
1.09
1.54
2.06
2.61
3.10
3.46
3.65
3.70
3.65
3.57
3.49
3.42
3.35
3.25
3.13
2.98
2.84
2.74
2.68
2.60
2.41
2.00
1.35
0.57
-0.19
-0.75
-1.06
-1.15
-1.20
-1.36
-1.71
-2.28
-3.01
-3.82
-4.65
-5.44
-6.11
-6.51
-6.52
-6.04
-5.09
-3.83
-2.52
-1.40
-0.59
-0.06
0.39
0.96
1.77
2.77
3.79
4.62
5.16
5.41
5.46
5.41
5.28
5.05
4.68
4.20
3.67
3.23
2.93
2.78
2.68
2.55
2.30
1.96
1.56
1.15
0.77
0.38
-0.03
-0.49
-0.95
-1.38
-1.74
-2.03
-2.33
-2.68
-3.14
-3.69
-4.27
-4.80
-5.21
-5.39
-5.29
-4.83
-4.02
-2.95
-1.79
-0.74
0.06
0.54
0.79
0.94
1.14
1.42
1.78
2.15
2.47
2.74
2.95
3.13
3.27
3.35
3.36
3.27
3.05
2.70
2.22
1.65
1.08
0.59
0.25
0.08
0.03
-0.02
-0.17
-0.47
-0.90
-1.39
-1.86
-2.30
-2.76
-3.32
-4.01
-4.77
-5.47
-5.90
-5.91
-5.45
-4.61
-3.53
-2.41
-1.37
-0.49
0.23
0.76
1.13
1.36
1.51
1.68
1.95
2.36
2.85
3.30
3.57
3.60
3.42
3.13
2.87
2.71
2.68
2.71
2.73
2.64
2.34
1.77
0.95
-0.03
-1.00
-1.75
-2.11
-2.08
-1.78
-1.48
-1.40
-1.70
-2.39
-3.33
-4.35
-5.21
-5.75
-5.83
-5.41
-4.55
-3.44
-2.30
-1.33
-0.61
-0.11
0.33
0.85
1.54
2.34
3.13
3.75
4.09
4.18
4.10
3.98
3.92
3.92
3.91
3.79
3.50
3.07
2.62
2.27
2.12
2.15
2.22
2.14
1.75
1.00
-0.02
-1.07
-1.91
-2.35
-2.36
-2.12
-1.91
-2.00
-2.54
-3.49
-4.61
-5.60
-6.18
-6.23
-5.77
-4.94
-3.90
-2.81
-1.77
-0.84
-0.08
0.53
1.03
1.50
2.04
2.65
3.31
3.89
4.31
4.53
4.56
4.48
4.31
4.06
3.73
3.32
2.90
2.57
2.38
2.36
2.42
2.44
2.31
1.98
1.46
0.82
0.14
-0.48
-1.02
-1.45
-1.76
-1.96
-2.05
-2.09
-2.16
-2.36
-2.80
-3.51
-4.42
-5.38
-6.15
-6.54
-6.40
-5.72
-4.63
-3.30
-1.98
-0.82
0.09
0.78
1.31
1.76
2.19
2.61
3.00
3.36
3.71
4.01
4.24
4.31
4.20
3.93
3.55
3.14
2.77
2.42
2.06
1.67
1.29
0.97
0.77
0.67
0.59
0.44
0.18
-0.18
-0.58
-0.98
-1.37
-1.80
-2.29
-2.82
-3.32
-3.74
-4.04
-4.25
-4.40
-4.48
-4.41
-4.05
-3.36
-2.39
-1.35
-0.45
0.17
0.54
0.80
1.12
1.58
2.12
2.61
2.92
3.05
3.03
2.98
2.92
2.85
2.71
2.46
2.10
1.68
1.26
0.87
0.57
0.40
0.41
0.58
0.79
0.87
0.66
0.07
-0.80
-1.74
-2.54
-3.11
-3.49
-3.82
-4.25
-4.77
-5.25
-5.56
-5.55
-5.21
-4.61
-3.84
-3.00
-2.14
-1.30
-0.48
0.31
1.09
1.85
2.61
3.33
3.97
4.46
4.74
4.80
4.67
4.40
4.05
3.66
3.24
2.80
2.37
2.00
1.71
1.51
1.37
1.20
0.93
0.54
0.07
-0.39
-0.80
-1.12
-1.41
-1.73
-2.11
-2.53
-2.95
-3.37
-3.82
-4.34
-4.91
-5.42
-5.68
-5.51
-4.85
-3.79
-2.58
-1.50
-0.75
-0.30
0.04
0.50
1.23
2.17
3.11
3.81
4.11
4.04
3.80
3.57
3.46
3.43
3.36
3.14
2.76
2.35
2.04
1.94
2.03
2.19
2.29
2.23
1.96
1.50
0.89
0.18
-0.62
-1.44
-2.19
-2.73
-2.99
-2.99
-2.86
-2.83
-3.06
-3.59
-4.26
-4.82
-5.02
-4.76
-4.12
-3.30
-2.52
-1.90
-1.38
-0.86
-0.21
0.57
1.44
2.26
2.92
3.40
3.69
3.86
3.97
4.03
4.05
4.01
3.91
3.73
3.48
3.20
2.93
2.73
2.61
2.56
2.48
2.27
1.86
1.26
0.57
-0.08
-0.56
-0.85
-0.99
-1.11
-1.33
-1.72
-2.31
-3.04
-3.83
-4.61
-5.29
-5.82
-6.13
-6.19
-5.98
-5.50
-4.81
-3.98
-3.07
-2.13
-1.18
-0.23
0.69
1.57
2.38
3.09
3.66
4.07
4.29
4.29
4.09
3.73
3.29
2.85
2.48
2.21
2.01
1.87
1.75
1.62
1.47
1.26
0.95
0.51
-0.04
-0.62
-1.10
-1.39
-1.48
-1.45
-1.48
-1.74
-2.34
-3.25
-4.33
-5.33
-6.01
-6.18
-5.82
-5.00
-3.90
-2.71
-1.59
-0.60
0.22
0.93
1.54
2.09
2.58
3.01
3.38
3.68
3.87
3.92
3.81
3.56
3.27
3.03
2.91
2.91
2.95
2.91
2.71
2.34
1.87
1.38
0.91
0.44
-0.08
-0.68
-1.29
-1.80
-2.13
-2.25
-2.28
-2.39
-2.76
-3.44
-4.35
-5.29
-6.00
-6.29
-6.07
-5.39
-4.39
-3.26
-2.15
-1.19
-0.40
0.24
0.79
1.33
1.87
2.42
2.94
3.43
3.85
4.21
4.49
4.66
4.66
4.47
4.09
3.55
2.97
2.45
2.10
1.96
2.01
2.14
2.21
2.06
1.62
0.94
0.16
-0.52
-0.96
-1.14
-1.14
-1.10
-1.15
-1.38
-1.83
-2.49
-3.36
-4.35
-5.33
-6.08
-6.42
-6.19
-5.40
-4.19
-2.80
-1.43
-0.23
0.77
1.58
2.24
2.78
3.17
3.42
3.55
3.62
3.69
3.79
3.93
4.07
4.15
4.13
4.00
3.80
3.56
3.34
3.12
2.91
2.66
2.34
1.89
1.32
0.65
-0.05
-0.67
-1.14
-1.44
-1.62
-1.77
-1.99
-2.31
-2.72
-3.18
-3.62
-4.05
-4.47
-4.85
-5.15
-5.24
-5.04
-4.53
-3.78
-2.91
-2.07
-1.29
-0.56
0.19
1.00
1.82
2.52
2.97
3.10
2.98
2.80
2.75
2.90
3.20
3.45
3.51
3.31
2.93
2.52
2.23
2.11
2.08
2.03
1.81
1.36
0.71
-0.05
-0.79
-1.40
-1.80
-2.01
-2.10
-2.21
-2.47
-2.91
-3.49
-4.10
-4.63
-4.98
-5.11
-5.02
-4.70
-4.15
-3.36
-2.40
-1.35
-0.34
0.51
1.16
1.61
1.94
2.23
2.52
2.82
3.09
3.33
3.53
3.70
3.81
3.80
3.63
3.30
2.84
2.33
1.87
1.47
1.13
0.78
0.41
0.04
-0.30
-0.58
-0.79
-0.97
-1.21
-1.54
-2.00
-2.54
-3.16
-3.83
-4.53
-5.25
-5.93
-6.42
-6.55
-6.17
-5.26
-3.93
-2.46
-1.13
-0.10
0.58
1.06
1.52
2.08
2.73
3.37
3.87
4.13
4.18
4.06
3.87
3.65
3.41
3.10
2.72
2.24
1.74
1.27
0.90
0.62
0.36
0.01
-0.52
-1.26
-2.16
-3.06
-3.79
-4.20
-4.25
-4.00
-3.59
-3.13
-2.72
-2.34
-1.94
-1.47
-0.92
-0.35
0.16
0.53
0.78
0.96
1.13
1.35
1.65
2.03
2.50
3.03
3.61
4.19
4.65
4.92
4.95
4.76
4.44
4.06
3.65
3.24
2.80
2.34
1.86
1.40
0.97
0.55
0.14
-0.24
-0.59
-0.89
-1.19
-1.57
-2.12
-2.89
-3.80
-4.74
-5.58
-6.20
-6.62
-6.88
-7.09
-7.33
-7.65
-8.01
-8.31
-8.42
-8.15
-7.42
-6.24
-4.75
-3.14
-1.64
-0.35
0.69
1.51
2.18
2.76
3.22
3.55
3.71
3.73
3.68
3.65
3.70
3.84
4.01
4.15
4.18
4.06
3.83
3.58
3.42
3.40
3.50
3.62
3.61
3.35
2.80
2.04
1.23
0.55
0.11
-0.13
-0.28
-0.50
-0.92
-1.56
-2.40
-3.30
-4.11
-4.67
-4.85
-4.56
-3.79
-2.62
-1.20
0.32
1.76
3.02
4.06
4.87
5.49
5.92
6.20
6.31
6.28
6.16
5.97
5.71
5.35
4.80
4.07
3.21
2.36
1.67
1.20
0.90
0.65
0.28
-0.28
-1.03
-1.85
-2.59
-3.14
-3.43
-3.51
-3.43
-3.31
-3.26
-3.32
-3.51
-3.78
-4.01
-4.11
-3.99
-3.58
-2.89
-1.96
-0.88
0.22
1.21
2.02
2.61
3.03
3.34
3.59
3.79
3.90
3.87
3.71
3.44
3.14
2.87
2.66
2.47
2.23
1.90
1.47
1.02
0.68
0.58
0.72
1.01
1.23
1.20
0.84
0.22
-0.45
-0.98
-1.26
-1.37
-1.45
-1.66
-2.07
-2.65
-3.29
-3.91
-4.45
-4.90
-5.23
-5.34
-5.14
-4.54
-3.58
-2.40
-1.23
-0.27
0.39
0.84
1.23
1.74
2.44
3.23
3.96
4.46
4.63
4.51
4.20
3.84
3.50
3.23
3.01
2.83
2.65
2.41
2.09
1.69
1.24
0.81
0.45
0.16
-0.12
-0.46
-0.87
-1.29
-1.61
-1.75
-1.75
-1.76
-1.93
-2.36
-3.02
-3.78
-4.47
-5.00
-5.35
-5.56
-5.64
-5.56
-5.24
-4.63
-3.75
-2.69
-1.56
-0.46
0.59
1.55
2.41
3.10
3.58
3.81
3.86
3.80
3.69
3.51
3.21
2.74
2.13
1.52
1.07
0.89
0.95
1.12
1.23
1.15
0.88
0.50
0.12
-0.24
-0.58
-1.00
-1.53
-2.16
-2.80
-3.33
-3.69
-3.90
-4.07
-4.32
-4.64
-4.95
-5.10
-4.97
-4.58
-4.06
-3.55
-3.10
-2.63
-2.01
-1.12
-0.03
1.08
1.96
2.51
2.75
2.84
2.98
3.24
3.57
3.85
3.95
3.82
3.49
3.07
2.64
2.28
1.99
1.73
1.46
1.13
0.71
0.20
-0.42
-1.14
-1.94
-2.77
-3.56
-4.24
-4.75
-5.09
-5.26
-5.25
-5.06
-4.69
-4.13
-3.45
-2.70
-1.96
-1.29
-0.68
-0.16
0.27
0.59
0.80
0.94
1.07
1.27
1.54
1.82
2.03
2.08
1.97
1.77
1.58
1.45
1.42
1.45
1.51
1.54
1.52
1.40
1.15
0.79
0.37
-0.04
-0.39
-0.69
-1.01
-1.46
-2.07
-2.78
-3.46
-3.94
-4.10
-3.92
-3.46
-2.81
-2.06
-1.28
-0.55
0.10
0.64
1.09
1.50
1.93
2.41
2.94
3.46
3.90
4.22
4.35
4.28
4.00
3.55
3.03
2.54
2.19
2.05
2.06
2.13
2.08
1.78
1.17
0.29
-0.73
-1.69
-2.43
-2.88
-3.06
-3.14
-3.30
-3.73
-4.48
-5.51
-6.65
-7.66
-8.33
-8.49
-8.08
-7.15
-5.83
-4.33
-2.87
-1.62
-0.65
0.08
0.66
1.23
1.87
2.57
3.29
3.94
4.44
4.78
4.97
5.02
5.00
4.91
4.77
4.59
4.34
4.02
3.64
3.26
2.95
2.77
2.73
2.76
2.73
2.50
2.00
1.28
0.49
-0.20
-0.65
-0.83
-0.86
-0.89
-1.07
-1.46
-2.08
-2.87
-3.76
-4.66
-5.47
-6.06
-6.25
-5.88
-4.90
-3.37
-1.53
0.32
1.87
2.95
3.58
3.88
4.05
4.27
4.58
4.91
5.14
5.12
4.81
4.25
3.52
2.75
2.00
1.35
0.85
0.54
0.46
0.57
0.76
0.89
0.84
0.60
0.27
-0.01
-0.13
-0.05
0.13
0.27
0.29
0.14
-0.13
-0.49
-0.90
-1.37
-1.91
-2.50
-3.06
-3.52
-3.86
-4.07
-4.23
-4.37
-4.47
-4.46
-4.21
-3.62
-2.67
-1.44
-0.07
1.24
2.35
3.17
3.69
3.95
3.97
3.81
3.49
3.02
2.45
1.84
1.26
0.82
0.58
0.56
0.70
0.92
1.11
1.17
1.02
0.63
0.02
-0.77
-1.65
-2.49
-3.17
-3.58
-3.63
-3.35
-2.83
-2.24
-1.77
-1.66
-2.02
-2.87
-4.03
-5.20
-6.04
-6.32
-5.97
-5.14
-4.03
-2.82
-1.63
-0.43
0.80
2.04
3.15
3.99
4.45
4.57
4.49
4.44
4.55
4.84
5.22
5.57
5.80
5.89
5.88
5.79
5.61
5.25
4.69
3.93
3.07
2.23
1.46
0.78
0.11
-0.63
-1.48
-2.41
-3.38
-4.34
-5.23
-5.98
-6.47
-6.53
-6.06
-5.07
-3.76
-2.41
-1.32
-0.66
-0.37
-0.31
-0.27
-0.15
0.07
0.32
0.55
0.73
0.93
1.15
1.40
1.61
1.74
1.75
1.67
1.55
1.44
1.36
1.27
1.13
0.96
0.76
0.57
0.40
0.21
-0.07
-0.52
-1.21
-2.13
-3.21
-4.33
-5.33
-6.10
-6.54
-6.62
-6.33
-5.71
-4.86
-3.88
-2.91
-2.04
-1.29
-0.60
0.13
0.98
1.95
2.93
3.75
4.32
4.59
4.67
4.70
4.77
4.87
4.93
4.82
4.51
4.09
3.67
3.39
3.27
3.21
3.06
2.70
2.13
1.42
0.68
-0.00
-0.63
-1.26
-1.93
-2.65
-3.34
-3.91
-4.28
-4.40
-4.25
-3.84
-3.19
-2.37
-1.44
-0.52
0.31
1.03
1.68
2.35
3.14
4.10
5.19
6.31
7.27
7.89
8.06
7.78
7.15
6.39
5.65
5.05
4.54
4.00
3.30
2.41
1.43
0.53
-0.13
-0.48
-0.60
-0.65
-0.80
-1.12
-1.59
-2.12
-2.63
-3.09
-3.48
-3.81
-4.13
-4.46
-4.85
-5.32
-5.85
-6.34
-6.64
-6.63
-6.27
-5.62
-4.80
-3.91
-3.01
-2.09
-1.16
-0.26
0.54
1.18
1.65
2.01
2.34
2.72
3.12
3.48
3.69
3.69
3.45
3.06
2.65
2.34
2.25
2.37
2.63
2.88
3.00
2.87
2.46
1.75
0.78
-0.42
-1.76
-3.13
-4.41
-5.47
-6.26
-6.81
-7.21
-7.54
-7.81
-7.91
-7.70
-7.01
-5.82
-4.27
-2.60
-1.10
0.07
0.92
1.60
2.29
3.09
3.91
4.60
4.98
5.00
4.72
4.26
3.74
3.19
2.59
1.96
1.34
0.85
0.57
0.51
0.54
0.51
0.29
-0.15
-0.70
-1.23
-1.58
-1.69
-1.59
-1.37
-1.17
-1.10
-1.22
-1.55
-2.02
-2.51
-2.89
-3.03
-2.87
-2.39
-1.62
-0.66
0.37
1.34
2.16
2.80
3.28
3.71
4.15
4.62
5.06
5.36
5.44
5.25
4.86
4.38
3.91
3.50
3.12
2.72
2.23
1.63
0.96
0.29
-0.32
-0.82
-1.25
-1.61
-1.94
-2.24
-2.51
-2.76
-3.03
-3.36
-3.82
-4.43
-5.14
-5.84
-6.39
-6.61
-6.38
-5.66
-4.53
-3.18
-1.87
-0.82
-0.14
0.19
0.34
0.52
0.89
1.46
2.16
2.85
3.38
3.72
3.88
3.91
3.88
3.81
3.69
3.52
3.29
3.00
2.70
2.41
2.14
1.85
1.49
1.03
0.47
-0.13
-0.70
-1.17
-1.52
-1.79
-2.03
-2.29
-2.58
-2.90
-3.22
-3.58
-3.97
-4.40
-4.76
-4.94
-4.79
-4.24
-3.30
-2.10
-0.84
0.32
1.29
2.06
2.66
3.11
3.40
3.50
3.42
3.19
2.91
2.66
2.49
2.40
2.35
2.27
2.14
1.94
1.72
1.49
1.23
0.92
0.55
0.13
-0.33
-0.80
-1.32
-1.92
-2.67
-3.64
-4.78
-6.03
-7.20
-8.12
-8.60
-8.51
-7.83
-6.61
-5.04
-3.38
-1.87
-0.69
0.14
0.72
1.24
1.84
2.58
3.38
4.09
4.55
4.68
4.49
4.09
3.64
3.26
3.00
2.83
2.68
2.50
2.27
1.99
1.71
1.41
1.06
0.60
0.03
-0.63
-1.31
-1.98
-2.61
-3.19
-3.70
-4.08
-4.25
-4.18
-3.87
-3.40
-2.86
-2.30
-1.75
-1.18
-0.54
0.21
1.09
2.03
2.97
3.81
4.46
4.87
5.04
4.98
4.75
4.38
3.91
3.38
2.84
2.35
1.95
1.67
1.44
1.22
0.92
0.54
0.13
-0.26
-0.57
-0.84
-1.14
-1.58
-2.19
-2.93
-3.71
-4.40
-4.92
-5.22
-5.26
-5.04
-4.54
-3.78
-2.81
-1.73
-0.67
0.30
1.15
1.90
2.57
3.17
3.66
4.00
4.15
4.15
4.08
4.06
4.15
4.34
4.51
4.51
4.23
3.68
2.98
2.32
1.88
1.69
1.68
1.69
1.57
1.29
0.89
0.49
0.16
-0.09
-0.30
-0.58
-1.01
-1.63
-2.43
-3.36
-4.30
-5.14
-5.74
-6.04
-6.03
-5.73
-5.18
-4.40
-3.45
-2.42
-1.42
-0.59
0.05
0.54
1.04
1.67
2.45
3.28
3.97
4.38
4.48
4.37
4.17
3.98
3.80
3.55
3.18
2.69
2.17
1.75
1.53
1.54
1.71
1.89
1.92
1.70
1.22
0.61
0.04
-0.31
-0.41
-0.34
-0.31
-0.50
-1.04
-1.89
-2.92
-3.94
-4.78
-5.31
-5.50
-5.31
-4.77
-3.92
-2.88
-1.77
-0.72
0.14
0.79
1.26
1.61
1.91
2.25
2.65
3.10
3.54
3.84
3.87
3.55
2.91
2.12
1.40
0.94
0.83
1.02
1.33
1.58
1.63
1.45
1.08
0.59
0.04
-0.52
-1.05
-1.53
-1.98
-2.44
-2.99
-3.61
-4.24
-4.71
-4.82
-4.48
-3.71
-2.69
-1.61
-0.64
0.17
0.85
1.41
1.80
1.97
1.84
1.46
0.98
0.54
0.24
0.06
-0.10
-0.34
-0.64
-0.90
-1.01
-0.92
-0.72
-0.52
-0.45
-0.49
-0.58
-0.61
-0.54
-0.46
-0.48
-0.76
-1.35
-2.21
-3.21
-4.15
-4.88
-5.25
-5.20
-4.73
-3.95
-2.98
-1.95
-0.96
-0.07
0.70
1.33
1.83
2.21
2.48
2.65
2.74
2.73
2.66
2.54
2.39
2.22
2.01
1.74
1.40
1.04
0.73
0.56
0.55
0.63
0.66
0.50
0.08
-0.57
-1.38
-2.25
-3.16
-4.06
-4.90
-5.53
-5.78
-5.52
-4.73
-3.56
-2.27
-1.10
-0.18
0.47
0.98
1.46
1.96
2.45
2.82
2.99
2.93
2.72
2.45
2.23
2.09
2.02
1.93
1.76
1.49
1.13
0.76
0.45
0.27
0.19
0.14
0.02
-0.29
-0.84
-1.60
-2.48
-3.36
-4.14
-4.72
-5.05
-5.02
-4.59
-3.74
-2.52
-1.09
0.38
1.73
2.87
3.81
4.61
5.33
6.00
6.54
6.88
6.95
6.73
6.30
5.77
5.22
4.68
4.08
3.38
2.52
1.54
0.53
-0.44
-1.33
-2.17
-3.01
-3.92
-4.90
-5.90
-6.85
-7.66
-8.23
-8.49
-8.43
-8.04
-7.37
-6.43
-5.27
-3.94
-2.50
-1.11
0.09
0.94
1.42
1.61
1.65
1.69
1.81
2.01
2.24
2.45
2.67
2.90
3.16
3.44
3.67
3.78
3.71
3.46
3.07
2.58
2.02
1.42
0.81
0.22
-0.31
-0.78
-1.22
-1.64
-2.09
-2.58
-3.07
-3.53
-3.92
-4.18
-4.32
-4.37
-4.38
-4.41
-4.49
-4.64
-4.83
-5.00
-5.08
-5.04
-4.81
-4.33
-3.52
-2.35
-0.83
0.93
2.72
4.31
5.51
6.25
6.64
6.87
7.17
7.61
8.14
8.57
8.68
8.34
7.58
6.55
5.48
4.53
3.84
3.42
3.22
3.18
3.18
3.11
2.89
2.43
1.72
0.76
-0.43
-1.80
-3.26
-4.71
-5.99
-6.98
-7.59
-7.80
-7.66
-7.27
-6.76
-6.26
-5.88
-5.73
-5.79
-5.99
-6.13
-5.98
-5.39
-4.37
-3.06
-1.70
-0.45
0.64
1.59
2.50
3.41
4.29
5.10
5.81
6.41
6.95
7.40
7.72
7.85
7.78
7.57
7.29
7.01
6.73
6.39
5.94
5.40
4.82
4.25
3.69
3.09
2.38
1.55
0.65
-0.21
-0.91
-1.37
-1.58
-1.63
-1.58
-1.55
-1.59
-1.76
-2.04
-2.36
-2.57
-2.52
-2.12
-1.36
-0.30
0.93
2.30
3.77
5.32
6.85
8.19
9.09
9.33
8.86
7.81
6.46
5.12
4.00
3.15
2.49
1.91
1.36
0.81
0.33
-0.07
-0.37
-0.61
-0.84
-1.08
-1.30
-1.44
-1.44
-1.23
-0.81
-0.25
0.32
0.73
0.76
0.26
-0.80
-2.34
-4.15
-5.94
-7.50
-8.62
-9.22
-9.29
-8.84
-7.92
-6.67
-5.28
-3.98
-2.96
-2.33
-2.03
-1.91
-1.81
-1.61
-1.28
-0.90
-0.54
-0.21
0.13
0.53
1.00
1.45
1.73
1.72
1.41
0.87
0.24
-0.34
-0.85
-1.35
-1.92
-2.60
-3.34
-4.01
-4.55
-4.96
-5.36
-5.85
-6.48
-7.13
-7.60
-7.65
-7.21
-6.32
-5.19
-4.07
-3.12
-2.43
-1.99
-1.71
-1.55
-1.43
-1.31
-1.13
-0.84
-0.35
0.33
1.19
2.17
3.17
4.13
4.98
5.70
6.27
6.69
6.98
7.13
7.16
7.04
6.74
6.24
5.48
4.45
3.16
1.69
0.15
-1.30
-2.50
-3.30
-3.60
-3.35
-2.62
-1.51
-0.25
0.94
1.86
2.40
2.60
2.58
2.48
2.43
2.45
2.49
2.52
2.50
2.46
2.48
2.57
2.68
2.75
2.71
2.54
2.32
2.13
2.01
1.98
1.97
1.93
1.82
1.64
1.37
0.98
0.35
-0.59
-1.83
-3.26
-4.63
-5.65
-6.11
-5.98
-5.39
-4.58
-3.80
-3.25
-2.97
-2.90
-2.93
-2.95
-2.91
-2.78
-2.59
-2.40
-2.22
-2.09
-1.96
-1.82
-1.63
-1.37
-1.08
-0.80
-0.59
-0.48
-0.49
-0.64
-0.91
-1.29
-1.71
-2.12
-2.48
-2.78
-3.10
-3.54
-4.12
-4.78
-5.37
-5.70
-5.67
-5.27
-4.62
-3.89
-3.17
-2.47
-1.73
-0.92
-0.05
0.80
1.52
2.03
2.31
2.43
2.43
2.39
2.31
2.23
2.22
2.33
2.61
3.04
3.51
3.89
4.06
3.98
3.66
3.21
2.71
2.24
1.79
1.36
0.94
0.52
0.09
-0.37
-0.90
-1.53
-2.19
-2.76
-3.08
-2.98
-2.42
-1.48
-0.33
0.83
1.86
2.74
3.52
4.24
4.92
5.52
6.02
6.40
6.66
6.79
6.75
6.51
6.04
5.39
4.68
4.01
3.46
3.03
2.62
2.15
1.56
0.87
0.13
-0.59
-1.27
-1.92
-2.58
-3.25
-3.95
-4.62
-5.21
-5.65
-5.91
-5.95
-5.74
-5.28
-4.60
-3.72
-2.73
-1.75
-0.92
-0.34
-0.02
0.09
0.08
0.02
-0.05
-0.19
-0.44
-0.83
-1.32
-1.81
-2.20
-2.44
-2.57
-2.64
-2.69
-2.70
-2.59
-2.31
-1.85
-1.30
-0.79
-0.42
-0.25
-0.25
-0.33
-0.48
-0.65
-0.88
-1.14
-1.38
-1.49
-1.35
-0.86
-0.05
0.98
2.08
3.06
3.82
4.32
4.56
4.60
4.47
4.16
3.63
2.84
1.83
0.73
-0.27
-1.02
-1.47
-1.67
-1.73
-1.74
-1.69
-1.50
-1.08
-0.48
0.18
0.75
1.11
1.26
1.35
1.49
1.77
2.12
2.42
2.56
2.47
2.20
1.84
1.54
1.43
1.68
2.35
3.43
4.79
6.22
7.45
8.33
8.85
9.12
9.37
9.78
10.44
11.32
12.27
13.08
13.53
13.42
12.57
10.92
8.48
5.43
2.04
-1.31
-4.28
-6.62
-8.26
-9.26
-9.83
-10.21
-10.59
-11.02
-11.49
-11.85
-12.01
-11.93
-11.68
-11.35
-11.07
-10.87
-10.70
-10.49
-10.14
-9.63
-8.94
-8.08
-7.06
-5.90
-4.65
-3.36
-2.09
-0.86
0.36
1.61
2.90
4.21
5.47
6.57
7.45
8.12
8.60
8.94
9.16
9.24
9.13
8.81
8.29
7.61
6.86
6.10
5.35
4.61
3.81
2.92
1.91
0.84
-0.21
-1.12
-1.80
-2.18
-2.28
-2.15
-1.90
-1.68
-1.64
-1.92
-2.52
-3.35
-4.18
-4.76
-4.85
-4.38
-3.45
-2.26
-1.08
-0.11
0.60
1.08
1.44
1.73
1.91
1.90
1.62
1.07
0.39
-0.21
-0.56
-0.61
-0.46
-0.30
-0.30
-0.51
-0.85
-1.20
-1.45
-1.56
-1.60
-1.64
-1.75
-1.95
-2.22
-2.52
-2.82
-3.09
-3.28
-3.37
-3.33
-3.24
-3.24
-3.49
-4.07
-4.91
-5.76
-6.32
-6.35
-5.77
-4.71
-3.42
-2.14
-1.04
-0.17
0.54
1.17
1.75
2.28
2.71
3.07
3.37
3.68
4.00
4.28
4.40
4.27
3.83
3.15
2.39
1.77
1.40
1.30
1.33
1.32
1.11
0.67
0.05
-0.61
-1.20
-1.63
-1.91
-2.07
-2.18
-2.32
-2.52
-2.83
-3.23
-3.64
-3.94
-3.98
-3.63
-2.86
-1.79
-0.62
0.43
1.21
1.69
1.94
2.08
2.21
2.37
2.54
2.70
2.81
2.86
2.88
2.86
2.80
2.67
2.47
2.21
1.92
1.62
1.33
1.05
0.73
0.39
0.02
-0.32
-0.62
-0.85
-1.08
-1.36
-1.76
-2.30
-2.97
-3.69
-4.40
-5.01
-5.46
-5.67
-5.56
-5.11
-4.34
-3.40
-2.43
-1.62
-0.98
-0.46
0.11
0.84
1.72
2.63
3.39
3.86
4.02
3.96
3.83
3.72
3.65
3.58
3.45
3.25
2.97
2.68
2.39
2.09
1.79
1.46
1.12
0.78
0.41
0.01
-0.44
-0.92
-1.35
-1.65
-1.79
-1.80
-1.81
-2.00
-2.49
-3.33
-4.38
-5.43
-6.22
-6.58
-6.46
-5.95
-5.21
-4.39
-3.55
-2.65
-1.61
-0.41
0.91
2.15
3.10
3.62
3.72
3.55
3.37
3.35
3.58
3.99
4.42
4.72
4.81
4.69
4.43
4.10
3.75
3.44
3.16
2.94
2.76
2.60
2.39
2.08
1.63
1.01
0.23
-0.65
-1.52
-2.24
-2.69
-2.82
-2.72
-2.54
-2.47
-2.66
-3.17
-3.98
-5.00
-6.09
-7.07
-7.75
-7.93
-7.48
-6.45
-5.05
-3.58
-2.33
-1.43
-0.83
-0.35
0.20
0.95
1.89
2.89
3.80
4.54
5.04
5.30
5.37
5.29
5.12
4.90
4.67
4.45
4.21
3.95
3.66
3.37
3.11
2.94
2.88
2.91
2.93
2.83
2.49
1.86
0.98
-0.03
-1.05
-1.97
-2.75
-3.47
-4.20
-5.01
-5.87
-6.67
-7.28
-7.56
-7.49
-7.09
-6.46
-5.70
-4.86
-3.98
-3.03
-2.03
-0.95
0.16
1.29
2.34
3.23
3.89
4.22
4.23
3.99
3.67
3.44
3.44
3.67
4.00
4.28
4.38
4.29
4.08
3.84
3.63
3.40
3.07
2.60
2.03
1.44
0.95
0.58
0.30
0.01
-0.39
-0.91
-1.55
-2.27
-3.05
-3.90
-4.81
-5.76
-6.63
-7.26
-7.46
-7.10
-6.18
-4.82
-3.29
-1.86
-0.79
-0.12
0.26
0.60
1.12
1.91
2.88
3.84
4.58
4.98
5.08
5.01
4.91
4.89
4.94
4.99
4.97
4.84
4.59
4.29
4.02
3.83
3.73
3.65
3.47
3.06
2.37
1.44
0.41
-0.55
-1.30
-1.84
-2.24
-2.62
-3.07
-3.59
-4.12
-4.60
-5.01
-5.39
-5.79
-6.17
-6.40
-6.31
-5.73
-4.65
-3.22
-1.71
-0.42
0.48
1.01
1.35
1.77
2.40
3.22
4.03
4.61
4.78
4.56
4.10
3.61
3.24
3.02
2.87
2.74
2.60
2.50
2.48
2.56
2.62
2.52
2.12
1.36
0.29
-0.96
-2.23
-3.40
-4.36
-5.04
-5.41
-5.44
-5.19
-4.81
-4.53
-4.53
-4.88
-5.45
-5.95
-6.08
-5.65
-4.64
-3.26
-1.77
-0.40
0.75
1.75
2.68
3.59
4.42
5.03
5.29
5.16
4.74
4.18
3.67
3.32
3.12
3.02
2.93
2.79
2.60
2.38
2.14
1.87
1.53
1.11
0.62
0.11
-0.36
-0.70
-0.86
-0.80
-0.53
-0.13
0.26
0.47
0.34
-0.20
-1.08
-2.07
-2.87
-3.21
-2.96
-2.15
-1.01
0.17
1.17
1.89
2.38
2.74
3.05
3.34
3.56
3.62
3.49
3.19
2.78
2.35
1.92
1.50
1.06
0.62
0.22
-0.08
-0.23
-0.23
-0.11
0.05
0.17
0.19
0.05
-0.29
-0.84
-1.53
-2.27
-2.95
-3.48
-3.83
-4.08
-4.38
-4.89
-5.68
-6.71
-7.79
-8.68
-9.15
-9.05
-8.41
-7.33
-5.97
-4.51
-3.03
-1.58
-0.14
1.29
2.69
3.99
5.09
5.89
6.35
6.52
6.48
6.35
6.22
6.14
6.08
5.99
5.83
5.55
5.13
4.62
4.08
3.59
3.24
3.01
2.81
2.52
2.03
1.34
0.57
-0.15
-0.73
-1.19
-1.64
-2.18
-2.82
-3.47
-4.03
-4.46
-4.84
-5.29
-5.90
-6.58
-7.13
-7.30
-6.94
-6.05
-4.73
-3.18
-1.55
0.02
1.44
2.64
3.59
4.27
4.75
5.11
5.44
5.76
6.01
6.10
5.96
5.58
5.01
4.39
3.78
3.24
2.77
2.35
1.98
1.67
1.43
1.25
1.06
0.82
0.51
0.17
-0.10
-0.27
-0.34
-0.40
-0.60
-0.98
-1.56
-2.22
-2.84
-3.36
-3.78
-4.18
-4.65
-5.20
-5.75
-6.14
-6.18
-5.75
-4.86
-3.68
-2.47
-1.50
-0.91
-0.66
-0.57
-0.36
0.17
1.07
2.25
3.43
4.36
4.83
4.82
4.46
3.97
3.58
3.37
3.34
3.37
3.34
3.19
2.96
2.75
2.61
2.53
2.40
2.13
1.65
1.00
0.29
-0.37
-0.92
-1.36
-1.71
-2.02
-2.31
-2.57
-2.82
-3.08
-3.43
-3.90
-4.50
-5.17
-5.82
-6.31
-6.52
-6.40
-5.93
-5.18
-4.30
-3.43
-2.68
-2.08
-1.55
-0.99
-0.29
0.59
1.58
2.53
3.27
3.67
3.70
3.43
2.99
2.53
2.15
1.90
1.82
1.91
2.15
2.51
2.93
3.33
3.62
3.74
3.64
3.32
2.83
2.23
1.62
1.05
0.55
0.09
-0.37
-0.89
-1.50
-2.24
-3.07
-3.94
-4.73
-5.30
-5.56
-5.46
-5.04
-4.42
-3.72
-2.99
-2.19
-1.28
-0.25
0.84
1.81
2.50
2.87
2.98
3.00
3.09
3.35
3.76
4.19
4.49
4.53
4.27
3.74
3.06
2.36
1.77
1.34
1.08
0.92
0.77
0.59
0.36
0.13
-0.08
-0.28
-0.53
-0.87
-1.40
-2.10
-2.94
-3.85
-4.75
-5.59
-6.30
-6.84
-7.13
-7.13
-6.81
-6.22
-5.38
-4.40
-3.34
-2.29
-1.32
-0.47
0.27
0.93
1.57
2.25
2.92
3.51
3.88
3.96
3.77
3.43
3.11
2.93
2.92
3.00
3.02
2.86
2.50
1.98
1.40
0.86
0.38
-0.03
-0.42
-0.84
-1.30
-1.82
-2.39
-2.97
-3.54
-4.09
-4.60
-5.05
-5.42
-5.65
-5.74
-5.69
-5.54
-5.38
-5.26
-5.15
-4.96
-4.55
-3.81
-2.73
-1.40
-0.00
1.33
2.50
3.52
4.41
5.24
6.02
6.72
7.26
7.57
7.60
7.35
6.86
6.26
5.66
5.16
4.81
4.57
4.40
4.23
4.03
3.77
3.45
3.03
2.50
1.84
1.10
0.34
-0.35
-0.89
-1.27
-1.53
-1.74
-1.95
-2.20
-2.48
-2.82
-3.26
-3.86
-4.63
-5.48
-6.19
-6.50
-6.20
-5.27
-3.87
-2.34
-1.00
-0.04
0.51
0.76
0.85
0.91
0.99
1.12
1.30
1.55
1.88
2.27
2.64
2.91
3.04
3.00
2.88
2.75
2.70
2.74
2.83
2.89
2.84
2.66
2.37
2.05
1.76
1.49
1.16
0.69
0.05
-0.70
-1.40
-1.91
-2.18
-2.29
-2.40
-2.62
-3.00
-3.46
-3.88
-4.21
-4.44
-4.64
-4.84
-4.96
-4.86
-4.39
-3.54
-2.43
-1.31
-0.41
0.17
0.46
0.62
0.81
1.12
1.56
2.04
2.50
2.86
3.05
3.02
2.75
2.30
1.78
1.36
1.14
1.15
1.27
1.31
1.13
0.68
-0.00
-0.78
-1.50
-2.09
-2.49
-2.76
-2.95
-3.14
-3.42
-3.83
-4.39
-5.07
-5.79
-6.43
-6.83
-6.86
-6.43
-5.53
-4.28
-2.88
-1.55
-0.49
0.25
0.73
1.14
1.66
2.41
3.36
4.34
5.14
5.61
5.73
5.60
5.36
5.13
4.93
4.66
4.24
3.68
3.04
2.46
2.00
1.61
1.14
0.43
-0.58
-1.76
-2.94
-3.91
-4.54
-4.86
-4.95
-4.94
-4.91
-4.93
-5.02
-5.19
-5.40
-5.55
-5.48
-5.03
-4.17
-2.98
-1.68
-0.48
0.47
1.17
1.71
2.24
2.84
3.53
4.26
4.94
5.51
5.89
6.05
5.99
5.70
5.23
4.65
4.06
3.53
3.13
2.91
2.87
2.96
3.08
3.13
2.98
2.56
1.90
1.08
0.22
-0.55
-1.19
-1.66
-2.02
-2.32
-2.63
-3.01
-3.46
-3.97
-4.44
-4.78
-4.90
-4.75
-4.31
-3.64
-2.75
-1.71
-0.56
0.62
1.73
2.69
3.46
4.02
4.38
4.58
4.62
4.50
4.21
3.78
3.27
2.78
2.38
2.11
2.00
2.00
2.05
2.12
2.14
2.11
1.98
1.73
1.34
0.82
0.24
-0.33
-0.77
-1.06
-1.20
-1.26
-1.33
-1.47
-1.78
-2.28
-3.00
-3.89
-4.87
-5.71
-6.22
-6.24
-5.73
-4.80
-3.65
-2.48
-1.42
-0.50
0.29
1.02
1.69
2.31
2.87
3.38
3.85
4.29
4.65
4.84
4.78
4.44
3.87
3.21
2.64
2.31
2.26
2.42
2.65
2.80
2.78
2.62
2.39
2.13
1.87
1.59
1.24
0.83
0.42
0.10
-0.09
-0.16
-0.23
-0.39
-0.73
-1.28
-2.00
-2.87
-3.85
-4.89
-5.90
-6.74
-7.22
-7.20
-6.64
-5.67
-4.51
-3.40
-2.50
-1.80
-1.21
-0.60
0.15
1.03
1.97
2.88
3.67
4.31
4.75
5.00
5.06
4.97
4.78
4.57
4.39
4.22
3.97
3.58
3.02
2.38
1.76
1.30
1.04
0.92
0.83
0.64
0.27
-0.27
-0.91
-1.55
-2.07
-2.42
-2.62
-2.73
-2.89
-3.22
-3.78
-4.55
-5.36
-6.05
-6.43
-6.47
-6.17
-5.61
-4.86
-3.97
-2.97
-1.88
-0.78
0.26
1.15
1.85
2.35
2.66
2.83
2.88
2.87
2.85
2.86
2.92
2.99
3.04
3.05
3.08
3.16
3.29
3.43
3.49
3.38
3.05
2.53
1.90
1.26
0.68
0.17
-0.27
-0.68
-1.07
-1.48
-1.94
-2.49
-3.13
-3.81
-4.43
-4.86
-4.97
-4.72
-4.12
-3.29
-2.39
-1.54
-0.85
-0.31
0.14
0.60
1.12
1.71
2.29
2.78
3.13
3.34
3.46
3.55
3.60
3.57
3.39
3.03
2.53
1.97
1.48
1.11
0.85
0.64
0.41
0.12
-0.19
-0.50
-0.74
-0.95
-1.16
-1.43
-1.78
-2.22
-2.72
-3.27
-3.90
-4.61
-5.35
-6.02
-6.46
-6.48
-5.98
-4.96
-3.58
-2.05
-0.65
0.46
1.24
1.78
2.22
2.68
3.18
3.65
3.99
4.16
4.15
4.05
3.90
3.72
3.50
3.22
2.88
2.57
2.36
2.30
2.36
2.44
2.44
2.24
1.83
1.23
0.51
-0.20
-0.79
-1.19
-1.41
-1.51
-1.60
-1.78
-2.09
-2.55
-3.12
-3.74
-4.30
-4.73
-4.93
-4.85
-4.48
-3.83
-2.95
-1.91
-0.81
0.29
1.28
2.11
2.78
3.30
3.75
4.18
4.58
4.87
4.96
4.77
4.29
3.63
2.89
2.21
1.59
1.01
0.41
-0.21
-0.83
-1.34
-1.68
-1.86
-1.98
-2.16
-2.51
-2.99
-3.45
-3.70
-3.60
-3.17
-2.57
-2.06
-1.89
-2.14
-2.71
-3.37
-3.84
-3.92
-3.56
-2.87
-2.02
-1.15
-0.36
0.37
1.05
1.72
2.33
2.83
3.14
3.24
3.20
3.15
3.20
3.40
3.69
3.93
3.96
3.70
3.19
2.56
1.97
1.52
1.21
1.01
0.83
0.66
0.49
0.30
0.07
-0.26
-0.72
-1.28
-1.84
-2.30
-2.63
-2.86
-3.11
-3.49
-4.02
-4.63
-5.18
-5.54
-5.60
-5.34
-4.76
-3.91
-2.85
-1.69
-0.56
0.43
1.27
2.03
2.79
3.65
4.63
5.69
6.75
7.78
8.73
9.56
10.19
10.47
10.31
9.71
8.81
7.82
6.97
6.35
5.90
5.47
4.94
4.23
3.34
2.35
1.28
0.14
-1.08
-2.38
-3.73
-5.11
-6.51
-7.92
-9.35
-10.71
-11.83
-12.51
-12.53
-11.86
-10.57
-8.90
-7.10
-5.40
-3.96
-2.86
-2.09
-1.63
-1.37
-1.19
-0.94
-0.54
0.01
0.60
1.11
1.43
1.55
1.59
1.69
1.97
2.43
2.98
3.48
3.84
4.05
4.22
4.42
4.71
5.00
5.17
5.15
4.91
4.51
4.08
3.68
3.35
3.04
2.71
2.25
1.61
0.73
-0.44
-1.84
-3.34
-4.75
-5.88
-6.59
-6.90
-6.89
-6.69
-6.39
-6.01
-5.55
-4.96
-4.26
-3.47
-2.68
-1.95
-1.36
-0.90
-0.55
-0.29
-0.06
0.18
0.45
0.80
1.27
1.91
2.72
3.63
4.49
5.08
5.18
4.65
3.49
1.83
-0.10
-2.01
-3.62
-4.74
-5.30
-5.34
-5.05
-4.64
-4.30
-4.14
-4.17
-4.32
-4.46
-4.46
-4.19
-3.57
-2.56
-1.21
0.33
1.86
3.17
4.10
4.67
5.00
5.26
5.56
5.87
6.04
5.92
5.46
4.75
3.99
3.35
2.91
2.62
2.37
2.08
1.72
1.34
1.00
0.73
0.49
0.25
-0.01
-0.29
-0.58
-0.87
-1.16
-1.48
-1.81
-2.13
-2.40
-2.64
-2.87
-3.16
-3.54
-4.04
-4.66
-5.39
-6.16
-6.88
-7.44
-7.73
-7.66
-7.19
-6.37
-5.29
-4.09
-2.89
-1.83
-0.98
-0.39
-0.05
0.09
0.15
0.21
0.34
0.52
0.69
0.77
0.72
0.57
0.36
0.18
0.11
0.13
0.22
0.29
0.27
0.11
-0.25
-0.76
-1.37
-1.99
-2.51
-2.86
-3.00
-3.01
-2.98
-3.06
-3.36
-3.88
-4.55
-5.21
-5.66
-5.72
-5.27
-4.34
-3.05
-1.59
-0.21
0.94
1.76
2.27
2.55
2.71
2.82
2.90
2.91
2.87
2.82
2.87
3.11
3.56
4.12
4.65
5.01
5.16
5.14
5.04
4.94
4.81
4.59
4.18
3.54
2.67
1.65
0.60
-0.35
-1.10
-1.60
-1.89
-2.08
-2.31
-2.70
-3.30
-4.03
-4.75
-5.32
-5.58
-5.46
-4.94
-4.05
-2.90
-1.62
-0.39
0.68
1.53
2.19
2.74
3.25
3.73
4.13
4.37
4.37
4.12
3.65
3.09
2.56
2.19
2.03
2.04
2.12
2.15
2.03
1.74
1.39
1.05
0.81
0.63
0.41
0.05
-0.49
-1.07
-1.55
-1.73
-1.58
-1.21
-0.82
-0.62
-0.74
-1.21
-1.91
-2.70
-3.42
-3.93
-4.12
-3.96
-3.50
-2.79
-1.91
-0.93
0.13
1.20
2.24
3.17
3.92
4.48
4.84
4.99
4.94
4.67
4.21
3.63
3.06
2.62
2.37
2.27
2.23
2.18
2.11
2.04
2.05
2.12
2.23
2.34
2.41
2.43
2.42
2.37
2.25
2.03
1.70
1.26
0.73
0.10
-0.63
-1.44
-2.26
-2.99
-3.43
-3.46
-2.96
-1.95
-0.59
0.93
2.37
3.52
4.32
4.77
4.99
5.12
5.26
5.42
5.60
5.76
5.88
5.95
5.97
5.88
5.64
5.19
4.54
3.81
3.11
2.57
2.21
1.95
1.67
1.22
0.50
-0.50
-1.69
-2.89
-3.92
-4.64
-5.00
-5.05
-4.94
-4.83
-4.86
-5.10
-5.54
-6.13
-6.74
-7.26
-7.51
-7.38
-6.81
-5.88
-4.74
-3.56
-2.49
-1.55
-0.72
0.08
0.91
1.70
2.38
2.81
2.95
2.82
2.52
2.19
1.91
1.76
1.73
1.81
1.95
2.10
2.17
2.11
1.82
1.27
0.44
-0.61
-1.79
-2.98
-4.02
-4.82
-5.33
-5.56
-5.68
-5.85
-6.25
-6.90
-7.67
-8.30
-8.52
-8.17
-7.26
-5.94
-4.40
-2.80
-1.17
0.48
2.17
3.83
5.35
6.62
7.61
8.34
8.90
9.32
9.62
9.75
9.68
9.39
8.91
8.28
7.56
6.83
6.22
5.88
5.92
6.32
6.94
7.52
7.84
7.74
7.26
6.52
5.72
5.01
4.44
4.05
3.79
3.64
3.54
3.48
3.44
3.40
3.32
3.11
2.67
1.93
0.88
-0.38
-1.67
-2.83
-3.71
-4.28
-4.59
-4.74
-4.86
-5.02
-5.27
-5.57
-5.84
-5.96
-5.83
-5.38
-4.63
-3.65
-2.57
-1.53
-0.68
-0.15
-0.07
-0.48
-1.34
-2.52
-3.78
-4.92
-5.80
-6.42
-6.84
-7.19
-7.57
-7.99
-8.40
-8.73
-8.91
-8.85
-8.53
-7.95
-7.13
-6.18
-5.15
-4.13
-3.15
-2.20
-1.30
-0.43
0.38
1.09
1.66
2.10
2.43
2.70
2.93
3.12
3.25
3.30
3.25
3.14
3.01
2.90
2.81
2.72
2.60
2.40
2.14
1.87
1.61
1.39
1.16
0.84
0.38
-0.27
-1.07
-1.97
-2.90
-3.86
-4.81
-5.73
-6.54
-7.12
-7.39
-7.34
-7.03
-6.57
-5.98
-5.17
-3.99
-2.28
-0.08
2.36
4.65
6.40
7.37
7.54
7.11
6.33
5.44
4.60
3.87
3.26
2.73
2.20
1.60
0.85
-0.11
-1.30
-2.65
-4.04
-5.25
-6.02
-6.09
-5.33
-3.81
-1.86
0.03
1.36
1.82
1.43
0.45
-0.73
-1.80
-2.58
-3.06
-3.25
-3.17
-2.81
-2.16
-1.31
-0.43
0.30
0.72
0.84
0.77
0.71
0.84
1.24
1.88
2.60
3.20
3.55
3.58
3.31
2.85
2.31
1.77
1.29
0.84
0.43
0.03
-0.39
-0.81
-1.24
-1.70
-2.20
-2.74
-3.29
-3.78
-4.14
-4.30
-4.24
-4.06
-3.95
-4.07
-4.47
-5.05
-5.52
-5.58
-5.05
-3.97
-2.55
-1.10
0.18
1.24
2.16
3.01
3.77
4.35
4.63
4.57
4.29
3.96
3.76
3.73
3.77
3.77
3.63
3.37
3.08
2.84
2.66
2.51
2.29
1.96
1.50
0.98
0.44
-0.05
-0.49
-0.86
-1.19
-1.52
-1.88
-2.32
-2.82
-3.33
-3.69
-3.76
-3.40
-2.54
-1.24
0.33
1.95
3.35
4.36
4.91
5.01
4.77
4.34
3.81
3.26
2.72
2.21
1.78
1.48
1.32
1.27
1.21
1.02
0.62
0.05
-0.53
-0.90
-0.94
-0.68
-0.28
-0.02
-0.11
-0.64
-1.56
-2.70
-3.87
-4.87
-5.56
-5.87
-5.76
-5.25
-4.45
-3.50
-2.57
-1.77
-1.11
-0.53
0.09
0.86
1.78
2.77
3.67
4.31
4.60
4.56
4.31
3.97
3.62
3.28
2.92
2.51
2.08
1.71
1.46
1.35
1.31
1.23
0.96
0.44
-0.29
-1.12
-1.93
-2.66
-3.27
-3.78
-4.17
-4.39
-4.31
-3.87
-3.07
-2.03
-0.95
-0.01
0.71
1.25
1.76
2.38
3.16
4.03
4.84
5.43
5.67
5.57
5.22
4.75
4.30
3.97
3.78
3.73
3.77
3.83
3.84
3.76
3.55
3.22
2.81
2.41
2.06
1.72
1.34
0.83
0.19
-0.49
-1.07
-1.44
-1.65
-1.85
-2.25
-2.99
-4.02
-5.15
-6.12
-6.72
-6.91
-6.71
-6.23
-5.55
-4.74
-3.82
-2.80
-1.70
-0.55
0.62
1.76
2.77
3.56
4.09
4.37
4.46
4.46
4.43
4.39
4.32
4.22
4.12
4.07
4.09
4.16
4.20
4.14
3.93
3.59
3.17
2.70
2.20
1.70
1.21
0.79
0.44
0.16
-0.13
-0.53
-1.08
-1.75
-2.42
-2.93
-3.20
-3.25
-3.21
-3.27
-3.53
-3.97
-4.45
-4.77
-4.77
-4.38
-3.67
-2.77
-1.82
-0.89
-0.03
0.75
1.44
1.99
2.37
2.57
2.64
2.65
2.69
2.80
2.99
3.20
3.40
3.52
3.53
3.42
3.19
2.87
2.52
2.18
1.91
1.70
1.52
1.32
1.06
0.77
0.49
0.27
0.13
0.01
-0.19
-0.56
-1.14
-1.87
-2.67
-3.39
-3.94
-4.29
-4.44
-4.37
-4.07
-3.53
-2.76
-1.85
-0.91
-0.05
0.65
1.24
1.82
2.47
3.20
3.92
4.49
4.77
4.71
4.37
3.86
3.33
2.89
2.60
2.44
2.35
2.28
2.16
2.03
1.93
1.88
1.87
1.77
1.45
0.83
-0.06
-1.07
-1.95
-2.55
-2.79
-2.76
-2.57
-2.38
-2.29
-2.39
-2.72
-3.33
-4.15
-5.03
-5.77
-6.14
-6.03
-5.47
-4.59
-3.54
-2.46
-1.41
-0.40
0.51
1.24
1.71
1.92
1.96
2.00
2.21
2.64
3.19
3.66
3.87
3.73
3.32
2.80
2.34
2.05
1.94
1.90
1.85
1.73
1.59
1.49
1.49
1.57
1.63
1.57
1.29
0.82
0.24
-0.31
-0.72
-0.98
-1.14
-1.31
-1.54
-1.85
-2.20
-2.54
-2.85
-3.18
-3.56
-4.03
-4.58
-5.14
-5.63
-5.96
-6.09
-5.99
-5.63
-5.02
-4.19
-3.22
-2.25
-1.42
-0.85
-0.50
-0.26
0.01
0.43
0.98
1.56
2.04
2.37
2.57
2.72
2.87
3.04
3.14
3.08
2.84
2.46
2.05
1.73
1.55
1.48
1.47
1.45
1.36
1.21
1.01
0.77
0.51
0.20
-0.19
-0.69
-1.27
-1.87
-2.39
-2.74
-2.94
-3.06
-3.27
-3.68
-4.31
-5.04
-5.65
-5.97
-5.91
-5.52
-4.93
-4.28
-3.65
-3.08
-2.55
-2.09
-1.73
-1.49
-1.32
-1.15
-0.86
-0.36
0.32
1.07
1.70
2.06
2.09
1.87
1.53
1.24
1.12
1.21
1.46
1.75
1.94
1.94
1.71
1.31
0.85
0.45
0.22
0.14
0.15
0.11
-0.09
-0.46
-0.94
-1.42
-1.78
-1.98
-2.04
-2.03
-2.05
-2.22
-2.61
-3.25
-4.10
-5.02
-5.82
-6.26
-6.17
-5.51
-4.38
-3.03
-1.69
-0.55
0.34
1.04
1.66
2.27
2.91
3.53
4.09
4.57
4.95
5.20
5.24
4.98
4.39
3.53
2.55
1.64
0.93
0.46
0.17
0.03
-0.01
0.05
0.20
0.35
0.38
0.18
-0.27
-0.89
-1.52
-2.01
-2.27
-2.27
-2.11
-1.92
-1.86
-2.07
-2.61
-3.48
-4.55
-5.62
-6.47
-6.91
-6.83
-6.28
-5.37
-4.27
-3.15
-2.11
-1.20
-0.39
0.36
1.08
1.79
2.45
3.00
3.43
3.72
3.88
3.95
3.90
3.73
3.44
3.05
2.65
2.32
2.10
1.96
1.81
1.50
0.94
0.13
-0.83
-1.78
-2.57
-3.13
-3.48
-3.71
-3.91
-4.18
-4.56
-5.01
-5.45
-5.78
-5.87
-5.62
-4.98
-3.99
-2.74
-1.38
-0.07
1.09
2.07
2.88
3.57
4.17
4.71
5.16
5.47
5.61
5.56
5.34
5.03
4.73
4.50
4.39
4.35
4.29
4.12
3.74
3.16
2.44
1.69
0.99
0.39
-0.12
-0.59
-1.09
-1.66
-2.34
-3.15
-4.07
-5.05
-5.94
-6.56
-6.72
-6.32
-5.40
-4.16
-2.86
-1.76
-0.96
-0.42
0.00
0.51
1.22
2.15
3.22
4.25
5.10
5.65
5.92
5.98
5.92
5.83
5.72
5.54
5.27
4.89
4.47
4.07
3.75
3.51
3.32
3.12
2.85
2.49
2.05
1.54
0.99
0.42
-0.15
-0.70
-1.20
-1.65
-2.10
-2.62
-3.28
-4.08
-4.91
-5.60
-5.92
-5.74
-5.04
-3.97
-2.76
-1.65
-0.77
-0.13
0.38
0.90
1.56
2.35
3.21
4.02
4.65
5.03
5.16
5.11
4.97
4.81
4.69
4.60
4.52
4.41
4.27
4.11
3.98
3.88
3.83
3.79
3.67
3.41
2.95
2.30
1.52
0.69
-0.10
-0.75
-1.22
-1.48
-1.56
-1.55
-1.57
-1.74
-2.15
-2.83
-3.75
-4.82
-5.91
-6.86
-7.48
-7.62
-7.20
-6.25
-4.93
-3.47
-2.10
-0.99
-0.15
0.52
1.16
1.87
2.63
3.38
3.99
4.42
4.68
4.81
4.85
4.80
4.61
4.27
3.90
3.63
3.59
3.82
4.17
4.39
4.28
3.76
2.93
2.02
1.27
0.79
0.57
0.50
0.44
0.33
0.13
-0.13
-0.41
-0.73
-1.11
-1.56
-2.12
-2.79
-3.56
-4.40
-5.24
-5.94
-6.35
-6.35
-5.91
-5.09
-4.06
-2.98
-2.00
-1.16
-0.44
0.19
0.75
1.25
1.67
2.06
2.44
2.86
3.30
3.72
4.05
4.24
4.31
4.27
4.15
3.92
3.56
3.04
2.42
1.81
1.34
1.09
1.07
1.18
1.32
1.39
1.37
1.24
0.99
0.64
0.19
-0.32
-0.81
-1.24
-1.60
-1.92
-2.27
-2.68
-3.16
-3.67
-4.20
-4.74
-5.26
-5.70
-5.94
-5.85
-5.31
-4.35
-3.07
-1.70
-0.47
0.46
1.08
1.45
1.71
1.98
2.26
2.52
2.67
2.67
2.55
2.41
2.37
2.48
2.69
2.87
2.89
2.71
2.35
1.91
1.50
1.15
0.87
0.62
0.39
0.18
0.02
-0.10
-0.18
-0.32
-0.57
-0.97
-1.44
-1.85
-2.08
-2.06
-1.87
-1.70
-1.74
-2.12
-2.85
-3.77
-4.66
-5.34
-5.69
-5.66
-5.28
-4.58
-3.63
-2.55
-1.45
-0.49
0.23
0.71
1.04
1.31
1.63
1.98
2.32
2.54
2.61
2.53
2.37
2.21
2.08
2.00
1.93
1.88
1.84
1.81
1.77
1.68
1.51
1.23
0.88
0.54
0.26
0.05
-0.15
-0.38
-0.67
-0.98
-1.24
-1.38
-1.39
-1.33
-1.33
-1.48
-1.86
-2.47
-3.23
-4.05
-4.82
-5.41
-5.70
-5.59
-5.04
-4.12
-3.01
-1.94
-1.13
-0.67
-0.49
-0.37
-0.07
0.56
1.48
2.49
3.32
3.77
3.84
3.63
3.36
3.20
3.19
3.25
3.26
3.11
2.81
2.41
2.01
1.65
1.31
0.94
0.50
0.04
-0.39
-0.71
-0.89
-0.96
-1.01
-1.13
-1.37
-1.70
-2.07
-2.43
-2.77
-3.12
-3.51
-3.96
-4.39
-4.73
-4.83
-4.60
-4.02
-3.18
-2.21
-1.27
-0.49
0.08
0.48
0.83
1.19
1.60
1.98
2.20
2.18
1.90
1.50
1.12
0.89
0.84
0.91
1.05
1.16
1.24
1.28
1.28
1.21
1.03
0.72
0.27
-0.29
-0.87
-1.38
-1.77
-2.04
-2.27
-2.58
-3.04
-3.63
-4.21
-4.59
-4.62
-4.26
-3.58
-2.74
-1.89
-1.14
-0.53
-0.05
0.34
0.68
1.04
1.43
1.84
2.18
2.39
2.45
2.42
2.35
2.31
2.27
2.16
1.96
1.67
1.38
1.16
1.01
0.85
0.54
-0.00
-0.72
-1.45
-2.03
-2.38
-2.55
-2.72
-3.08
-3.68
-4.47
-5.26
-5.83
-5.98
-5.64
-4.83
-3.73
-2.55
-1.44
-0.51
0.24
0.87
1.44
1.99
2.50
2.95
3.33
3.69
4.05
4.43
4.77
4.94
4.84
4.46
3.90
3.35
2.95
2.79
2.82
2.94
3.01
2.96
2.75
2.38
1.87
1.26
0.58
-0.09
-0.68
-1.15
-1.53
-1.93
-2.46
-3.18
-4.06
-4.94
-5.66
-6.06
-6.10
-5.76
-5.09
-4.14
-2.99
-1.73
-0.48
0.62
1.48
2.08
2.50
2.89
3.35
3.92
4.52
5.05
5.38
5.43
5.20
4.78
4.29
3.89
3.68
3.72
3.95
4.26
4.51
4.60
4.49
4.17
3.70
3.12
2.50
1.92
1.43
1.10
0.92
0.81
0.67
0.37
-0.10
-0.70
-1.33
-1.86
-2.25
-2.52
-2.76
-3.04
-3.45
-3.96
-4.55
-5.12
-5.60
-5.88
-5.89
-5.57
-4.92
-3.99
-2.90
-1.81
-0.86
-0.08
0.55
1.10
1.65
2.23
2.81
3.34
3.77
4.07
4.25
4.32
4.27
4.13
3.91
3.66
3.42
3.24
3.16
3.17
3.23
3.26
3.18
2.94
2.56
2.10
1.66
1.27
0.92
0.56
0.15
-0.31
-0.75
-1.12
-1.34
-1.40
-1.35
-1.29
-1.31
-1.50
-1.92
-2.56
-3.33
-4.13
-4.79
-5.19
-5.29
-5.07
-4.61
-3.97
-3.24
-2.46
-1.66
-0.91
-0.26
0.22
0.51
0.65
0.73
0.90
1.24
1.74
2.31
2.85
3.25
3.49
3.60
3.61
3.57
3.49
3.38
3.27
3.19
3.13
3.08
2.97
2.76
2.42
2.00
1.56
1.16
0.81
0.49
0.15
-0.21
-0.58
-0.92
-1.16
-1.25
-1.24
-1.21
-1.27
-1.52
-1.98
-2.59
-3.24
-3.79
-4.15
-4.25
-4.09
-3.69
-3.11
-2.40
-1.65
-0.92
-0.27
0.27
0.72
1.12
1.50
1.90
2.28
2.57
2.70
2.64
2.42
2.14
1.92
1.85
1.94
2.10
2.25
2.29
2.22
2.05
1.84
1.59
1.31
1.01
0.69
0.38
0.08
-0.21
-0.47
-0.72
-0.94
-1.09
-1.21
-1.34
-1.56
-1.93
-2.45
-3.07
-3.71
-4.30
-4.79
-5.14
-5.30
-5.16
-4.66
-3.80
-2.68
-1.50
-0.49
0.19
0.52
0.60
0.65
0.83
1.23
1.79
2.36
2.80
3.05
3.11
3.04
2.91
2.70
2.40
1.97
1.49
1.05
0.76
0.66
0.69
0.74
0.70
0.56
0.37
0.17
-0.05
-0.35
-0.77
-1.32
-1.87
-2.31
-2.52
-2.53
-2.41
-2.29
-2.27
-2.40
-2.70
-3.14
-3.70
-4.28
-4.72
-4.84
-4.52
-3.77
-2.75
-1.75
-0.99
-0.55
-0.37
-0.29
-0.14
0.19
0.69
1.32
1.96
2.53
2.89
2.97
2.75
2.28
1.70
1.14
0.72
0.49
0.39
0.34
0.25
0.13
-0.02
-0.12
-0.17
-0.20
-0.26
-0.39
-0.62
-0.90
-1.20
-1.51
-1.83
-2.22
-2.71
-3.30
-3.91
-4.45
-4.81
-4.99
-5.02
-4.97
-4.89
-4.77
-4.51
-4.04
-3.32
-2.40
-1.41
-0.49
0.24
0.75
1.08
1.31
1.47
1.56
1.59
1.53
1.43
1.36
1.41
1.62
1.94
2.26
2.42
2.33
2.01
1.54
1.11
0.81
0.68
0.66
0.61
0.40
-0.01
-0.59
-1.26
-1.91
-2.50
-3.07
-3.65
-4.24
-4.80
-5.19
-5.23
-4.82
-3.97
-2.79
-1.52
-0.37
0.51
1.10
1.47
1.71
1.92
2.17
2.48
2.81
3.12
3.33
3.37
3.25
2.99
2.66
2.34
2.10
1.95
1.87
1.80
1.66
1.43
1.08
0.65
0.18
-0.27
-0.67
-1.01
-1.32
-1.68
-2.12
-2.66
-3.26
-3.86
-4.42
-4.91
-5.33
-5.61
-5.66
-5.38
-4.69
-3.63
-2.35
-1.08
-0.04
0.67
1.07
1.29
1.52
1.87
2.38
3.00
3.62
4.12
4.41
4.49
4.40
4.23
4.10
4.07
4.11
4.16
4.10
3.91
3.63
3.35
3.17
3.10
3.04
2.86
2.45
1.83
1.11
0.42
-0.13
-0.51
-0.78
-1.06
-1.42
-1.93
-2.63
-3.52
-4.56
-5.66
-6.63
-7.26
-7.36
-6.82
-5.73
-4.29
-2.76
-1.36
-0.20
0.70
1.39
1.94
2.40
2.81
3.21
3.61
4.04
4.46
4.78
4.93
4.84
4.58
4.28
4.06
4.03
4.17
4.39
4.57
4.61
4.49
4.20
3.79
3.28
2.69
2.05
1.42
0.88
0.49
0.24
0.07
-0.10
-0.36
-0.77
-1.29
-1.85
-2.33
-2.65
-2.79
-2.84
-2.96
-3.35
-4.10
-5.11
-6.10
-6.73
-6.72
-5.98
-4.69
-3.14
-1.66
-0.43
0.54
1.33
2.04
2.71
3.33
3.86
4.30
4.66
4.96
5.16
5.21
5.06
4.72
4.27
3.85
3.57
3.46
3.51
3.59
3.63
3.55
3.33
3.04
2.74
2.48
2.28
2.13
1.96
1.74
1.46
1.15
0.85
0.58
0.30
-0.03
-0.44
-0.94
-1.50
-2.03
-2.49
-2.85
-3.13
-3.39
-3.70
-4.09
-4.55
-4.99
-5.25
-5.20
-4.76
-3.99
-3.03
-2.08
-1.29
-0.69
-0.20
0.27
0.77
1.26
1.68
1.95
2.07
2.10
2.11
2.16
2.23
2.31
2.36
2.39
2.40
2.44
2.49
2.54
2.55
2.53
2.47
2.38
2.21
1.90
1.41
0.77
0.12
-0.40
-0.67
-0.69
-0.59
-0.53
-0.64
-0.96
-1.44
-2.00
-2.56
-3.08
-3.52
-3.78
-3.78
-3.45
-2.80
-1.93
-1.01
-0.20
0.42
0.82
1.03
1.15
1.26
1.41
1.63
1.89
2.13
2.24
2.16
1.86
1.43
1.00
0.70
0.57
0.62
0.74
0.83
0.82
0.65
0.32
-0.16
-0.72
-1.30
-1.79
-2.10
-2.22
-2.18
-2.10
-2.13
-2.36
-2.82
-3.42
-4.02
-4.47
-4.60
-4.31
-3.61
-2.58
-1.43
-0.39
0.38
0.82
1.02
1.14
1.31
1.60
1.97
2.32
2.55
2.65
2.66
2.63
2.62
2.60
2.53
2.35
2.05
1.65
1.22
0.84
0.57
0.43
0.40
0.39
0.33
0.12
-0.24
-0.70
-1.15
-1.51
-1.73
-1.87
-2.03
-2.31
-2.78
-3.40
-4.04
-4.52
-4.67
-4.45
-3.90
-3.18
-2.48
-1.89
-1.44
-1.06
-0.66
-0.23
0.25
0.70
1.11
1.46
1.78
2.07
2.32
2.52
2.66
2.72
2.69
2.55
2.28
1.91
1.53
1.25
1.15
1.21
1.37
1.49
1.49
1.35
1.10
0.74
0.25
-0.39
-1.16
-1.98
-2.73
-3.31
-3.65
-3.81
-3.90
-4.01
-4.20
-4.44
-4.69
-4.87
-4.89
-4.73
-4.35
-3.78
-3.04
-2.20
-1.36
-0.59
0.03
0.46
0.75
0.98
1.27
1.73
2.33
2.98
3.49
3.68
3.51
3.04
2.43
1.89
1.56
1.51
1.72
2.09
2.49
2.80
2.91
2.80
2.47
1.98
1.40
0.76
0.10
-0.55
-1.11
-1.49
-1.65
-1.58
-1.39
-1.24
-1.25
-1.48
-1.90
-2.46
-3.11
-3.84
-4.62
-5.35
-5.84
-5.92
-5.44
-4.43
-3.08
-1.65
-0.41
0.52
1.18
1.71
2.25
2.85
3.43
3.81
3.88
3.64
3.22
2.87
2.76
2.95
3.30
3.63
3.71
3.47
2.92
2.22
1.54
1.04
0.79
0.74
0.81
0.85
0.72
0.36
-0.21
-0.86
-1.42
-1.77
-1.87
-1.79
-1.67
-1.67
-1.87
-2.31
-2.89
-3.49
-3.96
-4.20
-4.17
-3.90
-3.44
-2.88
-2.27
-1.67
-1.09
-0.54
-0.04
0.44
0.89
1.33
1.76
2.13
2.36
2.41
2.31
2.12
1.96
1.89
1.89
1.89
1.78
1.52
1.20
0.92
0.81
0.87
1.00
1.01
0.77
0.23
-0.53
-1.31
-1.95
-2.35
-2.54
-2.60
-2.64
-2.76
-2.98
-3.31
-3.70
-4.05
-4.26
-4.26
-3.98
-3.44
-2.74
-1.96
-1.17
-0.42
0.32
1.07
1.81
2.50
3.08
3.50
3.73
3.79
3.74
3.62
3.46
3.26
2.98
2.57
2.05
1.51
1.07
0.90
1.05
1.45
1.94
2.24
2.18
1.69
0.86
-0.07
-0.86
-1.31
-1.38
-1.18
-0.93
-0.82
-0.99
-1.43
-2.04
-2.70
-3.28
-3.72
-3.95
-3.94
-3.63
-3.06
-2.30
-1.47
-0.72
-0.14
0.28
0.60
0.97
1.46
2.12
2.88
3.65
4.27
4.63
4.64
4.33
3.80
3.23
2.77
2.52
2.45
2.47
2.44
2.31
2.10
1.91
1.79
1.78
1.77
1.63
1.27
0.69
0.00
-0.64
-1.15
-1.51
-1.78
-2.05
-2.34
-2.63
-2.90
-3.16
-3.46
-3.86
-4.39
-4.98
-5.51
-5.82
-5.75
-5.24
-4.32
-3.12
-1.88
-0.82
-0.09
0.29
0.45
0.62
0.98
1.62
2.45
3.32
4.01
4.42
4.51
4.36
4.09
3.78
3.48
3.19
2.86
2.50
2.14
1.87
1.75
1.79
1.90
1.96
1.85
1.55
1.10
0.59
0.09
-0.40
-0.88
-1.34
-1.73
-1.96
-2.02
-1.97
-1.96
-2.16
-2.62
-3.28
-3.96
-4.49
-4.73
-4.67
-4.36
-3.87
-3.23
-2.50
-1.70
-0.91
-0.23
0.28
0.65
0.98
1.35
1.83
2.36
2.83
3.12
3.15
2.97
2.69
2.44
2.32
2.31
2.34
2.33
2.23
2.08
1.92
1.79
1.68
1.52
1.22
0.72
0.08
-0.55
-1.03
-1.27
-1.31
-1.29
-1.42
-1.79
-2.42
-3.19
-3.93
-4.48
-4.74
-4.65
-4.23
-3.53
-2.62
-1.59
-0.55
0.41
1.21
1.79
2.17
2.37
2.47
2.54
2.66
2.88
3.17
3.45
3.61
3.55
3.28
2.85
2.38
1.99
1.75
1.67
1.72
1.83
1.94
1.99
1.91
1.62
1.10
0.38
-0.46
-1.26
-1.89
-2.29
-2.49
-2.58
-2.66
-2.84
-3.16
-3.58
-4.03
-4.40
-4.56
-4.42
-3.90
-3.02
-1.91
-0.76
0.21
0.85
1.15
1.21
1.24
1.40
1.76
2.24
2.73
3.12
3.34
3.42
3.42
3.34
3.15
2.83
2.37
1.87
1.46
1.23
1.20
1.27
1.32
1.23
0.98
0.61
0.24
-0.06
-0.25
-0.34
-0.37
-0.39
-0.47
-0.69
-1.14
-1.82
-2.66
-3.54
-4.29
-4.80
-5.05
-5.03
-4.77
-4.28
-3.54
-2.59
-1.54
-0.57
0.18
0.66
0.94
1.22
1.63
2.22
2.86
3.38
3.62
3.56
3.27
2.93
2.68
2.60
2.68
2.85
3.00
3.04
2.94
2.69
2.32
1.88
1.41
0.94
0.47
0.00
-0.44
-0.82
-1.08
-1.22
-1.27
-1.31
-1.42
-1.65
-2.00
-2.41
-2.84
-3.26
-3.66
-4.05
-4.37
-4.54
-4.45
-4.01
-3.26
-2.29
-1.27
-0.37
0.28
0.68
0.91
1.10
1.40
1.85
2.43
3.00
3.41
3.57
3.50
3.31
3.09
2.88
2.65
2.31
1.84
1.32
0.90
0.69
0.67
0.68
0.47
-0.10
-0.96
-1.89
-2.58
-2.85
-2.71
-2.36
-2.08
-2.10
-2.47
-3.10
-3.83
-4.47
-4.90
-5.04
-4.86
-4.39
-3.67
-2.79
-1.85
-1.01
-0.35
0.08
0.32
0.50
0.74
1.12
1.62
2.15
2.54
2.72
2.68
2.49
2.29
2.17
2.16
2.23
2.29
2.31
2.21
1.98
1.61
1.12
0.59
0.12
-0.22
-0.44
-0.63
-0.95
-1.47
-2.18
-2.96
-3.64
-4.12
-4.38
-4.45
-4.35
-4.03
-3.43
-2.55
-1.51
-0.50
0.30
0.84
1.18
1.47
1.82
2.23
2.59
2.78
2.70
2.37
1.90
1.45
1.17
1.16
1.37
1.71
2.00
2.08
1.88
1.43
0.88
0.37
0.00
-0.23
-0.44
-0.77
-1.26
-1.90
-2.54
-3.04
-3.34
-3.45
-3.44
-3.38
-3.28
-3.07
-2.68
-2.07
-1.29
-0.44
0.39
1.12
1.78
2.41
3.02
3.60
4.07
4.34
4.35
4.13
3.74
3.28
2.83
2.47
2.18
1.97
1.84
1.81
1.91
2.10
2.28
2.28
1.96
1.31
0.43
-0.45
-1.12
-1.45
-1.48
-1.36
-1.26
-1.31
-1.55
-1.97
-2.52
-3.11
-3.63
-3.97
-4.00
-3.69
-3.07
-2.29
-1.52
-0.86
-0.32
0.15
0.65
1.22
1.85
2.48
3.04
3.50
3.85
4.06
4.14
4.05
3.81
3.48
3.16
2.95
2.88
2.94
3.03
3.10
3.10
2.99
2.79
2.48
2.03
1.47
0.86
0.26
-0.25
-0.65
-1.02
-1.41
-1.84
-2.26
-2.57
-2.71
-2.71
-2.70
-2.83
-3.17
-3.70
-4.26
-4.68
-4.83
-4.65
-4.18
-3.52
-2.77
-2.05
-1.42
-0.93
-0.52
-0.10
0.39
1.00
1.71
2.46
3.17
3.75
4.13
4.28
4.15
3.78
3.25
2.69
2.24
2.01
2.03
2.24
2.55
2.88
3.13
3.28
3.27
3.08
2.67
2.08
1.39
0.73
0.20
-0.17
-0.41
-0.62
-0.88
-1.25
-1.70
-2.22
-2.79
-3.44
-4.19
-5.00
-5.74
-6.21
-6.22
-5.71
-4.79
-3.71
-2.70
-1.92
-1.36
-0.89
-0.38
0.23
0.89
1.50
1.94
2.17
2.23
2.22
2.22
2.28
2.38
2.46
2.47
2.41
2.30
2.18
2.09
2.02
1.96
1.85
1.67
1.40
1.07
0.70
0.29
-0.15
-0.62
-1.11
-1.58
-1.99
-2.34
-2.66
-3.01
-3.41
-3.85
-4.26
-4.55
-4.61
-4.41
-3.96
-3.34
-2.64
-1.92
-1.22
-0.57
0.05
0.64
1.16
1.57
1.83
1.92
1.85
1.68
1.49
1.31
1.13
0.88
0.51
0.03
-0.50
-0.98
-1.31
-1.48
-1.56
-1.66
-1.86
-2.20
-2.61
-2.98
-3.22
-3.27
-3.19
-3.06
-3.00
-3.09
-3.32
-3.59
-3.74
-3.63
-3.18
-2.38
-1.30
-0.05
1.22
2.40
3.37
4.04
4.40
4.48
4.35
4.14
3.95
3.86
3.87
3.96
4.03
4.02
3.88
3.62
3.27
2.92
2.65
2.55
2.65
2.93
3.27
3.53
3.57
3.28
2.67
1.84
0.94
0.13
-0.46
-0.78
-0.86
-0.82
-0.83
-1.08
-1.67
-2.59
-3.61
-4.46
-4.86
-4.69
-4.07
-3.23
-2.45
-1.90
-1.59
-1.39
-1.16
-0.80
-0.29
0.33
0.91
1.34
1.48
1.27
0.78
0.19
-0.27
-0.44
-0.27
0.11
0.51
0.74
0.75
0.60
0.42
0.28
0.22
0.19
0.15
0.06
-0.08
-0.26
-0.54
-0.97
-1.63
-2.52
-3.57
-4.64
-5.51
-5.97
-5.90
-5.30
-4.31
-3.19
-2.17
-1.39
-0.81
-0.32
0.24
0.94
1.74
2.53
3.21
3.73
4.06
4.21
4.17
3.97
3.66
3.36
3.17
3.13
3.17
3.13
2.88
2.38
1.69
0.95
0.27
-0.33
-0.88
-1.41
-1.93
-2.38
-2.70
-2.91
-3.05
-3.20
-3.40
-3.61
-3.69
-3.52
-3.05
-2.32
-1.44
-0.57
0.20
0.82
1.34
1.85
2.38
2.94
3.47
3.86
4.04
3.99
3.76
3.47
3.19
2.98
2.81
2.59
2.27
1.82
1.32
0.87
0.57
0.43
0.38
0.27
-0.02
-0.53
-1.18
-1.80
-2.23
-2.37
-2.30
-2.15
-2.11
-2.26
-2.59
-2.98
-3.30
-3.51
-3.61
-3.63
-3.57
-3.39
-2.99
-2.34
-1.48
-0.56
0.23
0.77
1.07
1.27
1.55
2.00
2.62
3.25
3.69
3.81
3.59
3.15
2.65
2.25
1.98
1.80
1.64
1.47
1.32
1.26
1.34
1.55
1.82
1.99
1.96
1.63
1.02
0.18
-0.75
-1.63
-2.33
-2.81
-3.05
-3.15
-3.20
-3.32
-3.56
-3.90
-4.27
-4.55
-4.63
-4.42
-3.93
-3.21
-2.38
-1.58
-0.91
-0.39
0.03
0.45
0.96
1.59
2.33
3.09
3.75
4.17
4.30
4.12
3.73
3.29
2.96
2.83
2.91
3.07
3.18
3.10
2.81
2.39
1.96
1.62
1.39
1.20
0.95
0.57
0.07
-0.45
-0.88
-1.17
-1.32
-1.41
-1.56
-1.82
-2.18
-2.62
-3.04
-3.39
-3.62
-3.71
-3.59
-3.24
-2.63
-1.80
-0.85
0.11
0.94
1.58
2.04
2.34
2.56
2.74
2.91
3.06
3.21
3.35
3.47
3.55
3.53
3.36
3.06
2.69
2.36
2.19
2.21
2.39
2.58
2.65
2.52
2.21
1.84
1.58
1.56
1.81
2.29
2.89
3.50
4.04
4.43
4.69
4.84
5.00
5.30
5.84
6.66
7.66
8.61
9.23
9.32
8.81
7.78
6.40
4.87
3.33
1.92
0.74
-0.07
-0.42
-0.33
0.08
0.57
0.90
0.93
0.71
0.41
0.24
0.35
0.73
1.22
1.63
1.74
1.46
0.77
-0.27
-1.58
-3.08
-4.72
-6.48
-8.34
-10.29
-12.34
-14.48
-16.66
-18.78
-20.66
-22.08
-22.85
-22.85
-22.08
-20.64
-18.66
-16.35
-13.91
-11.53
-9.39
-7.57
-6.08
-4.79
-3.56
-2.27
-0.91
0.40
1.48
2.21
2.56
2.67
2.73
2.92
3.29
3.77
4.24
4.58
4.75
4.75
4.65
4.45
4.12
3.61
2.86
1.89
0.77
-0.40
-1.46
-2.29
-2.75
-2.78
-2.40
-1.69
-0.84
-0.05
0.54
0.87
0.99
1.04
1.13
1.35
1.69
2.10
2.46
2.69
2.71
2.51
2.12
1.61
1.06
0.57
0.22
0.03
-0.02
-0.04
-0.12
-0.39
-0.84
-1.45
-2.11
-2.73
-3.28
-3.75
-4.17
-4.55
-4.89
-5.14
-5.28
-5.28
-5.11
-4.76
-4.20
-3.46
-2.60
-1.74
-1.02
-0.49
-0.15
0.08
0.29
0.56
0.89
1.24
1.55
1.75
1.81
1.73
1.55
1.27
0.92
0.52
0.11
-0.29
-0.62
-0.86
-1.02
-1.13
-1.26
-1.44
-1.68
-1.90
-2.04
-2.07
-2.03
-2.04
-2.16
-2.40
-2.68
-2.83
-2.73
-2.31
-1.66
-0.90
-0.17
0.42
0.83
1.09
1.26
1.40
1.55
1.76
2.02
2.32
2.64
2.95
3.24
3.46
3.58
3.55
3.39
3.14
2.94
2.88
3.01
3.26
3.54
3.69
3.65
3.41
3.03
2.57
2.13
1.76
1.50
1.36
1.25
1.08
0.76
0.22
-0.50
-1.24
-1.84
-2.14
-2.07
-1.68
-1.05
-0.30
0.47
1.18
1.79
2.24
2.56
2.75
2.84
2.84
2.73
2.48
2.11
1.65
1.23
0.96
0.93
1.14
1.53
1.99
2.43
2.84
3.21
3.54
3.78
3.85
3.68
3.29
2.79
2.34
2.10
2.12
2.32
2.54
2.61
2.40
1.91
1.20
0.40
-0.38
-1.08
-1.65
-2.00
-2.09
-1.89
-1.42
-0.81
-0.18
0.35
0.76
1.10
1.44
1.81
2.18
2.48
2.64
2.67
2.64
2.61
2.59
2.57
2.49
2.35
2.17
1.97
1.78
1.59
1.35
1.04
0.67
0.29
-0.07
-0.36
-0.61
-0.87
-1.18
-1.59
-2.07
-2.58
-3.10
-3.58
-4.00
-4.36
-4.63
-4.72
-4.56
-4.07
-3.26
-2.24
-1.16
-0.18
0.62
1.27
1.87
2.51
3.20
3.85
4.33
4.54
4.47
4.25
4.04
3.97
4.10
4.35
4.61
4.78
4.79
4.64
4.32
3.85
3.23
2.51
1.77
1.10
0.58
0.23
-0.02
-0.30
-0.71
-1.34
-2.20
-3.24
-4.35
-5.40
-6.22
-6.66
-6.60
-6.04
-5.09
-4.00
-3.02
-2.33
-1.97
-1.84
-1.75
-1.53
-1.12
-0.58
-0.05
0.38
0.64
0.73
0.68
0.47
0.08
-0.47
-1.12
-1.72
-2.09
-2.14
-1.85
-1.31
-0.65
-0.02
0.49
0.83
0.96
0.93
0.79
0.68
0.69
0.85
1.09
1.24
1.17
0.80
0.26
-0.29
-0.63
-0.65
-0.33
0.25
1.00
1.78
2.47
2.99
3.30
3.44
3.53
3.73
4.15
4.80
5.57
6.26
6.70
6.77
6.49
5.94
5.27
4.58
3.97
3.51
3.19
3.02
2.95
2.89
2.73
2.40
1.87
1.22
0.60
0.15
-0.03
0.02
0.14
0.10
-0.26
-1.04
-2.19
-3.55
-4.97
-6.27
-7.38
-8.23
-8.77
-8.96
-8.75
-8.16
-7.26
-6.18
-5.07
-4.05
-3.16
-2.38
-1.66
-0.95
-0.28
0.30
0.72
0.98
1.09
1.15
1.21
1.30
1.38
1.40
1.32
1.16
0.96
0.80
0.72
0.71
0.74
0.71
0.56
0.27
-0.11
-0.51
-0.87
-1.15
-1.36
-1.60
-1.95
-2.48
-3.18
-3.99
-4.75
-5.29
-5.49
-5.29
-4.72
-3.92
-3.06
-2.31
-1.76
-1.45
-1.30
-1.23
-1.13
-0.96
-0.70
-0.39
-0.09
0.19
0.46
0.73
1.01
1.24
1.40
1.46
1.49
1.58
1.83
2.28
2.86
3.43
3.87
4.09
4.09
3.93
3.70
3.42
3.08
2.65
2.10
1.42
0.64
-0.17
-0.92
-1.49
-1.79
-1.76
-1.40
-0.81
-0.08
0.64
1.23
1.63
1.86
2.02
2.22
2.56
3.08
3.68
4.20
4.46
4.34
3.83
3.06
2.24
1.60
1.28
1.28
1.48
1.71
1.76
1.55
1.12
0.57
0.05
-0.39
-0.77
-1.20
-1.75
-2.45
-3.28
-4.16
-5.01
-5.78
-6.44
-6.91
-7.11
-6.94
-6.33
-5.25
-3.74
-1.88
0.22
2.42
4.59
6.56
8.19
9.36
9.99
10.00
9.34
7.92
5.73
2.82
-0.61
-4.21
-7.53
-10.15
-11.75
-12.21
-11.66
-10.37
-8.67
-6.87
-5.16
-3.61
-2.24
-1.04
-0.00
0.84
1.49
1.98
2.41
2.86
3.33
3.71
3.79
3.36
2.33
0.77
-1.04
-2.77
-4.09
-4.79
-4.80
-4.21
-3.17
-1.91
-0.63
0.49
1.32
1.82
1.99
1.91
1.68
1.40
1.21
1.18
1.37
1.77
2.32
2.91
3.45
3.90
4.28
4.63
4.99
5.32
5.57
5.62
5.40
4.89
4.13
3.21
2.22
1.23
0.25
-0.73
-1.70
-2.64
-3.50
-4.27
-4.99
-5.73
-6.46
-7.10
-7.44
-7.27
-6.46
-5.05
-3.22
-1.19
0.90
3.00
5.11
7.18
9.00
10.27
10.71
10.25
9.02
7.32
5.47
3.62
1.79
-0.11
-2.14
-4.23
-6.21
-7.83
-8.91
-9.36
-9.26
-8.73
-7.93
-6.97
-5.91
-4.72
-3.39
-1.92
-0.41
0.98
2.07
2.74
2.96
2.81
2.39
1.80
1.11
0.36
-0.41
-1.15
-1.88
-2.63
-3.49
-4.57
-5.87
-7.29
-8.57
-9.29
-9.05
-7.49
-4.54
-0.48
4.08
8.37
11.72
13.77
14.57
14.44
13.82
13.01
12.12
11.18
10.19
9.21
8.34
7.59
6.86
5.96
4.70
3.04
1.11
-0.86
-2.65
-4.10
-5.23
-6.09
-6.74
-7.13
-7.13
-6.60
-5.46
-3.79
-1.81
0.22
2.06
3.59
4.82
5.81
6.63
7.30
7.81
8.16
8.32
8.29
8.01
7.37
6.34
4.92
3.20
1.31
-0.64
-2.60
-4.57
-6.50
-8.25
-9.62
-10.40
-10.51
-10.08
-9.39
-8.74
-8.36
-8.31
-8.53
-8.88
-9.21
-9.46
-9.60
-9.63
-9.60
-9.56
-9.61
-9.84
-10.26
-10.79
-11.22
-11.32
-10.95
-10.11
-8.91
-7.54
-6.18
-4.90
-3.74
-2.66
-1.64
-0.69
0.19
0.98
1.70
2.36
2.98
3.52
3.95
4.25
4.42
4.50
4.52
4.51
4.46
4.33
4.03
3.49
2.67
1.59
0.40
-0.69
-1.44
-1.68
-1.37
-0.67
0.19
0.96
1.46
1.73
1.88
2.07
2.38
2.77
3.12
3.32
3.32
3.21
3.11
3.14
3.29
3.45
3.46
3.20
2.67
2.01
1.43
1.07
0.98
1.00
0.95
0.65
0.06
-0.75
-1.61
-2.37
-2.94
-3.33
-3.53
-3.55
-3.34
-2.86
-2.10
-1.11
-0.02
1.05
2.00
2.79
3.41
3.88
4.24
4.49
4.60
4.55
4.33
4.01
3.68
3.46
3.43
3.56
3.75
3.82
3.67
3.23
2.57
1.79
1.00
0.31
-0.24
-0.61
-0.80
-0.89
-1.01
-1.32
-1.93
-2.86
-3.92
-4.83
-5.30
-5.17
-4.45
-3.36
-2.15
-1.04
-0.12
0.65
1.31
1.90
2.38
2.72
2.94
3.11
3.34
3.64
3.96
4.17
4.19
4.04
3.80
3.60
3.50
3.45
3.34
3.07
2.63
2.07
1.51
1.00
0.55
0.11
-0.37
-0.90
-1.44
-1.92
-2.35
-2.74
-3.20
-3.77
-4.46
-5.12
-5.53
-5.49
-4.92
-3.92
-2.69
-1.48
-0.47
0.31
0.91
1.40
1.82
2.14
2.32
2.37
2.34
2.35
2.45
2.63
2.81
2.90
2.86
2.73
2.59
2.49
2.44
2.37
2.21
1.88
1.37
0.71
-0.02
-0.73
-1.40
-2.00
-2.54
-3.07
-3.59
-4.09
-4.52
-4.80
-4.84
-4.58
-4.03
-3.22
-2.25
-1.23
-0.27
0.57
1.25
1.82
2.33
2.85
3.40
3.93
4.33
4.46
4.23
3.65
2.87
2.09
1.53
1.29
1.35
1.54
1.68
1.61
1.27
0.75
0.16
-0.34
-0.70
-0.94
-1.14
-1.40
-1.77
-2.24
-2.79
-3.36
-3.88
-4.31
-4.54
-4.51
-4.12
-3.38
-2.36
-1.23
-0.16
0.71
1.37
1.86
2.25
2.60
2.90
3.13
3.27
3.38
3.50
3.70
3.93
4.12
4.16
4.01
3.71
3.33
2.94
2.54
2.12
1.64
1.16
0.74
0.49
0.41
0.39
0.31
0.01
-0.51
-1.15
-1.76
-2.21
-2.45
-2.54
-2.61
-2.80
-3.19
-3.77
-4.48
-5.19
-5.78
-6.10
-6.08
-5.65
-4.84
-3.77
-2.65
-1.65
-0.92
-0.44
-0.09
0.32
0.90
1.66
2.47
3.14
3.56
3.67
3.57
3.36
3.14
2.97
2.87
2.86
2.94
3.10
3.29
3.42
3.40
3.18
2.77
2.25
1.70
1.18
0.71
0.27
-0.14
-0.51
-0.82
-1.06
-1.25
-1.45
-1.73
-2.12
-2.65
-3.35
-4.22
-5.23
-6.26
-7.11
-7.54
-7.43
-6.77
-5.72
-4.55
-3.47
-2.58
-1.83
-1.10
-0.33
0.48
1.22
1.77
2.07
2.17
2.20
2.28
2.46
2.70
2.90
2.98
2.93
2.81
2.68
2.61
2.60
2.59
2.51
2.33
2.05
1.70
1.27
0.76
0.17
-0.52
-1.24
-1.91
-2.43
-2.76
-2.96
-3.18
-3.58
-4.28
-5.26
-6.36
-7.35
-7.98
-8.08
-7.56
-6.50
-5.06
-3.50
-2.08
-0.96
-0.20
0.30
0.75
1.30
2.03
2.85
3.57
4.02
4.16
4.04
3.82
3.63
3.52
3.46
3.42
3.39
3.42
3.55
3.79
4.05
4.18
4.06
3.62
2.92
2.08
1.26
0.55
-0.01
-0.43
-0.75
-1.03
-1.36
-1.79
-2.39
-3.18
-4.18
-5.36
-6.69
-8.04
-9.26
-10.13
-10.47
-10.17
-9.27
-7.99
-6.60
-5.39
-4.55
-4.11
-3.95
-3.86
-3.64
-3.12
-2.27
-1.20
-0.10
0.85
1.53
1.94
2.17
2.37
2.66
3.08
3.61
4.18
4.71
5.15
5.48
5.68
5.77
5.76
5.70
5.65
5.66
5.73
5.82
5.78
5.45
4.69
3.45
1.87
0.19
-1.24
-2.11
-2.21
-1.51
-0.14
1.61
3.34
4.60
5.02
4.41
2.88
0.89
-0.93
-1.96
-1.84
-0.63
1.23
3.15
4.62
5.41
5.59
5.41
5.10
4.79
4.48
4.14
3.75
3.38
3.11
2.99
2.97
2.97
2.85
2.52
1.91
0.99
-0.24
-1.74
-3.40
-5.05
-6.53
-7.66
-8.38
-8.65
-8.57
-8.24
-7.79
-7.35
-6.96
-6.64
-6.33
-5.95
-5.42
-4.72
-3.90
-3.05
-2.28
-1.66
-1.18
-0.83
-0.57
-0.38
-0.22
-0.06
0.16
0.47
0.83
1.14
1.20
0.87
0.10
-1.01
-2.23
-3.31
-4.02
-4.20
-3.83
-2.99
-1.83
-0.61
0.45
1.22
1.69
2.03
2.42
3.02
3.85
4.79
5.65
6.27
6.62
6.74
6.76
6.79
6.93
7.19
7.58
8.06
8.56
8.98
9.21
9.18
8.88
8.44
8.01
7.71
7.58
7.53
7.42
7.11
6.54
5.77
4.89
4.00
3.13
2.29
1.44
0.55
-0.35
-1.22
-2.02
-2.71
-3.29
-3.80
-4.33
-4.97
-5.82
-6.89
-8.04
-9.05
-9.63
-9.53
-8.70
-7.24
-5.42
-3.52
-1.77
-0.31
0.83
1.69
2.36
2.92
3.46
4.01
4.58
5.17
5.78
6.43
7.13
7.85
8.53
9.05
9.33
9.36
9.21
9.01
8.88
8.88
9.01
9.23
9.53
9.88
10.26
10.54
10.56
10.16
9.20
7.69
5.73
3.50
1.22
-0.90
-2.68
-3.95
-4.59
-4.55
-3.89
-2.78
-1.52
-0.39
0.39
0.74
0.71
0.46
0.08
-0.36
-0.90
-1.61
-2.48
-3.47
-4.47
-5.40
-6.21
-6.95
-7.64
-8.28
-8.83
-9.22
-9.42
-9.45
-9.41
-9.41
-9.59
-10.01
-10.69
-11.57
-12.51
-13.37
-14.03
-14.46
-14.77
-15.14
-15.75
-16.62
-17.60
-18.42
-18.78
-18.49
-17.59
-16.29
-14.89
-13.62
-12.61
-11.85
-11.27
-10.78
-10.36
-10.00
-9.71
-9.45
-9.17
-8.86
-8.48
-8.04
-7.53
-6.89
-6.02
-4.83
-3.24
-1.27
0.97
3.32
5.63
7.75
9.56
10.98
11.96
12.50
12.69
12.65
12.47
12.20
11.82
11.24
10.40
9.29
7.99
6.63
5.31
4.09
2.97
1.97
1.10
0.46
0.17
0.31
0.88
1.79
2.83
3.78
4.46
4.79
4.79
4.58
4.27
3.96
3.69
3.43
3.21
3.03
2.93
2.93
3.01
3.09
3.09
2.96
2.70
2.37
2.00
1.61
1.14
0.56
-0.16
-0.98
-1.80
-2.55
-3.17
-3.64
-4.01
-4.32
-4.68
-5.15
-5.77
-6.52
-7.29
-7.94
-8.30
-8.28
-7.87
-7.20
-6.40
-5.59
-4.82
-4.07
-3.32
-2.57
-1.83
-1.15
-0.51
0.11
0.76
1.41
2.00
2.43
2.66
2.71
2.67
2.64
2.72
2.90
3.14
3.38
3.56
3.68
3.77
3.85
3.97
4.14
4.35
4.56
4.71
4.74
4.65
4.50
4.33
4.20
4.07
3.84
3.40
2.75
2.05
1.58
1.62
2.26
3.35
4.48
5.23
5.36
4.92
4.23
3.61
3.23
3.00
2.63
1.88
0.70
-0.71
-2.02
-2.94
-3.38
-3.43
-3.34
-3.32
-3.48
-3.82
-4.29
-4.79
-5.26
-5.59
-5.71
-5.52
-4.97
-4.08
-2.92
-1.62
-0.34
0.81
1.72
2.37
2.76
2.94
2.98
2.95
2.88
2.68
2.27
1.54
0.51
-0.65
-1.61
-2.02
-1.64
-0.42
1.39
3.41
5.17
6.36
6.89
6.88
6.59
6.25
5.97
5.75
5.51
5.18
4.76
4.32
3.95
3.69
3.55
3.47
3.39
3.30
3.20
3.10
3.05
3.08
3.22
3.48
3.82
4.12
4.28
4.19
3.83
3.25
2.56
1.89
1.29
0.73
0.07
-0.85
-2.15
-3.83
-5.75
-7.64
-9.19
-10.14
-10.35
-9.80
-8.62
-7.01
-5.18
-3.34
-1.62
-0.08
1.27
2.46
3.52
4.45
5.26
5.93
6.45
6.81
7.01
7.03
6.87
6.57
6.21
5.90
5.69
5.57
5.46
5.24
4.78
4.06
3.12
2.07
1.04
0.08
-0.80
-1.65
-2.49
-3.29
-3.99
-4.54
-4.93
-5.26
-5.68
-6.32
-7.20
-8.15
-8.91
-9.21
-8.88
-7.97
-6.66
-5.23
-3.95
-2.94
-2.23
-1.70
-1.22
-0.66
0.07
0.95
1.87
2.70
3.28
3.53
3.45
3.12
2.68
2.27
2.00
1.89
1.94
2.09
2.27
2.43
2.49
2.42
2.16
1.70
1.06
0.32
-0.40
-0.96
-1.30
-1.45
-1.52
-1.67
-2.02
-2.59
-3.29
-3.98
-4.52
-4.79
-4.74
-4.32
-3.52
-2.41
-1.12
0.13
1.08
1.61
1.74
1.62
1.49
1.52
1.75
2.07
2.34
2.41
2.27
2.01
1.74
1.56
1.49
1.49
1.55
1.66
1.83
2.02
2.18
2.16
1.88
1.30
0.53
-0.29
-0.98
-1.46
-1.74
-1.91
-2.04
-2.20
-2.44
-2.85
-3.49
-4.40
-5.51
-6.58
-7.30
-7.40
-6.76
-5.51
-3.95
-2.40
-1.13
-0.20
0.48
1.06
1.61
2.14
2.56
2.80
2.85
2.79
2.75
2.82
2.99
3.17
3.26
3.18
2.94
2.61
2.26
1.90
1.51
1.08
0.60
0.13
-0.28
-0.58
-0.79
-0.96
-1.11
-1.25
-1.39
-1.53
-1.72
-2.04
-2.55
-3.28
-4.19
-5.17
-6.08
-6.74
-6.98
-6.71
-5.94
-4.78
-3.42
-2.07
-0.89
0.01
0.65
1.11
1.50
1.92
2.43
3.01
3.59
4.07
4.34
4.39
4.25
3.98
3.70
3.43
3.18
2.94
2.69
2.45
2.26
2.18
2.20
2.27
2.31
2.21
1.95
1.56
1.17
0.88
0.74
0.64
0.43
-0.07
-0.94
-2.10
-3.39
-4.58
-5.47
-5.98
-6.12
-5.93
-5.48
-4.83
-4.03
-3.16
-2.28
-1.49
-0.85
-0.32
0.19
0.81
1.61
2.53
3.40
4.00
4.18
3.96
3.46
2.89
2.44
2.17
2.08
2.10
2.20
2.32
2.46
2.54
2.51
2.34
2.05
1.71
1.39
1.13
0.89
0.60
0.18
-0.42
-1.16
-1.94
-2.63
-3.12
-3.39
-3.52
-3.65
-3.92
-4.41
-5.06
-5.76
-6.36
-6.70
-6.71
-6.35
-5.66
-4.72
-3.66
-2.59
-1.65
-0.88
-0.25
0.32
0.96
1.73
2.61
3.49
4.19
4.57
4.56
4.17
3.56
2.91
2.39
2.13
2.14
2.36
2.70
3.02
3.25
3.35
3.31
3.19
3.02
2.82
2.56
2.18
1.66
1.00
0.31
-0.32
-0.78
-1.04
-1.15
-1.25
-1.46
-1.89
-2.55
-3.40
-4.36
-5.29
-6.06
-6.57
-6.71
-6.41
-5.68
-4.58
-3.28
-1.99
-0.90
-0.11
0.39
0.74
1.08
1.51
2.01
2.50
2.87
3.09
3.19
3.24
3.30
3.37
3.40
3.30
3.05
2.67
2.26
1.92
1.72
1.64
1.58
1.43
1.11
0.62
0.04
-0.54
-1.04
-1.43
-1.73
-2.03
-2.38
-2.85
-3.46
-4.17
-4.89
-5.48
-5.77
-5.65
-5.10
-4.22
-3.20
-2.22
-1.40
-0.76
-0.24
0.25
0.77
1.39
2.09
2.83
3.53
4.10
4.47
4.59
4.53
4.36
4.15
3.94
3.68
3.37
2.99
2.62
2.32
2.12
1.98
1.80
1.51
1.07
0.55
0.01
-0.48
-0.91
-1.33
-1.78
-2.27
-2.83
-3.46
-4.14
-4.88
-5.61
-6.23
-6.63
-6.69
-6.36
-5.67
-4.70
-3.60
-2.49
-1.48
-0.62
0.07
0.66
1.20
1.78
2.41
3.04
3.56
3.88
3.97
3.89
3.73
3.59
3.52
3.46
3.35
3.17
2.94
2.74
2.65
2.68
2.76
2.75
2.53
2.04
1.30
0.47
-0.28
-0.79
-1.00
-0.97
-0.89
-0.97
-1.33
-2.00
-2.89
-3.84
-4.70
-5.37
-5.79
-5.94
-5.79
-5.34
-4.59
-3.59
-2.45
-1.35
-0.39
0.34
0.87
1.25
1.57
1.87
2.15
2.39
2.53
2.59
2.58
2.56
2.55
2.58
2.64
2.72
2.80
2.84
2.81
2.69
2.45
2.11
1.67
1.16
0.57
-0.09
-0.76
-1.39
-1.91
-2.31
-2.65
-3.04
-3.58
-4.26
-4.91
-5.32
-5.27
-4.68
-3.68
-2.55
-1.57
-0.92
-0.56
-0.34
-0.02
0.52
1.30
2.23
3.15
3.90
4.39
4.60
4.55
4.28
3.86
3.36
2.84
2.39
2.06
1.90
1.91
2.06
2.24
2.32
2.21
1.86
1.31
0.66
-0.02
-0.68
-1.30
-1.88
-2.39
-2.85
-3.29
-3.79
-4.42
-5.19
-5.97
-6.55
-6.69
-6.25
-5.31
-4.07
-2.84
-1.84
-1.12
-0.56
0.04
0.81
1.77
2.78
3.65
4.23
4.50
4.53
4.42
4.24
3.99
3.67
3.31
2.96
2.71
2.60
2.59
2.58
2.49
2.27
1.96
1.64
1.34
1.06
0.70
0.21
-0.40
-1.03
-1.54
-1.85
-1.92
-1.89
-1.91
-2.15
-2.67
-3.42
-4.24
-4.92
-5.28
-5.18
-4.60
-3.57
-2.24
-0.76
0.68
1.94
2.90
3.54
3.87
3.94
3.82
3.58
3.28
2.94
2.56
2.13
1.67
1.23
0.89
0.68
0.61
0.57
0.48
0.26
-0.06
-0.41
-0.70
-0.90
-1.02
-1.13
-1.26
-1.41
-1.54
-1.62
-1.64
-1.65
-1.71
-1.85
-2.08
-2.41
-2.86
-3.50
-4.33
-5.29
-6.20
-6.82
-6.92
-6.37
-5.24
-3.75
-2.21
-0.83
0.25
1.06
1.69
2.25
2.83
3.44
4.09
4.78
5.43
5.94
6.22
6.22
5.95
5.51
5.03
4.60
4.27
4.03
3.86
3.73
3.62
3.50
3.34
3.10
2.78
2.38
1.94
1.49
1.02
0.53
0.01
-0.52
-1.05
-1.53
-1.94
-2.29
-2.58
-2.89
-3.28
-3.84
-4.63
-5.61
-6.61
-7.37
-7.62
-7.21
-6.13
-4.60
-2.91
-1.36
-0.11
0.81
1.47
1.99
2.48
2.99
3.52
4.04
4.50
4.84
5.02
5.02
4.87
4.64
4.41
4.26
4.21
4.25
4.33
4.37
4.29
4.04
3.58
2.95
2.22
1.50
0.86
0.38
0.04
-0.18
-0.34
-0.50
-0.67
-0.88
-1.13
-1.41
-1.75
-2.16
-2.60
-3.07
-3.55
-4.06
-4.63
-5.30
-6.05
-6.73
-7.14
-7.07
-6.41
-5.23
-3.74
-2.22
-0.88
0.19
1.00
1.64
2.16
2.59
2.95
3.23
3.49
3.73
3.93
4.06
4.08
3.98
3.80
3.65
3.61
3.68
3.81
3.88
3.80
3.54
3.16
2.78
2.47
2.25
2.07
1.85
1.56
1.18
0.75
0.27
-0.25
-0.81
-1.42
-2.01
-2.53
-2.88
-3.05
-3.10
-3.16
-3.36
-3.81
-4.51
-5.38
-6.26
-6.92
-7.11
-6.68
-5.64
-4.16
-2.54
-1.08
0.02
0.70
1.07
1.28
1.53
1.93
2.53
3.27
4.02
4.63
4.98
5.02
4.78
4.36
3.92
3.60
3.44
3.45
3.55
3.63
3.63
3.50
3.21
2.77
2.19
1.53
0.87
0.33
-0.04
-0.22
-0.30
-0.40
-0.65
-1.06
-1.62
-2.21
-2.76
-3.25
-3.72
-4.23
-4.84
-5.50
-6.13
-6.59
-6.76
-6.55
-5.92
-4.90
-3.64
-2.32
-1.16
-0.29
0.26
0.59
0.82
1.05
1.29
1.49
1.57
1.55
1.50
1.52
1.67
1.93
2.18
2.31
2.28
2.11
1.89
1.72
1.59
1.48
1.31
1.02
0.58
0.02
-0.60
-1.21
-1.77
-2.28
-2.78
-3.34
-4.00
-4.76
-5.57
-6.33
-6.94
-7.31
-7.33
-6.94
-6.13
-4.95
-3.57
-2.20
-1.03
-0.14
0.49
0.97
1.44
1.99
2.63
3.30
3.89
4.33
4.56
4.56
4.34
3.93
3.39
2.80
2.24
1.78
1.49
1.33
1.29
1.29
1.28
1.20
1.03
0.77
0.42
-0.01
-0.49
-0.98
-1.46
-1.95
-2.51
-3.16
-3.92
-4.68
-5.28
-5.55
-5.40
-4.85
-4.03
-3.10
-2.20
-1.38
-0.64
0.07
0.78
1.47
2.09
2.60
2.96
3.18
3.28
3.30
3.27
3.21
3.13
3.06
3.02
3.04
3.11
3.17
3.16
3.01
2.68
2.18
1.59
0.95
0.31
-0.29
-0.85
-1.37
-1.85
-2.26
-2.63
-2.96
-3.29
-3.63
-3.96
-4.21
-4.27
-4.06
-3.53
-2.72
-1.75
-0.82
-0.03
0.55
0.98
1.37
1.83
2.41
3.03
3.62
4.05
4.29
4.37
4.36
4.34
4.33
4.36
4.43
4.53
4.64
4.72
4.74
4.64
4.40
4.06
3.63
3.16
2.65
2.16
1.78
1.68
2.02
2.84
4.02
5.20
5.93
5.84
4.80
2.94
0.55
-2.02
-4.55
-6.88
-8.88
-10.38
-11.15
-11.03
-10.02
-8.37
-6.52
-4.88
-3.74
-3.11
-2.81
-2.55
-2.10
-1.35
-0.31
0.85
1.93
2.75
3.19
3.28
3.12
2.90
2.74
2.70
2.73
2.80
2.86
2.93
3.03
3.12
3.08
2.80
2.17
1.25
0.20
-0.78
-1.53
-2.01
-2.30
-2.58
-3.01
-3.69
-4.65
-5.82
-7.07
-8.26
-9.24
-9.92
-10.21
-10.06
-9.44
-8.37
-6.93
-5.26
-3.53
-1.92
-0.52
0.65
1.65
2.52
3.27
3.88
4.30
4.53
4.59
4.56
4.52
4.54
4.61
4.66
4.62
4.44
4.12
3.73
3.35
3.03
2.78
2.55
2.23
1.80
1.25
0.67
0.15
-0.25
-0.56
-0.83
-1.21
-1.78
-2.60
-3.62
-4.69
-5.55
-5.91
-5.56
-4.48
-2.88
-1.12
0.37
1.36
1.81
1.93
1.98
2.17
2.51
2.90
3.21
3.38
3.47
3.56
3.67
3.78
3.78
3.61
3.28
2.87
2.52
2.27
2.13
2.00
1.78
1.42
0.92
0.34
-0.24
-0.76
-1.19
-1.54
-1.85
-2.18
-2.59
-3.10
-3.69
-4.30
-4.81
-5.05
-4.92
-4.39
-3.56
-2.61
-1.73
-1.02
-0.49
-0.02
0.53
1.22
2.03
2.84
3.51
3.95
4.17
4.20
4.13
3.99
3.81
3.56
3.25
2.92
2.64
2.49
2.50
2.67
2.90
3.05
3.00
2.67
2.07
1.24
0.29
-0.70
-1.62
-2.34
-2.78
-2.94
-2.90
-2.89
-3.12
-3.70
-4.62
-5.64
-6.47
-6.84
-6.63
-5.85
-4.68
-3.32
-1.98
-0.79
0.16
0.87
1.40
1.83
2.21
2.58
2.91
3.16
3.27
3.26
3.18
3.13
3.19
3.39
3.68
3.91
3.94
3.68
3.15
2.46
1.79
1.28
0.98
0.84
0.72
0.51
0.20
-0.14
-0.39
-0.52
-0.57
-0.64
-0.88
-1.35
-2.02
-2.84
-3.73
-4.60
-5.38
-5.96
-6.21
-6.05
-5.49
-4.62
-3.59
-2.55
-1.61
-0.77
0.01
0.73
1.43
2.09
2.71
3.27
3.74
4.07
4.20
4.13
3.90
3.62
3.40
3.34
3.44
3.67
3.90
4.04
4.00
3.74
3.29
2.74
2.15
1.62
1.18
0.81
0.49
0.17
-0.15
-0.49
-0.85
-1.25
-1.69
-2.21
-2.80
-3.45
-4.15
-4.85
-5.51
-6.06
-6.43
-6.53
-6.32
-5.78
-4.97
-3.99
-2.95
-1.92
-0.94
-0.02
0.85
1.67
2.40
3.01
3.46
3.73
3.83
3.74
3.50
3.13
2.75
2.46
2.33
2.36
2.44
2.44
2.24
1.90
1.55
1.35
1.38
1.57
1.76
1.76
1.46
0.89
0.18
-0.52
-1.10
-1.53
-1.85
-2.11
-2.37
-2.67
-3.04
-3.51
-4.07
-4.68
-5.21
-5.52
-5.49
-5.09
-4.39
-3.49
-2.55
-1.64
-0.82
-0.08
0.64
1.36
2.10
2.81
3.44
3.91
4.17
4.22
4.10
3.87
3.63
3.41
3.26
3.18
3.17
3.16
3.07
2.82
2.38
1.80
1.21
0.77
0.58
0.60
0.68
0.64
0.34
-0.22
-0.96
-1.72
-2.35
-2.79
-3.06
-3.26
-3.52
-3.93
-4.52
-5.24
-5.91
-6.36
-6.45
-6.13
-5.45
-4.53
-3.48
-2.39
-1.32
-0.30
0.64
1.50
2.25
2.90
3.43
3.82
4.02
4.02
3.87
3.62
3.39
3.22
3.12
3.07
3.02
2.95
2.88
2.82
2.74
2.61
2.36
1.94
1.35
0.61
-0.23
-1.15
-2.13
-3.16
-4.19
-5.22
-6.23
-7.24
-8.29
-9.35
-10.36
-11.19
-11.65
-11.63
-11.05
-9.92
-8.33
-6.46
-4.50
-2.65
-1.04
0.31
1.50
2.67
4.00
5.55
7.28
9.03
10.55
11.62
12.10
12.04
11.61
11.08
10.69
10.57
10.73
11.03
11.30
11.36
11.13
10.58
9.78
8.82
7.81
6.82
5.89
5.01
4.13
3.15
2.03
0.74
-0.66
-2.10
-3.48
-4.77
-5.96
-7.09
-8.16
-9.10
-9.76
-9.97
-9.61
-8.71
-7.43
-6.02
-4.71
-3.62
-2.78
-2.11
-1.51
-0.91
-0.32
0.19
0.53
0.67
0.68
0.67
0.75
1.00
1.37
1.75
2.00
2.06
1.94
1.75
1.62
1.59
1.60
1.53
1.25
0.72
-0.03
-0.89
-1.75
-2.53
-3.18
-3.72
-4.15
-4.50
-4.83
-5.23
-5.80
-6.60
-7.60
-8.66
-9.53
-9.94
-9.71
-8.84
-7.46
-5.80
-4.10
-2.56
-1.28
-0.28
0.50
1.15
1.80
2.50
3.26
4.00
4.58
4.87
4.84
4.55
4.10
3.64
3.25
3.00
2.88
2.85
2.92
3.02
3.10
3.07
2.86
2.41
1.74
0.92
0.09
-0.62
-1.10
-1.30
-1.31
-1.29
-1.41
-1.80
-2.48
-3.37
-4.30
-5.10
-5.64
-5.86
-5.77
-5.40
-4.78
-3.95
-2.96
-1.84
-0.67
0.48
1.53
2.42
3.11
3.57
3.82
3.89
3.82
3.67
3.45
3.19
2.93
2.68
2.49
2.38
2.33
2.31
2.27
2.16
1.98
1.75
1.49
1.18
0.78
0.26
-0.39
-1.08
-1.69
-2.10
-2.30
-2.39
-2.54
-2.93
-3.62
-4.50
-5.35
-5.93
-6.03
-5.62
-4.79
-3.72
-2.61
-1.63
-0.86
-0.29
0.14
0.56
1.05
1.63
2.24
2.74
2.99
2.93
2.57
2.04
1.48
1.01
0.69
0.51
0.40
0.24
-0.05
-0.52
-1.11
-1.73
-2.28
-2.76
-3.18
-3.65
-4.26
-5.08
-6.19
-7.62
-9.45
-11.67
-14.13
-16.43
-17.97
-18.14
-16.55
-13.29
-8.91
-4.22
-0.01
3.27
5.54
7.01
7.98
8.67
9.16
9.46
9.64
9.81
10.10
10.57
11.17
11.74
12.12
12.21
11.98
11.48
10.80
10.05
9.32
8.70
8.18
7.73
7.25
6.67
5.98
5.23
4.49
3.83
3.26
2.71
2.10
1.37
0.55
-0.31
-1.12
-1.84
-2.51
-3.20
-3.95
-4.74
-5.46
-5.89
-5.84
-5.25
-4.21
-2.96
-1.76
-0.81
-0.13
0.42
1.02
1.78
2.67
3.56
4.31
4.83
5.14
5.37
5.63
5.97
6.36
6.69
6.85
6.75
6.35
5.65
4.69
3.53
2.26
0.95
-0.34
-1.59
-2.82
-4.07
-5.33
-6.55
-7.64
-8.53
-9.16
-9.54
-9.68
-9.62
-9.38
-9.00
-8.59
-8.27
-8.16
-8.31
-8.57
-8.70
-8.38
-7.42
-5.88
-4.05
-2.32
-1.04
-0.31
0.03
0.28
0.76
1.58
2.66
3.78
4.73
5.38
5.73
5.85
5.80
5.62
5.33
4.98
4.62
4.33
4.20
4.27
4.55
5.04
5.72
6.53
7.41
8.22
8.77
8.91
8.52
7.57
6.16
4.45
2.64
0.89
-0.73
-2.24
-3.68
-5.09
-6.44
-7.67
-8.76
-9.71
-10.51
-11.14
-11.52
-11.51
-10.98
-9.88
-8.29
-6.40
-4.45
-2.64
-1.11
0.10
1.04
1.79
2.44
3.09
3.77
4.46
5.10
5.61
5.94
6.08
6.08
5.99
5.86
5.71
5.51
5.25
4.95
4.61
4.25
3.87
3.48
3.07
2.67
2.28
1.91
1.52
1.05
0.47
-0.18
-0.84
-1.37
-1.72
-1.87
-1.90
-1.96
-2.20
-2.72
-3.53
-4.50
-5.40
-5.99
-6.05
-5.57
-4.67
-3.57
-2.48
-1.55
-0.81
-0.21
0.31
0.78
1.24
1.71
2.21
2.72
3.20
3.57
3.77
3.80
3.73
3.65
3.65
3.74
3.88
4.00
4.00
3.81
3.39
2.75
1.95
1.02
0.01
-1.08
-2.20
-3.28
-4.18
-4.77
-4.99
-4.93
-4.80
-4.84
-5.19
-5.80
-6.50
-7.03
-7.20
-6.93
-6.28
-5.33
-4.21
-3.01
-1.83
-0.77
0.12
0.82
1.38
1.91
2.45
3.00
3.48
3.81
3.92
3.83
3.60
3.33
3.04
2.72
2.35
1.91
1.46
1.11
0.94
0.93
0.99
0.98
0.75
0.25
-0.49
-1.36
-2.21
-2.91
-3.39
-3.66
-3.78
-3.87
-4.04
-4.36
-4.78
-5.17
-5.37
-5.29
-4.91
-4.34
-3.68
-2.98
-2.22
-1.32
-0.24
0.94
2.10
3.08
3.79
4.21
4.40
4.44
4.39
4.29
4.14
3.92
3.66
3.35
3.03
2.74
2.52
2.40
2.37
2.36
2.28
2.05
1.62
1.03
0.35
-0.32
-0.91
-1.39
-1.80
-2.18
-2.59
-3.08
-3.69
-4.42
-5.21
-5.87
-6.19
-5.99
-5.21
-4.00
-2.65
-1.44
-0.57
0.01
0.46
1.01
1.78
2.73
3.68
4.40
4.74
4.69
4.37
3.96
3.63
3.44
3.34
3.25
3.10
2.90
2.71
2.60
2.63
2.75
2.85
2.81
2.56
2.07
1.43
0.75
0.12
-0.39
-0.78
-1.06
-1.30
-1.54
-1.88
-2.37
-3.05
-3.90
-4.82
-5.64
-6.14
-6.20
-5.76
-4.92
-3.89
-2.90
-2.09
-1.48
-0.93
-0.30
0.53
1.53
2.61
3.58
4.30
4.68
4.71
4.41
3.86
3.17
2.48
1.95
1.70
1.75
1.97
2.22
2.32
2.23
2.01
1.76
1.55
1.35
1.03
0.50
-0.24
-1.04
-1.73
-2.16
-2.32
-2.34
-2.41
-2.65
-3.09
-3.62
-4.12
-4.55
-4.94
-5.31
-5.68
-5.93
-5.90
-5.45
-4.56
-3.38
-2.14
-1.08
-0.31
0.23
0.73
1.36
2.20
3.14
3.99
4.57
4.78
4.66
4.35
3.99
3.67
3.42
3.26
3.20
3.26
3.40
3.54
3.58
3.42
3.09
2.67
2.29
1.98
1.70
1.30
0.68
-0.13
-1.01
-1.78
-2.32
-2.67
-2.97
-3.38
-3.96
-4.64
-5.28
-5.76
-6.08
-6.29
-6.46
-6.59
-6.54
-6.16
-5.33
-4.12
-2.76
-1.52
-0.62
-0.05
0.34
0.77
1.39
2.18
3.01
3.71
4.19
4.45
4.57
4.59
4.54
4.39
4.13
3.76
3.34
2.94
2.62
2.42
2.33
2.28
2.15
1.85
1.33
0.65
-0.03
-0.52
-0.77
-0.84
-0.92
-1.19
-1.72
-2.39
-3.01
-3.44
-3.64
-3.76
-3.97
-4.45
-5.21
-6.14
-7.02
-7.63
-7.81
-7.50
-6.77
-5.76
-4.64
-3.56
-2.58
-1.69
-0.79
0.13
1.10
2.03
2.84
3.48
3.92
4.23
4.46
4.67
4.86
5.06
5.26
5.50
5.80
6.14
6.48
6.71
6.75
6.56
6.14
5.57
4.90
4.20
3.55
2.98
2.54
2.23
1.99
1.75
1.41
0.93
0.27
-0.55
-1.51
-2.56
-3.63
-4.62
-5.45
-6.04
-6.36
-6.44
-6.33
-6.10
-5.78
-5.42
-5.06
-4.73
-4.44
-4.14
-3.75
-3.20
-2.47
-1.63
-0.79
-0.04
0.59
1.16
1.73
2.35
2.99
3.58
4.03
4.26
4.26
4.05
3.73
3.38
3.10
2.95
2.96
3.06
3.19
3.20
2.99
2.51
1.80
0.98
0.21
-0.41
-0.84
-1.16
-1.50
-1.98
-2.65
-3.46
-4.32
-5.08
-5.61
-5.80
-5.57
-4.87
-3.79
-2.47
-1.12
0.05
0.92
1.47
1.78
1.98
2.15
2.30
2.38
2.33
2.10
1.73
1.26
0.76
0.28
-0.16
-0.53
-0.72
-0.64
-0.20
0.60
1.64
2.67
3.44
3.77
3.61
3.05
2.28
1.49
0.84
0.40
0.16
0.04
-0.06
-0.25
-0.56
-0.93
-1.19
-1.15
-0.69
0.15
1.17
2.03
2.39
2.03
0.90
-0.82
-2.79
-4.61
-5.90
-6.42
-6.10
-5.07
-3.60
-2.03
-0.62
0.49
1.33
2.01
2.61
3.18
3.68
4.05
4.26
4.32
4.25
4.09
3.78
3.27
2.46
1.35
0.06
-1.22
-2.27
-2.95
-3.27
-3.37
-3.50
-3.84
-4.50
-5.41
-6.38
-7.18
-7.57
-7.40
-6.60
-5.27
-3.57
-1.77
-0.09
1.32
2.44
3.30
3.99
4.56
5.01
5.35
5.61
5.84
6.09
6.36
6.61
6.79
6.86
6.85
6.82
6.84
6.90
6.93
6.86
6.60
6.17
5.62
5.00
4.35
3.65
2.85
1.91
0.87
-0.19
-1.18
-2.04
-2.77
-3.39
-3.96
-4.53
-5.08
-5.58
-5.92
-5.97
-5.60
-4.81
-3.68
-2.43
-1.33
-0.60
-0.32
-0.38
-0.55
-0.58
-0.34
0.14
0.71
1.21
1.50
1.55
1.42
1.17
0.86
0.51
0.18
-0.08
-0.19
-0.08
0.21
0.60
0.95
1.15
1.16
1.05
0.93
0.93
1.13
1.59
2.27
3.05
3.77
4.17
4.01
3.09
1.39
-0.95
-3.66
-6.41
-8.90
-10.91
-12.25
-12.82
-12.53
-11.42
-9.66
-7.52
-5.34
-3.41
-1.88
-0.76
0.06
0.70
1.24
1.64
1.88
1.93
1.82
1.63
1.45
1.37
1.41
1.54
1.72
1.90
2.05
2.14
2.19
2.20
2.18
2.13
2.04
1.93
1.81
1.69
1.63
1.64
1.74
1.90
2.03
2.04
1.89
1.64
1.39
1.22
1.12
0.92
0.40
-0.59
-2.02
-3.69
-5.27
-6.49
-7.22
-7.48
-7.37
-6.98
-6.33
-5.46
-4.40
-3.25
-2.09
-1.00
0.00
0.94
1.79
2.50
3.03
3.33
3.42
3.38
3.30
3.24
3.22
3.21
3.18
3.10
2.96
2.75
2.49
2.17
1.78
1.33
0.86
0.40
-0.03
-0.40
-0.69
-0.94
-1.18
-1.47
-1.87
-2.41
-3.08
-3.83
-4.57
-5.16
-5.46
-5.35
-4.79
-3.85
-2.67
-1.46
-0.41
0.38
0.93
1.36
1.79
2.32
2.92
3.50
3.91
4.11
4.16
4.19
4.36
4.72
5.20
5.62
5.85
5.84
5.68
5.55
5.60
5.91
6.41
6.97
7.44
7.71
7.67
7.22
6.27
4.79
2.90
0.83
-1.16
-2.87
-4.27
-5.55
-6.91
-8.48
-10.18
-11.73
-12.78
-13.11
-12.69
-11.72
-10.51
-9.39
-8.60
-8.21
-8.13
-8.17
-8.07
-7.66
-6.87
-5.79
-4.60
-3.48
-2.55
-1.77
-1.02
-0.16
0.88
2.04
3.19
4.17
4.87
5.24
5.35
5.27
5.10
4.88
4.62
4.25
3.72
3.03
2.25
1.50
0.96
0.70
0.69
0.76
0.69
0.31
-0.42
-1.39
-2.39
-3.18
-3.64
-3.70
-3.40
-2.82
-2.07
-1.26
-0.55
-0.05
0.23
0.37
0.55
0.98
1.71
2.65
3.60
4.33
4.72
4.77
4.58
4.26
3.91
3.57
3.28
3.10
3.11
3.33
3.73
4.17
4.47
4.53
4.30
3.86
3.33
2.79
2.27
1.74
1.19
0.66
0.22
-0.07
-0.21
-0.28
-0.40
-0.70
-1.22
-1.93
-2.75
-3.60
-4.42
-5.19
-5.88
-6.40
-6.60
-6.35
-5.58
-4.34
-2.85
-1.36
-0.14
0.64
1.00
1.11
1.21
1.54
2.17
3.03
3.93
4.63
4.99
5.01
4.81
4.57
4.41
4.41
4.52
4.66
4.70
4.56
4.21
3.68
3.04
2.39
1.81
1.32
0.88
0.43
-0.08
-0.65
-1.22
-1.70
-2.07
-2.35
-2.62
-2.89
-3.15
-3.35
-3.45
-3.49
-3.56
-3.78
-4.21
-4.82
-5.43
-5.83
-5.83
-5.36
-4.46
-3.28
-1.99
-0.75
0.32
1.17
1.83
2.35
2.79
3.21
3.59
3.90
4.07
4.10
4.00
3.82
3.62
3.45
3.32
3.23
3.21
3.28
3.44
3.62
3.72
3.63
3.30
2.81
2.31
1.92
1.71
1.62
1.53
1.34
1.04
0.72
0.52
0.52
0.66
0.79
0.69
0.26
-0.42
-1.09
-1.44
-1.18
-0.21
1.44
3.57
5.95
8.30
10.40
11.99
12.88
12.99
12.38
11.28
9.98
8.75
7.68
6.76
5.86
4.91
3.93
3.07
2.50
2.35
2.59
3.09
3.63
3.98
3.99
3.58
2.84
1.90
0.96
0.16
-0.43
-0.88
-1.27
-1.71
-2.26
-2.93
-3.73
-4.70
-5.91
-7.41
-9.20
-11.12
-12.91
-14.28
-14.99
-14.97
-14.32
-13.25
-12.02
-10.84
-9.84
-9.07
-8.55
-8.25
-8.15
-8.20
-8.31
-8.39
-8.37
-8.20
-7.86
-7.41
-6.88
-6.32
-5.73
-5.13
-4.55
-4.04
-3.67
-3.49
-3.53
-3.76
-4.09
-4.41
-4.61
-4.63
-4.49
-4.24
-3.99
-3.82
-3.76
-3.82
-3.93
-3.99
-3.86
-3.43
-2.65
-1.53
-0.18
1.25
2.58
3.67
4.43
4.81
4.88
4.71
4.43
4.13
3.89
3.70
3.52
3.30
3.02
2.67
2.27
1.87
1.45
1.01
0.55
0.11
-0.24
-0.46
-0.58
-0.69
-0.90
-1.28
-1.81
-2.39
-2.91
-3.31
-3.61
-3.86
-4.13
-4.40
-4.56
-4.47
-4.03
-3.20
-2.06
-0.78
0.48
1.58
2.45
3.11
3.65
4.15
4.67
5.21
5.75
6.21
6.51
6.60
6.48
6.18
5.76
5.27
4.80
4.40
4.12
3.98
3.93
3.90
3.76
3.36
2.66
1.70
0.65
-0.28
-0.91
-1.20
-1.24
-1.24
-1.39
-1.81
-2.53
-3.47
-4.49
-5.45
-6.21
-6.63
-6.60
-6.08
-5.09
-3.80
-2.40
-1.14
-0.18
0.45
0.82
1.08
1.39
1.84
2.47
3.19
3.91
4.47
4.79
4.84
4.65
4.33
3.97
3.65
3.38
3.14
2.95
2.85
2.92
3.20
3.63
4.04
4.23
4.06
3.54
2.80
2.04
1.36
0.77
0.20
-0.46
-1.22
-2.03
-2.79
-3.40
-3.87
-4.27
-4.71
-5.27
-5.94
-6.63
-7.15
-7.34
-7.07
-6.36
-5.31
-4.11
-2.90
-1.78
-0.74
0.25
1.22
2.13
2.92
3.53
3.92
4.13
4.21
4.22
4.21
4.21
4.19
4.11
3.93
3.57
3.04
2.43
1.89
1.60
1.63
1.95
2.37
2.64
2.56
2.03
1.11
-0.01
-1.10
-1.99
-2.61
-3.00
-3.29
-3.60
-4.05
-4.63
-5.25
-5.77
-6.02
-5.85
-5.21
-4.14
-2.75
-1.22
0.27
1.53
2.46
3.03
3.29
3.32
3.24
3.15
3.13
3.22
3.43
3.73
4.06
4.37
4.60
4.69
4.59
4.33
3.99
3.65
3.42
3.29
3.20
3.04
2.74
2.25
1.60
0.85
0.06
-0.72
-1.45
-2.09
-2.61
-3.02
-3.41
-3.85
-4.39
-5.03
-5.69
-6.27
-6.69
-6.88
-6.81
-6.45
-5.76
-4.80
-3.67
-2.53
-1.52
-0.69
0.00
0.69
1.48
2.40
3.35
4.15
4.60
4.63
4.26
3.68
3.12
2.77
2.71
2.87
3.09
3.21
3.15
2.94
2.68
2.44
2.21
1.88
1.34
0.58
-0.28
-1.02
-1.44
-1.51
-1.33
-1.16
-1.24
-1.70
-2.53
-3.55
-4.54
-5.28
-5.67
-5.65
-5.30
-4.69
-3.92
-3.02
-2.02
-0.95
0.15
1.17
2.04
2.69
3.10
3.32
3.42
3.45
3.45
3.46
3.50
3.60
3.76
3.94
4.05
4.00
3.75
3.28
2.71
2.13
1.67
1.38
1.26
1.23
1.21
1.11
0.93
0.70
0.48
0.28
0.08
-0.24
-0.74
-1.47
-2.36
-3.30
-4.17
-4.84
-5.22
-5.24
-4.85
-4.04
-2.89
-1.55
-0.21
0.94
1.81
2.41
2.85
3.23
3.60
3.93
4.15
4.19
4.02
3.66
3.20
2.69
2.20
1.75
1.36
1.04
0.84
0.79
0.91
1.16
1.44
1.60
1.48
1.03
0.27
-0.68
-1.62
-2.40
-2.92
-3.19
-3.26
-3.25
-3.25
-3.34
-3.59
-4.00
-4.53
-5.04
-5.32
-5.21
-4.61
-3.56
-2.20
-0.74
0.66
1.90
2.96
3.89
4.70
5.38
5.89
6.22
6.39
6.48
6.60
6.83
7.16
7.46
7.50
7.08
6.04
4.43
2.42
0.31
-1.66
-3.31
-4.63
-5.66
-6.46
-7.06
-7.45
-7.59
-7.47
-7.21
-6.98
-7.00
-7.42
-8.22
-9.18
-9.92
-10.08
-9.44
-8.05
-6.24
-4.41
-2.95
-2.03
-1.57
-1.33
-1.03
-0.49
0.32
1.27
2.15
2.78
3.06
3.02
2.78
2.54
2.40
2.41
2.49
2.52
2.40
2.09
1.66
1.22
0.89
0.67
0.52
0.34
0.08
-0.28
-0.69
-1.11
-1.53
-1.99
-2.50
-2.98
-3.25
-3.13
-2.51
-1.44
-0.15
1.06
1.97
2.51
2.77
2.93
3.08
3.22
3.30
3.24
3.05
2.77
2.48
2.21
1.98
1.73
1.46
1.16
0.86
0.60
0.40
0.24
0.12
-0.02
-0.20
-0.47
-0.89
-1.51
-2.36
-3.37
-4.41
-5.28
-5.79
-5.80
-5.31
-4.41
-3.29
-2.14
-1.08
-0.18
0.56
1.15
1.64
2.05
2.41
2.72
2.97
3.16
3.27
3.31
3.24
3.04
2.69
2.16
1.52
0.85
0.31
-0.01
-0.08
0.04
0.19
0.23
0.06
-0.33
-0.91
-1.61
-2.38
-3.17
-3.96
-4.68
-5.26
-5.63
-5.73
-5.54
-5.08
-4.41
-3.60
-2.72
-1.86
-1.04
-0.31
0.33
0.87
1.35
1.80
2.24
2.69
3.12
3.48
3.68
3.68
3.46
3.05
2.56
2.07
1.67
1.36
1.12
0.88
0.57
0.18
-0.25
-0.67
-1.05
-1.42
-1.89
-2.55
-3.44
-4.48
-5.52
-6.35
-6.86
-6.98
-6.73
-6.14
-5.28
-4.19
-2.99
-1.87
-0.98
-0.44
-0.23
-0.22
-0.22
-0.04
0.46
1.35
2.67
4.42
6.55
8.91
11.31
13.48
15.20
16.30
16.71
16.44
15.58
14.29
12.76
11.13
9.50
7.89
6.27
4.68
3.17
1.90
0.97
0.42
0.20
0.15
0.17
0.20
0.27
0.38
0.54
0.64
0.52
0.08
-0.75
-1.83
-2.95
-3.82
-4.21
-4.08
-3.53
-2.81
-2.19
-1.87
-1.90
-2.23
-2.70
-3.20
-3.61
-3.89
-4.02
-4.00
-3.85
-3.56
-3.17
-2.70
-2.18
-1.66
-1.13
-0.58
-0.01
0.58
1.13
1.57
1.82
1.85
1.69
1.40
1.11
0.88
0.75
0.73
0.76
0.75
0.64
0.36
-0.13
-0.85
-1.79
-2.88
-4.04
-5.13
-5.96
-6.41
-6.40
-5.95
-5.21
-4.38
-3.63
-3.06
-2.68
-2.44
-2.27
-2.06
-1.67
-0.95
0.19
1.69
3.34
4.80
5.79
6.21
6.15
5.84
5.46
5.08
4.62
4.01
3.27
2.56
2.09
1.98
2.16
2.40
2.45
2.17
1.62
1.00
0.56
0.52
0.94
1.73
2.66
3.42
3.70
3.39
2.57
1.54
0.74
0.52
0.99
1.98
3.07
3.83
4.00
3.54
2.66
1.62
0.64
-0.17
-0.76
-1.13
-1.26
-1.09
-0.62
0.03
0.67
1.04
0.90
0.17
-1.11
-2.74
-4.48
-6.07
-7.36
-8.25
-8.74
-8.86
-8.64
-8.10
-7.27
-6.23
-5.08
-3.97
-3.01
-2.23
-1.62
-1.07
-0.54
-0.03
0.38
0.64
0.74
0.74
0.74
0.79
0.91
1.07
1.26
1.47
1.73
2.04
2.37
2.64
2.78
2.75
2.57
2.26
1.86
1.34
0.70
-0.08
-0.93
-1.72
-2.30
-2.52
-2.28
-1.61
-0.63
0.45
1.38
2.00
2.21
2.07
1.67
1.16
0.63
0.14
-0.28
-0.64
-0.98
-1.36
-1.88
-2.66
-3.73
-5.04
-6.41
-7.54
-8.19
-8.19
-7.55
-6.42
-5.03
-3.62
-2.39
-1.51
-1.10
-1.21
-1.78
-2.62
-3.45
-3.98
-4.06
-3.67
-2.93
-1.98
-0.94
0.13
1.17
2.09
2.75
3.07
3.09
2.99
2.98
3.22
3.67
4.18
4.49
4.45
4.03
3.37
2.67
2.08
1.65
1.35
1.09
0.79
0.46
0.09
-0.30
-0.70
-1.18
-1.79
-2.54
-3.40
-4.28
-5.09
-5.74
-6.22
-6.52
-6.63
-6.50
-6.06
-5.26
-4.14
-2.80
-1.43
-0.23
0.69
1.27
1.57
1.69
1.75
1.86
2.03
2.22
2.36
2.37
2.23
1.99
1.76
1.64
1.69
1.86
2.06
2.22
2.30
2.31
2.30
2.27
2.15
1.86
1.32
0.54
-0.39
-1.32
-2.07
-2.51
-2.59
-2.32
-1.73
-0.89
0.12
1.23
2.35
3.40
4.28
4.96
5.42
5.69
5.84
5.92
5.97
5.99
5.99
5.98
5.98
6.02
6.08
6.14
6.11
5.90
5.48
4.88
4.19
3.55
3.09
2.85
2.76
2.66
2.38
1.76
0.73
-0.63
-2.11
-3.39
-4.15
-4.17
-3.42
-2.09
-0.49
1.03
2.21
2.93
3.23
3.19
2.97
2.68
2.41
2.23
2.18
2.24
2.34
2.37
2.18
1.70
0.92
-0.09
-1.21
-2.34
-3.39
-4.32
-5.07
-5.61
-5.92
-6.00
-5.91
-5.76
-5.73
-5.96
-6.56
-7.53
-8.74
-9.94
-10.89
-11.37
-11.24
-10.54
-9.39
-7.98
-6.53
-5.14
-3.86
-2.66
-1.50
-0.35
0.76
1.75
2.56
3.14
3.48
3.63
3.64
3.54
3.37
3.12
2.87
2.68
2.64
2.81
3.14
3.48
3.63
3.42
2.77
1.77
0.64
-0.36
-1.01
-1.22
-1.03
-0.57
0.05
0.79
1.67
2.78
4.13
5.67
7.25
8.68
9.80
10.48
10.67
10.33
9.45
8.04
6.18
4.01
1.72
-0.50
-2.45
-3.96
-4.93
-5.32
-5.23
-4.85
-4.42
-4.16
-4.19
-4.48
-4.88
-5.23
-5.42
-5.46
-5.46
-5.54
-5.74
-6.08
-6.46
-6.80
-6.98
-6.87
-6.39
-5.49
-4.20
-2.64
-0.99
0.55
1.80
2.70
3.24
3.51
3.61
3.65
3.73
3.89
4.16
4.48
4.77
4.96
4.99
4.84
4.54
4.10
3.51
2.79
1.95
1.07
0.24
-0.44
-0.95
-1.33
-1.73
-2.25
-3.00
-3.97
-5.09
-6.29
-7.48
-8.60
-9.58
-10.33
-10.70
-10.53
-9.73
-8.36
-6.66
-4.94
-3.47
-2.38
-1.60
-0.96
-0.27
0.51
1.33
2.04
2.56
2.90
3.15
3.42
3.76
4.14
4.46
4.63
4.60
4.40
4.11
3.79
3.48
3.17
2.78
2.27
1.63
0.92
0.25
-0.30
-0.75
-1.18
-1.75
-2.54
-3.51
-4.43
-5.02
-5.01
-4.31
-3.04
-1.49
-0.04
0.99
1.46
1.42
1.10
0.81
0.86
1.45
2.60
4.20
6.01
7.73
9.09
9.93
10.20
9.96
9.32
8.46
7.50
6.55
5.63
4.74
3.81
2.81
1.76
0.72
-0.20
-0.93
-1.47
-1.94
-2.51
-3.31
-4.33
-5.41
-6.26
-6.59
-6.22
-5.17
-3.64
-1.97
-0.47
0.61
1.22
1.44
1.46
1.44
1.49
1.58
1.61
1.45
1.04
0.41
-0.31
-0.98
-1.48
-1.81
-2.03
-2.25
-2.60
-3.14
-3.87
-4.71
-5.59
-6.41
-7.09
-7.58
-7.87
-7.99
-7.95
-7.77
-7.39
-6.74
-5.72
-4.29
-2.53
-0.62
1.19
2.71
3.87
4.71
5.32
5.75
5.93
5.78
5.24
4.38
3.39
2.52
1.96
1.76
1.80
1.91
1.91
1.72
1.38
1.00
0.69
0.51
0.42
0.33
0.10
-0.37
-1.12
-2.07
-3.10
-4.03
-4.67
-4.88
-4.56
-3.76
-2.62
-1.36
-0.16
0.85
1.63
2.24
2.70
3.06
3.30
3.39
3.35
3.24
3.11
3.03
3.00
2.96
2.84
2.56
2.10
1.52
0.90
0.35
-0.07
-0.33
-0.49
-0.68
-1.03
-1.64
-2.48
-3.39
-4.14
-4.53
-4.42
-3.85
-2.94
-1.86
-0.79
0.20
1.04
1.70
2.16
2.44
2.58
2.68
2.84
3.08
3.36
3.57
3.63
3.52
3.27
2.92
2.49
1.96
1.32
0.62
-0.04
-0.55
-0.83
-0.91
-0.89
-0.93
-1.17
-1.65
-2.36
-3.20
-4.00
-4.57
-4.69
-4.25
-3.25
-1.86
-0.36
0.97
1.95
2.54
2.83
2.96
3.03
3.09
3.13
3.13
3.09
3.03
2.95
2.88
2.77
2.61
2.37
2.03
1.61
1.16
0.74
0.42
0.23
0.13
0.05
-0.12
-0.43
-0.90
-1.47
-2.10
-2.77
-3.47
-4.16
-4.73
-4.99
-4.76
-4.01
-2.86
-1.54
-0.32
0.66
1.39
1.97
2.48
2.96
3.36
3.62
3.71
3.68
3.60
3.58
3.67
3.86
4.11
4.31
4.38
4.23
3.86
3.34
2.83
2.44
2.24
2.16
2.10
1.94
1.63
1.20
0.75
0.35
0.05
-0.12
-0.16
-0.02
0.32
0.87
1.53
2.12
2.40
2.21
1.53
0.50
-0.61
-1.51
-1.95
-1.86
-1.29
-0.40
0.58
1.45
2.07
2.44
2.61
2.72
2.88
3.17
3.57
4.01
4.37
4.57
4.55
4.33
3.93
3.35
2.59
1.65
0.54
-0.69
-1.93
-3.08
-4.04
-4.79
-5.39
-5.93
-6.49
-7.10
-7.73
-8.30
-8.70
-8.92
-8.96
-8.89
-8.74
-8.51
-8.16
-7.65
-6.97
-6.12
-5.12
-3.97
-2.63
-1.08
0.63
2.38
4.04
5.51
6.75
7.78
8.59
9.14
9.33
9.12
8.53
7.66
6.68
5.71
4.80
3.98
3.26
2.71
2.42
2.43
2.68
2.99
3.14
2.94
2.33
1.41
0.38
-0.58
-1.36
-1.97
-2.52
-3.11
-3.83
-4.69
-5.61
-6.49
-7.21
-7.65
-7.73
-7.37
-6.55
-5.32
-3.85
-2.37
-1.09
-0.16
0.44
0.79
1.03
1.26
1.45
1.55
1.50
1.29
0.96
0.62
0.38
0.29
0.36
0.56
0.83
1.08
1.21
1.13
0.81
0.26
-0.45
-1.23
-2.03
-2.86
-3.74
-4.72
-5.81
-6.95
-8.10
-9.18
-10.13
-10.84
-11.22
-11.14
-10.50
-9.28
-7.54
-5.49
-3.35
-1.35
0.40
1.85
3.02
3.96
4.69
5.19
5.44
5.43
5.18
4.77
4.29
3.88
3.62
3.57
3.74
4.03
4.33
4.52
4.48
4.21
3.75
3.22
2.72
2.34
2.06
1.84
1.61
1.27
0.77
0.07
-0.82
-1.83
-2.83
-3.62
-3.98
-3.74
-2.86
-1.45
0.21
1.81
3.07
3.87
4.25
4.37
4.42
4.49
4.62
4.73
4.74
4.58
4.20
3.60
2.81
1.88
0.94
0.12
-0.42
-0.62
-0.51
-0.23
0.06
0.24
0.24
0.07
-0.21
-0.59
-1.06
-1.62
-2.27
-2.98
-3.78
-4.69
-5.74
-6.96
-8.29
-9.58
-10.63
-11.25
-11.33
-10.91
-10.15
-9.24
-8.33
-7.45
-6.54
-5.47
-4.14
-2.61
-1.00
0.52
1.83
2.92
3.84
4.69
5.47
6.13
6.53
6.59
6.26
5.57
4.60
3.46
2.29
1.19
0.27
-0.41
-0.86
-1.15
-1.42
-1.74
-2.15
-2.64
-3.19
-3.79
-4.47
-5.23
-5.99
-6.57
-6.72
-6.27
-5.14
-3.49
-1.59
0.24
1.75
2.84
3.56
4.05
4.45
4.86
5.29
5.68
5.93
5.95
5.69
5.17
4.45
3.64
2.86
2.22
1.77
1.48
1.26
1.02
0.69
0.31
-0.06
-0.38
-0.65
-0.97
-1.40
-1.97
-2.60
-3.16
-3.54
-3.72
-3.81
-3.93
-4.20
-4.62
-5.11
-5.53
-5.76
-5.72
-5.35
-4.65
-3.65
-2.44
-1.14
0.13
1.24
2.16
2.94
3.65
4.34
5.05
5.72
6.28
6.66
6.85
6.82
6.56
6.04
5.24
4.20
3.05
1.92
0.98
0.30
-0.11
-0.27
-0.21
0.04
0.44
0.88
1.18
1.20
0.86
0.20
-0.59
-1.34
-1.96
-2.49
-3.07
-3.85
-4.88
-6.17
-7.60
-9.07
-10.45
-11.61
-12.41
-12.66
-12.17
-10.87
-8.85
-6.37
-3.83
-1.58
0.16
1.37
2.21
2.89
3.53
4.13
4.64
5.01
5.21
5.34
5.48
5.69
5.97
6.26
6.52
6.70
6.80
6.80
6.70
6.47
6.11
5.65
5.13
4.61
4.13
3.68
3.24
2.72
2.06
1.24
0.31
-0.60
-1.30
-1.63
-1.47
-0.82
0.24
1.53
2.82
3.93
4.73
5.18
5.31
5.19
4.92
4.56
4.17
3.77
3.35
2.90
2.42
1.91
1.38
0.85
0.34
-0.14
-0.57
-0.95
-1.28
-1.56
-1.79
-1.97
-2.12
-2.23
-2.34
-2.48
-2.69
-3.01
-3.46
-4.03
-4.65
-5.17
-5.42
-5.22
-4.50
-3.27
-1.70
0.01
1.64
3.01
3.98
4.51
4.61
4.40
4.08
3.83
3.77
3.89
4.06
4.12
3.92
3.47
2.87
2.28
1.80
1.45
1.14
0.81
0.42
0.04
-0.26
-0.46
-0.61
-0.83
-1.24
-1.87
-2.65
-3.43
-4.10
-4.58
-4.88
-4.97
-4.80
-4.26
-3.28
-1.92
-0.40
1.01
2.09
2.77
3.20
3.60
4.17
4.93
5.81
6.66
7.32
7.69
7.72
7.41
6.77
5.89
4.92
4.05
3.42
3.13
3.13
3.28
3.40
3.31
2.92
2.21
1.23
0.09
-1.10
-2.20
-3.10
-3.76
-4.16
-4.38
-4.52
-4.71
-5.03
-5.49
-6.01
-6.44
-6.59
-6.31
-5.54
-4.30
-2.72
-1.00
0.63
1.95
2.88
3.43
3.75
4.01
4.36
4.80
5.26
5.59
5.64
5.40
4.90
4.25
3.52
2.80
2.12
1.58
1.24
1.17
1.38
1.77
2.18
2.40
2.27
1.70
0.72
-0.56
-2.00
-3.44
-4.74
-5.81
-6.59
-7.11
-7.42
-7.63
-7.82
-8.04
-8.24
-8.30
-8.10
-7.54
-6.64
-5.51
-4.28
-3.10
-2.02
-1.01
-0.04
0.88
1.73
2.43
2.98
3.42
3.78
4.10
4.33
4.38
4.16
3.67
2.99
2.26
1.65
1.25
1.06
1.01
0.98
0.84
0.53
0.01
-0.69
-1.49
-2.30
-3.03
-3.62
-4.04
-4.32
-4.51
-4.72
-5.09
-5.72
-6.64
-7.73
-8.78
-9.51
-9.72
-9.33
-8.44
-7.22
-5.89
-4.63
-3.57
-2.76
-2.20
-1.83
-1.49
-1.00
-0.19
0.98
2.42
3.90
5.17
6.03
6.42
6.47
6.38
6.37
6.54
6.92
7.39
7.74
7.76
7.31
6.30
4.82
3.02
1.22
-0.31
-1.31
-1.73
-1.67
-1.41
-1.30
-1.62
-2.46
-3.64
-4.83
-5.63
-5.73
-5.03
-3.64
-1.86
-0.05
1.49
2.57
3.17
3.41
3.45
3.48
3.60
3.82
4.07
4.26
4.33
4.23
3.97
3.57
3.06
2.49
1.92
1.46
1.14
0.98
0.90
0.77
0.49
0.00
-0.68
-1.46
-2.22
-2.90
-3.47
-3.99
-4.52
-5.14
-5.87
-6.67
-7.38
-7.82
-7.79
-7.20
-6.10
-4.65
-3.15
-1.87
-0.98
-0.56
-0.49
-0.60
-0.70
-0.64
-0.36
0.06
0.47
0.72
0.69
0.38
-0.09
-0.56
-0.88
-0.98
-0.84
-0.46
0.09
0.78
1.51
2.14
2.56
2.71
2.60
2.38
2.22
2.23
2.46
2.81
3.16
3.43
3.60
3.76
4.07
4.66
5.64
6.93
8.33
9.49
10.10
10.00
9.24
8.07
6.80
5.68
4.75
3.90
2.93
1.73
0.31
-1.16
-2.43
-3.31
-3.72
-3.75
-3.59
-3.49
-3.67
-4.28
-5.35
-6.88
-8.76
-10.89
-13.07
-15.13
-16.90
-18.31
-19.40
-20.25
-20.96
-21.53
-21.82
-21.62
-20.75
-19.11
-16.73
-13.80
-10.58
-7.34
-4.27
-1.42
1.25
3.88
6.59
9.38
12.13
14.61
16.56
17.82
18.36
18.25
17.62
16.57
15.19
13.55
11.74
9.84
8.00
6.34
4.96
3.90
3.15
2.62
2.20
1.75
1.16
0.37
-0.59
-1.65
-2.72
-3.68
-4.45
-4.95
-5.17
-5.09
-4.75
-4.21
-3.57
-2.94
-2.40
-2.02
-1.77
-1.55
-1.21
-0.64
0.21
1.29
2.49
3.68
4.70
5.41
5.70
5.47
4.68
3.35
1.68
-0.02
-1.33
-1.91
-1.52
-0.20
1.75
3.83
5.43
5.97
5.11
2.85
-0.46
-4.17
-7.54
-9.94
-11.01
-10.72
-9.28
-7.03
-4.31
-1.45
1.32
3.74
5.60
6.80
7.35
7.39
7.16
6.84
6.57
6.36
6.18
6.03
5.94
6.00
6.25
6.68
7.19
7.61
7.78
7.63
7.19
6.59
5.95
5.40
4.98
4.71
4.53
4.36
4.07
3.53
2.64
1.49
0.40
-0.08
0.65
2.92
6.64
11.15
15.36
18.14
18.67
16.73
12.76
7.75
2.88
-0.86
-2.88
-3.18
-2.16
-0.49
1.20
2.46
3.08
3.05
2.47
1.46
0.16
-1.29
-2.73
-4.05
-5.18
-6.12
-6.91
-7.53
-7.94
-8.01
-7.63
-6.75
-5.50
-4.08
-2.81
-1.92
-1.54
-1.60
-1.87
-2.03
-1.77
-0.89
0.64
2.64
4.81
6.80
8.32
9.21
9.48
9.32
8.94
8.54
8.17
7.79
7.31
6.65
5.86
5.06
4.46
4.20
4.32
4.77
5.46
6.34
7.45
8.86
10.60
12.54
14.39
15.79
16.48
16.39
15.71
14.73
13.67
12.52
11.06
8.98
6.06
2.34
-1.90
-6.20
-10.14
-13.48
-16.20
-18.55
-20.84
-23.35
-26.14
-29.09
-31.86
-34.09
-35.48
-35.90
-35.39
-34.10
-32.21
-29.88
-27.34
-24.85
-22.68
-21.03
-19.95
-19.26
-18.67
-17.85
-16.57
-14.81
-12.73
-10.60
-8.62
-6.86
-5.22
-3.47
-1.39
1.20
4.26
7.60
10.94
14.01
16.63
18.80
20.60
22.14
23.45
24.47
25.11
25.32
25.09
24.52
23.73
22.85
21.91
20.96
19.96
18.87
17.62
16.07
14.06
11.45
8.15
4.26
-0.04
-4.47
-8.81
-12.92
-16.74
-20.19
-23.16
-25.45
-26.88
-27.40
-27.11
-26.24
-25.02
-23.64
-22.16
-20.69
-19.35
-18.35
-17.88
-17.95
-18.36
-18.78
-18.87
-18.49
-17.71
-16.76
-15.83
-14.96
-14.00
-12.72
-10.97
-8.81
-6.54
-4.58
-3.30
-2.95
-3.55
-4.99
-7.07
-9.57
-12.22
-14.67
-16.47
-17.25
-16.83
-15.44
-13.70
-12.32
-11.69
-11.60
-11.19
-9.33
-5.32
0.78
8.02
15.08
20.90
25.11
27.99
30.11
31.84
33.12
33.61
33.07
31.58
29.49
27.11
24.44
21.15
16.76
11.11
4.56
-2.08
-7.82
-11.89
-13.96
-14.14
-12.82
-10.46
-7.44
-4.04
-0.50
2.92
5.97
8.40
10.07
11.03
11.45
11.57
11.57
11.51
11.29
10.80
9.94
8.70
7.17
5.48
3.73
1.88
-0.16
-2.50
-5.17
-8.01
-10.70
-12.80
-13.95
-14.02
-13.17
-11.82
-10.45
-9.39
-8.76
-8.39
-8.02
-7.39
-6.37
-4.99
-3.33
-1.53
0.34
2.21
4.04
5.76
7.32
8.71
9.98
11.20
12.44
13.74
15.02
16.18
17.03
17.47
17.46
17.11
16.55
15.90
15.22
14.47
13.62
12.69
11.74
10.87
10.15
9.53
8.93
8.22
7.35
6.29
5.12
3.94
2.88
2.05
1.58
1.53
1.90
2.63
3.58
4.55
5.37
5.90
6.08
5.91
5.41
4.64
3.67
2.53
1.28
-0.07
-1.45
-2.81
-4.07
-5.18
-6.13
-6.98
-7.82
-8.71
-9.65
-10.53
-11.24
-11.69
-11.90
-11.99
-12.08
-12.26
-12.52
-12.78
-12.99
-13.13
-13.22
-13.24
-13.15
-12.78
-12.00
-10.70
-8.89
-6.68
-4.21
-1.65
0.82
3.06
4.95
6.41
7.44
8.07
8.32
8.24
7.88
7.33
6.72
6.18
5.79
5.51
5.23
4.81
4.13
3.19
2.07
0.89
-0.26
-1.35
-2.40
-3.43
-4.42
-5.35
-6.15
-6.76
-7.13
-7.19
-6.88
-6.16
-5.06
-3.68
-2.19
-0.74
0.55
1.67
2.63
3.47
4.18
4.72
5.01
5.05
4.88
4.58
4.26
3.98
3.75
3.56
3.38
3.23
3.11
3.00
2.87
2.64
2.26
1.74
1.11
0.47
-0.12
-0.65
-1.15
-1.64
-2.07
-2.30
-2.17
-1.61
-0.63
0.60
1.84
2.91
3.71
4.27
4.67
4.97
5.14
5.09
4.74
4.08
3.22
2.35
1.64
1.20
0.98
0.85
0.66
0.29
-0.26
-0.92
-1.58
-2.17
-2.70
-3.23
-3.81
-4.46
-5.09
-5.56
-5.70
-5.41
-4.68
-3.68
-2.61
-1.66
-0.91
-0.33
0.22
0.89
1.73
2.74
3.79
4.73
5.43
5.82
5.91
5.73
5.31
4.68
3.89
3.00
2.15
1.43
0.90
0.55
0.31
0.07
-0.22
-0.56
-0.97
-1.42
-1.97
-2.62
-3.31
-3.90
-4.19
-4.05
-3.50
-2.68
-1.80
-1.06
-0.50
-0.05
0.42
0.98
1.63
2.29
2.83
3.19
3.36
3.37
3.28
3.11
2.86
2.54
2.18
1.82
1.54
1.34
1.20
1.06
0.88
0.64
0.33
-0.03
-0.45
-0.97
-1.59
-2.29
-2.98
-3.54
-3.84
-3.82
-3.45
-2.80
-1.93
-0.93
0.11
1.10
1.95
2.58
3.01
3.26
3.39
3.47
3.50
3.45
3.30
3.03
2.69
2.34
2.05
1.83
1.60
1.29
0.81
0.17
-0.56
-1.22
-1.69
-1.91
-1.94
-1.92
-2.01
-2.32
-2.87
-3.57
-4.27
-4.86
-5.24
-5.34
-5.10
-4.49
-3.49
-2.18
-0.72
0.64
1.73
2.44
2.83
3.05
3.24
3.43
3.58
3.57
3.33
2.90
2.40
1.97
1.69
1.56
1.52
1.49
1.45
1.42
1.39
1.31
1.13
0.75
0.15
-0.63
-1.48
-2.26
-2.89
-3.36
-3.72
-4.05
-4.39
-4.74
-5.03
-5.16
-5.04
-4.62
-3.89
-2.91
-1.78
-0.64
0.35
1.08
1.51
1.72
1.82
1.95
2.19
2.52
2.86
3.12
3.22
3.13
2.86
2.47
2.06
1.74
1.61
1.70
1.94
2.21
2.36
2.30
2.01
1.49
0.77
-0.12
-1.12
-2.13
-2.96
-3.46
-3.55
-3.33
-3.01
-2.87
-3.05
-3.53
-4.12
-4.55
-4.60
-4.21
-3.45
-2.49
-1.52
-0.68
0.00
0.50
0.87
1.15
1.36
1.58
1.81
2.11
2.44
2.76
3.00
3.09
3.00
2.75
2.39
1.99
1.62
1.35
1.20
1.15
1.14
1.09
0.93
0.61
0.11
-0.52
-1.19
-1.82
-2.32
-2.65
-2.83
-2.91
-2.99
-3.16
-3.47
-3.90
-4.39
-4.83
-5.11
-5.15
-4.90
-4.31
-3.45
-2.41
-1.34
-0.41
0.31
0.83
1.23
1.58
1.89
2.10
2.13
1.98
1.74
1.53
1.46
1.53
1.66
1.72
1.65
1.45
1.20
1.02
0.96
1.03
1.17
1.29
1.28
1.06
0.61
0.01
-0.62
-1.13
-1.46
-1.66
-1.81
-2.04
-2.44
-2.99
-3.63
-4.26
-4.80
-5.11
-5.11
-4.74
-4.01
-3.00
-1.81
-0.58
0.60
1.64
2.52
3.18
3.62
3.84
3.91
3.90
3.90
3.96
4.07
4.23
4.38
4.52
4.64
4.71
4.67
4.41
3.87
3.09
2.17
1.31
0.67
0.30
0.10
-0.12
-0.52
-1.18
-2.02
-2.87
-3.60
-4.16
-4.63
-5.13
-5.73
-6.38
-6.95
-7.30
-7.35
-7.09
-6.61
-6.00
-5.33
-4.61
-3.85
-3.02
-2.13
-1.21
-0.29
0.54
1.25
1.77
2.09
2.21
2.18
2.09
2.04
2.10
2.30
2.60
2.93
3.17
3.27
3.16
2.84
2.33
1.68
0.93
0.12
-0.66
-1.38
-1.98
-2.49
-2.93
-3.34
-3.74
-4.13
-4.53
-4.98
-5.50
-6.09
-6.65
-6.99
-6.93
-6.35
-5.31
-4.01
-2.69
-1.51
-0.53
0.32
1.10
1.83
2.46
2.89
3.11
3.11
2.98
2.81
2.68
2.63
2.68
2.78
2.90
2.98
2.96
2.84
2.64
2.38
2.06
1.63
1.04
0.31
-0.47
-1.16
-1.61
-1.81
-1.90
-2.07
-2.52
-3.27
-4.20
-5.07
-5.67
-5.87
-5.70
-5.24
-4.55
-3.69
-2.68
-1.57
-0.48
0.45
1.15
1.64
2.06
2.54
3.13
3.74
4.24
4.48
4.41
4.13
3.79
3.55
3.45
3.45
3.46
3.39
3.22
2.99
2.75
2.54
2.36
2.17
1.91
1.58
1.18
0.75
0.33
-0.06
-0.44
-0.89
-1.43
-2.10
-2.90
-3.81
-4.78
-5.71
-6.45
-6.87
-6.83
-6.31
-5.36
-4.12
-2.73
-1.35
-0.09
0.97
1.80
2.40
2.83
3.20
3.59
4.02
4.42
4.67
4.67
4.40
3.97
3.51
3.15
2.91
2.77
2.65
2.53
2.44
2.40
2.40
2.36
2.19
1.80
1.22
0.53
-0.13
-0.66
-1.03
-1.28
-1.52
-1.81
-2.23
-2.77
-3.40
-4.08
-4.71
-5.21
-5.46
-5.37
-4.89
-4.02
-2.84
-1.49
-0.13
1.03
1.85
2.29
2.44
2.43
2.47
2.66
3.02
3.46
3.86
4.12
4.20
4.11
3.88
3.56
3.17
2.73
2.30
1.94
1.70
1.61
1.58
1.54
1.39
1.09
0.68
0.25
-0.13
-0.46
-0.80
-1.23
-1.83
-2.59
-3.41
-4.18
-4.75
-5.05
-5.01
-4.63
-3.94
-3.00
-1.91
-0.85
0.04
0.66
1.03
1.27
1.52
1.86
2.26
2.64
2.87
2.89
2.72
2.42
2.08
1.81
1.69
1.72
1.85
1.95
1.86
1.50
0.91
0.24
-0.31
-0.62
-0.71
-0.75
-0.91
-1.30
-1.93
-2.66
-3.38
-3.98
-4.37
-4.52
-4.35
-3.84
-3.00
-1.95
-0.83
0.17
0.95
1.48
1.84
2.09
2.30
2.46
2.51
2.41
2.14
1.75
1.37
1.10
1.00
1.03
1.09
1.06
0.89
0.59
0.24
-0.12
-0.47
-0.83
-1.23
-1.67
-2.15
-2.68
-3.25
-3.84
-4.37
-4.71
-4.75
-4.41
-3.73
-2.83
-1.88
-0.98
-0.16
0.61
1.38
2.14
2.83
3.38
3.75
3.99
4.16
4.29
4.38
4.36
4.15
3.73
3.14
2.51
1.96
1.58
1.34
1.18
0.99
0.69
0.27
-0.24
-0.80
-1.41
-2.05
-2.73
-3.40
-3.95
-4.23
-4.10
-3.52
-2.56
-1.38
-0.17
0.91
1.82
2.59
3.30
4.01
4.74
5.43
6.06
6.59
7.02
7.33
7.48
7.37
6.94
6.16
5.14
4.03
3.00
2.19
1.62
1.27
1.01
0.75
0.39
-0.14
-0.82
-1.61
-2.43
-3.17
-3.75
-4.12
-4.32
-4.42
-4.58
-4.92
-5.52
-6.38
-7.41
-8.47
-9.38
-9.99
-10.18
-9.86
-9.03
-7.74
-6.09
-4.27
-2.47
-0.86
0.45
1.47
2.27
2.95
3.57
4.13
4.60
4.97
5.28
5.58
5.91
6.26
6.54
6.62
6.44
5.98
5.33
4.67
4.14
3.86
3.80
3.86
3.81
3.47
2.70
1.52
0.12
-1.19
-2.10
-2.45
-2.28
-1.85
-1.48
-1.42
-1.77
-2.47
-3.38
-4.34
-5.24
-5.99
-6.47
-6.57
-6.19
-5.33
-4.11
-2.75
-1.49
-0.47
0.28
0.82
1.23
1.59
1.94
2.31
2.73
3.22
3.73
4.16
4.41
4.46
4.36
4.29
4.42
4.82
5.39
5.90
6.12
5.89
5.24
4.31
3.29
2.33
1.49
0.85
0.44
0.36
0.64
1.24
1.96
2.51
2.57
1.97
0.71
-0.99
-2.77
-4.26
-5.13
-5.24
-4.60
-3.44
-2.06
-0.77
0.21
0.86
1.28
1.63
2.03
2.50
2.95
3.27
3.39
3.33
3.17
2.98
2.78
2.53
2.15
1.62
0.97
0.29
-0.30
-0.71
-0.95
-1.06
-1.13
-1.27
-1.53
-1.94
-2.47
-3.08
-3.68
-4.20
-4.65
-5.05
-5.49
-6.08
-6.88
-7.86
-8.93
-9.95
-10.74
-11.17
-11.12
-10.56
-9.49
-8.02
-6.31
-4.56
-2.98
-1.71
-0.80
-0.18
0.28
0.69
1.08
1.39
1.52
1.44
1.23
0.98
0.82
0.76
0.71
0.53
0.14
-0.45
-1.12
-1.68
-2.02
-2.13
-2.07
-1.95
-1.82
-1.68
-1.48
-1.17
-0.74
-0.26
0.15
0.37
0.32
0.04
-0.40
-0.85
-1.19
-1.35
-1.26
-0.90
-0.22
0.78
2.04
3.45
4.82
6.03
7.01
7.82
8.56
9.31
10.01
10.49
10.53
10.00
9.00
7.80
6.77
6.18
6.07
6.25
6.41
6.26
5.67
4.68
3.47
2.22
1.04
-0.04
-1.08
-2.12
-3.19
-4.28
-5.33
-6.32
-7.18
-7.85
-8.30
-8.43
-8.19
-7.53
-6.46
-5.06
-3.53
-2.10
-0.98
-0.27
0.04
0.11
0.12
0.18
0.33
0.49
0.62
0.70
0.78
0.91
1.09
1.23
1.19
0.89
0.35
-0.30
-0.87
-1.27
-1.56
-1.87
-2.35
-3.01
-3.74
-4.37
-4.76
-4.92
-4.97
-5.07
-5.31
-5.61
-5.75
-5.51
-4.78
-3.61
-2.20
-0.81
0.40
1.34
2.08
2.75
3.45
4.22
5.01
5.74
6.27
6.52
6.48
6.16
5.67
5.14
4.68
4.40
4.27
4.23
4.16
3.93
3.52
2.95
2.29
1.64
1.02
0.46
-0.06
-0.52
-0.92
-1.26
-1.58
-1.98
-2.53
-3.20
-3.90
-4.42
-4.56
-4.20
-3.37
-2.23
-1.03
0.06
0.91
1.51
1.96
2.31
2.64
2.93
3.13
3.20
3.11
2.88
2.57
2.23
1.89
1.57
1.27
0.96
0.64
0.33
0.05
-0.18
-0.36
-0.50
-0.70
-1.03
-1.54
-2.19
-2.88
-3.50
-3.96
-4.29
-4.62
-5.08
-5.74
-6.49
-7.09
-7.28
-6.87
-5.87
-4.49
-3.01
-1.67
-0.62
0.14
0.70
1.16
1.60
2.03
2.39
2.63
2.71
2.62
2.41
2.11
1.77
1.42
1.10
0.83
0.68
0.66
0.79
1.01
1.25
1.36
1.23
0.81
0.13
-0.69
-1.44
-1.98
-2.22
-2.20
-2.10
-2.12
-2.38
-2.85
-3.35
-3.61
-3.42
-2.71
-1.60
-0.34
0.81
1.69
2.23
2.48
2.55
2.54
2.48
2.37
2.23
2.12
2.11
2.30
2.68
3.12
3.41
3.38
2.97
2.28
1.51
0.87
0.47
0.28
0.17
-0.01
-0.42
-1.09
-2.00
-3.01
-3.96
-4.67
-5.05
-5.06
-4.75
-4.23
-3.55
-2.78
-1.96
-1.12
-0.32
0.41
1.07
1.70
2.31
2.88
3.34
3.64
3.72
3.60
3.32
2.92
2.50
2.13
1.91
1.90
2.05
2.21
2.17
1.80
1.10
0.21
-0.63
-1.28
-1.68
-1.95
-2.18
-2.48
-2.82
-3.13
-3.36
-3.49
-3.54
-3.53
-3.43
-3.21
-2.83
-2.27
-1.57
-0.77
0.06
0.89
1.70
2.48
3.20
3.81
4.26
4.52
4.59
4.50
4.33
4.14
4.00
3.91
3.84
3.72
3.53
3.26
2.95
2.63
2.31
2.00
1.66
1.26
0.81
0.32
-0.18
-0.67
-1.14
-1.57
-1.93
-2.20
-2.42
-2.65
-3.00
-3.55
-4.27
-5.06
-5.76
-6.23
-6.40
-6.24
-5.75
-4.93
-3.83
-2.53
-1.18
0.04
1.00
1.64
2.03
2.29
2.56
2.93
3.38
3.81
4.10
4.17
3.99
3.65
3.26
2.91
2.64
2.44
2.25
2.10
2.03
2.06
2.19
2.27
2.17
1.77
1.11
0.33
-0.37
-0.90
-1.26
-1.58
-1.97
-2.46
-3.00
-3.49
-3.90
-4.27
-4.71
-5.26
-5.83
-6.25
-6.31
-5.90
-5.05
-3.92
-2.71
-1.60
-0.64
0.14
0.78
1.25
1.56
1.73
1.83
1.92
2.06
2.22
2.35
2.40
2.36
2.26
2.14
2.03
1.90
1.72
1.50
1.29
1.14
1.10
1.13
1.13
0.94
0.49
-0.25
-1.16
-2.08
-2.84
-3.35
-3.62
-3.73
-3.82
-4.00
-4.31
-4.70
-5.03
-5.16
-4.92
-4.25
-3.20
-1.91
-0.56
0.71
1.83
2.82
3.71
4.51
5.17
5.67
6.09
6.53
7.12
7.87
8.65
9.26
9.51
9.37
8.98
8.51
8.13
7.90
7.79
7.78
7.83
7.92
7.99
7.95
7.68
7.08
6.16
5.02
3.79
2.56
1.38
0.24
-0.92
-2.15
-3.48
-4.92
-6.42
-7.89
-9.19
-10.15
-10.60
-10.46
-9.70
-8.48
-7.00
-5.53
-4.26
-3.28
-2.50
-1.76
-0.93
0.02
0.97
1.70
2.04
1.94
1.54
1.06
0.73
0.62
0.67
0.68
0.53
0.18
-0.31
-0.82
-1.32
-1.80
-2.33
-2.91
-3.48
-3.94
-4.20
-4.26
-4.23
-4.24
-4.40
-4.73
-5.16
-5.60
-5.95
-6.14
-6.08
-5.74
-5.09
-4.17
-3.09
-1.98
-0.98
-0.12
0.60
1.21
1.72
2.08
2.23
2.15
1.82
1.31
0.72
0.16
-0.27
-0.51
-0.56
-0.49
-0.41
-0.42
-0.60
-0.95
-1.42
-1.90
-2.31
-2.60
-2.78
-2.90
-3.03
-3.21
-3.45
-3.72
-3.96
-4.12
-4.17
-4.05
-3.68
-2.97
-1.88
-0.52
0.90
2.12
2.92
3.28
3.38
3.45
3.68
4.11
4.61
4.98
5.12
5.02
4.80
4.60
4.50
4.50
4.51
4.49
4.38
4.22
4.05
3.88
3.67
3.35
2.83
2.06
1.12
0.12
-0.82
-1.64
-2.36
-3.02
-3.62
-4.08
-4.28
-4.12
-3.58
-2.80
-1.97
-1.26
-0.73
-0.36
-0.05
0.31
0.74
1.24
1.75
2.20
2.52
2.69
2.69
2.51
2.22
1.89
1.64
1.55
1.64
1.88
2.15
2.33
2.35
2.19
1.89
1.55
1.21
0.90
0.58
0.16
-0.39
-1.08
-1.88
-2.71
-3.51
-4.19
-4.70
-5.01
-5.08
-4.92
-4.50
-3.83
-2.93
-1.85
-0.68
0.46
1.47
2.27
2.84
3.22
3.47
3.66
3.82
3.97
4.06
4.08
4.02
3.89
3.72
3.55
3.43
3.37
3.39
3.46
3.51
3.46
3.24
2.79
2.14
1.37
0.59
-0.08
-0.58
-0.93
-1.19
-1.45
-1.79
-2.25
-2.82
-3.44
-4.02
-4.45
-4.60
-4.44
-3.99
-3.39
-2.80
-2.34
-2.01
-1.76
-1.48
-1.10
-0.56
0.10
0.82
1.53
2.07
2.32
2.19
1.69
0.97
0.24
-0.26
-0.43
-0.30
-0.02
0.23
0.31
0.18
-0.17
-0.67
-1.21
-1.72
-2.17
-2.53
-2.85
-3.14
-3.43
-3.71
-3.97
-4.19
-4.39
-4.57
-4.68
-4.65
-4.36
-3.74
-2.77
-1.53
-0.18
1.12
2.28
3.30
4.27
5.33
6.57
7.98
9.46
10.81
11.82
12.38
12.47
12.18
11.61
10.79
9.66
8.12
6.11
3.74
1.26
-1.00
-2.76
-3.89
-4.47
-4.65
-4.63
-4.53
-4.43
-4.35
-4.33
-4.43
-4.67
-5.05
-5.49
-5.85
-6.00
-5.86
-5.44
-4.83
-4.12
-3.40
-2.69
-1.99
-1.26
-0.52
0.19
0.79
1.21
1.43
1.46
1.36
1.16
0.89
0.56
0.22
-0.06
-0.20
-0.13
0.08
0.30
0.39
0.28
0.05
-0.19
-0.32
-0.34
-0.37
-0.56
-0.99
-1.64
-2.33
-2.90
-3.20
-3.23
-3.02
-2.63
-2.05
-1.26
-0.23
0.97
2.20
3.29
4.12
4.66
5.03
5.37
5.78
6.27
6.73
7.03
7.08
6.95
6.78
6.76
7.01
7.50
8.15
8.82
9.41
9.87
10.14
10.10
9.58
8.42
6.52
3.98
1.05
-1.89
-4.52
-6.58
-8.02
-8.88
-9.34
-9.63
-9.95
-10.47
-11.26
-12.24
-13.20
-13.87
-14.02
-13.57
-12.61
-11.33
-9.94
-8.58
-7.26
-5.92
-4.47
-2.91
-1.27
0.31
1.70
2.76
3.45
3.78
3.85
3.74
3.54
3.28
3.01
2.75
2.56
2.48
2.52
2.62
2.64
2.43
1.92
1.12
0.18
-0.72
-1.43
-1.87
-2.10
-2.21
-2.30
-2.39
-2.43
-2.34
-2.07
-1.70
-1.41
-1.39
-1.71
-2.29
-2.88
-3.18
-2.99
-2.32
-1.38
-0.41
0.37
0.92
1.34
1.77
2.28
2.83
3.30
3.58
3.64
3.58
3.55
3.67
3.92
4.20
4.36
4.32
4.06
3.70
3.33
3.01
2.74
2.44
2.03
1.50
0.91
0.33
-0.17
-0.56
-0.91
-1.31
-1.81
-2.48
-3.31
-4.25
-5.25
-6.23
-7.16
-7.98
-8.66
-9.20
-9.56
-9.73
-9.65
-9.29
-8.57
-7.45
-5.92
-4.05
-1.96
0.20
2.32
4.28
6.02
7.51
8.67
9.44
9.77
9.68
9.29
8.75
8.18
7.58
6.89
6.01
4.88
3.59
2.30
1.14
0.19
-0.61
-1.39
-2.24
-3.19
-4.18
-5.17
-6.13
-7.08
-8.04
-8.95
-9.71
-10.23
-10.48
-10.50
-10.36
-10.08
-9.61
-8.85
-7.73
-6.32
-4.75
-3.24
-1.95
-0.94
-0.14
0.54
1.22
1.92
2.61
3.23
3.71
4.03
4.17
4.19
4.14
4.10
4.12
4.24
4.42
4.58
4.61
4.44
4.00
3.34
2.51
1.61
0.72
-0.14
-0.93
-1.66
-2.34
-3.00
-3.67
-4.41
-5.22
-6.06
-6.83
-7.38
-7.53
-7.16
-6.23
-4.82
-3.12
-1.42
0.00
0.92
1.28
1.19
0.93
0.81
1.05
1.76
2.85
4.12
5.32
6.26
6.87
7.16
7.23
7.19
7.16
7.22
7.37
7.57
7.74
7.75
7.54
7.06
6.37
5.56
4.75
4.03
3.44
2.93
2.40
1.73
0.82
-0.33
-1.59
-2.75
-3.55
-3.83
-3.57
-2.89
-2.05
-1.27
-0.70
-0.36
-0.18
-0.05
0.14
0.44
0.86
1.31
1.70
1.88
1.78
1.44
0.98
0.59
0.40
0.43
0.57
0.67
0.63
0.45
0.20
-0.04
-0.28
-0.59
-1.06
-1.71
-2.45
-3.15
-3.67
-4.01
-4.29
-4.66
-5.24
-5.96
-6.61
-6.93
-6.73
-5.99
-4.88
-3.66
-2.53
-1.62
-0.92
-0.35
0.14
0.57
0.92
1.18
1.39
1.60
1.87
2.20
2.51
2.73
2.81
2.75
2.62
2.52
2.49
2.56
2.64
2.63
2.43
2.01
1.42
0.79
0.26
-0.14
-0.46
-0.83
-1.35
-2.03
-2.78
-3.39
-3.65
-3.43
-2.75
-1.72
-0.52
0.65
1.69
2.53
3.18
3.66
3.99
4.16
4.20
4.10
3.92
3.70
3.50
3.37
3.32
3.36
3.43
3.47
3.40
3.12
2.62
1.95
1.22
0.57
0.08
-0.25
-0.51
-0.80
-1.18
-1.66
-2.22
-2.84
-3.49
-4.16
-4.75
-5.11
-5.11
-4.67
-3.86
-2.86
-1.91
-1.20
-0.76
-0.51
-0.28
0.06
0.58
1.21
1.86
2.43
2.90
3.28
3.59
3.80
3.85
3.69
3.37
3.02
2.77
2.70
2.76
2.83
2.78
2.57
2.29
2.02
1.80
1.57
1.21
0.64
-0.14
-1.00
-1.79
-2.40
-2.84
-3.15
-3.39
-3.61
-3.83
-4.05
-4.30
-4.59
-4.88
-5.12
-5.17
-4.97
-4.47
-3.74
-2.87
-1.96
-1.05
-0.16
0.71
1.55
2.29
2.84
3.13
3.15
2.99
2.74
2.52
2.39
2.35
2.35
2.35
2.36
2.41
2.56
2.85
3.25
3.69
4.04
4.18
4.02
3.57
2.91
2.14
1.38
0.74
0.24
-0.13
-0.43
-0.76
-1.19
-1.76
-2.49
-3.31
-4.12
-4.77
-5.11
-5.04
-4.59
-3.88
-3.11
-2.48
-2.06
-1.81
-1.57
-1.17
-0.54
0.26
1.09
1.83
2.38
2.77
3.07
3.35
3.59
3.74
3.73
3.51
3.13
2.69
2.30
2.02
1.87
1.79
1.72
1.60
1.39
1.09
0.70
0.26
-0.22
-0.69
-1.13
-1.54
-1.94
-2.37
-2.88
-3.46
-4.08
-4.63
-5.01
-5.13
-5.01
-4.69
-4.28
-3.83
-3.36
-2.82
-2.10
-1.16
-0.04
1.15
2.20
2.93
3.27
3.27
3.07
2.89
2.85
3.01
3.30
3.58
3.73
3.71
3.52
3.24
2.93
2.59
2.20
1.75
1.26
0.77
0.33
-0.02
-0.28
-0.46
-0.55
-0.57
-0.54
-0.51
-0.57
-0.82
-1.33
-2.11
-3.09
-4.14
-5.09
-5.78
-6.10
-6.02
-5.55
-4.77
-3.75
-2.59
-1.39
-0.30
0.55
1.07
1.24
1.18
1.07
1.04
1.13
1.26
1.30
1.15
0.83
0.44
0.12
-0.05
-0.09
-0.05
-0.00
0.01
-0.05
-0.21
-0.47
-0.82
-1.17
-1.44
-1.54
-1.50
-1.39
-1.34
-1.42
-1.67
-2.05
-2.49
-2.91
-3.24
-3.41
-3.32
-2.94
-2.26
-1.41
-0.53
0.22
0.80
1.24
1.68
2.20
2.81
3.41
3.87
4.08
3.99
3.67
3.24
2.82
2.47
2.20
2.01
1.88
1.81
1.79
1.80
1.76
1.62
1.31
0.84
0.27
-0.30
-0.78
-1.11
-1.35
-1.62
-2.03
-2.61
-3.30
-3.90
-4.23
-4.15
-3.64
-2.81
-1.83
-0.85
0.03
0.76
1.38
1.92
2.38
2.80
3.17
3.52
3.86
4.21
4.59
5.00
5.38
5.68
5.80
5.72
5.47
5.19
5.02
5.10
5.54
6.36
7.49
8.74
9.80
10.23
9.60
7.64
4.36
0.16
-4.29
-8.19
-10.93
-12.27
-12.32
-11.45
-10.12
-8.66
-7.23
-5.84
-4.51
-3.28
-2.25
-1.55
-1.21
-1.17
-1.32
-1.58
-1.90
-2.30
-2.85
-3.56
-4.39
-5.22
-5.94
-6.48
-6.82
-7.01
-7.13
-7.27
-7.50
-7.88
-8.39
-8.95
-9.48
-9.86
-10.03
-10.00
-9.78
-9.38
-8.76
-7.83
-6.54
-4.91
-3.10
-1.32
0.25
1.55
2.64
3.71
4.91
6.27
7.65
8.83
9.58
9.80
9.54
8.99
8.39
7.91
7.64
7.55
7.54
7.50
7.31
6.94
6.39
5.75
5.11
4.59
4.26
4.10
3.99
3.80
3.40
2.74
1.88
0.95
0.10
-0.54
-0.97
-1.24
-1.49
-1.84
-2.36
-3.01
-3.69
-4.28
-4.64
-4.70
-4.44
-3.90
-3.14
-2.30
-1.50
-0.83
-0.31
0.10
0.54
1.08
1.77
2.52
3.19
3.64
3.81
3.72
3.48
3.22
3.05
3.03
3.16
3.39
3.66
3.91
4.06
4.07
3.88
3.51
2.99
2.42
1.88
1.43
1.08
0.79
0.49
0.14
-0.25
-0.63
-0.97
-1.31
-1.71
-2.23
-2.91
-3.70
-4.47
-5.08
-5.39
-5.31
-4.81
-3.94
-2.82
-1.61
-0.51
0.38
1.02
1.45
1.79
2.15
2.60
3.14
3.73
4.29
4.71
4.93
4.89
4.60
4.12
3.55
2.96
2.42
1.94
1.52
1.14
0.82
0.57
0.42
0.35
0.28
0.11
-0.21
-0.66
-1.14
-1.50
-1.67
-1.67
-1.63
-1.70
-2.02
-2.62
-3.42
-4.29
-5.09
-5.72
-6.09
-6.17
-5.92
-5.35
-4.55
-3.61
-2.63
-1.68
-0.75
0.20
1.20
2.24
3.19
3.90
4.26
4.24
3.98
3.65
3.42
3.34
3.34
3.30
3.15
2.90
2.63
2.42
2.26
2.09
1.81
1.39
0.88
0.38
-0.02
-0.27
-0.42
-0.55
-0.76
-1.07
-1.47
-1.91
-2.31
-2.61
-2.81
-2.93
-3.05
-3.28
-3.68
-4.24
-4.86
-5.40
-5.69
-5.59
-5.06
-4.16
-3.02
-1.80
-0.64
0.37
1.22
1.96
2.65
3.35
4.02
4.62
5.05
5.28
5.33
5.27
5.18
5.12
5.09
5.03
4.89
4.62
4.25
3.83
3.42
3.05
2.71
2.35
1.89
1.29
0.54
-0.28
-1.01
-1.55
-1.84
-1.97
-2.12
-2.44
-3.02
-3.82
-4.72
-5.54
-6.17
-6.56
-6.68
-6.54
-6.14
-5.48
-4.59
-3.51
-2.30
-1.04
0.17
1.20
1.95
2.38
2.55
2.58
2.64
2.81
3.09
3.41
3.67
3.78
3.74
3.56
3.27
2.90
2.47
2.05
1.70
1.46
1.31
1.19
1.01
0.71
0.28
-0.21
-0.67
-1.01
-1.20
-1.29
-1.40
-1.62
-2.03
-2.63
-3.35
-4.05
-4.59
-4.86
-4.78
-4.37
-3.72
-2.94
-2.17
-1.52
-1.01
-0.61
-0.21
0.26
0.83
1.46
2.04
2.47
2.67
2.64
2.42
2.09
1.73
1.42
1.17
1.00
0.87
0.78
0.72
0.69
0.68
0.66
0.55
0.26
-0.21
-0.84
-1.51
-2.12
-2.59
-2.92
-3.19
-3.46
-3.77
-4.12
-4.44
-4.65
-4.67
-4.45
-3.96
-3.23
-2.32
-1.31
-0.32
0.58
1.35
2.03
2.65
3.23
3.76
4.17
4.42
4.48
4.38
4.17
3.89
3.54
3.13
2.68
2.23
1.85
1.57
1.40
1.25
1.05
0.71
0.23
-0.36
-0.94
-1.42
-1.72
-1.86
-1.93
-2.09
-2.48
-3.15
-4.00
-4.81
-5.33
-5.38
-4.96
-4.21
-3.39
-2.73
-2.34
-2.15
-1.95
-1.53
-0.76
0.29
1.41
2.34
2.91
3.13
3.15
3.16
3.27
3.45
3.57
3.49
3.17
2.71
2.30
2.08
2.09
2.21
2.28
2.14
1.74
1.15
0.49
-0.09
-0.51
-0.76
-0.86
-0.87
-0.86
-0.91
-1.15
-1.65
-2.41
-3.31
-4.13
-4.65
-4.68
-4.17
-3.21
-2.03
-0.88
0.05
0.71
1.19
1.65
2.21
2.88
3.52
3.95
4.05
3.84
3.47
3.11
2.83
2.62
2.38
2.06
1.71
1.44
1.36
1.49
1.72
1.87
1.79
1.41
0.78
0.01
-0.75
-1.36
-1.76
-1.95
-2.03
-2.14
-2.40
-2.86
-3.52
-4.28
-5.03
-5.64
-6.00
-6.01
-5.60
-4.79
-3.68
-2.46
-1.34
-0.44
0.22
0.71
1.17
1.68
2.25
2.83
3.35
3.73
3.91
3.87
3.68
3.41
3.19
3.09
3.11
3.17
3.14
2.95
2.58
2.13
1.70
1.39
1.19
1.07
0.95
0.77
0.51
0.15
-0.28
-0.75
-1.20
-1.59
-1.91
-2.23
-2.62
-3.17
-3.85
-4.53
-5.05
-5.24
-5.04
-4.50
-3.74
-2.89
-2.03
-1.21
-0.49
0.11
0.57
0.93
1.30
1.77
2.39
3.07
3.65
3.94
3.85
3.47
3.02
2.73
2.77
3.10
3.55
3.90
3.97
3.69
3.11
2.35
1.56
0.85
0.31
-0.03
-0.20
-0.28
-0.36
-0.48
-0.66
-0.85
-1.00
-1.16
-1.39
-1.83
-2.55
-3.56
-4.73
-5.86
-6.71
-7.09
-6.87
-6.06
-4.77
-3.21
-1.62
-0.20
0.92
1.75
2.31
2.69
2.92
3.02
3.01
2.92
2.84
2.86
3.02
3.33
3.72
4.05
4.22
4.19
3.97
3.65
3.30
2.93
2.52
2.03
1.44
0.81
0.22
-0.24
-0.54
-0.71
-0.84
-0.96
-1.10
-1.25
-1.42
-1.62
-1.92
-2.36
-3.00
-3.83
-4.74
-5.60
-6.23
-6.47
-6.25
-5.57
-4.51
-3.23
-1.90
-0.69
0.30
1.03
1.55
1.94
2.28
2.61
2.87
2.99
2.94
2.71
2.36
1.97
1.61
1.28
0.97
0.67
0.36
0.07
-0.19
-0.42
-0.63
-0.84
-1.06
-1.29
-1.52
-1.73
-1.87
-1.94
-1.94
-1.90
-1.89
-1.95
-2.05
-2.15
-2.13
-1.94
-1.58
-1.16
-0.76
-0.46
-0.26
-0.10
0.09
0.33
0.58
0.81
0.98
1.09
1.16
1.17
1.12
0.97
0.70
0.33
-0.13
-0.62
-1.13
-1.62
-2.06
-2.41
-2.62
-2.69
-2.64
-2.50
-2.29
-2.01
-1.67
-1.31
-1.03
-0.93
-1.06
-1.37
-1.67
-1.78
-1.56
-0.99
-0.13
0.87
1.87
2.79
3.52
3.97
4.11
3.95
3.60
3.24
3.03
3.02
3.17
3.35
3.40
3.28
2.99
2.58
2.13
1.65
1.19
0.74
0.32
-0.06
-0.42
-0.79
-1.22
-1.74
-2.34
-2.99
-3.62
-4.19
-4.67
-5.08
-5.41
-5.66
-5.77
-5.69
-5.37
-4.84
-4.17
-3.46
-2.78
-2.14
-1.45
-0.61
0.49
1.88
3.53
5.35
7.21
8.96
10.46
11.52
11.95
11.67
10.70
9.21
7.47
5.72
4.14
2.75
1.51
0.37
-0.66
-1.50
-2.10
-2.45
-2.67
-2.91
-3.28
-3.79
-4.31
-4.73
-4.97
-5.03
-5.01
-4.98
-4.95
-4.82
-4.48
-3.92
-3.22
-2.55
-2.06
-1.78
-1.56
-1.22
-0.62
0.27
1.30
2.30
3.06
3.49
3.56
3.32
2.86
2.30
1.78
1.38
1.18
1.16
1.28
1.45
1.61
1.68
1.61
1.37
0.91
0.28
-0.45
-1.11
-1.58
-1.76
-1.70
-1.51
-1.37
-1.43
-1.73
-2.24
-2.87
-3.53
-4.16
-4.78
-5.37
-5.88
-6.21
-6.21
-5.82
-5.07
-4.08
-3.05
-2.11
-1.29
-0.53
0.24
1.04
1.85
2.57
3.15
3.60
3.98
4.39
4.85
5.30
5.63
5.72
5.50
5.01
4.37
3.72
3.21
2.90
2.76
2.73
2.71
2.62
2.42
2.09
1.65
1.13
0.54
-0.10
-0.75
-1.39
-1.99
-2.50
-2.90
-3.21
-3.45
-3.71
-4.02
-4.38
-4.71
-4.84
-4.61
-3.94
-2.87
-1.59
-0.31
0.74
1.48
1.94
2.27
2.64
3.12
3.70
4.25
4.60
4.64
4.36
3.85
3.32
2.93
2.80
2.94
3.27
3.62
3.85
3.88
3.69
3.37
2.96
2.50
1.94
1.23
0.37
-0.57
-1.46
-2.19
-2.74
-3.21
-3.75
-4.48
-5.37
-6.22
-6.78
-6.83
-6.34
-5.43
-4.36
-3.35
-2.54
-1.94
-1.45
-0.98
-0.49
-0.01
0.41
0.71
0.90
1.03
1.13
1.21
1.27
1.28
1.24
1.13
0.96
0.75
0.52
0.29
0.10
-0.05
-0.14
-0.23
-0.38
-0.63
-1.01
-1.47
-1.97
-2.47
-2.95
-3.44
-3.90
-4.23
-4.32
-4.06
-3.43
-2.53
-1.48
-0.47
0.40
1.09
1.63
2.07
2.46
2.81
3.13
3.43
3.67
3.85
3.92
3.85
3.64
3.29
2.84
2.34
1.85
1.43
1.13
0.99
0.96
0.97
0.89
0.66
0.22
-0.37
-1.05
-1.74
-2.36
-2.83
-3.08
-3.04
-2.69
-2.08
-1.29
-0.44
0.36
1.09
1.77
2.47
3.27
4.21
5.22
6.19
6.91
7.23
7.04
6.38
5.41
4.35
3.37
2.59
2.02
1.56
1.10
0.55
-0.14
-0.97
-1.87
-2.73
-3.48
-4.05
-4.50
-4.90
-5.38
-6.01
-6.76
-7.56
-8.32
-8.96
-9.46
-9.82
-10.02
-10.02
-9.74
-9.11
-8.15
-6.92
-5.55
-4.16
-2.78
-1.40
0.05
1.61
3.25
4.86
6.29
7.36
7.92
7.94
7.47
6.66
5.72
4.84
4.14
3.69
3.49
3.51
3.74
4.14
4.62
5.01
5.18
4.98
4.44
3.67
2.89
2.26
1.83
1.51
1.16
0.68
0.04
-0.69
-1.41
-2.06
-2.67
-3.29
-4.00
-4.82
-5.67
-6.46
-7.06
-7.41
-7.51
-7.38
-7.03
-6.46
-5.65
-4.63
-3.50
-2.44
-1.55
-0.90
-0.39
0.17
0.92
1.88
2.89
3.72
4.18
4.27
4.10
3.86
3.69
3.58
3.44
3.17
2.73
2.18
1.62
1.16
0.79
0.48
0.17
-0.13
-0.33
-0.28
0.17
1.05
2.32
3.82
5.33
6.63
7.57
8.04
7.99
7.39
6.22
4.57
2.62
0.69
-0.86
-1.72
-1.77
-1.10
-0.01
1.11
1.91
2.20
1.97
1.37
0.62
-0.05
-0.48
-0.58
-0.32
0.24
1.01
1.84
2.58
3.09
3.31
3.25
3.02
2.76
2.54
2.38
2.21
1.94
1.52
0.95
0.32
-0.31
-0.88
-1.45
-2.04
-2.70
-3.37
-3.95
-4.34
-4.49
-4.46
-4.39
-4.48
-4.84
-5.53
-6.45
-7.41
-8.18
-8.56
-8.47
-7.91
-7.02
-5.95
-4.87
-3.92
-3.17
-2.65
-2.30
-2.04
-1.76
-1.38
-0.88
-0.29
0.31
0.81
1.15
1.31
1.32
1.22
1.10
1.04
1.13
1.41
1.86
2.33
2.62
2.55
2.02
1.06
-0.16
-1.45
-2.67
-3.72
-4.57
-5.29
-5.96
-6.67
-7.48
-8.38
-9.21
-9.71
-9.57
-8.55
-6.58
-3.78
-0.40
3.19
6.65
9.62
11.78
12.85
12.69
11.32
9.01
6.18
3.37
1.08
-0.31
-0.66
-0.05
1.21
2.73
4.11
5.11
5.69
5.97
6.15
6.39
6.68
6.96
7.07
6.92
6.48
5.83
5.14
4.55
4.17
3.99
3.93
3.83
3.51
2.89
1.93
0.70
-0.71
-2.15
-3.50
-4.59
-5.29
-5.48
-5.17
-4.46
-3.62
-2.93
-2.56
-2.52
-2.59
-2.50
-2.05
-1.30
-0.47
0.12
0.27
0.01
-0.47
-0.94
-1.26
-1.45
-1.65
-1.99
-2.52
-3.19
-3.89
-4.52
-5.07
-5.52
-5.87
-6.12
-6.24
-6.23
-6.11
-5.89
-5.62
-5.31
-4.99
-4.73
-4.61
-4.72
-5.10
-5.70
-6.34
-6.82
-6.90
-6.43
-5.41
-3.96
-2.27
-0.56
1.00
2.32
3.36
4.16
4.78
5.31
5.82
6.34
6.84
7.22
7.35
7.21
6.84
6.44
6.19
6.21
6.48
6.84
7.09
7.07
6.78
6.30
5.74
5.15
4.52
3.75
2.78
1.58
0.19
-1.29
-2.78
-4.19
-5.42
-6.39
-7.09
-7.60
-8.07
-8.66
-9.45
-10.30
-10.95
-11.08
-10.55
-9.40
-7.90
-6.37
-5.01
-3.88
-2.85
-1.81
-0.68
0.51
1.65
2.65
3.45
4.05
4.45
4.67
4.74
4.71
4.63
4.55
4.49
4.44
4.39
4.34
4.31
4.30
4.28
4.17
3.92
3.54
3.13
2.83
2.75
2.96
3.39
3.94
4.49
4.95
5.27
5.46
5.58
5.70
5.89
6.18
6.49
6.63
6.37
5.62
4.44
3.09
1.88
1.10
0.84
1.04
1.49
2.03
2.53
2.93
3.22
3.39
3.45
3.41
3.33
3.28
3.31
3.44
3.65
3.84
3.92
3.81
3.44
2.78
1.83
0.62
-0.77
-2.16
-3.38
-4.30
-4.86
-5.13
-5.23
-5.32
-5.46
-5.62
-5.71
-5.63
-5.39
-5.02
-4.59
-4.14
-3.69
-3.22
-2.71
-2.17
-1.63
-1.10
-0.57
-0.03
0.53
1.05
1.44
1.65
1.69
1.63
1.57
1.57
1.61
1.56
1.30
0.78
0.02
-0.86
-1.75
-2.59
-3.39
-4.20
-5.03
-5.83
-6.53
-7.06
-7.45
-7.77
-8.09
-8.40
-8.60
-8.53
-8.09
-7.27
-6.17
-4.94
-3.69
-2.48
-1.31
-0.16
0.93
1.93
2.81
3.59
4.32
5.09
5.87
6.62
7.24
7.65
7.86
7.88
7.78
7.54
7.10
6.37
5.32
3.96
2.40
0.77
-0.83
-2.32
-3.70
-4.96
-6.04
-6.89
-7.48
-7.81
-7.98
-8.14
-8.41
-8.88
-9.48
-10.06
-10.41
-10.37
-9.87
-8.99
-7.91
-6.82
-5.82
-4.94
-4.07
-3.10
-1.92
-0.53
0.98
2.47
3.78
4.83
5.61
6.16
6.56
6.86
7.05
7.11
7.02
6.78
6.43
6.04
5.69
5.40
5.18
5.00
4.82
4.59
4.31
3.96
3.51
2.95
2.23
1.36
0.42
-0.41
-0.95
-1.07
-0.76
-0.16
0.60
1.38
2.18
3.04
3.95
4.80
5.35
5.38
4.80
3.75
2.60
1.73
1.45
1.84
2.72
3.71
4.39
4.37
3.40
1.51
-1.05
-3.85
-6.44
-8.49
-9.88
-10.72
-11.26
-11.81
-12.59
-13.72
-15.20
-16.89
-18.57
-19.92
-20.63
-20.48
-19.42
-17.61
-15.32
-12.87
-10.47
-8.22
-6.13
-4.18
-2.39
-0.75
0.70
1.99
3.16
4.27
5.28
6.12
6.65
6.78
6.52
6.03
5.54
5.28
5.39
5.82
6.43
6.99
7.31
7.31
6.99
6.42
5.73
5.01
4.32
3.72
3.27
3.05
3.15
3.63
4.49
5.59
6.73
7.70
8.38
8.78
9.05
9.42
10.06
11.02
12.16
13.24
14.01
14.32
14.21
13.88
13.61
13.62
13.93
14.40
14.76
14.77
14.32
13.48
12.40
11.29
10.21
9.14
7.98
6.64
5.06
3.24
1.20
-0.99
-3.23
-5.36
-7.11
-8.22
-8.55
-8.15
-7.31
-6.53
-6.25
-6.72
-7.82
-9.16
-10.23
-10.62
-10.28
-9.50
-8.77
-8.51
-8.88
-9.72
-10.72
-11.58
-12.17
-12.52
-12.73
-12.89
-12.96
-12.86
-12.54
-12.04
-11.47
-11.01
-10.77
-10.79
-11.10
-11.68
-12.56
-13.70
-15.02
-16.36
-17.42
-17.94
-17.68
-16.55
-14.63
-12.19
-9.58
-7.15
-5.14
-3.59
-2.36
-1.26
-0.10
1.21
2.65
4.14
5.58
6.88
7.97
8.78
9.25
9.38
9.21
8.84
8.40
8.00
7.66
7.35
6.99
6.53
5.98
5.33
4.65
4.00
3.46
3.12
3.00
3.07
3.19
3.19
2.95
2.47
1.90
1.49
1.45
1.88
2.69
3.66
4.50
4.92
4.75
3.89
2.42
0.54
-1.39
-2.95
-3.74
-3.54
-2.36
-0.45
1.83
4.14
6.28
8.22
9.97
11.48
12.57
12.98
12.52
11.21
9.33
7.33
5.58
4.31
3.52
3.06
2.81
2.72
2.82
3.14
3.66
4.26
4.84
5.30
5.61
5.78
5.80
5.63
5.29
4.85
4.42
4.12
3.96
3.82
3.47
2.66
1.25
-0.76
-3.21
-5.85
-8.35
-10.42
-11.84
-12.51
-12.50
-11.93
-10.96
-9.70
-8.18
-6.40
-4.40
-2.33
-0.39
1.23
2.43
3.24
3.79
4.16
4.39
4.46
4.33
4.01
3.59
3.16
2.80
2.53
2.33
2.15
1.99
1.84
1.68
1.48
1.16
0.69
0.08
-0.58
-1.20
-1.68
-1.97
-2.11
-2.16
-2.21
-2.35
-2.63
-3.06
-3.60
-4.10
-4.39
-4.34
-3.86
-3.02
-1.96
-0.88
0.10
0.91
1.59
2.20
2.79
3.38
3.97
4.59
5.24
5.91
6.51
6.93
7.08
6.94
6.61
6.24
5.97
5.85
5.81
5.76
5.59
5.26
4.79
4.23
3.65
3.04
2.40
1.71
0.94
0.10
-0.80
-1.73
-2.63
-3.46
-4.15
-4.69
-5.08
-5.35
-5.53
-5.64
-5.66
-5.59
-5.43
-5.21
-4.96
-4.72
-4.47
-4.16
-3.72
-3.09
-2.24
-1.21
-0.10
0.98
1.91
2.60
3.01
3.21
3.29
3.36
3.47
3.58
3.62
3.50
3.21
2.78
2.28
1.76
1.23
0.63
-0.06
-0.79
-1.48
-2.02
-2.41
-2.74
-3.14
-3.73
-4.48
-5.23
-5.73
-5.77
-5.28
-4.34
-3.18
-2.02
-1.04
-0.34
0.08
0.31
0.46
0.66
1.06
1.72
2.58
3.52
4.33
4.85
4.96
4.65
4.01
3.21
2.43
1.81
1.41
1.17
0.96
0.60
-0.02
-0.91
-1.99
-3.11
-4.18
-5.12
-5.95
-6.63
-7.13
-7.39
-7.37
-7.08
-6.63
-6.13
-5.69
-5.31
-4.94
-4.46
-3.77
-2.83
-1.67
-0.36
0.95
2.16
3.23
4.16
4.97
5.71
6.36
6.88
7.20
7.30
7.16
6.85
6.43
5.94
5.40
4.80
4.14
3.42
2.66
1.87
1.05
0.20
-0.66
-1.53
-2.38
-3.23
-4.09
-4.98
-5.89
-6.75
-7.46
-7.88
-7.91
-7.49
-6.69
-5.60
-4.39
-3.23
-2.28
-1.61
-1.19
-0.95
-0.72
-0.41
0.03
0.52
0.94
1.20
1.25
1.14
0.95
0.78
0.62
0.44
0.20
-0.11
-0.44
-0.73
-0.92
-1.01
-1.04
-1.11
-1.28
-1.60
-2.05
-2.56
-3.07
-3.54
-3.98
-4.45
-5.04
-5.78
-6.65
-7.51
-8.16
-8.40
-8.15
-7.45
-6.44
-5.34
-4.30
-3.37
-2.53
-1.73
-0.94
-0.17
0.54
1.17
1.73
2.21
2.63
2.93
3.02
2.85
2.44
1.94
1.51
1.35
1.49
1.86
2.29
2.63
2.81
2.86
2.84
2.75
2.50
1.94
0.95
-0.43
-2.03
-3.53
-4.66
-5.27
-5.37
-5.05
-4.42
-3.58
-2.56
-1.46
-0.38
0.50
1.08
1.37
1.47
1.57
1.85
2.34
2.98
3.60
4.06
4.25
4.20
4.02
3.83
3.70
3.62
3.53
3.36
3.08
2.74
2.43
2.18
1.96
1.62
1.00
0.04
-1.22
-2.57
-3.77
-4.66
-5.20
-5.48
-5.63
-5.73
-5.73
-5.56
-5.14
-4.46
-3.61
-2.72
-1.90
-1.17
-0.52
0.09
0.67
1.22
1.75
2.35
3.15
4.31
5.87
7.72
9.58
11.16
12.26
12.87
13.20
13.51
13.95
14.47
14.76
14.40
13.08
10.72
7.55
4.03
0.66
-2.16
-4.24
-5.60
-6.40
-6.86
-7.15
-7.41
-7.72
-8.08
-8.46
-8.73
-8.79
-8.57
-8.07
-7.40
-6.69
-6.03
-5.43
-4.82
-4.11
-3.28
-2.32
-1.30
-0.29
0.63
1.43
2.04
2.44
2.57
2.37
1.79
0.81
-0.52
-2.13
-3.89
-5.65
-7.30
-8.73
-9.89
-10.71
-11.11
-11.04
-10.48
-9.49
-8.22
-6.85
-5.53
-4.32
-3.20
-2.11
-1.02
0.06
1.09
2.00
2.74
3.31
3.71
3.94
4.01
3.97
3.87
3.79
3.79
3.88
4.01
4.12
4.17
4.14
4.02
3.79
3.42
2.88
2.18
1.34
0.42
-0.49
-1.28
-1.83
-2.02
-1.76
-1.07
-0.05
1.10
2.23
3.23
4.11
4.90
5.62
6.25
6.70
6.93
6.94
6.78
6.49
6.13
5.71
5.28
4.87
4.50
4.18
3.82
3.34
2.71
2.00
1.34
0.91
0.78
0.90
1.10
1.14
0.82
0.08
-0.98
-2.16
-3.17
-3.82
-4.02
-3.80
-3.25
-2.51
-1.69
-0.86
-0.06
0.70
1.41
2.07
2.72
3.35
3.94
4.39
4.64
4.65
4.44
4.12
3.80
3.57
3.43
3.35
3.26
3.13
2.95
2.73
2.45
2.10
1.62
1.02
0.34
-0.30
-0.79
-1.08
-1.23
-1.36
-1.66
-2.26
-3.17
-4.27
-5.35
-6.16
-6.48
-6.21
-5.38
-4.19
-2.87
-1.67
-0.76
-0.13
0.33
0.80
1.44
2.27
3.17
3.95
4.40
4.42
4.07
3.51
2.98
2.66
2.61
2.77
3.01
3.22
3.36
3.44
3.47
3.42
3.24
2.88
2.36
1.72
1.07
0.46
-0.07
-0.52
-0.92
-1.30
-1.69
-2.12
-2.64
-3.26
-4.00
-4.80
-5.60
-6.33
-6.86
-7.09
-6.90
-6.28
-5.29
-4.13
-2.99
-2.00
-1.15
-0.32
0.60
1.60
2.58
3.36
3.81
3.93
3.85
3.73
3.68
3.68
3.64
3.48
3.15
2.72
2.27
1.90
1.64
1.48
1.37
1.22
1.00
0.70
0.35
0.00
-0.29
-0.52
-0.73
-1.01
-1.41
-1.97
-2.66
-3.44
-4.23
-4.94
-5.48
-5.73
-5.62
-5.10
-4.24
-3.20
-2.18
-1.32
-0.67
-0.17
0.29
0.82
1.47
2.21
2.98
3.66
4.18
4.45
4.43
4.17
3.73
3.23
2.77
2.42
2.20
2.06
1.93
1.77
1.56
1.32
1.08
0.86
0.65
0.39
0.03
-0.47
-1.10
-1.82
-2.53
-3.15
-3.65
-4.08
-4.49
-4.91
-5.30
-5.53
-5.48
-5.03
-4.22
-3.15
-1.99
-0.92
-0.02
0.71
1.33
1.88
2.33
2.65
2.78
2.72
2.52
2.32
2.25
2.34
2.57
2.81
2.91
2.77
2.42
1.96
1.53
1.24
1.09
0.98
0.78
0.42
-0.10
-0.70
-1.28
-1.77
-2.16
-2.52
-2.91
-3.35
-3.82
-4.28
-4.68
-4.99
-5.17
-5.21
-5.02
-4.53
-3.74
-2.67
-1.46
-0.27
0.78
1.62
2.30
2.86
3.36
3.78
4.04
4.10
3.94
3.67
3.42
3.28
3.27
3.32
3.31
3.15
2.86
2.50
2.21
2.02
1.94
1.87
1.69
1.33
0.80
0.15
-0.50
-1.08
-1.53
-1.88
-2.17
-2.52
-3.03
-3.74
-4.63
-5.54
-6.25
-6.51
-6.20
-5.31
-4.02
-2.57
-1.21
-0.07
0.80
1.47
2.00
2.46
2.84
3.13
3.36
3.52
3.61
3.61
3.50
3.26
2.94
2.58
2.26
1.98
1.73
1.46
1.15
0.80
0.46
0.19
-0.02
-0.20
-0.46
-0.86
-1.39
-1.98
-2.55
-3.01
-3.39
-3.74
-4.16
-4.65
-5.15
-5.53
-5.66
-5.44
-4.89
-4.07
-3.08
-2.03
-1.01
-0.07
0.75
1.41
1.93
2.35
2.71
3.06
3.40
3.65
3.73
3.57
3.20
2.74
2.36
2.17
2.18
2.30
2.37
2.26
1.96
1.54
1.07
0.63
0.18
-0.34
-0.97
-1.71
-2.49
-3.21
-3.78
-4.19
-4.51
-4.84
-5.29
-5.88
-6.55
-7.13
-7.45
-7.37
-6.85
-5.97
-4.86
-3.65
-2.45
-1.34
-0.39
0.37
0.93
1.34
1.66
1.94
2.19
2.38
2.47
2.45
2.38
2.33
2.37
2.48
2.63
2.75
2.79
2.75
2.63
2.45
2.20
1.87
1.45
0.98
0.51
0.09
-0.26
-0.60
-1.00
-1.57
-2.33
-3.21
-4.06
-4.62
-4.69
-4.16
-3.11
-1.78
-0.49
0.51
1.11
1.38
1.52
1.74
2.15
2.75
3.38
3.89
4.14
4.12
3.92
3.67
3.47
3.34
3.25
3.16
3.05
2.97
2.96
2.99
2.97
2.74
2.15
1.18
-0.03
-1.26
-2.31
-3.07
-3.60
-4.01
-4.43
-4.84
-5.12
-5.08
-4.58
-3.65
-2.43
-1.18
-0.09
0.73
1.32
1.77
2.19
2.62
3.06
3.45
3.75
3.96
4.08
4.10
4.00
3.73
3.30
2.73
2.11
1.56
1.15
0.91
0.79
0.69
0.50
0.14
-0.42
-1.14
-1.92
-2.67
-3.33
-3.85
-4.23
-4.45
-4.50
-4.37
-4.04
-3.55
-2.96
-2.38
-1.89
-1.48
-1.10
-0.65
-0.07
0.64
1.36
1.99
2.44
2.68
2.74
2.69
2.57
2.40
2.17
1.85
1.45
0.97
0.46
-0.03
-0.44
-0.71
-0.84
-0.85
-0.84
-0.89
-1.06
-1.37
-1.79
-2.29
-2.85
-3.43
-3.94
-4.27
-4.25
-3.78
-2.90
-1.72
-0.47
0.68
1.66
2.50
3.30
4.10
4.89
5.55
5.98
6.15
6.11
6.00
5.90
5.86
5.86
5.84
5.74
5.52
5.20
4.81
4.43
4.10
3.88
3.72
3.51
3.10
2.38
1.34
0.12
-1.06
-1.99
-2.59
-2.94
-3.23
-3.64
-4.26
-5.06
-5.89
-6.59
-7.05
-7.23
-7.16
-6.87
-6.38
-5.66
-4.70
-3.55
-2.32
-1.14
-0.10
0.79
1.55
2.22
2.79
3.19
3.37
3.33
3.14
2.90
2.69
2.51
2.32
2.04
1.69
1.34
1.09
1.02
1.09
1.21
1.25
1.11
0.76
0.23
-0.43
-1.12
-1.75
-2.25
-2.57
-2.71
-2.75
-2.81
-3.02
-3.46
-4.05
-4.63
-5.01
-5.04
-4.68
-4.00
-3.11
-2.15
-1.17
-0.24
0.58
1.25
1.72
2.06
2.35
2.73
3.25
3.86
4.44
4.80
4.86
4.63
4.22
3.76
3.36
3.02
2.74
2.46
2.19
1.94
1.74
1.61
1.50
1.36
1.11
0.72
0.20
-0.39
-0.99
-1.54
-2.02
-2.47
-2.94
-3.46
-4.08
-4.76
-5.43
-5.99
-6.28
-6.17
-5.58
-4.56
-3.26
-1.93
-0.81
-0.04
0.38
0.56
0.74
1.07
1.61
2.25
2.79
3.05
2.99
2.73
2.46
2.38
2.53
2.78
2.94
2.87
2.55
2.13
1.79
1.61
1.53
1.38
1.00
0.37
-0.41
-1.14
-1.65
-1.92
-2.04
-2.18
-2.47
-2.94
-3.57
-4.25
-4.91
-5.47
-5.83
-5.89
-5.53
-4.71
-3.51
-2.13
-0.83
0.20
0.88
1.27
1.52
1.75
2.01
2.26
2.45
2.56
2.58
2.56
2.54
2.50
2.43
2.32
2.18
2.03
1.90
1.83
1.83
1.87
1.90
1.86
1.67
1.31
0.78
0.19
-0.34
-0.70
-0.89
-0.99
-1.13
-1.44
-1.96
-2.66
-3.48
-4.29
-4.99
-5.45
-5.57
-5.30
-4.68
-3.79
-2.80
-1.87
-1.10
-0.53
-0.13
0.19
0.52
0.91
1.38
1.88
2.35
2.72
2.95
3.05
3.04
2.92
2.73
2.50
2.27
2.08
1.97
1.94
1.90
1.75
1.42
0.90
0.23
-0.48
-1.11
-1.61
-1.94
-2.08
-2.07
-1.96
-1.89
-2.00
-2.44
-3.24
-4.31
-5.44
-6.31
-6.69
-6.47
-5.67
-4.46
-3.06
-1.67
-0.45
0.52
1.25
1.77
2.16
2.49
2.79
3.06
3.27
3.39
3.43
3.39
3.29
3.11
2.83
2.45
2.02
1.62
1.36
1.28
1.34
1.44
1.48
1.42
1.25
1.02
0.72
0.33
-0.20
-0.85
-1.58
-2.30
-2.95
-3.51
-4.05
-4.59
-5.13
-5.54
-5.70
-5.50
-4.92
-4.07
-3.10
-2.16
-1.35
-0.68
-0.11
0.41
0.97
1.57
2.18
2.72
3.06
3.13
2.92
2.50
2.03
1.68
1.54
1.62
1.85
2.07
2.19
2.17
2.01
1.80
1.58
1.38
1.16
0.90
0.57
0.17
-0.25
-0.66
-1.06
-1.50
-2.03
-2.69
-3.43
-4.10
-4.51
-4.47
-3.90
-2.89
-1.64
-0.40
0.63
1.39
1.93
2.36
2.79
3.25
3.72
4.10
4.31
4.26
3.95
3.44
2.82
2.25
1.80
1.53
1.37
1.25
1.09
0.85
0.56
0.24
-0.10
-0.48
-0.91
-1.41
-1.94
-2.44
-2.89
-3.30
-3.72
-4.20
-4.78
-5.37
-5.82
-5.98
-5.69
-4.93
-3.80
-2.48
-1.18
-0.07
0.80
1.44
1.93
2.36
2.77
3.17
3.52
3.80
3.99
4.07
4.04
3.93
3.76
3.54
3.31
3.08
2.87
2.69
2.51
2.33
2.12
1.88
1.60
1.27
0.89
0.41
-0.17
-0.86
-1.62
-2.37
-3.03
-3.51
-3.75
-3.70
-3.36
-2.77
-2.03
-1.24
-0.49
0.16
0.74
1.28
1.80
2.26
2.63
2.84
2.91
2.89
2.86
2.92
3.06
3.21
3.27
3.16
2.86
2.43
1.97
1.58
1.28
1.02
0.72
0.30
-0.26
-0.93
-1.65
-2.37
-3.05
-3.64
-4.11
-4.35
-4.28
-3.85
-3.15
-2.33
-1.58
-1.07
-0.80
-0.67
-0.49
-0.11
0.47
1.14
1.68
1.90
1.74
1.29
0.73
0.28
0.04
0.02
0.12
0.23
0.28
0.24
0.11
-0.09
-0.34
-0.63
-0.91
-1.17
-1.46
-1.83
-2.38
-3.12
-3.95
-4.69
-5.15
-5.21
-4.85
-4.19
-3.37
-2.51
-1.66
-0.82
0.03
0.89
1.71
2.39
2.85
3.09
3.19
3.30
3.50
3.82
4.14
4.33
4.30
4.08
3.81
3.57
3.41
3.23
2.92
2.42
1.78
1.11
0.49
-0.06
-0.63
-1.28
-2.01
-2.75
-3.38
-3.78
-3.94
-3.88
-3.63
-3.24
-2.70
-1.99
-1.11
-0.12
0.92
1.92
2.83
3.63
4.28
4.77
5.08
5.20
5.15
4.96
4.71
4.46
4.24
4.04
3.85
3.63
3.35
3.05
2.76
2.55
2.42
2.35
2.26
2.03
1.61
1.00
0.25
-0.52
-1.24
-1.87
-2.41
-2.90
-3.34
-3.72
-4.04
-4.31
-4.61
-4.98
-5.43
-5.87
-6.15
-6.10
-5.63
-4.78
-3.65
-2.44
-1.30
-0.35
0.39
0.95
1.46
2.00
2.61
3.24
3.77
4.06
4.05
3.80
3.46
3.20
3.09
3.07
3.02
2.84
2.49
2.06
1.66
1.32
0.98
0.52
-0.18
-1.10
-2.11
-3.02
-3.63
-3.85
-3.70
-3.29
-2.80
-2.40
-2.27
-2.50
-3.10
-3.93
-4.80
-5.48
-5.79
-5.65
-5.12
-4.32
-3.39
-2.41
-1.48
-0.66
0.03
0.55
0.96
1.32
1.72
2.18
2.69
3.17
3.54
3.78
3.91
3.98
4.04
4.08
4.04
3.86
3.55
3.17
2.83
2.64
2.63
2.73
2.80
2.70
2.39
1.92
1.39
0.90
0.49
0.14
-0.22
-0.63
-1.10
-1.65
-2.31
-3.05
-3.85
-4.60
-5.16
-5.39
-5.23
-4.74
-4.03
-3.24
-2.44
-1.68
-0.98
-0.34
0.26
0.82
1.39
1.97
2.55
3.04
3.32
3.34
3.11
2.71
2.28
1.92
1.69
1.57
1.51
1.43
1.29
1.10
0.88
0.70
0.56
0.47
0.39
0.26
0.05
-0.25
-0.63
-1.03
-1.41
-1.78
-2.16
-2.57
-3.08
-3.69
-4.36
-4.99
-5.44
-5.59
-5.38
-4.84
-4.05
-3.15
-2.26
-1.47
-0.84
-0.38
-0.04
0.23
0.50
0.84
1.27
1.76
2.21
2.51
2.61
2.50
2.30
2.12
2.04
2.07
2.11
2.07
1.86
1.49
1.05
0.64
0.36
0.20
0.10
-0.01
-0.21
-0.54
-0.98
-1.51
-2.13
-2.86
-3.70
-4.56
-5.31
-5.76
-5.77
-5.29
-4.39
-3.26
-2.11
-1.11
-0.34
0.20
0.58
0.91
1.23
1.56
1.85
2.00
1.95
1.67
1.21
0.68
0.23
-0.02
-0.03
0.15
0.38
0.53
0.49
0.26
-0.13
-0.58
-1.04
-1.46
-1.87
-2.33
-2.90
-3.58
-4.34
-5.06
-5.63
-5.89
-5.75
-5.18
-4.25
-3.12
-1.95
-0.87
0.08
0.94
1.75
2.53
3.22
3.72
3.95
3.86
3.48
2.93
2.38
1.96
1.78
1.82
1.99
2.13
2.12
1.96
1.75
1.61
1.62
1.73
1.76
1.52
0.89
-0.14
-1.40
-2.72
-3.86
-4.69
-5.12
-5.10
-4.68
-3.93
-2.97
-1.93
-0.95
-0.11
0.60
1.25
1.91
2.62
3.39
4.11
4.68
5.02
5.08
4.89
4.50
3.99
3.43
2.90
2.49
2.25
2.18
2.20
2.21
2.09
1.81
1.41
0.95
0.47
-0.03
-0.63
-1.39
-2.30
-3.28
-4.21
-4.98
-5.52
-5.81
-5.86
-5.68
-5.24
-4.56
-3.68
-2.69
-1.71
-0.78
0.08
0.93
1.81
2.77
3.74
4.62
5.29
5.63
5.61
5.28
4.78
4.29
3.98
3.92
4.09
4.37
4.61
4.67
4.51
4.15
3.65
3.09
2.57
2.12
1.76
1.46
1.15
0.76
0.26
-0.31
-0.87
-1.35
-1.74
-2.09
-2.47
-2.94
-3.50
-4.08
-4.63
-5.11
-5.56
-6.00
-6.45
-6.82
-6.95
-6.73
-6.08
-5.07
-3.86
-2.63
-1.54
-0.63
0.14
0.84
1.54
2.26
2.94
3.55
4.03
4.38
4.64
4.81
4.92
4.92
4.79
4.52
4.15
3.75
3.37
3.08
2.87
2.72
2.57
2.42
2.21
1.90
1.46
0.88
0.18
-0.52
-1.11
-1.47
-1.59
-1.55
-1.52
-1.67
-2.11
-2.85
-3.81
-4.84
-5.74
-6.32
-6.43
-5.96
-4.94
-3.58
-2.18
-1.07
-0.48
-0.39
-0.62
-0.82
-0.71
-0.12
0.87
2.05
3.17
4.00
4.47
4.59
4.43
4.10
3.68
3.25
2.85
2.53
2.30
2.17
2.13
2.10
1.99
1.67
1.10
0.30
-0.57
-1.32
-1.80
-1.96
-1.91
-1.85
-1.98
-2.41
-3.12
-4.02
-4.95
-5.78
-6.35
-6.55
-6.28
-5.54
-4.44
-3.18
-2.00
-1.03
-0.31
0.31
1.01
1.88
2.88
3.83
4.54
4.88
4.87
4.61
4.22
3.75
3.22
2.65
2.15
1.87
1.91
2.25
2.74
3.13
3.20
2.83
2.11
1.18
0.24
-0.58
-1.19
-1.61
-1.88
-2.07
-2.29
-2.62
-3.16
-3.91
-4.77
-5.53
-5.97
-5.94
-5.39
-4.43
-3.28
-2.16
-1.24
-0.57
-0.08
0.40
0.97
1.72
2.61
3.52
4.29
4.81
5.02
4.97
4.73
4.40
4.02
3.64
3.24
2.85
2.52
2.28
2.15
2.11
2.05
1.88
1.54
1.01
0.38
-0.26
-0.79
-1.17
-1.36
-1.42
-1.39
-1.38
-1.47
-1.76
-2.32
-3.15
-4.19
-5.25
-6.10
-6.51
-6.33
-5.55
-4.33
-2.90
-1.52
-0.38
0.42
0.94
1.29
1.62
2.06
2.61
3.19
3.64
3.87
3.84
3.64
3.39
3.19
3.03
2.84
2.54
2.19
1.88
1.77
1.90
2.17
2.37
2.31
1.94
1.35
0.73
0.23
-0.14
-0.49
-0.98
-1.67
-2.52
-3.38
-4.09
-4.55
-4.79
-4.91
-5.00
-5.09
-5.10
-4.88
-4.33
-3.45
-2.35
-1.26
-0.36
0.28
0.70
1.06
1.50
2.04
2.58
2.98
3.11
2.96
2.63
2.25
1.95
1.77
1.70
1.69
1.69
1.65
1.55
1.33
0.97
0.50
-0.01
-0.43
-0.68
-0.74
-0.68
-0.63
-0.70
-0.96
-1.39
-1.95
-2.61
-3.30
-3.96
-4.47
-4.69
-4.54
-3.99
-3.17
-2.26
-1.44
-0.85
-0.47
-0.20
0.08
0.45
0.91
1.38
1.76
2.01
2.13
2.14
2.11
2.06
2.03
2.03
2.06
2.15
2.27
2.38
2.43
2.34
2.09
1.73
1.32
0.94
0.60
0.23
-0.25
-0.94
-1.82
-2.80
-3.76
-4.54
-5.05
-5.21
-4.96
-4.31
-3.30
-2.06
-0.81
0.21
0.87
1.17
1.31
1.53
2.01
2.73
3.50
4.01
4.09
3.73
3.14
2.59
2.33
2.42
2.78
3.23
3.60
3.81
3.84
3.71
3.40
2.88
2.13
1.19
0.16
-0.85
-1.73
-2.46
-3.09
-3.68
-4.27
-4.87
-5.43
-5.86
-6.05
-5.92
-5.45
-4.69
-3.77
-2.83
-1.93
-1.09
-0.24
0.72
1.79
2.92
3.94
4.70
5.10
5.10
4.81
4.38
3.98
3.75
3.74
3.91
4.11
4.20
4.09
3.75
3.24
2.62
1.95
1.26
0.58
-0.08
-0.66
-1.10
-1.36
-1.44
-1.40
-1.33
-1.37
-1.60
-2.08
-2.79
-3.64
-4.52
-5.35
-6.04
-6.52
-6.69
-6.47
-5.83
-4.80
-3.56
-2.31
-1.24
-0.45
0.14
0.65
1.22
1.90
2.63
3.30
3.79
4.06
4.10
3.97
3.77
3.58
3.42
3.25
3.03
2.71
2.33
1.97
1.74
1.69
1.78
1.93
2.03
2.02
1.88
1.63
1.26
0.80
0.25
-0.35
-0.94
-1.47
-1.87
-2.16
-2.37
-2.57
-2.85
-3.28
-3.87
-4.56
-5.26
-5.78
-6.02
-5.86
-5.29
-4.39
-3.26
-2.04
-0.87
0.11
0.85
1.40
1.86
2.37
2.99
3.69
4.30
4.64
4.65
4.39
4.08
3.91
4.01
4.31
4.63
4.74
4.50
3.95
3.24
2.60
2.18
1.98
1.85
1.60
1.07
0.28
-0.65
-1.52
-2.19
-2.61
-2.80
-2.85
-2.81
-2.76
-2.76
-2.89
-3.22
-3.78
-4.48
-5.15
-5.58
-5.56
-5.06
-4.13
-2.99
-1.88
-1.01
-0.46
-0.21
-0.11
0.00
0.22
0.58
1.05
1.52
1.91
2.15
2.22
2.13
1.95
1.74
1.57
1.48
1.44
1.39
1.30
1.15
0.94
0.72
0.51
0.29
0.03
-0.30
-0.69
-1.11
-1.52
-1.90
-2.27
-2.69
-3.21
-3.86
-4.59
-5.27
-5.74
-5.81
-5.40
-4.54
-3.40
-2.20
-1.16
-0.35
0.28
0.84
1.45
2.14
2.84
3.45
3.88
4.08
4.07
3.86
3.51
3.06
2.62
2.27
2.10
2.10
2.18
2.18
1.96
1.49
0.83
0.13
-0.49
-0.94
-1.21
-1.39
-1.57
-1.83
-2.22
-2.73
-3.32
-3.92
-4.40
-4.66
-4.59
-4.14
-3.33
-2.26
-1.10
-0.05
0.71
1.15
1.33
1.43
1.64
2.05
2.64
3.26
3.72
3.86
3.69
3.28
2.80
2.37
2.06
1.84
1.64
1.40
1.08
0.72
0.36
0.04
-0.24
-0.56
-0.97
-1.51
-2.14
-2.80
-3.42
-4.00
-4.59
-5.23
-5.89
-6.45
-6.70
-6.47
-5.69
-4.49
-3.11
-1.78
-0.68
0.14
0.73
1.18
1.57
2.00
2.52
3.13
3.77
4.34
4.72
4.83
4.70
4.42
4.09
3.81
3.60
3.45
3.35
3.28
3.23
3.13
2.90
2.41
1.65
0.68
-0.32
-1.14
-1.63
-1.79
-1.68
-1.44
-1.24
-1.21
-1.48
-2.11
-3.10
-4.33
-5.60
-6.65
-7.24
-7.22
-6.57
-5.38
-3.90
-2.38
-1.07
-0.08
0.60
1.10
1.60
2.24
3.02
3.83
4.51
4.94
5.10
5.03
4.85
4.65
4.44
4.22
3.95
3.62
3.24
2.86
2.50
2.24
2.10
2.10
2.21
2.34
2.38
2.21
1.77
1.04
0.12
-0.88
-1.81
-2.54
-3.00
-3.20
-3.24
-3.28
-3.49
-3.97
-4.72
-5.56
-6.25
-6.55
-6.32
-5.57
-4.44
-3.16
-1.93
-0.91
-0.12
0.45
0.93
1.41
1.98
2.66
3.38
4.05
4.51
4.69
4.56
4.19
3.73
3.31
3.05
2.97
3.04
3.18
3.33
3.41
3.39
3.21
2.87
2.37
1.77
1.16
0.62
0.17
-0.16
-0.41
-0.61
-0.81
-1.06
-1.42
-1.92
-2.57
-3.33
-4.11
-4.81
-5.35
-5.68
-5.78
-5.63
-5.21
-4.50
-3.54
-2.44
-1.36
-0.43
0.27
0.79
1.22
1.71
2.34
3.09
3.89
4.57
4.95
4.96
4.61
4.06
3.52
3.15
3.02
3.09
3.19
3.17
2.94
2.54
2.07
1.67
1.40
1.22
1.05
0.78
0.34
-0.20
-0.75
-1.18
-1.43
-1.55
-1.66
-1.90
-2.36
-3.06
-3.93
-4.83
-5.60
-6.11
-6.27
-6.04
-5.45
-4.61
-3.64
-2.70
-1.90
-1.24
-0.68
-0.08
0.65
1.53
2.47
3.31
3.90
4.14
4.05
3.70
3.19
2.66
2.19
1.85
1.72
1.82
2.10
2.43
2.61
2.48
1.97
1.17
0.27
-0.52
-1.08
-1.40
-1.53
-1.55
-1.50
-1.40
-1.28
-1.24
-1.40
-1.85
-2.54
-3.29
-3.84
-3.96
-3.57
-2.81
-1.90
-1.07
-0.46
-0.03
0.35
0.81
1.44
2.18
2.90
3.42
3.62
3.47
3.06
2.52
2.01
1.63
1.41
1.36
1.43
1.54
1.63
1.61
1.38
0.93
0.30
-0.37
-0.97
-1.42
-1.76
-2.10
-2.55
-3.13
-3.78
-4.36
-4.70
-4.72
-4.40
-3.81
-3.03
-2.19
-1.40
-0.77
-0.35
-0.14
-0.03
0.13
0.49
1.10
1.90
2.73
3.37
3.65
3.50
2.99
2.31
1.69
1.30
1.20
1.34
1.59
1.81
1.88
1.75
1.37
0.76
-0.04
-0.91
-1.75
-2.41
-2.88
-3.21
-3.52
-3.95
-4.51
-5.08
-5.46
-5.44
-4.93
-4.02
-2.92
-1.89
-1.11
-0.59
-0.24
0.14
0.66
1.40
2.27
3.15
3.88
4.36
4.56
4.48
4.20
3.80
3.35
2.92
2.55
2.26
2.07
1.98
1.93
1.83
1.59
1.12
0.43
-0.37
-1.14
-1.74
-2.11
-2.31
-2.43
-2.63
-2.97
-3.50
-4.20
-5.03
-5.88
-6.60
-7.01
-6.93
-6.32
-5.27
-3.99
-2.72
-1.64
-0.78
-0.07
0.63
1.44
2.32
3.20
3.94
4.47
4.82
5.04
5.19
5.29
5.28
5.13
4.83
4.46
4.10
3.83
3.65
3.50
3.35
3.18
3.01
2.86
2.66
2.34
1.82
1.11
0.32
-0.37
-0.86
-1.13
-1.31
-1.55
-2.01
-2.69
-3.53
-4.45
-5.36
-6.21
-6.94
-7.45
-7.56
-7.15
-6.17
-4.76
-3.16
-1.66
-0.45
0.45
1.12
1.70
2.29
2.85
3.33
3.64
3.77
3.79
3.81
3.89
4.04
4.19
4.27
4.18
3.91
3.53
3.10
2.70
2.34
2.00
1.67
1.31
0.94
0.59
0.27
-0.04
-0.36
-0.71
-1.07
-1.41
-1.68
-1.90
-2.11
-2.41
-2.87
-3.51
-4.30
-5.09
-5.69
-5.92
-5.66
-4.94
-3.89
-2.71
-1.62
-0.77
-0.12
0.43
1.02
1.74
2.52
3.21
3.68
3.86
3.80
3.66
3.54
3.50
3.46
3.33
3.07
2.72
2.39
2.21
2.22
2.35
2.44
2.34
1.99
1.43
0.77
0.13
-0.42
-0.91
-1.36
-1.82
-2.28
-2.69
-3.04
-3.36
-3.73
-4.20
-4.75
-5.25
-5.50
-5.35
-4.75
-3.75
-2.51
-1.22
-0.01
1.02
1.81
2.33
2.61
2.69
2.69
2.70
2.82
3.06
3.37
3.65
3.83
3.87
3.78
3.65
3.53
3.45
3.41
3.35
3.20
2.89
2.39
1.75
1.03
0.33
-0.28
-0.75
-1.12
-1.43
-1.74
-2.12
-2.58
-3.13
-3.70
-4.21
-4.51
-4.49
-4.07
-3.26
-2.20
-1.07
-0.06
0.75
1.36
1.83
2.22
2.52
2.69
2.65
2.41
2.03
1.63
1.30
1.10
0.99
0.93
0.86
0.75
0.63
0.54
0.49
0.48
0.46
0.35
0.07
-0.45
-1.19
-2.11
-3.11
-4.10
-5.03
-5.84
-6.47
-6.83
-6.80
-6.30
-5.35
-4.08
-2.72
-1.53
-0.63
-0.02
0.43
0.87
1.39
1.95
2.41
2.68
2.69
2.49
2.18
1.85
1.51
1.16
0.74
0.29
-0.15
-0.50
-0.76
-0.98
-1.23
-1.56
-1.96
-2.36
-2.71
-3.02
-3.39
-3.90
-4.58
-5.29
-5.79
-5.87
-5.43
-4.54
-3.43
-2.33
-1.39
-0.63
0.02
0.69
1.39
2.06
2.60
2.87
2.85
2.61
2.29
2.05
1.95
1.96
1.96
1.83
1.53
1.10
0.65
0.28
0.04
-0.10
-0.26
-0.54
-1.03
-1.71
-2.51
-3.33
-4.02
-4.44
-4.51
-4.18
-3.46
-2.43
-1.24
-0.08
0.87
1.52
1.85
2.01
2.21
2.65
3.40
4.35
5.25
5.81
5.87
5.49
4.89
4.32
3.94
3.74
3.61
3.42
3.11
2.73
2.36
2.04
1.78
1.51
1.17
0.75
0.24
-0.36
-1.07
-1.92
-2.90
-3.92
-4.83
-5.44
-5.65
-5.44
-4.87
-4.09
-3.24
-2.45
-1.74
-1.08
-0.36
0.50
1.55
2.73
3.89
4.83
5.43
5.67
5.65
5.54
5.48
5.50
5.56
5.56
5.47
5.30
5.11
4.92
4.72
4.45
4.09
3.66
3.20
2.77
2.37
1.97
1.56
1.17
0.84
0.58
0.36
0.08
-0.36
-0.97
-1.71
-2.43
-3.01
-3.39
-3.62
-3.81
-4.09
-4.52
-5.13
-5.84
-6.53
-7.05
-7.23
-6.98
-6.27
-5.20
-3.94
-2.69
-1.61
-0.76
-0.09
0.51
1.16
1.89
2.67
3.39
3.97
4.35
4.52
4.54
4.44
4.26
4.02
3.72
3.37
3.00
2.64
2.30
2.02
1.84
1.74
1.68
1.58
1.37
0.98
0.43
-0.20
-0.78
-1.22
-1.49
-1.63
-1.72
-1.83
-2.02
-2.35
-2.84
-3.53
-4.36
-5.20
-5.86
-6.18
-6.06
-5.54
-4.77
-3.92
-3.09
-2.31
-1.55
-0.73
0.15
1.03
1.86
2.56
3.11
3.50
3.74
3.84
3.80
3.64
3.44
3.27
3.16
3.13
3.12
3.07
2.94
2.73
2.51
2.30
2.13
1.95
1.70
1.33
0.84
0.31
-0.20
-0.63
-1.01
-1.37
-1.83
-2.45
-3.26
-4.19
-5.17
-6.03
-6.62
-6.84
-6.63
-6.02
-5.10
-3.98
-2.80
-1.69
-0.74
0.00
0.56
0.98
1.38
1.85
2.40
3.02
3.62
4.05
4.24
4.16
3.91
3.61
3.40
3.34
3.40
3.47
3.42
3.17
2.74
2.26
1.87
1.67
1.61
1.56
1.34
0.85
0.10
-0.78
-1.62
-2.27
-2.70
-2.95
-3.11
-3.26
-3.49
-3.81
-4.23
-4.69
-5.08
-5.27
-5.10
-4.54
-3.64
-2.53
-1.40
-0.36
0.54
1.33
2.03
2.68
3.23
3.63
3.83
3.83
3.67
3.39
3.08
2.79
2.57
2.42
2.34
2.28
2.17
1.92
1.51
1.00
0.51
0.15
-0.01
-0.01
0.00
-0.14
-0.52
-1.10
-1.72
-2.19
-2.42
-2.45
-2.48
-2.70
-3.24
-4.10
-5.08
-5.93
-6.41
-6.35
-5.69
-4.54
-3.09
-1.57
-0.22
0.82
1.48
1.83
2.00
2.12
2.29
2.51
2.76
3.01
3.21
3.35
3.45
3.47
3.39
3.18
2.87
2.50
2.15
1.90
1.77
1.69
1.59
1.37
1.00
0.51
-0.05
-0.60
-1.06
-1.41
-1.62
-1.72
-1.79
-1.97
-2.39
-3.13
-4.12
-5.15
-5.95
-6.30
-6.12
-5.50
-4.64
-3.71
-2.80
-1.93
-1.03
-0.12
0.76
1.53
2.13
2.55
2.83
3.03
3.16
3.20
3.10
2.84
2.47
2.06
1.72
1.52
1.46
1.51
1.62
1.71
1.74
1.68
1.47
1.12
0.61
-0.00
-0.65
-1.25
-1.74
-2.07
-2.24
-2.35
-2.51
-2.86
-3.52
-4.48
-5.61
-6.62
-7.20
-7.11
-6.28
-4.87
-3.18
-1.58
-0.32
0.50
0.98
1.26
1.53
1.88
2.28
2.66
2.97
3.16
3.27
3.33
3.37
3.37
3.31
3.17
2.99
2.83
2.74
2.74
2.79
2.80
2.69
2.37
1.82
1.06
0.17
-0.75
-1.57
-2.20
-2.57
-2.70
-2.67
-2.67
-2.86
-3.36
-4.18
-5.16
-6.00
-6.41
-6.16
-5.23
-3.78
-2.13
-0.61
0.53
1.20
1.49
1.58
1.70
1.96
2.40
2.90
3.34
3.60
3.65
3.55
3.42
3.33
3.32
3.32
3.30
3.21
3.05
2.87
2.67
2.45
2.16
1.78
1.32
0.81
0.27
-0.28
-0.82
-1.35
-1.85
-2.31
-2.73
-3.11
-3.49
-3.90
-4.34
-4.81
-5.24
-5.53
-5.55
-5.22
-4.51
-3.51
-2.36
-1.25
-0.30
0.47
1.14
1.78
2.45
3.06
3.49
3.66
3.57
3.35
3.16
3.12
3.19
3.25
3.16
2.85
2.37
1.84
1.38
1.06
0.83
0.59
0.28
-0.10
-0.50
-0.84
-1.12
-1.38
-1.73
-2.22
-2.85
-3.55
-4.22
-4.77
-5.16
-5.33
-5.23
-4.84
-4.12
-3.12
-1.97
-0.83
0.15
0.88
1.40
1.86
2.36
2.96
3.59
4.12
4.38
4.35
4.08
3.72
3.39
3.13
2.91
2.67
2.37
2.07
1.85
1.76
1.75
1.70
1.48
1.01
0.34
-0.37
-0.98
-1.39
-1.63
-1.84
-2.17
-2.73
-3.51
-4.40
-5.23
-5.78
-5.94
-5.67
-4.99
-4.00
-2.81
-1.54
-0.33
0.71
1.49
2.05
2.51
3.00
3.62
4.34
5.03
5.49
5.60
5.33
4.78
4.10
3.42
2.85
2.43
2.18
2.04
1.95
1.81
1.53
1.09
0.53
-0.06
-0.58
-1.03
-1.41
-1.80
-2.25
-2.77
-3.40
-4.12
-4.92
-5.74
-6.44
-6.83
-6.74
-6.12
-5.02
-3.62
-2.15
-0.80
0.33
1.23
1.95
2.55
3.06
3.52
3.92
4.21
4.36
4.36
4.21
3.98
3.74
3.56
3.45
3.37
3.29
3.16
2.99
2.79
2.60
2.39
2.11
1.69
1.08
0.32
-0.45
-1.06
-1.38
-1.39
-1.26
-1.23
-1.53
-2.27
-3.38
-4.61
-5.64
-6.23
-6.25
-5.73
-4.80
-3.67
-2.54
-1.56
-0.84
-0.33
0.06
0.49
1.08
1.85
2.71
3.48
3.99
4.17
4.08
3.86
3.66
3.58
3.62
3.70
3.72
3.61
3.40
3.16
2.97
2.87
2.81
2.68
2.40
1.94
1.32
0.62
-0.05
-0.67
-1.21
-1.72
-2.22
-2.72
-3.25
-3.81
-4.44
-5.12
-5.75
-6.20
-6.28
-5.89
-5.06
-3.95
-2.78
-1.76
-1.02
-0.53
-0.15
0.26
0.81
1.46
2.12
2.65
2.97
3.06
2.99
2.87
2.77
2.75
2.78
2.85
2.91
2.93
2.89
2.80
2.64
2.43
2.16
1.80
1.37
0.87
0.35
-0.15
-0.58
-0.92
-1.17
-1.35
-1.50
-1.66
-1.89
-2.22
-2.68
-3.26
-3.90
-4.50
-4.92
-5.01
-4.69
-3.95
-2.88
-1.63
-0.39
0.68
1.46
1.93
2.15
2.25
2.35
2.55
2.85
3.18
3.43
3.54
3.48
3.31
3.08
2.87
2.72
2.62
2.57
2.54
2.49
2.35
2.03
1.52
0.86
0.15
-0.48
-0.94
-1.23
-1.43
-1.64
-1.97
-2.43
-3.02
-3.68
-4.33
-4.88
-5.21
-5.25
-4.94
-4.33
-3.50
-2.58
-1.70
-0.91
-0.24
0.35
0.89
1.43
1.98
2.53
3.02
3.38
3.57
3.56
3.39
3.18
3.03
3.03
3.12
3.21
3.17
2.93
2.48
1.91
1.32
0.78
0.27
-0.23
-0.75
-1.29
-1.80
-2.24
-2.58
-2.84
-3.11
-3.47
-3.99
-4.67
-5.40
-5.98
-6.18
-5.87
-5.01
-3.77
-2.38
-1.12
-0.15
0.51
0.97
1.37
1.85
2.44
3.09
3.68
4.10
4.28
4.26
4.08
3.84
3.60
3.36
3.10
2.80
2.51
2.29
2.21
2.30
2.47
2.57
2.44
1.99
1.26
0.38
-0.46
-1.16
-1.67
-2.06
-2.46
-2.95
-3.61
-4.39
-5.18
-5.82
-6.12
-5.94
-5.25
-4.17
-2.90
-1.67
-0.64
0.14
0.71
1.19
1.63
2.05
2.42
2.69
2.88
3.00
3.08
3.13
3.10
2.99
2.78
2.56
2.42
2.44
2.64
2.94
3.22
3.33
3.18
2.70
1.93
0.91
-0.25
-1.40
-2.37
-3.03
-3.31
-3.26
-3.03
-2.83
-2.84
-3.19
-3.84
-4.68
-5.49
-6.04
-6.14
-5.69
-4.74
-3.47
-2.17
-1.07
-0.34
0.08
0.36
0.71
1.27
2.03
2.85
3.53
3.93
4.06
3.99
3.88
3.83
3.85
3.89
3.90
3.82
3.65
3.41
3.18
2.98
2.83
2.72
2.60
2.38
1.99
1.38
0.60
-0.23
-0.96
-1.49
-1.76
-1.86
-1.95
-2.23
-2.82
-3.71
-4.77
-5.76
-6.45
-6.66
-6.37
-5.64
-4.65
-3.57
-2.54
-1.62
-0.83
-0.15
0.42
0.87
1.18
1.39
1.54
1.67
1.84
2.06
2.29
2.49
2.60
2.59
2.43
2.16
1.83
1.53
1.34
1.31
1.41
1.56
1.63
1.52
1.14
0.54
-0.21
-0.99
-1.69
-2.25
-2.62
-2.82
-2.89
-2.93
-3.02
-3.23
-3.57
-3.94
-4.23
-4.32
-4.15
-3.75
-3.23
-2.68
-2.17
-1.69
-1.17
-0.55
0.21
1.09
2.00
2.86
3.56
4.03
4.24
4.20
3.94
3.55
3.12
2.74
2.46
2.29
2.17
2.07
1.93
1.76
1.54
1.26
0.90
0.44
-0.10
-0.71
-1.28
-1.76
-2.08
-2.27
-2.40
-2.59
-2.96
-3.57
-4.34
-5.05
-5.45
-5.31
-4.60
-3.43
-2.11
-0.94
-0.10
0.36
0.58
0.73
0.96
1.34
1.83
2.36
2.85
3.25
3.51
3.65
3.64
3.46
3.13
2.66
2.16
1.72
1.43
1.30
1.25
1.17
0.96
0.58
0.09
-0.44
-0.91
-1.27
-1.50
-1.62
-1.66
-1.67
-1.74
-1.93
-2.31
-2.90
-3.65
-4.43
-5.05
-5.32
-5.13
-4.48
-3.47
-2.32
-1.23
-0.34
0.27
0.65
0.92
1.19
1.55
2.00
2.51
3.01
3.43
3.73
3.94
4.07
4.13
4.12
3.95
3.55
2.89
2.05
1.20
0.54
0.17
0.06
0.09
0.07
-0.11
-0.43
-0.83
-1.24
-1.60
-1.96
-2.37
-2.85
-3.39
-3.93
-4.44
-4.92
-5.32
-5.56
-5.48
-4.95
-3.96
-2.70
-1.46
-0.55
-0.10
-0.02
-0.04
0.14
0.67
1.49
2.39
3.14
3.64
3.90
4.05
4.18
4.30
4.35
4.24
3.93
3.45
2.93
2.46
2.09
1.79
1.50
1.13
0.67
0.12
-0.48
-1.09
-1.72
-2.35
-2.99
-3.66
-4.33
-5.01
-5.61
-6.05
-6.19
-5.93
-5.26
-4.26
-3.12
-2.06
-1.20
-0.57
-0.09
0.35
0.84
1.41
2.04
2.63
3.11
3.40
3.49
3.44
3.31
3.16
3.03
2.87
2.64
2.30
1.87
1.41
1.00
0.65
0.36
0.06
-0.29
-0.73
-1.25
-1.86
-2.53
-3.24
-3.94
-4.51
-4.81
-4.77
-4.36
-3.69
-2.91
-2.18
-1.57
-1.06
-0.55
0.06
0.82
1.69
2.55
3.27
3.75
4.00
4.09
4.11
4.12
4.12
4.06
3.88
3.53
3.07
2.57
2.08
1.63
1.19
0.73
0.25
-0.23
-0.63
-0.94
-1.17
-1.43
-1.85
-2.53
-3.40
-4.29
-4.87
-4.89
-4.20
-2.94
-1.44
-0.10
0.80
1.23
1.38
1.55
1.97
2.70
3.58
4.37
4.87
4.97
4.70
4.19
3.61
3.08
2.72
2.55
2.56
2.67
2.74
2.68
2.39
1.92
1.36
0.83
0.46
0.25
0.15
0.04
-0.15
-0.49
-0.95
-1.49
-2.07
-2.66
-3.27
-3.90
-4.53
-5.18
-5.81
-6.37
-6.75
-6.83
-6.51
-5.76
-4.65
-3.34
-2.04
-0.88
0.07
0.84
1.45
1.96
2.40
2.79
3.19
3.66
4.19
4.72
5.13
5.30
5.20
4.89
4.50
4.12
3.79
3.46
3.08
2.63
2.16
1.76
1.49
1.33
1.22
1.03
0.70
0.25
-0.23
-0.65
-0.96
-1.19
-1.43
-1.79
-2.31
-3.01
-3.81
-4.60
-5.21
-5.51
-5.39
-4.84
-3.90
-2.73
-1.55
-0.52
0.26
0.85
1.38
1.99
2.70
3.40
3.93
4.12
3.96
3.56
3.13
2.87
2.83
2.99
3.18
3.27
3.18
2.94
2.63
2.33
2.08
1.88
1.66
1.34
0.91
0.36
-0.23
-0.78
-1.21
-1.51
-1.73
-1.93
-2.22
-2.65
-3.22
-3.89
-4.58
-5.20
-5.63
-5.80
-5.63
-5.14
-4.41
-3.55
-2.70
-1.97
-1.40
-0.94
-0.54
-0.13
0.33
0.80
1.24
1.61
1.90
2.15
2.37
2.59
2.78
2.93
3.05
3.17
3.35
3.57
3.75
3.71
3.33
2.59
1.60
0.56
-0.30
-0.83
-1.03
-1.01
-0.93
-0.99
-1.29
-1.89
-2.74
-3.71
-4.66
-5.43
-5.88
-5.93
-5.55
-4.76
-3.66
-2.40
-1.18
-0.17
0.53
0.98
1.35
1.80
2.43
3.15
3.80
4.19
4.22
3.93
3.45
2.94
2.54
2.31
2.26
2.34
2.47
2.58
2.59
2.46
2.21
1.88
1.47
0.97
0.36
-0.38
-1.20
-2.05
-2.91
-3.77
-4.69
-5.64
-6.53
-7.16
-7.32
-6.92
-6.02
-4.86
-3.68
-2.66
-1.84
-1.11
-0.34
0.54
1.51
2.49
3.34
3.97
4.36
4.55
4.62
4.66
4.72
4.79
4.83
4.77
4.58
4.26
3.87
3.49
3.16
2.89
2.60
2.26
1.79
1.19
0.48
-0.32
-1.20
-2.17
-3.19
-4.22
-5.12
-5.76
-6.01
-5.81
-5.19
-4.29
-3.27
-2.31
-1.50
-0.85
-0.32
0.15
0.61
1.05
1.45
1.80
2.12
2.40
2.65
2.82
2.84
2.68
2.35
1.91
1.42
0.95
0.53
0.19
-0.06
-0.20
-0.25
-0.29
-0.41
-0.74
-1.31
-2.08
-2.93
-3.72
-4.34
-4.76
-5.01
-5.13
-5.13
-4.98
-4.63
-4.00
-3.08
-1.91
-0.63
0.58
1.59
2.32
2.83
3.22
3.60
4.04
4.48
4.83
4.99
4.91
4.64
4.31
4.00
3.77
3.59
3.36
2.99
2.44
1.75
1.03
0.39
-0.10
-0.45
-0.76
-1.13
-1.61
-2.16
-2.69
-3.13
-3.47
-3.82
-4.26
-4.83
-5.43
-5.86
-5.89
-5.40
-4.43
-3.15
-1.81
-0.61
0.36
1.14
1.82
2.45
3.05
3.58
3.99
4.26
4.38
4.37
4.26
4.04
3.74
3.40
3.08
2.85
2.76
2.78
2.86
2.96
3.04
3.12
3.18
3.16
2.95
2.44
1.62
0.61
-0.37
-1.11
-1.53
-1.66
-1.70
-1.84
-2.22
-2.85
-3.62
-4.41
-5.09
-5.59
-5.89
-6.00
-5.90
-5.61
-5.12
-4.46
-3.68
-2.87
-2.11
-1.45
-0.89
-0.36
0.20
0.83
1.48
2.05
2.44
2.59
2.55
2.42
2.30
2.27
2.28
2.29
2.22
2.04
1.79
1.53
1.27
1.03
0.76
0.46
0.11
-0.27
-0.66
-1.04
-1.42
-1.80
-2.20
-2.62
-3.07
-3.57
-4.11
-4.67
-5.13
-5.36
-5.23
-4.67
-3.73
-2.55
-1.33
-0.25
0.57
1.08
1.34
1.45
1.53
1.68
1.94
2.28
2.62
2.87
2.98
2.96
2.87
2.72
2.52
2.20
1.72
1.10
0.41
-0.17
-0.52
-0.60
-0.46
-0.27
-0.19
-0.37
-0.86
-1.64
-2.64
-3.74
-4.81
-5.68
-6.18
-6.17
-5.61
-4.57
-3.24
-1.89
-0.73
0.08
0.57
0.88
1.19
1.65
2.28
3.00
3.65
4.09
4.23
4.10
3.78
3.37
2.99
2.71
2.56
2.57
2.71
2.93
3.16
3.28
3.20
2.84
2.22
1.40
0.52
-0.29
-0.87
-1.17
-1.21
-1.09
-0.99
-1.08
-1.49
-2.23
-3.21
-4.25
-5.12
-5.61
-5.58
-5.03
-4.07
-2.91
-1.82
-1.01
-0.52
-0.25
0.03
0.53
1.33
2.30
3.21
3.84
4.08
4.03
3.84
3.68
3.61
3.60
3.54
3.35
3.01
2.54
2.05
1.62
1.28
1.02
0.76
0.43
-0.01
-0.53
-1.01
-1.38
-1.59
-1.71
-1.84
-2.10
-2.54
-3.15
-3.85
-4.58
-5.26
-5.81
-6.16
-6.21
-5.89
-5.20
-4.24
-3.12
-2.01
-1.00
-0.10
0.69
1.46
2.26
3.08
3.87
4.50
4.86
4.93
4.76
4.47
4.18
3.96
3.83
3.74
3.64
3.49
3.29
3.06
2.80
2.54
2.25
1.89
1.42
0.79
-0.03
-0.99
-1.95
-2.72
-3.14
-3.15
-2.85
-2.45
-2.20
-2.33
-2.93
-3.94
-5.16
-6.30
-7.07
-7.30
-6.92
-6.03
-4.81
-3.46
-2.17
-1.04
-0.12
0.59
1.10
1.47
1.79
2.13
2.56
3.07
3.59
4.01
4.20
4.12
3.81
3.37
2.99
2.78
2.81
3.04
3.35
3.62
3.74
3.66
3.36
2.86
2.20
1.45
0.69
-0.01
-0.59
-1.05
-1.38
-1.64
-1.89
-2.19
-2.60
-3.18
-3.94
-4.77
-5.50
-5.90
-5.79
-5.10
-3.95
-2.57
-1.23
-0.14
0.60
1.04
1.33
1.60
1.92
2.28
2.59
2.78
2.81
2.75
2.73
2.85
3.15
3.55
3.92
4.13
4.11
3.92
3.64
3.37
3.16
2.97
2.74
2.40
1.91
1.32
0.71
0.18
-0.21
-0.46
-0.63
-0.86
-1.27
-1.94
-2.87
-3.95
-5.01
-5.85
-6.27
-6.18
-5.58
-4.58
-3.39
-2.22
-1.23
-0.52
-0.07
0.23
0.47
0.77
1.14
1.58
2.03
2.41
2.64
2.65
2.46
2.12
1.74
1.43
1.19
0.97
0.66
0.24
-0.26
-0.70
-0.94
-0.96
-0.85
-0.78
-0.89
-1.20
-1.60
-1.99
-2.34
-2.70
-3.19
-3.81
-4.41
-4.75
-4.60
-3.89
-2.76
-1.46
-0.23
0.76
1.48
1.97
2.28
2.46
2.53
2.51
2.42
2.28
2.12
1.99
1.91
1.91
1.96
1.99
1.90
1.64
1.21
0.71
0.31
0.09
0.07
0.13
0.11
-0.15
-0.70
-1.50
-2.46
-3.45
-4.40
-5.26
-5.96
-6.42
-6.52
-6.21
-5.47
-4.46
-3.37
-2.43
-1.75
-1.30
-0.93
-0.46
0.25
1.20
2.28
3.26
3.90
4.07
3.76
3.14
2.47
1.95
1.68
1.61
1.63
1.61
1.53
1.46
1.48
1.58
1.66
1.56
1.13
0.37
-0.60
-1.57
-2.40
-3.01
-3.44
-3.73
-3.85
-3.75
-3.35
-2.62
-1.66
-0.62
0.33
1.14
1.81
2.40
2.98
3.53
4.02
4.40
4.63
4.73
4.72
4.64
4.52
4.42
4.35
4.32
4.29
4.20
3.98
3.61
3.12
2.59
2.12
1.74
1.46
1.21
0.92
0.55
0.06
-0.51
-1.13
-1.76
-2.40
-3.05
-3.68
-4.25
-4.65
-4.74
-4.44
-3.72
-2.69
-1.54
-0.50
0.28
0.78
1.07
1.29
1.58
1.96
2.40
2.79
3.03
3.07
2.91
2.63
2.33
2.11
1.98
1.91
1.82
1.65
1.36
0.95
0.45
-0.12
-0.75
-1.40
-2.03
-2.52
-2.81
-2.89
-2.87
-2.93
-3.25
-3.85
-4.61
-5.29
-5.65
-5.55
-5.00
-4.17
-3.22
-2.28
-1.37
-0.46
0.49
1.46
2.37
3.09
3.52
3.61
3.39
2.99
2.57
2.26
2.11
2.09
2.11
2.06
1.91
1.66
1.37
1.07
0.74
0.32
-0.22
-0.83
-1.43
-1.93
-2.30
-2.62
-3.03
-3.64
-4.44
-5.29
-5.99
-6.33
-6.20
-5.63
-4.76
-3.75
-2.77
-1.89
-1.13
-0.40
0.37
1.24
2.22
3.23
4.12
4.75
5.01
4.90
4.52
4.03
3.61
3.35
3.27
3.31
3.34
3.25
2.99
2.56
2.03
1.50
1.00
0.56
0.12
-0.38
-0.99
-1.74
-2.60
-3.52
-4.41
-5.15
-5.65
-5.77
-5.48
-4.76
-3.76
-2.66
-1.68
-0.91
-0.33
0.19
0.86
1.75
2.81
3.84
4.62
5.00
4.96
4.66
4.29
4.01
3.86
3.81
3.75
3.62
3.39
3.11
2.85
2.67
2.59
2.57
2.54
2.42
2.15
1.77
1.32
0.87
0.48
0.14
-0.24
-0.75
-1.47
-2.39
-3.44
-4.49
-5.38
-5.97
-6.20
-6.10
-5.71
-5.11
-4.33
-3.43
-2.45
-1.46
-0.54
0.26
0.94
1.56
2.17
2.78
3.34
3.72
3.84
3.67
3.31
2.91
2.62
2.53
2.61
2.74
2.79
2.71
2.49
2.21
1.97
1.82
1.74
1.68
1.56
1.34
0.99
0.55
0.03
-0.54
-1.13
-1.70
-2.23
-2.70
-3.14
-3.61
-4.16
-4.83
-5.58
-6.33
-6.92
-7.20
-7.06
-6.45
-5.44
-4.17
-2.86
-1.74
-0.93
-0.41
-0.05
0.37
1.02
1.94
3.03
4.11
4.96
5.46
5.57
5.38
4.98
4.51
4.05
3.69
3.44
3.30
3.25
3.22
3.11
2.87
2.46
1.85
1.10
0.27
-0.53
-1.22
-1.74
-2.15
-2.53
-2.97
-3.50
-4.06
-4.52
-4.83
-4.99
-5.12
-5.35
-5.74
-6.18
-6.46
-6.38
-5.82
-4.85
-3.67
-2.48
-1.42
-0.51
0.34
1.24
2.24
3.28
4.26
5.08
5.68
6.07
6.29
6.39
6.37
6.24
5.99
5.66
5.32
5.05
4.89
4.81
4.76
4.62
4.37
3.98
3.50
2.99
2.49
2.00
1.48
0.92
0.32
-0.29
-0.86
-1.39
-1.88
-2.39
-2.95
-3.60
-4.32
-5.09
-5.85
-6.50
-6.94
-7.04
-6.73
-6.01
-5.00
-3.85
-2.72
-1.73
-0.89
-0.15
0.55
1.27
1.98
2.62
3.10
3.35
3.34
3.10
2.69
2.21
1.72
1.29
0.96
0.74
0.64
0.58
0.45
0.16
-0.34
-0.97
-1.57
-1.99
-2.16
-2.13
-2.09
-2.22
-2.64
-3.35
-4.23
-5.13
-5.89
-6.38
-6.52
-6.27
-5.62
-4.66
-3.51
-2.34
-1.27
-0.39
0.31
0.87
1.35
1.84
2.39
3.03
3.70
4.30
4.69
4.76
4.48
3.91
3.19
2.52
2.02
1.76
1.69
1.71
1.68
1.50
1.15
0.65
0.06
-0.56
-1.22
-1.94
-2.76
-3.64
-4.48
-5.14
-5.49
-5.49
-5.17
-4.60
-3.85
-3.00
-2.11
-1.26
-0.53
0.05
0.56
1.14
1.89
2.87
3.96
4.93
5.54
5.64
5.24
4.52
3.73
3.09
2.71
2.53
2.41
2.22
1.87
1.39
0.86
0.38
0.01
-0.25
-0.46
-0.71
-1.08
-1.63
-2.37
-3.27
-4.27
-5.25
-6.08
-6.62
-6.73
-6.40
-5.65
-4.60
-3.42
-2.24
-1.17
-0.24
0.58
1.35
2.13
2.90
3.61
4.16
4.46
4.47
4.24
3.92
3.64
3.49
3.46
3.44
3.32
3.05
2.66
2.25
1.90
1.63
1.42
1.16
0.80
0.32
-0.21
-0.72
-1.15
-1.47
-1.75
-2.09
-2.59
-3.32
-4.24
-5.24
-6.14
-6.75
-6.92
-6.59
-5.78
-4.60
-3.23
-1.84
-0.58
0.46
1.29
1.98
2.62
3.25
3.87
4.43
4.84
5.06
5.06
4.86
4.52
4.11
3.73
3.44
3.29
3.23
3.17
2.97
2.54
1.84
0.92
-0.12
-1.14
-2.04
-2.77
-3.30
-3.65
-3.88
-4.11
-4.46
-5.04
-5.86
-6.78
-7.60
-8.09
-8.09
-7.56
-6.59
-5.32
-3.91
-2.50
-1.21
-0.12
0.75
1.43
2.05
2.76
3.64
4.62
5.50
6.05
6.11
5.71
5.04
4.36
3.88
3.65
3.59
3.60
3.55
3.41
3.19
2.88
2.47
1.96
1.33
0.66
0.01
-0.56
-1.01
-1.39
-1.76
-2.22
-2.82
-3.55
-4.35
-5.07
-5.54
-5.60
-5.16
-4.26
-3.05
-1.72
-0.48
0.57
1.42
2.11
2.73
3.30
3.81
4.22
4.47
4.55
4.46
4.25
3.96
3.67
3.38
3.11
2.84
2.55
2.21
1.83
1.43
1.01
0.56
0.06
-0.48
-1.03
-1.52
-1.88
-2.09
-2.22
-2.41
-2.81
-3.48
-4.33
-5.21
-5.86
-6.11
-5.86
-5.11
-4.00
-2.70
-1.44
-0.40
0.30
0.67
0.86
1.09
1.54
2.27
3.17
4.02
4.61
4.84
4.71
4.34
3.85
3.36
2.90
2.53
2.26
2.14
2.17
2.28
2.38
2.32
2.02
1.45
0.70
-0.10
-0.83
-1.39
-1.80
-2.11
-2.43
-2.83
-3.34
-3.96
-4.64
-5.29
-5.85
-6.21
-6.31
-6.06
-5.46
-4.52
-3.33
-2.00
-0.66
0.58
1.66
2.55
3.28
3.90
4.46
4.99
5.46
5.78
5.86
5.69
5.29
4.82
4.42
4.22
4.24
4.39
4.50
4.43
4.13
3.62
2.99
2.37
1.82
1.35
0.92
0.46
-0.09
-0.74
-1.45
-2.15
-2.76
-3.21
-3.50
-3.73
-4.03
-4.53
-5.27
-6.18
-7.11
-7.83
-8.13
-7.87
-7.06
-5.79
-4.28
-2.78
-1.49
-0.52
0.15
0.64
1.08
1.58
2.17
2.82
3.44
3.95
4.30
4.49
4.55
4.54
4.56
4.65
4.80
4.97
5.07
5.07
4.97
4.78
4.49
4.06
3.43
2.58
1.55
0.49
-0.46
-1.16
-1.58
-1.79
-1.92
-2.10
-2.47
-3.09
-3.94
-4.94
-5.92
-6.67
-6.99
-6.79
-6.06
-4.94
-3.66
-2.43
-1.42
-0.66
-0.10
0.35
0.82
1.35
1.96
2.60
3.21
3.72
4.05
4.19
4.18
4.09
4.03
4.02
4.04
3.98
3.73
3.22
2.53
1.85
1.36
1.14
1.16
1.23
1.14
0.79
0.20
-0.47
-1.08
-1.52
-1.83
-2.10
-2.41
-2.81
-3.25
-3.68
-4.07
-4.42
-4.75
-5.03
-5.15
-5.00
-4.49
-3.61
-2.49
-1.29
-0.22
0.61
1.20
1.61
1.97
2.36
2.78
3.17
3.44
3.58
3.63
3.65
3.73
3.86
3.98
4.03
3.97
3.82
3.64
3.45
3.23
2.90
2.39
1.68
0.82
-0.04
-0.78
-1.32
-1.64
-1.82
-1.95
-2.14
-2.49
-3.02
-3.69
-4.41
-5.03
-5.41
-5.47
-5.19
-4.62
-3.87
-3.06
-2.27
-1.55
-0.89
-0.27
0.33
0.89
1.38
1.73
1.90
1.86
1.68
1.43
1.22
1.13
1.17
1.29
1.41
1.45
1.34
1.08
0.69
0.24
-0.21
-0.58
-0.88
-1.13
-1.39
-1.74
-2.23
-2.86
-3.58
-4.29
-4.89
-5.28
-5.38
-5.11
-4.49
-3.57
-2.51
-1.50
-0.69
-0.16
0.16
0.41
0.71
1.14
1.66
2.12
2.41
2.43
2.21
1.85
1.53
1.35
1.37
1.51
1.65
1.64
1.44
1.09
0.67
0.26
-0.14
-0.63
-1.32
-2.24
-3.31
-4.37
-5.21
-5.66
-5.68
-5.32
-4.68
-3.89
-3.02
-2.14
-1.30
-0.53
0.14
0.71
1.19
1.61
1.99
2.35
2.67
2.95
3.15
3.25
3.24
3.13
2.94
2.70
2.47
2.28
2.12
1.96
1.73
1.39
0.93
0.37
-0.26
-0.94
-1.68
-2.51
-3.44
-4.37
-5.18
-5.70
-5.80
-5.51
-4.93
-4.22
-3.50
-2.80
-2.05
-1.17
-0.15
0.96
2.01
2.86
3.46
3.79
3.90
3.85
3.70
3.48
3.26
3.09
3.02
3.05
3.10
3.09
2.96
2.70
2.34
1.98
1.65
1.38
1.14
0.85
0.45
-0.11
-0.84
-1.72
-2.73
-3.78
-4.78
-5.60
-6.09
-6.15
-5.71
-4.81
-3.58
-2.23
-0.95
0.14
1.00
1.71
2.34
2.97
3.63
4.28
4.88
5.32
5.52
5.41
5.04
4.52
4.06
3.83
3.88
4.13
4.38
4.47
4.31
4.00
3.69
3.51
3.46
3.38
3.08
2.42
1.45
0.35
-0.65
-1.38
-1.85
-2.18
-2.54
-3.09
-3.85
-4.76
-5.68
-6.46
-6.95
-7.05
-6.71
-5.93
-4.82
-3.56
-2.36
-1.44
-0.85
-0.54
-0.34
-0.03
0.50
1.27
2.15
2.96
3.56
3.85
3.84
3.61
3.25
2.84
2.47
2.20
2.07
2.12
2.33
2.63
2.91
3.04
2.88
2.39
1.58
0.58
-0.40
-1.22
-1.76
-2.04
-2.18
-2.33
-2.61
-3.05
-3.60
-4.13
-4.51
-4.61
-4.37
-3.77
-2.87
-1.76
-0.59
0.48
1.33
1.92
2.26
2.43
2.54
2.62
2.70
2.74
2.68
2.55
2.41
2.38
2.50
2.73
2.97
3.02
2.78
2.23
1.52
0.83
0.31
0.00
-0.21
-0.47
-0.93
-1.57
-2.33
-3.10
-3.82
-4.49
-5.11
-5.66
-6.02
-6.03
-5.58
-4.66
-3.43
-2.12
-0.95
-0.05
0.53
0.91
1.23
1.65
2.22
2.92
3.58
4.01
4.10
3.85
3.42
3.05
2.88
2.96
3.18
3.37
3.38
3.18
2.82
2.38
1.92
1.48
1.01
0.51
-0.04
-0.58
-1.02
-1.30
-1.42
-1.46
-1.56
-1.84
-2.39
-3.14
-3.93
-4.57
-4.90
-4.81
-4.32
-3.48
-2.40
-1.19
0.02
1.11
1.97
2.57
2.92
3.10
3.19
3.24
3.28
3.24
3.09
2.83
2.49
2.17
1.92
1.73
1.55
1.29
0.93
0.46
-0.05
-0.53
-0.94
-1.28
-1.58
-1.87
-2.20
-2.62
-3.19
-3.94
-4.83
-5.74
-6.47
-6.82
-6.62
-5.87
-4.66
-3.19
-1.70
-0.40
0.59
1.25
1.64
1.91
2.19
2.52
2.87
3.12
3.17
2.98
2.61
2.20
1.88
1.70
1.64
1.59
1.42
1.07
0.56
-0.00
-0.50
-0.87
-1.12
-1.37
-1.75
-2.33
-3.10
-3.94
-4.70
-5.26
-5.53
-5.51
-5.20
-4.62
-3.81
-2.85
-1.84
-0.90
-0.13
0.50
1.04
1.63
2.30
3.02
3.64
4.01
4.02
3.70
3.20
2.69
2.31
2.11
2.01
1.92
1.75
1.52
1.28
1.10
1.00
0.91
0.76
0.42
-0.14
-0.92
-1.84
-2.82
-3.77
-4.61
-5.26
-5.64
-5.69
-5.38
-4.74
-3.87
-2.89
-1.95
-1.12
-0.42
0.20
0.82
1.50
2.25
3.01
3.72
4.30
4.71
4.96
5.07
5.11
5.11
5.07
4.95
4.74
4.45
4.12
3.85
3.69
3.68
3.78
3.88
3.88
3.72
3.37
2.88
2.34
1.86
1.53
1.37
1.33
1.31
1.17
0.84
0.29
-0.37
-1.02
-1.57
-1.98
-2.28
-2.58
-2.99
-3.59
-4.40
-5.35
-6.31
-7.12
-7.65
-7.82
-7.63
-7.15
-6.46
-5.61
-4.63
-3.54
-2.42
-1.37
-0.46
0.27
0.87
1.44
2.06
2.75
3.45
4.05
4.47
4.67
4.66
4.49
4.22
3.95
3.75
3.71
3.82
4.01
4.13
4.04
3.68
3.16
2.67
2.40
2.38
2.48
2.48
2.18
1.55
0.73
-0.06
-0.68
-1.12
-1.49
-1.92
-2.47
-3.10
-3.72
-4.26
-4.75
-5.27
-5.87
-6.50
-6.98
-7.05
-6.53
-5.40
-3.85
-2.19
-0.75
0.27
0.87
1.23
1.56
2.06
2.73
3.44
3.98
4.17
3.98
3.52
3.02
2.68
2.62
2.81
3.10
3.34
3.39
3.23
2.90
2.51
2.15
1.86
1.61
1.31
0.88
0.28
-0.46
-1.25
-1.95
-2.49
-2.84
-3.07
-3.28
-3.56
-3.97
-4.48
-5.05
-5.56
-5.92
-6.02
-5.78
-5.15
-4.17
-2.91
-1.52
-0.12
1.17
2.32
3.33
4.27
5.18
6.15
7.18
8.24
9.27
10.15
10.81
11.23
11.45
11.55
11.60
11.66
11.74
11.85
12.00
12.19
12.38
12.51
12.48
12.21
11.66
10.86
9.88
8.77
7.56
6.18
4.58
2.77
0.83
-1.07
-2.73
-4.08
-5.16
-6.16
-7.28
-8.64
-10.19
-11.76
-13.09
-13.94
-14.23
-13.96
-13.24
-12.22
-11.05
-9.86
-8.79
-7.91
-7.25
-6.77
-6.39
-6.01
-5.59
-5.15
-4.73
-4.39
-4.15
-3.99
-3.88
-3.81
-3.79
-3.87
-4.05
-4.33
-4.67
-5.01
-5.30
-5.53
-5.77
-6.10
-6.61
-7.36
-8.28
-9.24
-10.09
-10.71
-11.11
-11.37
-11.61
-11.89
-12.24
-12.56
-12.78
-12.82
-12.63
-12.19
-11.42
-10.30
-8.81
-7.07
-5.23
-3.52
-2.08
-0.95
-0.06
0.76
1.68
2.80
4.10
5.50
6.81
7.87
8.59
8.95
9.02
8.88
8.62
8.28
7.86
7.37
6.88
6.46
6.14
5.91
5.67
5.34
4.88
4.31
3.72
3.18
2.70
2.23
1.69
1.04
0.29
-0.51
-1.31
-2.08
-2.85
-3.66
-4.51
-5.33
-5.98
-6.28
-6.10
-5.44
-4.43
-3.30
-2.28
-1.48
-0.90
-0.44
0.03
0.55
1.13
1.71
2.29
2.87
3.47
4.05
4.57
4.90
4.98
4.81
4.50
4.21
4.06
4.09
4.21
4.31
4.29
4.12
3.83
3.47
3.06
2.57
1.98
1.26
0.44
-0.42
-1.29
-2.12
-2.93
-3.68
-4.32
-4.72
-4.79
-4.48
-3.80
-2.84
-1.74
-0.63
0.40
1.30
2.07
2.78
3.43
4.05
4.58
4.93
5.04
4.91
4.58
4.16
3.75
3.43
3.19
2.94
2.60
2.13
1.56
0.98
0.49
0.10
-0.24
-0.61
-1.07
-1.62
-2.22
-2.84
-3.46
-4.12
-4.80
-5.40
-5.73
-5.57
-4.80
-3.50
-1.90
-0.31
1.01
1.93
2.48
2.78
2.96
3.11
3.26
3.42
3.57
3.70
3.79
3.84
3.78
3.60
3.26
2.79
2.25
1.75
1.35
1.08
0.92
0.80
0.64
0.37
-0.05
-0.64
-1.40
-2.30
-3.28
-4.20
-4.90
-5.22
-5.03
-4.34
-3.28
-2.04
-0.86
0.11
0.83
1.40
1.98
2.69
3.52
4.32
4.92
5.16
5.02
4.63
4.15
3.76
3.54
3.47
3.45
3.34
3.07
2.63
2.07
1.48
0.96
0.55
0.23
-0.07
-0.40
-0.82
-1.32
-1.90
-2.53
-3.20
-3.87
-4.46
-4.84
-4.88
-4.50
-3.72
-2.66
-1.50
-0.38
0.64
1.57
2.47
3.34
4.14
4.78
5.16
5.26
5.17
5.00
4.86
4.82
4.84
4.84
4.74
4.51
4.16
3.75
3.34
2.96
2.60
2.21
1.76
1.24
0.67
0.13
-0.36
-0.77
-1.13
-1.50
-1.92
-2.43
-3.05
-3.77
-4.57
-5.37
-6.05
-6.42
-6.33
-5.72
-4.66
-3.39
-2.16
-1.21
-0.61
-0.23
0.17
0.82
1.84
3.17
4.56
5.73
6.41
6.53
6.14
5.46
4.70
4.05
3.63
3.42
3.40
3.46
3.53
3.54
3.47
3.33
3.14
2.86
2.46
1.90
1.19
0.42
-0.29
-0.84
-1.18
-1.37
-1.51
-1.73
-2.10
-2.63
-3.26
-3.90
-4.46
-4.84
-4.99
-4.84
-4.41
-3.75
-2.95
-2.10
-1.25
-0.44
0.34
1.06
1.70
2.19
2.49
2.60
2.58
2.50
2.47
2.55
2.77
3.07
3.33
3.44
3.29
2.85
2.22
1.56
1.04
0.78
0.74
0.78
0.73
0.47
-0.01
-0.59
-1.12
-1.51
-1.77
-2.00
-2.33
-2.84
-3.50
-4.17
-4.70
-4.97
-4.97
-4.75
-4.35
-3.79
-3.11
-2.33
-1.53
-0.79
-0.18
0.31
0.78
1.32
2.01
2.78
3.45
3.83
3.81
3.42
2.83
2.26
1.86
1.70
1.70
1.76
1.81
1.82
1.80
1.74
1.59
1.27
0.72
-0.02
-0.80
-1.45
-1.87
-2.05
-2.13
-2.25
-2.56
-3.07
-3.72
-4.40
-4.99
-5.43
-5.65
-5.60
-5.25
-4.61
-3.74
-2.77
-1.87
-1.11
-0.52
-0.04
0.43
0.94
1.48
2.01
2.46
2.80
3.04
3.22
3.37
3.49
3.56
3.53
3.34
2.98
2.47
1.90
1.39
1.06
0.94
0.96
1.00
0.93
0.66
0.19
-0.41
-1.02
-1.53
-1.87
-2.06
-2.17
-2.32
-2.61
-3.09
-3.75
-4.48
-5.16
-5.70
-6.06
-6.24
-6.29
-6.21
-6.01
-5.64
-5.09
-4.37
-3.52
-2.61
-1.74
-0.98
-0.34
0.20
0.72
1.28
1.90
2.46
2.84
2.94
2.75
2.40
2.09
1.94
1.99
2.16
2.31
2.32
2.18
1.93
1.66
1.40
1.19
1.03
0.93
0.87
0.85
0.77
0.55
0.13
-0.48
-1.22
-1.93
-2.50
-2.88
-3.12
-3.36
-3.74
-4.32
-5.09
-5.90
-6.59
-7.00
-7.04
-6.69
-5.98
-4.97
-3.76
-2.48
-1.30
-0.37
0.24
0.58
0.82
1.16
1.71
2.46
3.27
3.95
4.38
4.53
4.45
4.24
4.02
3.84
3.76
3.79
3.92
4.09
4.21
4.20
4.03
3.71
3.30
2.83
2.29
1.66
0.94
0.18
-0.48
-0.93
-1.16
-1.22
-1.30
-1.55
-2.07
-2.87
-3.87
-4.96
-5.99
-6.80
-7.20
-7.09
-6.47
-5.43
-4.18
-2.94
-1.82
-0.84
0.11
1.07
2.09
3.11
4.07
4.92
5.69
6.41
7.13
7.80
8.34
8.68
8.82
8.81
8.79
8.83
8.95
9.07
9.07
8.86
8.39
7.70
6.85
5.90
4.88
3.81
2.73
1.68
0.69
-0.28
-1.31
-2.50
-3.89
-5.46
-7.12
-8.73
-10.17
-11.30
-11.98
-12.10
-11.60
-10.51
-9.00
-7.32
-5.74
-4.45
-3.47
-2.67
-1.88
-0.97
0.06
1.06
1.82
2.16
2.01
1.43
0.62
-0.19
-0.81
-1.09
-1.02
-0.70
-0.31
-0.09
-0.20
-0.72
-1.55
-2.52
-3.41
-4.08
-4.51
-4.76
-4.94
-5.18
-5.55
-6.10
-6.85
-7.73
-8.58
-9.15
-9.16
-8.43
-6.95
-4.94
-2.77
-0.82
0.61
1.41
1.67
1.63
1.59
1.77
2.25
2.93
3.57
3.88
3.72
3.14
2.34
1.58
1.08
0.91
1.01
1.25
1.51
1.68
1.70
1.54
1.21
0.77
0.30
-0.15
-0.56
-1.03
-1.65
-2.48
-3.49
-4.53
-5.41
-5.97
-6.17
-6.04
-5.69
-5.22
-4.71
-4.18
-3.61
-2.98
-2.30
-1.57
-0.82
-0.12
0.50
0.99
1.36
1.63
1.86
2.11
2.41
2.74
3.08
3.34
3.47
3.44
3.26
2.98
2.69
2.47
2.36
2.33
2.28
2.09
1.64
0.94
0.05
-0.88
-1.69
-2.26
-2.51
-2.40
-1.96
-1.26
-0.38
0.55
1.42
2.16
2.78
3.36
3.96
4.62
5.31
5.90
6.28
6.41
6.32
6.11
5.85
5.58
5.26
4.88
4.43
3.98
3.57
3.23
2.90
2.54
2.11
1.65
1.23
0.88
0.59
0.25
-0.23
-0.93
-1.82
-2.80
-3.71
-4.37
-4.62
-4.34
-3.51
-2.22
-0.68
0.88
2.20
3.15
3.69
3.93
4.03
4.14
4.36
4.70
5.08
5.39
5.52
5.42
5.10
4.60
4.00
3.36
2.75
2.18
1.69
1.30
1.03
0.82
0.62
0.34
-0.09
-0.68
-1.35
-2.03
-2.62
-3.11
-3.55
-3.99
-4.44
-4.80
-4.94
-4.70
-4.06
-3.09
-1.97
-0.86
0.12
1.00
1.86
2.78
3.77
4.74
5.55
6.07
6.25
6.16
5.92
5.68
5.49
5.34
5.20
5.04
4.86
4.72
4.66
4.66
4.65
4.51
4.14
3.52
2.71
1.87
1.14
0.59
0.21
-0.13
-0.57
-1.19
-1.99
-2.88
-3.73
-4.40
-4.81
-4.89
-4.62
-4.00
-3.12
-2.11
-1.17
-0.46
-0.04
0.19
0.44
0.92
1.74
2.84
3.99
4.95
5.48
5.50
5.11
4.48
3.82
3.29
2.94
2.73
2.60
2.49
2.35
2.15
1.90
1.59
1.26
0.91
0.54
0.16
-0.25
-0.67
-1.06
-1.35
-1.49
-1.51
-1.49
-1.55
-1.79
-2.20
-2.74
-3.27
-3.73
-4.10
-4.38
-4.60
-4.71
-4.64
-4.32
-3.76
-3.04
-2.31
-1.68
-1.23
-0.87
-0.51
-0.02
0.63
1.34
1.97
2.38
2.52
2.46
2.31
2.16
2.04
1.87
1.59
1.18
0.74
0.41
0.34
0.54
0.93
1.29
1.43
1.26
0.81
0.22
-0.33
-0.72
-0.95
-1.08
-1.20
-1.42
-1.76
-2.19
-2.62
-2.97
-3.20
-3.31
-3.33
-3.32
-3.28
-3.20
-3.03
-2.69
-2.16
-1.46
-0.70
-0.00
0.49
0.70
0.64
0.43
0.23
0.16
0.28
0.55
0.89
1.20
1.40
1.48
1.43
1.23
0.92
0.51
0.08
-0.30
-0.58
-0.80
-1.03
-1.30
-1.59
-1.81
-1.86
-1.75
-1.56
-1.45
-1.57
-1.94
-2.51
-3.14
-3.70
-4.09
-4.28
-4.23
-3.91
-3.34
-2.59
-1.79
-1.13
-0.75
-0.66
-0.76
-0.87
-0.85
-0.66
-0.32
0.05
0.38
0.64
0.81
0.93
0.99
0.97
0.89
0.79
0.74
0.80
0.96
1.17
1.32
1.35
1.20
0.90
0.48
-0.02
-0.56
-1.04
-1.39
-1.55
-1.53
-1.44
-1.46
-1.73
-2.30
-3.06
-3.82
-4.38
-4.58
-4.40
-3.91
-3.26
-2.58
-1.96
-1.44
-0.97
-0.50
0.02
0.58
1.15
1.68
2.13
2.49
2.75
2.93
2.96
2.77
2.28
1.53
0.69
-0.03
-0.44
-0.48
-0.23
0.09
0.28
0.20
-0.14
-0.68
-1.30
-1.91
-2.48
-2.98
-3.40
-3.73
-4.01
-4.31
-4.70
-5.19
-5.70
-6.08
-6.15
-5.83
-5.16
-4.28
-3.35
-2.51
-1.79
-1.13
-0.44
0.32
1.12
1.87
2.47
2.88
3.10
3.18
3.13
2.98
2.68
2.25
1.74
1.26
0.94
0.87
1.05
1.36
1.63
1.66
1.36
0.73
-0.09
-0.95
-1.67
-2.12
-2.29
-2.27
-2.20
-2.20
-2.37
-2.75
-3.33
-4.02
-4.72
-5.25
-5.48
-5.28
-4.65
-3.68
-2.53
-1.39
-0.45
0.23
0.65
0.95
1.25
1.66
2.22
2.85
3.45
3.89
4.10
4.10
3.94
3.70
3.45
3.20
2.99
2.81
2.68
2.62
2.62
2.64
2.59
2.42
2.07
1.56
0.93
0.29
-0.27
-0.72
-1.12
-1.57
-2.18
-2.98
-3.89
-4.76
-5.39
-5.63
-5.41
-4.75
-3.79
-2.69
-1.63
-0.76
-0.13
0.31
0.69
1.13
1.73
2.47
3.23
3.85
4.17
4.15
3.83
3.32
2.76
2.27
1.92
1.75
1.75
1.86
2.03
2.16
2.20
2.10
1.86
1.50
1.04
0.48
-0.21
-1.02
-1.93
-2.86
-3.72
-4.41
-4.85
-5.01
-4.92
-4.59
-4.07
-3.38
-2.56
-1.65
-0.72
0.18
0.98
1.65
2.23
2.75
3.23
3.70
4.16
4.55
4.83
4.93
4.81
4.48
3.98
3.43
2.92
2.53
2.23
1.96
1.62
1.15
0.56
-0.04
-0.59
-1.03
-1.35
-1.59
-1.81
-2.05
-2.31
-2.62
-2.99
-3.39
-3.77
-3.98
-3.87
-3.36
-2.45
-1.28
-0.06
1.01
1.85
2.45
2.93
3.37
3.83
4.27
4.64
4.86
4.93
4.89
4.84
4.85
4.94
5.07
5.15
5.09
4.84
4.38
3.78
3.12
2.49
1.92
1.40
0.83
0.17
-0.61
-1.41
-2.12
-2.64
-2.99
-3.28
-3.68
-4.26
-4.97
-5.62
-5.98
-5.89
-5.34
-4.44
-3.36
-2.28
-1.26
-0.34
0.48
1.19
1.80
2.33
2.82
3.32
3.84
4.34
4.73
4.94
4.92
4.69
4.34
3.94
3.56
3.22
2.94
2.72
2.57
2.49
2.40
2.22
1.88
1.35
0.73
0.15
-0.24
-0.35
-0.20
0.05
0.23
0.16
-0.27
-1.07
-2.13
-3.28
-4.29
-4.95
-5.09
-4.68
-3.79
-2.61
-1.40
-0.37
0.35
0.75
0.94
1.08
1.32
1.76
2.42
3.20
3.96
4.53
4.75
4.58
4.06
3.37
2.72
2.31
2.19
2.33
2.57
2.77
2.82
2.67
2.35
1.90
1.36
0.80
0.25
-0.22
-0.55
-0.74
-0.87
-1.06
-1.45
-2.13
-3.08
-4.16
-5.17
-5.89
-6.15
-5.90
-5.22
-4.29
-3.34
-2.60
-2.19
-2.10
-2.25
-2.48
-2.69
-2.80
-2.81
-2.69
-2.45
-2.08
-1.57
-0.94
-0.23
0.51
1.25
1.97
2.67
3.32
3.90
4.35
4.61
4.64
4.44
4.04
3.50
2.89
2.29
1.70
1.11
0.42
-0.40
-1.39
-2.47
-3.49
-4.28
-4.73
-4.80
-4.54
-4.06
-3.48
-2.87
-2.24
-1.61
-0.94
-0.27
0.36
0.88
1.22
1.34
1.27
1.06
0.84
0.69
0.67
0.78
0.93
1.05
1.05
0.92
0.70
0.43
0.19
0.00
-0.14
-0.31
-0.55
-0.94
-1.49
-2.12
-2.72
-3.15
-3.31
-3.15
-2.73
-2.10
-1.36
-0.63
0.00
0.45
0.67
0.72
0.68
0.66
0.73
0.86
0.97
0.98
0.89
0.78
0.76
0.88
1.09
1.28
1.34
1.23
1.02
0.81
0.67
0.57
0.42
0.14
-0.34
-1.01
-1.81
-2.67
-3.47
-4.11
-4.47
-4.47
-4.08
-3.41
-2.60
-1.86
-1.30
-0.98
-0.81
-0.69
-0.52
-0.23
0.14
0.53
0.87
1.11
1.25
1.33
1.40
1.48
1.56
1.58
1.52
1.34
1.07
0.72
0.35
0.00
-0.28
-0.48
-0.62
-0.78
-1.06
-1.54
-2.25
-3.12
-4.00
-4.70
-5.10
-5.16
-4.90
-4.39
-3.71
-2.91
-2.05
-1.18
-0.35
0.39
1.05
1.70
2.37
3.03
3.60
3.93
3.92
3.61
3.13
2.70
2.45
2.46
2.63
2.85
3.01
3.05
2.95
2.73
2.38
1.93
1.40
0.85
0.34
-0.09
-0.44
-0.75
-1.10
-1.56
-2.18
-2.92
-3.73
-4.48
-5.06
-5.32
-5.21
-4.73
-3.95
-3.00
-2.01
-1.06
-0.20
0.58
1.27
1.89
2.44
2.93
3.36
3.75
4.08
4.30
4.36
4.19
3.77
3.18
2.53
1.98
1.58
1.37
1.28
1.21
1.13
1.00
0.85
0.68
0.48
0.22
-0.12
-0.50
-0.89
-1.22
-1.48
-1.73
-2.04
-2.47
-2.99
-3.56
-4.11
-4.59
-4.96
-5.19
-5.19
-4.90
-4.26
-3.34
-2.29
-1.33
-0.59
-0.10
0.26
0.63
1.12
1.72
2.35
2.88
3.27
3.53
3.71
3.84
3.88
3.78
3.51
3.14
2.78
2.57
2.55
2.64
2.70
2.56
2.14
1.46
0.67
-0.04
-0.56
-0.85
-0.97
-1.05
-1.22
-1.56
-2.05
-2.64
-3.23
-3.74
-4.09
-4.21
-4.07
-3.65
-2.98
-2.13
-1.20
-0.33
0.42
0.99
1.43
1.80
2.15
2.52
2.92
3.30
3.63
3.85
3.95
3.91
3.79
3.62
3.47
3.35
3.21
3.01
2.70
2.24
1.65
1.01
0.39
-0.15
-0.59
-0.98
-1.33
-1.67
-1.97
-2.18
-2.27
-2.28
-2.34
-2.60
-3.14
-3.90
-4.72
-5.33
-5.53
-5.21
-4.42
-3.32
-2.13
-1.06
-0.26
0.26
0.57
0.81
1.15
1.63
2.24
2.83
3.29
3.54
3.60
3.57
3.48
3.39
3.27
3.13
3.00
2.87
2.75
2.61
2.43
2.21
1.98
1.77
1.56
1.30
0.93
0.41
-0.22
-0.88
-1.45
-1.87
-2.09
-2.15
-2.14
-2.17
-2.37
-2.82
-3.51
-4.29
-4.96
-5.25
-4.98
-4.11
-2.75
-1.14
0.43
1.73
2.61
3.06
3.16
3.09
3.04
3.17
3.55
4.14
4.81
5.40
5.77
5.85
5.65
5.27
4.84
4.48
4.23
4.10
4.10
4.21
4.44
4.71
4.92
4.92
4.57
3.83
2.78
1.56
0.35
-0.69
-1.49
-2.09
-2.58
-3.10
-3.77
-4.65
-5.70
-6.76
-7.62
-8.06
-7.96
-7.36
-6.40
-5.32
-4.32
-3.52
-2.95
-2.55
-2.22
-1.83
-1.29
-0.61
0.12
0.71
1.03
1.05
0.86
0.64
0.53
0.57
0.68
0.73
0.63
0.42
0.22
0.15
0.22
0.35
0.43
0.35
0.11
-0.26
-0.67
-1.10
-1.52
-1.96
-2.41
-2.89
-3.38
-3.85
-4.28
-4.57
-4.67
-4.51
-4.09
-3.44
-2.68
-1.90
-1.20
-0.61
-0.12
0.30
0.70
1.12
1.53
1.88
2.07
2.06
1.85
1.51
1.16
0.91
0.79
0.79
0.80
0.77
0.63
0.41
0.18
-0.00
-0.12
-0.18
-0.24
-0.34
-0.53
-0.84
-1.29
-1.91
-2.66
-3.46
-4.14
-4.52
-4.44
-3.82
-2.73
-1.39
-0.08
0.96
1.60
1.86
1.92
2.00
2.27
2.78
3.40
3.91
4.07
3.78
3.13
2.35
1.72
1.42
1.45
1.68
1.90
1.95
1.81
1.53
1.16
0.73
0.20
-0.45
-1.19
-1.92
-2.55
-3.06
-3.49
-3.93
-4.42
-4.91
-5.27
-5.36
-5.10
-4.55
-3.86
-3.16
-2.56
-2.06
-1.58
-1.02
-0.35
0.37
1.07
1.65
2.06
2.30
2.43
2.47
2.45
2.40
2.32
2.23
2.17
2.10
1.99
1.77
1.42
0.95
0.45
0.04
-0.23
-0.36
-0.42
-0.51
-0.71
-1.08
-1.62
-2.29
-3.01
-3.67
-4.14
-4.32
-4.19
-3.75
-3.07
-2.22
-1.32
-0.44
0.37
1.05
1.62
2.13
2.63
3.13
3.63
4.05
4.33
4.43
4.41
4.32
4.26
4.26
4.29
4.29
4.24
4.10
3.90
3.63
3.30
2.91
2.44
1.91
1.35
0.78
0.28
-0.13
-0.42
-0.65
-0.91
-1.33
-2.01
-2.98
-4.12
-5.22
-6.00
-6.25
-5.87
-4.95
-3.75
-2.57
-1.68
-1.18
-1.01
-0.95
-0.77
-0.35
0.28
0.96
1.52
1.83
1.87
1.69
1.38
1.00
0.60
0.22
-0.08
-0.26
-0.34
-0.36
-0.39
-0.50
-0.71
-1.03
-1.41
-1.83
-2.23
-2.54
-2.70
-2.69
-2.55
-2.45
-2.55
-2.97
-3.72
-4.64
-5.49
-6.05
-6.11
-5.64
-4.68
-3.41
-2.02
-0.69
0.44
1.31
1.97
2.53
3.10
3.74
4.43
5.09
5.61
5.92
6.02
5.97
5.87
5.79
5.79
5.84
5.91
5.93
5.83
5.57
5.15
4.57
3.87
3.08
2.25
1.38
0.50
-0.39
-1.34
-2.33
-3.34
-4.30
-5.13
-5.74
-6.07
-6.09
-5.78
-5.13
-4.20
-3.08
-1.94
-0.93
-0.19
0.27
0.53
0.72
0.96
1.28
1.62
1.92
2.13
2.27
2.43
2.68
3.03
3.41
3.72
3.86
3.80
3.57
3.24
2.85
2.41
1.91
1.34
0.73
0.15
-0.35
-0.77
-1.17
-1.64
-2.24
-2.97
-3.73
-4.40
-4.83
-4.92
-4.64
-4.01
-3.14
-2.20
-1.35
-0.72
-0.35
-0.11
0.14
0.56
1.18
1.88
2.51
2.90
3.05
3.02
2.97
2.99
3.10
3.21
3.25
3.15
2.95
2.68
2.38
2.03
1.61
1.13
0.62
0.17
-0.15
-0.31
-0.36
-0.40
-0.52
-0.79
-1.21
-1.78
-2.47
-3.27
-4.07
-4.72
-5.04
-4.89
-4.28
-3.33
-2.30
-1.44
-0.88
-0.58
-0.38
-0.07
0.47
1.25
2.14
2.95
3.55
3.86
3.91
3.83
3.74
3.70
3.72
3.73
3.64
3.44
3.15
2.84
2.58
2.35
2.09
1.71
1.18
0.54
-0.12
-0.69
-1.10
-1.35
-1.47
-1.53
-1.56
-1.60
-1.70
-1.90
-2.25
-2.72
-3.25
-3.71
-3.97
-3.92
-3.57
-2.97
-2.25
-1.56
-0.95
-0.45
-0.02
0.41
0.86
1.28
1.62
1.83
1.85
1.70
1.41
1.08
0.83
0.71
0.75
0.93
1.14
1.30
1.34
1.24
0.99
0.62
0.14
-0.43
-1.06
-1.69
-2.23
-2.57
-2.67
-2.59
-2.50
-2.57
-2.93
-3.56
-4.29
-4.86
-5.02
-4.70
-3.97
-3.02
-2.08
-1.26
-0.57
0.08
0.81
1.62
2.44
3.12
3.51
3.52
3.19
2.65
2.09
1.68
1.51
1.55
1.72
1.88
1.93
1.83
1.59
1.25
0.84
0.36
-0.16
-0.72
-1.32
-1.93
-2.55
-3.16
-3.72
-4.17
-4.45
-4.46
-4.18
-3.62
-2.88
-2.06
-1.29
-0.58
0.07
0.71
1.34
1.97
2.55
3.04
3.45
3.80
4.12
4.40
4.57
4.55
4.32
3.89
3.38
2.91
2.57
2.44
2.54
2.85
3.27
3.69
3.95
3.95
3.69
3.27
2.89
2.74
2.94
3.44
4.12
4.75
5.14
5.15
4.75
4.01
3.04
2.00
0.96
-0.05
-1.09
-2.20
-3.38
-4.53
-5.56
-6.44
-7.17
-7.87
-8.61
-9.39
-10.08
-10.53
-10.58
-10.14
-9.23
-7.91
-6.30
-4.50
-2.59
-0.69
1.07
2.57
3.71
4.40
4.62
4.38
3.73
2.75
1.53
0.18
-1.22
-2.61
-3.93
-5.18
-6.31
-7.32
-8.14
-8.71
-8.93
-8.75
-8.14
-7.18
-5.95
-4.57
-3.19
-1.91
-0.81
0.08
0.77
1.31
1.77
2.20
2.66
3.14
3.61
4.01
4.27
4.33
4.18
3.83
3.35
2.81
2.27
1.78
1.34
0.92
0.52
0.16
-0.09
-0.18
-0.09
0.11
0.30
0.32
0.07
-0.44
-1.15
-1.95
-2.68
-3.23
-3.48
-3.35
-2.81
-1.94
-0.88
0.17
1.04
1.66
2.08
2.39
2.70
3.03
3.31
3.46
3.43
3.25
3.03
2.85
2.76
2.74
2.73
2.65
2.48
2.24
1.98
1.78
1.68
1.67
1.73
1.74
1.62
1.29
0.76
0.10
-0.58
-1.19
-1.70
-2.18
-2.70
-3.29
-3.89
-4.35
-4.46
-4.11
-3.33
-2.27
-1.17
-0.24
0.45
0.95
1.36
1.80
2.32
2.89
3.40
3.77
3.95
3.93
3.73
3.40
3.01
2.65
2.41
2.34
2.44
2.61
2.73
2.71
2.47
2.05
1.50
0.92
0.35
-0.16
-0.58
-0.90
-1.10
-1.20
-1.29
-1.50
-1.91
-2.54
-3.28
-3.94
-4.36
-4.44
-4.17
-3.60
-2.79
-1.79
-0.66
0.50
1.57
2.41
2.96
3.25
3.40
3.48
3.54
3.57
3.53
3.44
3.32
3.26
3.26
3.30
3.31
3.22
3.00
2.64
2.18
1.67
1.15
0.66
0.21
-0.19
-0.54
-0.84
-1.08
-1.26
-1.40
-1.53
-1.72
-2.04
-2.51
-3.12
-3.76
-4.31
-4.62
-4.63
-4.33
-3.77
-3.03
-2.21
-1.38
-0.60
0.08
0.65
1.14
1.57
2.01
2.46
2.92
3.26
3.39
3.23
2.82
2.27
1.75
1.42
1.31
1.36
1.46
1.50
1.42
1.23
0.97
0.67
0.34
-0.02
-0.36
-0.64
-0.79
-0.78
-0.69
-0.67
-0.89
-1.44
-2.28
-3.22
-4.01
-4.44
-4.37
-3.83
-2.94
-1.89
-0.87
-0.02
0.57
0.90
1.01
1.05
1.15
1.42
1.87
2.45
3.00
3.37
3.49
3.33
3.01
2.65
2.35
2.15
2.02
1.91
1.77
1.59
1.36
1.10
0.80
0.47
0.11
-0.24
-0.56
-0.86
-1.16
-1.49
-1.92
-2.44
-3.03
-3.59
-4.02
-4.23
-4.16
-3.80
-3.19
-2.41
-1.55
-0.72
0.02
0.63
1.12
1.54
1.95
2.35
2.71
2.93
2.95
2.73
2.33
1.85
1.46
1.24
1.24
1.37
1.50
1.50
1.32
1.00
0.64
0.31
0.05
-0.17
-0.39
-0.65
-0.93
-1.17
-1.35
-1.51
-1.74
-2.13
-2.72
-3.43
-4.07
-4.44
-4.40
-3.89
-3.02
-1.95
-0.90
-0.01
0.64
1.08
1.36
1.56
1.77
1.98
2.18
2.35
2.47
2.55
2.59
2.58
2.52
2.35
2.04
1.60
1.09
0.62
0.29
0.15
0.17
0.23
0.22
0.06
-0.24
-0.64
-1.09
-1.55
-2.02
-2.51
-2.98
-3.44
-3.88
-4.29
-4.65
-4.92
-4.98
-4.72
-4.13
-3.29
-2.38
-1.56
-0.90
-0.36
0.16
0.77
1.47
2.20
2.81
3.23
3.40
3.38
3.25
3.08
2.90
2.72
2.54
2.36
2.21
2.12
2.10
2.13
2.14
2.06
1.81
1.38
0.79
0.13
-0.50
-1.03
-1.45
-1.80
-2.17
-2.66
-3.30
-4.05
-4.75
-5.21
-5.31
-4.99
-4.36
-3.56
-2.73
-1.96
-1.24
-0.53
0.17
0.81
1.30
1.55
1.52
1.26
0.85
0.42
0.09
-0.09
-0.10
-0.01
0.09
0.12
0.04
-0.12
-0.30
-0.43
-0.48
-0.45
-0.40
-0.35
-0.35
-0.40
-0.50
-0.64
-0.84
-1.09
-1.39
-1.73
-2.07
-2.37
-2.60
-2.72
-2.69
-2.49
-2.14
-1.66
-1.10
-0.50
0.10
0.70
1.31
1.93
2.55
3.11
3.55
3.78
3.74
3.44
2.95
2.40
1.96
1.74
1.79
2.02
2.32
2.54
2.55
2.31
1.85
1.27
0.68
0.17
-0.20
-0.44
-0.63
-0.85
-1.21
-1.76
-2.53
-3.46
-4.42
-5.21
-5.64
-5.56
-4.93
-3.83
-2.46
-1.05
0.16
1.06
1.61
1.92
2.14
2.42
2.83
3.31
3.73
3.91
3.74
3.24
2.57
1.95
1.55
1.45
1.57
1.78
1.91
1.86
1.57
1.05
0.36
-0.38
-1.05
-1.53
-1.78
-1.84
-1.85
-1.99
-2.38
-3.03
-3.86
-4.67
-5.26
-5.48
-5.29
-4.70
-3.85
-2.88
-1.94
-1.16
-0.61
-0.29
-0.12
0.02
0.28
0.78
1.55
2.52
3.52
4.34
4.82
4.91
4.69
4.32
3.91
3.52
3.16
2.80
2.41
2.01
1.61
1.22
0.86
0.53
0.26
0.04
-0.14
-0.34
-0.65
-1.14
-1.77
-2.43
-2.97
-3.28
-3.31
-3.13
-2.82
-2.46
-2.07
-1.59
-0.97
-0.23
0.58
1.32
1.90
2.27
2.48
2.57
2.56
2.42
2.12
1.68
1.19
0.79
0.61
0.66
0.85
1.03
1.06
0.90
0.60
0.25
-0.08
-0.38
-0.65
-0.91
-1.19
-1.53
-1.95
-2.49
-3.12
-3.76
-4.23
-4.43
-4.29
-3.85
-3.17
-2.33
-1.37
-0.32
0.77
1.75
2.48
2.88
2.99
2.97
3.00
3.18
3.45
3.66
3.64
3.33
2.82
2.30
1.92
1.76
1.80
1.95
2.11
2.21
2.23
2.16
2.04
1.88
1.69
1.42
1.01
0.40
-0.42
-1.36
-2.28
-3.00
-3.42
-3.52
-3.41
-3.18
-2.89
-2.49
-1.95
-1.23
-0.41
0.40
1.07
1.55
1.88
2.17
2.45
2.72
2.88
2.84
2.57
2.16
1.77
1.58
1.68
2.05
2.52
2.88
2.98
2.75
2.25
1.62
0.96
0.35
-0.22
-0.74
-1.24
-1.70
-2.08
-2.38
-2.64
-2.96
-3.41
-4.02
-4.71
-5.32
-5.63
-5.45
-4.70
-3.48
-2.03
-0.67
0.34
0.93
1.20
1.39
1.67
2.10
2.58
2.94
3.12
3.18
3.24
3.42
3.67
3.82
3.72
3.30
2.66
2.02
1.58
1.38
1.35
1.30
1.11
0.71
0.18
-0.39
-0.91
-1.35
-1.72
-2.06
-2.36
-2.65
-2.91
-3.18
-3.49
-3.84
-4.18
-4.40
-4.41
-4.13
-3.61
-2.96
-2.30
-1.75
-1.31
-0.93
-0.52
-0.02
0.57
1.21
1.84
2.36
2.74
2.96
3.04
3.05
3.07
3.16
3.33
3.53
3.68
3.71
3.60
3.39
3.12
2.81
2.41
1.88
1.23
0.50
-0.16
-0.64
-0.89
-0.95
-0.95
-1.02
-1.23
-1.62
-2.16
-2.83
-3.57
-4.31
-4.91
-5.20
-5.06
-4.49
-3.64
-2.74
-2.01
-1.53
-1.22
-0.90
-0.45
0.18
0.87
1.45
1.82
1.94
1.88
1.73
1.56
1.38
1.18
0.97
0.78
0.69
0.69
0.75
0.74
0.60
0.32
-0.04
-0.36
-0.55
-0.58
-0.51
-0.44
-0.46
-0.58
-0.82
-1.12
-1.47
-1.89
-2.39
-3.00
-3.65
-4.23
-4.60
-4.62
-4.22
-3.40
-2.29
-1.06
0.08
1.00
1.65
2.07
2.39
2.73
3.13
3.55
3.93
4.16
4.21
4.08
3.82
3.46
3.03
2.55
2.07
1.66
1.36
1.18
1.04
0.84
0.47
-0.07
-0.66
-1.14
-1.36
-1.29
-1.06
-0.89
-0.98
-1.49
-2.40
-3.58
-4.77
-5.72
-6.20
-6.11
-5.51
-4.57
-3.58
-2.73
-2.12
-1.65
-1.16
-0.52
0.28
1.12
1.78
2.15
2.23
2.12
1.99
1.93
1.93
1.92
1.85
1.70
1.53
1.41
1.36
1.35
1.31
1.19
0.95
0.61
0.18
-0.33
-0.89
-1.45
-1.97
-2.38
-2.70
-3.00
-3.36
-3.79
-4.21
-4.44
-4.31
-3.73
-2.81
-1.73
-0.75
-0.00
0.49
0.82
1.11
1.44
1.79
2.12
2.37
2.51
2.54
2.52
2.49
2.48
2.50
2.48
2.34
2.04
1.55
0.94
0.33
-0.17
-0.49
-0.64
-0.68
-0.71
-0.80
-1.02
-1.41
-2.02
-2.80
-3.63
-4.32
-4.68
-4.58
-4.01
-3.10
-2.02
-0.96
-0.03
0.69
1.22
1.60
1.90
2.20
2.53
2.87
3.14
3.27
3.21
3.03
2.82
2.72
2.75
2.87
2.99
2.98
2.81
2.49
2.05
1.53
0.95
0.32
-0.34
-0.98
-1.58
-2.12
-2.61
-3.08
-3.55
-4.01
-4.40
-4.65
-4.66
-4.41
-3.90
-3.23
-2.47
-1.73
-1.03
-0.35
0.34
1.08
1.82
2.48
2.99
3.29
3.40
3.39
3.32
3.23
3.14
3.04
2.93
2.83
2.73
2.68
2.66
2.66
2.64
2.55
2.34
1.98
1.48
0.90
0.31
-0.20
-0.57
-0.82
-1.00
-1.22
-1.60
-2.20
-3.00
-3.90
-4.73
-5.31
-5.51
-5.28
-4.65
-3.72
-2.64
-1.53
-0.49
0.40
1.13
1.71
2.16
2.52
2.81
3.03
3.19
3.30
3.36
3.39
3.36
3.27
3.09
2.83
2.54
2.28
2.10
2.00
1.95
1.88
1.75
1.51
1.16
0.73
0.24
-0.25
-0.70
-1.08
-1.38
-1.62
-1.86
-2.19
-2.64
-3.24
-3.94
-4.62
-5.13
-5.32
-5.08
-4.42
-3.46
-2.43
-1.52
-0.85
-0.37
0.06
0.61
1.36
2.22
3.02
3.61
3.93
4.07
4.11
4.15
4.15
4.08
3.89
3.63
3.37
3.18
3.03
2.81
2.40
1.76
0.99
0.30
-0.18
-0.40
-0.48
-0.61
-0.93
-1.44
-2.02
-2.54
-2.95
-3.32
-3.76
-4.34
-4.94
-5.32
-5.22
-4.50
-3.27
-1.83
-0.54
0.37
0.82
0.92
0.85
0.77
0.78
0.92
1.20
1.58
1.99
2.38
2.65
2.79
2.78
2.65
2.44
2.18
1.91
1.65
1.45
1.34
1.32
1.30
1.17
0.81
0.18
-0.67
-1.58
-2.36
-2.87
-3.07
-3.08
-3.09
-3.27
-3.66
-4.17
-4.62
-4.83
-4.70
-4.25
-3.56
-2.78
-1.97
-1.18
-0.41
0.31
0.97
1.54
1.97
2.26
2.42
2.48
2.51
2.54
2.61
2.71
2.80
2.84
2.77
2.59
2.32
2.02
1.77
1.60
1.50
1.39
1.17
0.78
0.20
-0.51
-1.24
-1.90
-2.44
-2.84
-3.14
-3.41
-3.66
-3.93
-4.16
-4.31
-4.27
-3.99
-3.44
-2.70
-1.91
-1.24
-0.77
-0.50
-0.31
-0.02
0.51
1.30
2.23
3.06
3.58
3.69
3.45
3.07
2.77
2.68
2.80
3.05
3.28
3.41
3.42
3.31
3.13
2.87
2.52
2.04
1.45
0.76
0.06
-0.57
-1.06
-1.40
-1.62
-1.82
-2.12
-2.58
-3.19
-3.82
-4.33
-4.58
-4.51
-4.16
-3.63
-3.00
-2.34
-1.66
-0.96
-0.21
0.54
1.30
2.04
2.74
3.36
3.85
4.14
4.21
4.07
3.80
3.54
3.43
3.53
3.83
4.24
4.60
4.77
4.70
4.36
3.84
3.24
2.67
2.23
1.93
1.78
1.74
1.73
1.69
1.51
1.11
0.42
-0.54
-1.70
-2.91
-4.03
-4.92
-5.52
-5.85
-5.95
-5.91
-5.78
-5.63
-5.46
-5.26
-4.99
-4.59
-3.99
-3.16
-2.16
-1.11
-0.21
0.37
0.53
0.33
-0.04
-0.34
-0.37
-0.05
0.51
1.10
1.52
1.63
1.46
1.08
0.62
0.15
-0.33
-0.79
-1.26
-1.68
-2.04
-2.34
-2.58
-2.79
-2.97
-3.04
-2.93
-2.59
-2.01
-1.25
-0.40
0.46
1.23
1.85
2.26
2.44
2.39
2.19
1.97
1.85
1.90
2.14
2.46
2.73
2.84
2.74
2.47
2.13
1.87
1.75
1.79
1.90
1.95
1.83
1.49
0.95
0.26
-0.51
-1.33
-2.17
-2.97
-3.65
-4.09
-4.20
-3.97
-3.47
-2.81
-2.12
-1.47
-0.89
-0.38
0.09
0.52
0.94
1.36
1.75
2.11
2.37
2.49
2.42
2.19
1.87
1.56
1.36
1.30
1.35
1.43
1.46
1.41
1.25
1.03
0.75
0.42
0.03
-0.42
-0.90
-1.36
-1.79
-2.21
-2.67
-3.19
-3.73
-4.13
-4.21
-3.85
-3.08
-2.06
-1.04
-0.21
0.36
0.76
1.14
1.66
2.32
3.03
3.60
3.86
3.76
3.36
2.80
2.23
1.80
1.56
1.49
1.55
1.67
1.78
1.85
1.84
1.75
1.57
1.31
0.97
0.55
0.07
-0.47
-1.01
-1.55
-2.07
-2.56
-3.02
-3.44
-3.79
-4.05
-4.18
-4.18
-4.05
-3.78
-3.35
-2.77
-2.06
-1.24
-0.38
0.47
1.28
2.00
2.63
3.12
3.47
3.68
3.78
3.81
3.79
3.69
3.48
3.13
2.70
2.26
1.94
1.80
1.81
1.87
1.86
1.69
1.34
0.86
0.37
-0.05
-0.36
-0.56
-0.72
-0.89
-1.12
-1.43
-1.83
-2.35
-2.98
-3.71
-4.47
-5.14
-5.59
-5.73
-5.51
-4.96
-4.17
-3.24
-2.25
-1.24
-0.25
0.69
1.50
2.13
2.56
2.82
3.01
3.24
3.61
4.11
4.66
5.13
5.39
5.37
5.11
4.66
4.13
3.58
3.05
2.58
2.19
1.90
1.72
1.58
1.39
1.04
0.51
-0.18
-0.92
-1.61
-2.16
-2.56
-2.86
-3.15
-3.50
-3.96
-4.55
-5.22
-5.86
-6.36
-6.61
-6.52
-6.06
-5.29
-4.28
-3.17
-2.07
-1.07
-0.25
0.37
0.80
1.09
1.34
1.62
1.98
2.40
2.77
2.97
2.91
2.58
2.08
1.57
1.18
0.96
0.90
0.94
1.01
1.06
1.03
0.88
0.56
0.08
-0.52
-1.14
-1.70
-2.13
-2.44
-2.68
-2.87
-3.05
-3.21
-3.33
-3.38
-3.35
-3.19
-2.86
-2.34
-1.62
-0.78
0.09
0.90
1.63
2.28
2.89
3.48
4.02
4.43
4.64
4.64
4.46
4.21
3.97
3.77
3.58
3.36
3.08
2.77
2.50
2.36
2.36
2.43
2.43
2.22
1.69
0.87
-0.12
-1.10
-1.92
-2.51
-2.93
-3.26
-3.60
-3.98
-4.40
-4.82
-5.16
-5.38
-5.40
-5.17
-4.68
-3.95
-3.05
-2.10
-1.21
-0.45
0.18
0.74
1.28
1.82
2.32
2.70
2.89
2.86
2.67
2.43
2.25
2.17
2.21
2.26
2.24
2.10
1.86
1.58
1.34
1.16
1.03
0.89
0.73
0.52
0.27
-0.01
-0.31
-0.63
-0.97
-1.33
-1.73
-2.20
-2.76
-3.39
-4.02
-4.51
-4.75
-4.66
-4.26
-3.62
-2.83
-1.99
-1.12
-0.29
0.47
1.08
1.52
1.78
1.91
2.01
2.12
2.28
2.46
2.61
2.69
2.68
2.59
2.39
2.10
1.75
1.38
1.04
0.78
0.58
0.44
0.31
0.19
0.08
-0.02
-0.11
-0.19
-0.27
-0.36
-0.46
-0.60
-0.80
-1.10
-1.47
-1.82
-2.03
-1.95
-1.51
-0.74
0.24
1.19
1.91
2.30
2.39
2.30
2.23
2.28
2.46
2.66
2.73
2.60
2.29
1.93
1.62
1.41
1.21
0.95
0.56
0.10
-0.31
-0.59
-0.71
-0.75
-0.81
-0.97
-1.25
-1.60
-2.00
-2.42
-2.86
-3.28
-3.63
-3.82
-3.84
-3.75
-3.66
-3.69
-3.91
-4.26
-4.62
-4.80
-4.69
-4.22
-3.46
-2.54
-1.59
-0.75
-0.07
0.47
0.94
1.44
2.00
2.58
3.10
3.46
3.60
3.56
3.38
3.14
2.90
2.70
2.54
2.43
2.33
2.23
2.04
1.70
1.19
0.56
-0.12
-0.71
-1.11
-1.26
-1.19
-0.97
-0.75
-0.67
-0.85
-1.34
-2.06
-2.86
-3.49
-3.74
-3.49
-2.75
-1.66
-0.42
0.77
1.78
2.57
3.17
3.66
4.12
4.66
5.29
5.98
6.62
7.08
7.24
7.04
6.50
5.74
4.94
4.25
3.80
3.65
3.76
4.03
4.30
4.43
4.29
3.82
3.06
2.09
1.03
-0.04
-1.07
-2.05
-3.04
-4.12
-5.36
-6.77
-8.25
-9.61
-10.57
-10.92
-10.58
-9.64
-8.34
-6.98
-5.80
-4.90
-4.25
-3.69
-3.06
-2.26
-1.33
-0.39
0.39
0.90
1.14
1.19
1.14
1.08
1.01
0.93
0.83
0.77
0.80
0.96
1.22
1.50
1.73
1.85
1.83
1.69
1.45
1.13
0.78
0.47
0.24
0.10
-0.00
-0.18
-0.51
-0.98
-1.50
-1.89
-2.00
-1.78
-1.26
-0.57
0.16
0.90
1.66
2.48
3.40
4.36
5.23
5.87
6.18
6.17
5.90
5.51
5.11
4.75
4.46
4.23
4.10
4.09
4.27
4.66
5.22
5.86
6.44
6.83
6.94
6.71
6.15
5.28
4.14
2.80
1.37
-0.01
-1.25
-2.28
-3.14
-3.93
-4.74
-5.62
-6.52
-7.33
-7.94
-8.28
-8.38
-8.36
-8.36
-8.49
-8.79
-9.19
-9.59
-9.85
-9.89
-9.69
-9.31
-8.80
-8.23
-7.64
-7.08
-6.60
-6.24
-6.01
-5.84
-5.59
-5.16
-4.50
-3.67
-2.80
-2.02
-1.40
-0.90
-0.47
-0.08
0.24
0.45
0.47
0.36
0.18
0.03
-0.04
-0.07
-0.16
-0.34
-0.61
-0.88
-1.06
-1.15
-1.18
-1.24
-1.38
-1.57
-1.70
-1.70
-1.48
-1.07
-0.51
0.12
0.72
1.23
1.58
1.78
1.88
1.94
2.03
2.16
2.32
2.50
2.67
2.86
3.06
3.23
3.30
3.22
2.97
2.60
2.24
1.97
1.80
1.65
1.41
0.97
0.34
-0.41
-1.16
-1.79
-2.20
-2.35
-2.22
-1.82
-1.16
-0.31
0.67
1.66
2.58
3.37
4.00
4.49
4.87
5.18
5.46
5.67
5.76
5.63
5.23
4.58
3.83
3.18
2.80
2.77
3.03
3.40
3.67
3.65
3.30
2.66
1.89
1.16
0.57
0.16
-0.14
-0.43
-0.82
-1.36
-2.02
-2.74
-3.44
-4.05
-4.52
-4.80
-4.82
-4.56
-4.03
-3.33
-2.58
-1.92
-1.36
-0.88
-0.37
0.29
1.10
1.99
2.82
3.46
3.84
3.96
3.90
3.75
3.56
3.35
3.09
2.73
2.24
1.68
1.12
0.68
0.42
0.38
0.48
0.62
0.69
0.60
0.35
-0.03
-0.46
-0.88
-1.25
-1.55
-1.83
-2.13
-2.52
-3.04
-3.67
-4.29
-4.72
-4.79
-4.38
-3.55
-2.48
-1.42
-0.61
-0.14
0.08
0.23
0.53
1.07
1.83
2.63
3.26
3.57
3.51
3.15
2.67
2.24
1.99
1.95
2.07
2.26
2.44
2.57
2.60
2.50
2.19
1.60
0.73
-0.32
-1.39
-2.24
-2.71
-2.79
-2.60
-2.43
-2.52
-3.00
-3.82
-4.72
-5.36
-5.45
-4.89
-3.77
-2.36
-0.96
0.18
0.96
1.42
1.65
1.74
1.74
1.67
1.58
1.57
1.70
1.97
2.30
2.52
2.45
2.04
1.38
0.65
0.07
-0.23
-0.24
-0.07
0.14
0.29
0.30
0.16
-0.15
-0.66
-1.36
-2.22
-3.11
-3.92
-4.47
-4.65
-4.41
-3.78
-2.85
-1.79
-0.75
0.13
0.78
1.17
1.38
1.50
1.62
1.80
2.07
2.40
2.74
3.03
3.18
3.16
2.98
2.67
2.34
2.06
1.89
1.84
1.88
1.92
1.88
1.70
1.39
0.99
0.56
0.14
-0.24
-0.61
-0.99
-1.42
-1.92
-2.50
-3.14
-3.79
-4.38
-4.79
-4.92
-4.68
-4.09
-3.23
-2.25
-1.29
-0.44
0.29
0.96
1.62
2.30
2.96
3.52
3.90
4.08
4.08
3.97
3.82
3.64
3.43
3.16
2.86
2.59
2.48
2.54
2.72
2.84
2.75
2.35
1.67
0.87
0.10
-0.53
-0.96
-1.22
-1.34
-1.34
-1.27
-1.24
-1.40
-1.90
-2.79
-3.95
-5.14
-6.06
-6.48
-6.29
-5.60
-4.59
-3.46
-2.36
-1.34
-0.39
0.47
1.20
1.71
1.97
2.02
1.99
2.04
2.27
2.69
3.19
3.59
3.74
3.60
3.21
2.72
2.30
2.05
2.01
2.10
2.19
2.16
1.93
1.53
1.02
0.49
0.01
-0.41
-0.79
-1.18
-1.61
-2.12
-2.73
-3.46
-4.28
-5.06
-5.66
-5.89
-5.64
-4.94
-3.94
-2.83
-1.80
-0.96
-0.30
0.22
0.70
1.21
1.80
2.48
3.21
3.89
4.37
4.56
4.45
4.08
3.61
3.17
2.82
2.56
2.36
2.18
2.04
1.97
1.96
1.97
1.88
1.61
1.10
0.42
-0.34
-1.04
-1.61
-2.04
-2.39
-2.74
-3.15
-3.62
-4.14
-4.67
-5.15
-5.51
-5.68
-5.57
-5.12
-4.35
-3.34
-2.24
-1.22
-0.41
0.18
0.64
1.08
1.60
2.20
2.84
3.43
3.91
4.25
4.40
4.33
4.03
3.53
2.94
2.41
2.06
1.93
1.95
1.97
1.90
1.69
1.36
0.96
0.51
0.01
-0.54
-1.08
-1.52
-1.76
-1.79
-1.73
-1.76
-2.02
-2.61
-3.45
-4.35
-5.07
-5.42
-5.29
-4.70
-3.79
-2.73
-1.71
-0.85
-0.22
0.22
0.57
0.95
1.46
2.12
2.88
3.61
4.19
4.52
4.57
4.40
4.12
3.81
3.53
3.30
3.09
2.89
2.69
2.50
2.32
2.16
1.99
1.78
1.51
1.17
0.80
0.42
0.09
-0.19
-0.44
-0.67
-0.92
-1.21
-1.56
-2.04
-2.69
-3.53
-4.53
-5.49
-6.16
-6.29
-5.79
-4.75
-3.45
-2.20
-1.21
-0.56
-0.14
0.22
0.64
1.18
1.81
2.44
2.98
3.38
3.62
3.74
3.78
3.74
3.60
3.36
3.02
2.63
2.30
2.09
2.01
2.01
1.92
1.63
1.07
0.32
-0.46
-1.08
-1.43
-1.53
-1.49
-1.49
-1.65
-2.04
-2.63
-3.32
-3.98
-4.55
-5.02
-5.37
-5.59
-5.61
-5.33
-4.73
-3.81
-2.70
-1.58
-0.57
0.24
0.91
1.52
2.17
2.84
3.47
3.92
4.11
4.05
3.80
3.48
3.19
2.95
2.74
2.52
2.28
1.98
1.66
1.31
0.92
0.52
0.12
-0.25
-0.56
-0.79
-0.99
-1.18
-1.43
-1.76
-2.21
-2.78
-3.46
-4.16
-4.78
-5.18
-5.25
-4.93
-4.26
-3.33
-2.28
-1.25
-0.34
0.40
0.98
1.48
1.98
2.56
3.22
3.87
4.35
4.51
4.29
3.74
3.06
2.46
2.11
2.06
2.26
2.57
2.81
2.85
2.60
2.07
1.32
0.52
-0.20
-0.76
-1.14
-1.43
-1.71
-2.05
-2.48
-2.97
-3.47
-3.97
-4.46
-4.90
-5.19
-5.22
-4.86
-4.12
-3.10
-1.97
-0.94
-0.10
0.53
1.03
1.46
1.84
2.17
2.43
2.65
2.84
3.02
3.15
3.22
3.20
3.10
2.98
2.86
2.72
2.51
2.22
1.87
1.54
1.32
1.23
1.20
1.07
0.77
0.26
-0.36
-0.95
-1.42
-1.74
-1.96
-2.15
-2.37
-2.65
-3.02
-3.49
-4.04
-4.61
-5.08
-5.27
-5.06
-4.48
-3.65
-2.80
-2.07
-1.51
-1.01
-0.43
0.31
1.21
2.13
2.92
3.47
3.74
3.75
3.58
3.32
3.08
2.97
3.03
3.21
3.42
3.53
3.43
3.10
2.60
2.02
1.46
0.94
0.49
0.06
-0.33
-0.65
-0.88
-1.01
-1.07
-1.12
-1.25
-1.53
-1.95
-2.49
-3.08
-3.66
-4.19
-4.61
-4.90
-5.01
-4.90
-4.54
-3.97
-3.25
-2.50
-1.80
-1.16
-0.55
0.11
0.85
1.64
2.40
2.97
3.29
3.37
3.30
3.21
3.20
3.27
3.35
3.39
3.34
3.24
3.10
2.97
2.82
2.63
2.36
1.98
1.47
0.89
0.31
-0.18
-0.48
-0.54
-0.42
-0.24
-0.20
-0.43
-0.99
-1.84
-2.89
-3.99
-5.02
-5.82
-6.23
-6.10
-5.37
-4.15
-2.69
-1.32
-0.29
0.31
0.57
0.69
0.86
1.17
1.60
2.09
2.61
3.13
3.64
4.06
4.31
4.31
4.07
3.66
3.22
2.84
2.54
2.25
1.90
1.46
0.92
0.37
-0.13
-0.56
-0.89
-1.15
-1.35
-1.53
-1.72
-1.98
-2.36
-2.90
-3.56
-4.26
-4.87
-5.27
-5.38
-5.19
-4.74
-4.09
-3.32
-2.50
-1.71
-0.99
-0.36
0.18
0.67
1.17
1.69
2.21
2.69
3.09
3.39
3.62
3.80
3.92
3.96
3.87
3.65
3.34
3.01
2.73
2.55
2.42
2.30
2.12
1.82
1.41
0.93
0.43
-0.07
-0.53
-0.94
-1.29
-1.58
-1.83
-2.09
-2.47
-3.04
-3.84
-4.78
-5.67
-6.30
-6.50
-6.23
-5.56
-4.68
-3.74
-2.85
-2.04
-1.28
-0.52
0.22
0.91
1.50
1.94
2.22
2.40
2.54
2.71
2.94
3.22
3.46
3.60
3.61
3.49
3.32
3.20
3.16
3.20
3.24
3.17
2.91
2.43
1.80
1.12
0.51
0.04
-0.30
-0.57
-0.86
-1.25
-1.73
-2.25
-2.76
-3.24
-3.75
-4.35
-5.01
-5.65
-6.04
-5.98
-5.36
-4.27
-2.90
-1.53
-0.35
0.55
1.20
1.68
2.08
2.47
2.89
3.34
3.77
4.11
4.27
4.22
3.96
3.58
3.20
2.90
2.70
2.56
2.42
2.29
2.19
2.19
2.28
2.40
2.37
2.03
1.33
0.37
-0.58
-1.29
-1.63
-1.70
-1.76
-2.04
-2.67
-3.55
-4.51
-5.35
-5.98
-6.41
-6.65
-6.68
-6.42
-5.79
-4.82
-3.64
-2.45
-1.41
-0.57
0.14
0.79
1.46
2.13
2.74
3.21
3.47
3.57
3.57
3.57
3.65
3.80
3.98
4.12
4.16
4.09
3.92
3.67
3.34
2.90
2.37
1.77
1.18
0.64
0.14
-0.35
-0.89
-1.45
-1.98
-2.38
-2.62
-2.74
-2.88
-3.15
-3.59
-4.15
-4.68
-5.02
-5.03
-4.67
-3.97
-3.07
-2.13
-1.31
-0.65
-0.13
0.40
1.05
1.82
2.61
3.23
3.54
3.56
3.44
3.41
3.60
3.99
4.38
4.56
4.39
3.90
3.24
2.62
2.18
1.93
1.78
1.61
1.34
0.97
0.59
0.26
0.03
-0.16
-0.37
-0.68
-1.08
-1.55
-2.05
-2.59
-3.22
-3.93
-4.66
-5.26
-5.55
-5.41
-4.84
-4.00
-3.06
-2.18
-1.40
-0.72
-0.04
0.65
1.35
2.00
2.54
2.90
3.08
3.08
2.95
2.75
2.52
2.31
2.12
1.95
1.78
1.59
1.38
1.12
0.83
0.54
0.26
0.02
-0.20
-0.44
-0.75
-1.20
-1.77
-2.47
-3.23
-3.94
-4.50
-4.81
-4.79
-4.42
-3.76
-2.91
-2.03
-1.23
-0.56
-0.03
0.42
0.83
1.25
1.68
2.11
2.53
2.89
3.13
3.21
3.07
2.74
2.30
1.87
1.56
1.39
1.32
1.24
1.07
0.78
0.41
0.02
-0.35
-0.73
-1.17
-1.75
-2.45
-3.22
-3.96
-4.55
-4.92
-5.04
-4.93
-4.63
-4.17
-3.56
-2.82
-1.98
-1.06
-0.13
0.76
1.56
2.22
2.72
3.06
3.27
3.38
3.41
3.35
3.23
3.03
2.79
2.54
2.33
2.18
2.08
1.98
1.82
1.56
1.22
0.83
0.43
0.05
-0.30
-0.66
-1.04
-1.46
-1.91
-2.39
-2.90
-3.41
-3.92
-4.35
-4.61
-4.60
-4.26
-3.59
-2.64
-1.52
-0.34
0.77
1.73
2.44
2.89
3.08
3.11
3.08
3.07
3.13
3.21
3.23
3.14
2.91
2.56
2.17
1.80
1.49
1.25
1.05
0.89
0.76
0.67
0.63
0.66
0.78
1.01
1.34
1.70
1.98
2.05
1.81
1.21
0.27
-0.94
-2.30
-3.65
-4.75
-5.41
-5.44
-4.79
-3.57
-2.03
-0.44
1.00
2.22
3.31
4.41
5.55
6.65
7.48
7.80
7.46
6.49
5.08
3.49
1.93
0.55
-0.61
-1.62
-2.56
-3.48
-4.37
-5.17
-5.77
-6.05
-5.98
-5.60
-5.08
-4.60
-4.31
-4.25
-4.28
-4.22
-3.94
-3.44
-2.87
-2.43
-2.27
-2.42
-2.80
-3.26
-3.71
-4.04
-4.19
-4.10
-3.70
-3.03
-2.16
-1.25
-0.42
0.28
0.85
1.33
1.78
2.20
2.59
2.95
3.31
3.66
3.95
4.13
4.16
4.08
3.99
3.98
4.06
4.15
4.15
3.96
3.61
3.21
2.89
2.71
2.68
2.72
2.70
2.55
2.20
1.69
1.05
0.38
-0.26
-0.81
-1.30
-1.78
-2.31
-2.91
-3.53
-4.05
-4.34
-4.31
-3.94
-3.30
-2.51
-1.70
-0.95
-0.27
0.39
1.08
1.82
2.57
3.26
3.79
4.07
4.09
3.89
3.58
3.27
3.01
2.78
2.54
2.19
1.76
1.31
0.96
0.78
0.78
0.84
0.81
0.58
0.12
-0.50
-1.15
-1.74
-2.19
-2.52
-2.76
-2.96
-3.17
-3.44
-3.82
-4.34
-4.98
-5.70
-6.39
-6.92
-7.16
-7.01
-6.41
-5.42
-4.14
-2.79
-1.54
-0.54
0.19
0.72
1.19
1.69
2.23
2.75
3.15
3.37
3.44
3.43
3.42
3.44
3.44
3.37
3.23
3.05
2.90
2.82
2.77
2.61
2.25
1.63
0.81
-0.07
-0.84
-1.41
-1.75
-1.96
-2.16
-2.49
-3.01
-3.72
-4.52
-5.25
-5.76
-5.93
-5.71
-5.11
-4.23
-3.19
-2.12
-1.15
-0.36
0.23
0.70
1.13
1.60
2.10
2.54
2.83
2.93
2.90
2.89
3.04
3.36
3.75
4.05
4.07
3.75
3.13
2.40
1.73
1.26
1.06
1.05
1.10
1.03
0.73
0.21
-0.45
-1.12
-1.71
-2.21
-2.70
-3.23
-3.76
-4.15
-4.23
-3.90
-3.19
-2.26
-1.32
-0.53
0.11
0.65
1.21
1.81
2.45
3.04
3.48
3.69
3.67
3.46
3.11
2.69
2.26
1.82
1.41
1.03
0.70
0.43
0.23
0.11
0.03
-0.05
-0.15
-0.31
-0.55
-0.85
-1.19
-1.52
-1.86
-2.26
-2.77
-3.48
-4.36
-5.28
-5.99
-6.31
-6.10
-5.44
-4.52
-3.54
-2.66
-1.89
-1.17
-0.42
0.39
1.24
2.08
2.88
3.61
4.24
4.72
5.00
5.04
4.89
4.61
4.29
4.03
3.85
3.78
3.80
3.88
3.98
4.00
3.86
3.49
2.93
2.26
1.60
1.02
0.50
-0.01
-0.61
-1.36
-2.28
-3.32
-4.38
-5.30
-5.92
-6.13
-5.88
-5.20
-4.24
-3.16
-2.11
-1.18
-0.36
0.39
1.13
1.85
2.50
2.98
3.22
3.20
2.97
2.59
2.17
1.77
1.44
1.21
1.11
1.16
1.32
1.50
1.57
1.43
1.05
0.52
-0.00
-0.40
-0.61
-0.68
-0.75
-0.90
-1.20
-1.66
-2.23
-2.91
-3.64
-4.35
-4.92
-5.22
-5.15
-4.66
-3.81
-2.69
-1.46
-0.28
0.74
1.54
2.11
2.52
2.86
3.23
3.65
4.12
4.55
4.85
4.96
4.85
4.56
4.15
3.70
3.29
3.00
2.87
2.88
2.94
2.89
2.57
1.91
0.94
-0.21
-1.30
-2.14
-2.61
-2.76
-2.74
-2.78
-3.04
-3.59
-4.38
-5.23
-5.94
-6.34
-6.31
-5.87
-5.11
-4.18
-3.19
-2.25
-1.36
-0.49
0.39
1.28
2.11
2.79
3.26
3.50
3.55
3.49
3.39
3.30
3.23
3.16
3.05
2.88
2.62
2.30
1.95
1.62
1.35
1.17
1.03
0.85
0.58
0.17
-0.32
-0.81
-1.22
-1.52
-1.77
-2.05
-2.44
-3.01
-3.72
-4.48
-5.14
-5.58
-5.67
-5.35
-4.63
-3.59
-2.36
-1.13
-0.06
0.73
1.27
1.65
2.02
2.50
3.09
3.67
4.09
4.21
4.03
3.65
3.24
2.95
2.83
2.86
2.95
3.02
3.06
3.04
2.98
2.85
2.60
2.18
1.55
0.76
-0.10
-0.88
-1.49
-1.87
-2.07
-2.18
-2.31
-2.57
-3.03
-3.72
-4.60
-5.56
-6.38
-6.82
-6.64
-5.78
-4.38
-2.76
-1.28
-0.21
0.42
0.72
0.93
1.18
1.52
1.84
2.07
2.17
2.23
2.34
2.54
2.76
2.89
2.81
2.51
2.09
1.71
1.51
1.53
1.70
1.89
1.93
1.75
1.34
0.75
0.09
-0.57
-1.16
-1.65
-2.01
-2.24
-2.39
-2.54
-2.79
-3.24
-3.88
-4.60
-5.23
-5.58
-5.53
-5.07
-4.30
-3.35
-2.34
-1.37
-0.52
0.21
0.86
1.45
2.01
2.55
3.01
3.34
3.47
3.39
3.15
2.84
2.53
2.31
2.22
2.26
2.39
2.51
2.51
2.31
1.89
1.34
0.79
0.37
0.10
-0.06
-0.22
-0.48
-0.88
-1.40
-2.01
-2.65
-3.24
-3.72
-3.99
-3.99
-3.67
-3.07
-2.27
-1.42
-0.64
-0.03
0.41
0.70
0.91
1.09
1.27
1.44
1.59
1.69
1.73
1.69
1.56
1.33
1.02
0.68
0.41
0.25
0.23
0.27
0.27
0.14
-0.17
-0.62
-1.11
-1.57
-1.95
-2.27
-2.60
-3.01
-3.52
-4.10
-4.61
-4.93
-4.95
-4.62
-3.97
-3.10
-2.13
-1.17
-0.28
0.49
1.14
1.72
2.30
2.92
3.63
4.36
5.01
5.47
5.67
5.64
5.48
5.28
5.07
4.79
4.34
3.70
2.92
2.15
1.56
1.20
1.02
0.87
0.59
0.12
-0.50
-1.16
-1.75
-2.21
-2.60
-2.98
-3.44
-3.98
-4.52
-4.90
-4.97
-4.64
-3.94
-3.03
-2.09
-1.26
-0.60
-0.08
0.40
0.91
1.50
2.13
2.74
3.29
3.72
4.03
4.23
4.33
4.37
4.38
4.36
4.27
4.09
3.79
3.38
2.94
2.55
2.27
2.10
1.96
1.78
1.47
1.04
0.52
-0.00
-0.47
-0.84
-1.17
-1.57
-2.17
-3.06
-4.21
-5.41
-6.39
-6.89
-6.75
-6.02
-4.89
-3.61
-2.43
-1.48
-0.79
-0.32
0.01
0.30
0.64
1.12
1.72
2.36
2.89
3.21
3.25
3.10
2.86
2.62
2.41
2.19
1.88
1.51
1.15
0.91
0.85
0.93
1.04
1.02
0.80
0.36
-0.23
-0.85
-1.39
-1.81
-2.10
-2.33
-2.61
-3.02
-3.60
-4.27
-4.90
-5.29
-5.27
-4.77
-3.86
-2.70
-1.50
-0.45
0.39
1.00
1.46
1.87
2.25
2.61
2.86
2.92
2.79
2.52
2.24
2.08
2.10
2.24
2.38
2.40
2.21
1.82
1.33
0.83
0.38
0.00
-0.34
-0.70
-1.10
-1.54
-2.06
-2.64
-3.27
-3.89
-4.41
-4.70
-4.66
-4.24
-3.49
-2.55
-1.57
-0.69
0.02
0.60
1.13
1.72
2.40
3.14
3.81
4.31
4.54
4.52
4.30
3.94
3.49
2.97
2.42
1.92
1.55
1.40
1.45
1.56
1.56
1.30
0.75
0.01
-0.75
-1.34
-1.68
-1.80
-1.85
-1.99
-2.37
-3.02
-3.86
-4.73
-5.41
-5.73
-5.57
-4.94
-3.95
-2.76
-1.55
-0.45
0.50
1.26
1.88
2.40
2.87
3.32
3.74
4.09
4.30
4.31
4.10
3.73
3.28
2.89
2.66
2.60
2.65
2.71
2.67
2.49
2.17
1.78
1.35
0.88
0.37
-0.19
-0.74
-1.20
-1.50
-1.59
-1.52
-1.40
-1.44
-1.78
-2.48
-3.45
-4.48
-5.31
-5.71
-5.56
-4.87
-3.81
-2.63
-1.54
-0.69
-0.07
0.44
0.96
1.61
2.36
3.08
3.63
3.90
3.89
3.74
3.62
3.63
3.77
3.92
3.95
3.77
3.39
2.90
2.43
2.03
1.70
1.41
1.09
0.71
0.24
-0.29
-0.86
-1.40
-1.88
-2.28
-2.59
-2.83
-3.05
-3.29
-3.61
-4.08
-4.70
-5.45
-6.20
-6.78
-6.98
-6.68
-5.86
-4.64
-3.23
-1.85
-0.67
0.24
0.89
1.36
1.78
2.24
2.82
3.47
4.05
4.39
4.37
4.01
3.47
2.99
2.75
2.81
3.05
3.28
3.33
3.12
2.66
2.04
1.31
0.53
-0.25
-0.94
-1.45
-1.67
-1.60
-1.36
-1.18
-1.30
-1.86
-2.84
-4.07
-5.24
-6.05
-6.30
-5.91
-5.01
-3.79
-2.51
-1.39
-0.56
-0.05
0.23
0.43
0.72
1.18
1.80
2.43
2.91
3.09
2.94
2.56
2.14
1.81
1.66
1.64
1.64
1.56
1.36
1.01
0.56
0.06
-0.45
-0.94
-1.37
-1.70
-1.95
-2.17
-2.44
-2.87
-3.48
-4.21
-4.88
-5.26
-5.13
-4.41
-3.19
-1.72
-0.31
0.79
1.51
1.94
2.25
2.58
2.96
3.32
3.54
3.52
3.25
2.83
2.37
1.96
1.69
1.56
1.56
1.64
1.73
1.73
1.58
1.27
0.86
0.44
0.08
-0.20
-0.47
-0.81
-1.28
-1.89
-2.59
-3.34
-4.11
-4.86
-5.53
-6.02
-6.13
-5.73
-4.77
-3.38
-1.85
-0.48
0.51
1.12
1.50
1.88
2.36
2.95
3.47
3.76
3.75
3.51
3.21
3.00
2.98
3.12
3.33
3.52
3.60
3.53
3.30
2.93
2.42
1.82
1.19
0.55
-0.07
-0.68
-1.29
-1.87
-2.38
-2.82
-3.23
-3.68
-4.26
-4.98
-5.77
-6.45
-6.85
-6.82
-6.32
-5.45
-4.35
-3.17
-2.01
-0.92
0.10
1.06
1.97
2.82
3.59
4.25
4.73
4.96
4.89
4.55
4.07
3.64
3.45
3.60
3.99
4.45
4.73
4.71
4.37
3.81
3.15
2.47
1.75
0.95
0.08
-0.77
-1.44
-1.80
-1.85
-1.70
-1.57
-1.64
-2.01
-2.63
-3.43
-4.28
-5.14
-5.93
-6.58
-6.98
-6.97
-6.46
-5.51
-4.27
-3.00
-1.94
-1.17
-0.67
-0.28
0.16
0.76
1.48
2.22
2.82
3.15
3.18
2.95
2.59
2.22
1.91
1.65
1.44
1.28
1.22
1.35
1.71
2.23
2.76
3.05
2.96
2.48
1.73
0.96
0.37
0.08
0.06
0.19
0.31
0.25
-0.09
-0.74
-1.64
-2.65
-3.54
-4.05
-4.02
-3.39
-2.30
-0.99
0.28
1.34
2.14
2.73
3.19
3.59
3.96
4.26
4.48
4.59
4.58
4.48
4.31
4.12
3.94
3.80
3.69
3.61
3.51
3.36
3.13
2.80
2.36
1.81
1.14
0.37
-0.43
-1.17
-1.80
-2.29
-2.75
-3.30
-4.06
-5.03
-6.09
-7.00
-7.53
-7.51
-6.94
-5.96
-4.75
-3.50
-2.32
-1.31
-0.48
0.15
0.62
1.02
1.45
2.01
2.69
3.43
4.06
4.43
4.46
4.18
3.68
3.11
2.58
2.19
1.92
1.74
1.58
1.40
1.18
0.92
0.60
0.23
-0.22
-0.77
-1.47
-2.29
-3.26
-4.35
-5.47
-6.53
-7.35
-7.78
-7.68
-7.05
-5.98
-4.66
-3.33
-2.16
-1.27
-0.66
-0.25
0.05
0.38
0.78
1.27
1.80
2.29
2.66
2.88
2.96
2.97
2.94
2.90
2.87
2.83
2.76
2.64
2.45
2.18
1.83
1.41
0.97
0.55
0.17
-0.18
-0.55
-0.97
-1.48
-2.07
-2.72
-3.41
-4.10
-4.73
-5.22
-5.50
-5.49
-5.15
-4.49
-3.57
-2.47
-1.32
-0.23
0.70
1.44
2.03
2.59
3.18
3.83
4.43
4.82
4.88
4.62
4.18
3.79
3.59
3.59
3.65
3.57
3.20
2.56
1.81
1.16
0.81
0.82
1.11
1.46
1.62
1.42
0.79
-0.13
-1.11
-1.93
-2.44
-2.64
-2.68
-2.73
-2.92
-3.30
-3.76
-4.19
-4.46
-4.48
-4.26
-3.85
-3.31
-2.72
-2.12
-1.50
-0.85
-0.10
0.76
1.73
2.76
3.76
4.63
5.30
5.69
5.81
5.70
5.43
5.10
4.80
4.63
4.60
4.73
4.95
5.22
5.49
5.73
5.95
6.12
6.14
5.91
5.36
4.49
3.46
2.48
1.75
1.34
1.16
1.01
0.72
0.18
-0.58
-1.48
-2.41
-3.28
-4.01
-4.49
-4.60
-4.28
-3.54
-2.55
-1.54
-0.75
-0.29
-0.12
-0.05
0.10
0.44
0.94
1.45
1.82
1.96
1.85
1.57
1.24
0.94
0.74
0.64
0.60
0.54
0.37
0.01
-0.55
-1.27
-2.06
-2.84
-3.55
-4.22
-4.90
-5.62
-6.34
-6.94
-7.32
-7.42
-7.31
-7.12
-7.01
-7.11
-7.44
-7.92
-8.40
-8.73
-8.75
-8.36
-7.56
-6.43
-5.18
-4.06
-3.27
-2.89
-2.82
-2.82
-2.65
-2.11
-1.22
-0.12
0.95
1.78
2.28
2.47
2.48
2.44
2.47
2.59
2.79
3.01
3.19
3.28
3.23
2.99
2.54
1.93
1.25
0.64
0.21
-0.01
-0.11
-0.24
-0.53
-1.05
-1.75
-2.48
-3.04
-3.27
-3.09
-2.53
-1.73
-0.88
-0.15
0.38
0.77
1.14
1.63
2.30
3.08
3.81
4.35
4.60
4.56
4.29
3.85
3.30
2.69
2.08
1.57
1.24
1.12
1.18
1.28
1.29
1.12
0.74
0.19
-0.44
-1.08
-1.68
-2.26
-2.84
-3.46
-4.11
-4.79
-5.46
-6.04
-6.46
-6.64
-6.52
-6.10
-5.40
-4.49
-3.47
-2.45
-1.50
-0.63
0.17
0.95
1.74
2.49
3.11
3.50
3.61
3.49
3.29
3.19
3.30
3.62
4.04
4.42
4.61
4.55
4.25
3.77
3.19
2.59
1.98
1.38
0.77
0.14
-0.49
-1.10
-1.66
-2.18
-2.67
-3.20
-3.75
-4.26
-4.59
-4.62
-4.28
-3.63
-2.81
-1.93
-1.05
-0.15
0.83
1.85
2.84
3.67
4.26
4.65
4.90
5.10
5.26
5.35
5.31
5.09
4.71
4.28
3.87
3.60
3.51
3.58
3.73
3.83
3.74
3.36
2.72
1.94
1.23
0.75
0.51
0.41
0.27
-0.10
-0.75
-1.64
-2.68
-3.72
-4.67
-5.44
-5.96
-6.13
-5.89
-5.22
-4.22
-3.05
-1.91
-0.94
-0.23
0.27
0.65
1.03
1.47
1.97
2.46
2.87
3.16
3.33
3.45
3.54
3.58
3.54
3.35
3.01
2.59
2.21
1.99
1.93
1.98
1.99
1.83
1.44
0.84
0.12
-0.62
-1.30
-1.85
-2.23
-2.42
-2.47
-2.51
-2.67
-3.04
-3.66
-4.41
-5.13
-5.65
-5.84
-5.64
-5.11
-4.33
-3.42
-2.47
-1.56
-0.75
-0.05
0.55
1.08
1.58
2.06
2.51
2.89
3.18
3.32
3.30
3.12
2.80
2.40
1.97
1.60
1.35
1.28
1.35
1.52
1.68
1.72
1.55
1.15
0.55
-0.15
-0.87
-1.51
-2.01
-2.37
-2.67
-3.00
-3.46
-4.07
-4.72
-5.21
-5.37
-5.06
-4.33
-3.36
-2.37
-1.47
-0.70
0.03
0.83
1.69
2.54
3.25
3.73
3.98
4.07
4.10
4.15
4.21
4.24
4.20
4.06
3.84
3.54
3.17
2.72
2.18
1.57
0.91
0.24
-0.38
-0.95
-1.43
-1.87
-2.29
-2.77
-3.39
-4.16
-4.97
-5.64
-5.93
-5.69
-4.93
-3.81
-2.58
-1.48
-0.60
0.08
0.67
1.27
1.89
2.47
2.94
3.26
3.46
3.59
3.71
3.83
3.94
4.01
4.00
3.88
3.67
3.38
3.05
2.69
2.32
1.97
1.64
1.35
1.08
0.81
0.53
0.24
-0.05
-0.31
-0.55
-0.82
-1.24
-1.93
-2.91
-4.08
-5.18
-5.92
-6.07
-5.53
-4.40
-2.92
-1.36
0.02
1.08
1.83
2.36
2.86
3.48
4.30
5.28
6.31
7.24
7.98
8.51
8.88
9.17
9.43
9.69
9.98
10.34
10.87
11.68
12.82
14.21
15.62
16.74
17.30
17.16
16.43
15.44
14.60
14.25
14.59
15.54
16.89
18.35
19.63
20.52
20.87
20.64
19.85
18.62
17.13
15.58
13.99
12.21
9.92
6.72
2.38
-3.01
-8.99
-14.88
-19.96
-23.71
-25.98
-26.93
-26.94
-26.48
-25.95
-25.63
-25.62
-25.97
-26.62
-27.52
-28.56
-29.66
-30.67
-31.50
-32.06
-32.39
-32.59
-32.83
-33.28
-34.05
-35.12
-36.39
-37.68
-38.81
-39.61
-39.91
-39.58
-38.49
-36.56
-33.80
-30.32
-26.28
-21.87
-17.25
-12.42
-7.24
-1.51
4.93
12.02
19.43
26.58
32.83
37.61
40.68
42.06
42.01
40.89
39.04
36.73
34.13
31.40
28.67
26.03
23.56
21.23
18.99
16.75
14.43
11.97
9.33
6.53
3.61
0.70
-2.06
-4.51
-6.55
-8.15
-9.35
-10.28
-11.04
-11.76
-12.50
-13.32
-14.19
-15.03
-15.68
-15.94
-15.63
-14.68
-13.13
-11.15
-8.98
-6.89
-5.04
-3.48
-2.17
-0.99
0.18
1.39
2.58
3.64
4.46
5.00
5.30
5.44
5.51
5.53
5.46
5.30
5.04
4.73
4.46
4.26
4.14
4.07
4.00
3.89
3.65
3.24
2.60
1.77
0.82
-0.09
-0.84
-1.33
-1.52
-1.43
-1.05
-0.40
0.51
1.62
2.82
3.97
4.97
5.81
6.52
7.14
7.66
8.00
8.10
7.96
7.66
7.37
7.26
7.40
7.76
8.28
8.87
9.49
10.15
10.90
11.74
12.71
13.79
14.95
16.10
17.04
17.47
17.05
15.56
13.00
9.62
5.88
2.32
-0.64
-2.73
-3.92
-4.34
-4.15
-3.52
-2.57
-1.39
-0.05
1.37
2.74
3.93
4.81
5.35
5.57
5.61
5.60
5.61
5.63
5.54
5.21
4.50
3.34
1.74
-0.26
-2.61
-5.22
-8.04
-10.97
-13.89
-16.69
-19.24
-21.40
-23.04
-24.05
-24.34
-23.87
-22.70
-20.97
-18.87
-16.56
-14.20
-11.87
-9.66
-7.61
-5.76
-4.15
-2.76
-1.58
-0.61
0.15
0.61
0.76
0.61
0.29
-0.00
-0.11
0.02
0.31
0.61
0.75
0.67
0.41
0.06
-0.28
-0.58
-0.85
-1.14
-1.50
-1.94
-2.46
-3.03
-3.61
-4.19
-4.74
-5.17
-5.38
-5.21
-4.54
-3.35
-1.73
0.08
1.84
3.33
4.49
5.40
6.21
7.07
8.03
9.03
9.95
10.67
11.13
11.34
11.38
11.36
11.31
11.26
11.13
10.85
10.38
9.72
8.93
8.10
7.30
6.56
5.87
5.20
4.51
3.80
3.07
2.32
1.54
0.77
-0.00
-0.74
-1.42
-2.08
-2.73
-3.44
-4.24
-5.11
-5.97
-6.70
-7.18
-7.35
-7.18
-6.73
-6.03
-5.13
-4.09
-2.93
-1.74
-0.62
0.32
1.02
1.45
1.67
1.74
1.79
1.86
2.01
2.18
2.34
2.40
2.31
2.05
1.68
1.27
0.91
0.66
0.55
0.58
0.73
0.92
1.04
0.99
0.67
0.10
-0.61
-1.30
-1.83
-2.17
-2.41
-2.71
-3.17
-3.77
-4.33
-4.60
-4.38
-3.61
-2.43
-1.09
0.13
1.04
1.62
1.95
2.17
2.41
2.75
3.13
3.46
3.61
3.53
3.26
2.90
2.61
2.47
2.48
2.49
2.39
2.06
1.53
0.94
0.46
0.22
0.20
0.28
0.26
-0.06
-0.73
-1.66
-2.66
-3.50
-4.07
-4.35
-4.44
-4.39
-4.23
-3.87
-3.22
-2.30
-1.20
-0.13
0.72
1.26
1.54
1.69
1.83
2.01
2.21
2.34
2.38
2.32
2.24
2.22
2.28
2.39
2.46
2.40
2.18
1.85
1.53
1.34
1.37
1.59
1.87
2.04
1.93
1.46
0.66
-0.32
-1.30
-2.14
-2.79
-3.30
-3.78
-4.26
-4.71
-4.98
-4.94
-4.52
-3.77
-2.84
-1.88
-0.98
-0.20
0.46
0.98
1.33
1.50
1.48
1.32
1.07
0.82
0.61
0.50
0.50
0.63
0.86
1.14
1.36
1.41
1.21
0.75
0.12
-0.58
-1.24
-1.82
-2.34
-2.86
-3.47
-4.18
-4.92
-5.54
-5.86
-5.73
-5.12
-4.13
-2.95
-1.81
-0.85
-0.16
0.31
0.65
0.99
1.39
1.87
2.38
2.87
3.26
3.50
3.60
3.59
3.55
3.55
3.61
3.74
3.87
3.90
3.74
3.34
2.70
1.90
1.06
0.33
-0.20
-0.50
-0.63
-0.70
-0.78
-0.92
-1.12
-1.36
-1.65
-2.01
-2.48
-3.07
-3.75
-4.46
-5.16
-5.80
-6.34
-6.68
-6.73
-6.40
-5.66
-4.62
-3.50
-2.49
-1.75
-1.26
-0.91
-0.53
-0.02
0.63
1.34
1.96
2.38
2.57
2.57
2.48
2.37
2.27
2.17
2.04
1.89
1.74
1.63
1.57
1.53
1.42
1.16
0.71
0.09
-0.64
-1.37
-2.02
-2.57
-3.05
-3.49
-3.93
-4.40
-4.87
-5.35
-5.83
-6.26
-6.56
-6.60
-6.25
-5.46
-4.31
-3.00
-1.80
-0.89
-0.31
0.09
0.52
1.14
1.93
2.76
3.41
3.74
3.73
3.51
3.25
3.05
2.93
2.83
2.68
2.46
2.22
2.01
1.82
1.61
1.31
0.86
0.27
-0.43
-1.17
-1.89
-2.57
-3.21
-3.80
-4.36
-4.91
-5.44
-5.94
-6.35
-6.56
-6.43
-5.89
-4.98
-3.83
-2.65
-1.61
-0.75
-0.03
0.72
1.56
2.50
3.44
4.26
4.87
5.23
5.38
5.35
5.16
4.81
4.39
3.96
3.64
3.45
3.34
3.19
2.90
2.43
1.84
1.23
0.64
0.09
-0.44
-0.93
-1.33
-1.56
-1.61
-1.52
-1.45
-1.58
-2.07
-2.93
-4.09
-5.38
-6.56
-7.40
-7.73
-7.44
-6.56
-5.25
-3.77
-2.37
-1.24
-0.41
0.24
0.93
1.83
2.99
4.29
5.50
6.39
6.83
6.83
6.56
6.22
5.96
5.86
5.89
5.95
5.96
5.85
5.64
5.34
5.01
4.69
4.34
3.90
3.31
2.57
1.75
1.02
0.49
0.19
0.03
-0.15
-0.49
-1.08
-1.90
-2.92
-4.08
-5.31
-6.46
-7.33
-7.69
-7.43
-6.55
-5.26
-3.81
-2.45
-1.31
-0.38
0.43
1.23
2.09
2.99
3.86
4.58
5.05
5.25
5.24
5.16
5.13
5.19
5.27
5.24
4.98
4.50
3.88
3.27
2.77
2.41
2.14
1.85
1.45
0.92
0.31
-0.30
-0.83
-1.26
-1.64
-2.08
-2.70
-3.55
-4.59
-5.68
-6.61
-7.18
-7.28
-6.91
-6.17
-5.18
-4.10
-2.99
-1.93
-0.95
-0.09
0.61
1.16
1.62
2.07
2.58
3.17
3.77
4.24
4.44
4.33
3.95
3.47
3.06
2.82
2.73
2.66
2.46
2.02
1.38
0.68
0.12
-0.15
-0.18
-0.13
-0.27
-0.75
-1.59
-2.63
-3.62
-4.36
-4.75
-4.82
-4.61
-4.18
-3.54
-2.70
-1.69
-0.64
0.34
1.15
1.80
2.39
3.03
3.75
4.47
5.04
5.30
5.21
4.83
4.34
3.95
3.76
3.79
3.91
3.93
3.70
3.20
2.49
1.71
1.02
0.47
0.04
-0.35
-0.79
-1.31
-1.93
-2.61
-3.36
-4.16
-4.96
-5.66
-6.09
-6.10
-5.64
-4.81
-3.80
-2.82
-2.02
-1.39
-0.83
-0.22
0.52
1.37
2.24
3.01
3.61
4.02
4.26
4.35
4.34
4.24
4.08
3.89
3.71
3.54
3.37
3.14
2.80
2.35
1.80
1.21
0.63
0.05
-0.51
-1.05
-1.56
-2.02
-2.46
-2.95
-3.58
-4.38
-5.30
-6.15
-6.67
-6.68
-6.12
-5.15
-4.00
-2.91
-1.98
-1.18
-0.39
0.47
1.40
2.30
3.05
3.56
3.82
3.89
3.84
3.70
3.52
3.35
3.26
3.32
3.54
3.86
4.15
4.29
4.18
3.83
3.29
2.67
2.03
1.39
0.75
0.10
-0.56
-1.18
-1.71
-2.08
-2.28
-2.36
-2.44
-2.70
-3.26
-4.15
-5.29
-6.45
-7.40
-7.92
-7.89
-7.37
-6.46
-5.35
-4.20
-3.12
-2.16
-1.34
-0.61
0.07
0.76
1.52
2.34
3.19
3.98
4.61
4.99
5.10
4.98
4.71
4.38
4.09
3.85
3.68
3.56
3.49
3.43
3.35
3.19
2.89
2.39
1.69
0.86
0.01
-0.71
-1.19
-1.39
-1.35
-1.22
-1.15
-1.31
-1.77
-2.51
-3.44
-4.40
-5.27
-5.97
-6.44
-6.65
-6.59
-6.22
-5.55
-4.64
-3.63
-2.65
-1.80
-1.11
-0.50
0.09
0.73
1.42
2.06
2.55
2.83
2.87
2.73
2.47
2.12
1.69
1.20
0.69
0.25
-0.00
-0.02
0.14
0.32
0.33
0.03
-0.54
-1.24
-1.89
-2.37
-2.71
-3.01
-3.40
-3.96
-4.66
-5.41
-6.12
-6.72
-7.19
-7.45
-7.42
-6.97
-6.03
-4.65
-3.01
-1.40
-0.04
0.95
1.63
2.17
2.73
3.40
4.11
4.73
5.15
5.30
5.25
5.14
5.07
5.08
5.13
5.14
5.06
4.91
4.75
4.58
4.37
4.04
3.51
2.78
1.93
1.10
0.41
-0.10
-0.50
-0.89
-1.34
-1.91
-2.53
-3.08
-3.43
-3.47
-3.12
-2.38
-1.31
-0.08
1.15
2.16
2.84
3.19
3.33
3.48
3.85
4.51
5.36
6.19
6.70
6.72
6.24
5.37
4.30
3.15
2.03
0.95
-0.03
-0.83
-1.40
-1.72
-1.87
-2.03
-2.36
-2.92
-3.62
-4.29
-4.75
-4.94
-4.97
-5.03
-5.31
-5.91
-6.75
-7.67
-8.44
-8.92
-9.02
-8.73
-8.11
-7.24
-6.21
-5.12
-4.04
-2.98
-1.91
-0.80
0.34
1.46
2.48
3.31
3.91
4.28
4.46
4.50
4.48
4.51
4.71
5.17
5.83
6.56
7.12
7.33
7.15
6.65
6.01
5.34
4.66
3.93
3.11
2.25
1.46
0.87
0.49
0.24
-0.06
-0.56
-1.36
-2.41
-3.60
-4.80
-5.83
-6.53
-6.78
-6.52
-5.76
-4.62
-3.30
-1.98
-0.81
0.11
0.79
1.24
1.56
1.86
2.27
2.83
3.48
4.08
4.46
4.52
4.28
3.90
3.54
3.32
3.22
3.17
3.07
2.91
2.71
2.55
2.48
2.46
2.39
2.16
1.74
1.14
0.46
-0.22
-0.82
-1.34
-1.77
-2.17
-2.58
-3.07
-3.70
-4.48
-5.39
-6.31
-7.05
-7.45
-7.37
-6.80
-5.80
-4.54
-3.16
-1.82
-0.61
0.41
1.24
1.89
2.40
2.80
3.07
3.20
3.19
3.09
2.97
2.95
3.07
3.32
3.61
3.85
3.98
3.98
3.83
3.52
3.04
2.37
1.54
0.60
-0.31
-1.10
-1.67
-2.02
-2.18
-2.23
-2.28
-2.43
-2.76
-3.32
-4.07
-4.90
-5.63
-6.06
-6.01
-5.41
-4.33
-2.95
-1.55
-0.37
0.46
0.97
1.34
1.76
2.33
3.00
3.59
3.92
3.92
3.68
3.41
3.30
3.41
3.67
3.88
3.87
3.57
3.03
2.34
1.61
0.88
0.15
-0.59
-1.31
-1.93
-2.39
-2.66
-2.82
-2.97
-3.23
-3.66
-4.25
-4.89
-5.41
-5.66
-5.54
-5.01
-4.15
-3.10
-2.00
-0.99
-0.16
0.48
0.95
1.34
1.72
2.14
2.62
3.10
3.48
3.65
3.54
3.23
2.86
2.56
2.42
2.39
2.30
2.05
1.59
1.01
0.49
0.10
-0.13
-0.31
-0.53
-0.85
-1.20
-1.52
-1.78
-2.06
-2.49
-3.14
-3.91
-4.60
-4.96
-4.83
-4.23
-3.34
-2.35
-1.43
-0.58
0.26
1.16
2.11
3.00
3.70
4.10
4.18
4.00
3.71
3.43
3.28
3.33
3.60
4.01
4.39
4.56
4.37
3.81
3.01
2.17
1.49
1.06
0.81
0.61
0.33
-0.05
-0.48
-0.86
-1.16
-1.44
-1.78
-2.28
-2.97
-3.78
-4.61
-5.38
-5.98
-6.36
-6.46
-6.23
-5.65
-4.77
-3.71
-2.66
-1.77
-1.12
-0.64
-0.18
0.41
1.19
2.15
3.12
3.93
4.44
4.65
4.64
4.57
4.57
4.67
4.80
4.83
4.65
4.22
3.63
3.06
2.66
2.48
2.45
2.36
2.05
1.44
0.62
-0.23
-0.93
-1.42
-1.73
-1.98
-2.28
-2.69
-3.19
-3.73
-4.25
-4.73
-5.16
-5.55
-5.88
-6.08
-6.08
-5.81
-5.21
-4.33
-3.31
-2.29
-1.39
-0.63
0.07
0.85
1.77
2.80
3.78
4.55
4.97
5.08
4.94
4.68
4.35
3.99
3.67
3.47
3.43
3.55
3.73
3.78
3.56
3.07
2.40
1.76
1.29
1.02
0.85
0.65
0.36
0.02
-0.28
-0.46
-0.57
-0.71
-1.03
-1.59
-2.34
-3.15
-3.93
-4.59
-5.11
-5.51
-5.73
-5.73
-5.42
-4.79
-3.91
-2.90
-1.88
-0.95
-0.11
0.69
1.48
2.30
3.08
3.73
4.14
4.23
4.03
3.67
3.31
3.13
3.16
3.33
3.48
3.48
3.28
2.91
2.49
2.08
1.70
1.32
0.90
0.43
-0.09
-0.62
-1.14
-1.60
-1.98
-2.27
-2.50
-2.76
-3.15
-3.72
-4.46
-5.20
-5.77
-6.00
-5.83
-5.31
-4.57
-3.73
-2.89
-2.10
-1.40
-0.79
-0.28
0.16
0.54
0.86
1.11
1.25
1.24
1.08
0.78
0.41
0.06
-0.13
-0.09
0.20
0.64
1.06
1.25
1.10
0.60
-0.14
-0.92
-1.61
-2.16
-2.60
-2.99
-3.37
-3.77
-4.18
-4.59
-5.01
-5.43
-5.76
-5.90
-5.69
-5.09
-4.10
-2.87
-1.58
-0.41
0.56
1.35
2.04
2.74
3.49
4.21
4.79
5.09
5.05
4.74
4.27
3.80
3.41
3.14
2.98
2.89
2.85
2.81
2.71
2.43
1.91
1.16
0.27
-0.60
-1.31
-1.81
-2.19
-2.60
-3.17
-3.90
-4.69
-5.34
-5.68
-5.59
-5.09
-4.29
-3.35
-2.39
-1.46
-0.56
0.36
1.30
2.22
3.04
3.68
4.15
4.48
4.73
4.94
5.05
5.00
4.77
4.43
4.11
3.92
3.85
3.80
3.62
3.21
2.64
2.06
1.62
1.38
1.25
1.09
0.77
0.28
-0.32
-0.91
-1.44
-1.90
-2.33
-2.78
-3.24
-3.71
-4.18
-4.67
-5.24
-5.89
-6.58
-7.18
-7.52
-7.45
-6.90
-5.93
-4.68
-3.35
-2.09
-0.99
-0.02
0.86
1.70
2.52
3.27
3.91
4.39
4.69
4.83
4.84
4.78
4.67
4.54
4.40
4.26
4.17
4.14
4.16
4.19
4.16
4.01
3.72
3.34
2.89
2.42
1.89
1.32
0.68
0.02
-0.60
-1.15
-1.61
-2.03
-2.48
-3.04
-3.76
-4.63
-5.64
-6.69
-7.65
-8.33
-8.55
-8.18
-7.23
-5.85
-4.28
-2.79
-1.54
-0.59
0.14
0.81
1.59
2.51
3.53
4.49
5.21
5.56
5.56
5.33
5.04
4.83
4.77
4.79
4.76
4.53
4.07
3.46
2.86
2.45
2.32
2.41
2.57
2.63
2.46
2.02
1.38
0.66
-0.03
-0.61
-1.06
-1.39
-1.68
-2.02
-2.53
-3.28
-4.24
-5.29
-6.23
-6.86
-7.06
-6.77
-6.05
-4.98
-3.69
-2.34
-1.08
-0.06
0.69
1.24
1.74
2.41
3.31
4.38
5.40
6.13
6.41
6.26
5.84
5.39
5.12
5.12
5.40
5.87
6.41
6.90
7.28
7.47
7.44
7.19
6.77
6.32
6.05
6.14
6.70
7.65
8.62
9.03
8.32
6.10
2.37
-2.46
-7.67
-12.50
-16.34
-18.90
-20.14
-20.27
-19.51
-18.12
-16.40
-14.68
-13.27
-12.42
-12.18
-12.32
-12.50
-12.33
-11.61
-10.32
-8.67
-6.90
-5.22
-3.69
-2.26
-0.86
0.58
2.03
3.36
4.44
5.10
5.28
4.97
4.32
3.50
2.72
2.14
1.83
1.78
1.87
2.00
2.05
1.93
1.55
0.90
0.01
-1.02
-2.03
-2.83
-3.24
-3.17
-2.65
-1.82
-0.87
0.03
0.77
1.37
1.91
2.48
3.19
4.02
4.93
5.83
6.68
7.47
8.28
9.17
10.21
11.37
12.53
13.55
14.26
14.50
14.13
13.05
11.21
8.68
5.64
2.40
-0.70
-3.34
-5.35
-6.73
-7.58
-8.08
-8.35
-8.38
-8.12
-7.49
-6.48
-5.19
-3.78
-2.39
-1.10
0.12
1.28
2.39
3.38
4.12
4.57
4.73
4.69
4.52
4.24
3.80
3.15
2.33
1.47
0.78
0.42
0.45
0.77
1.22
1.63
1.91
2.02
1.96
1.72
1.29
0.65
-0.17
-1.00
-1.64
-1.90
-1.65
-0.92
0.13
1.22
2.06
2.39
2.06
1.08
-0.45
-2.36
-4.40
-6.29
-7.79
-8.69
-8.86
-8.34
-7.26
-5.83
-4.29
-2.80
-1.44
-0.23
0.82
1.71
2.44
3.06
3.60
4.11
4.54
4.79
4.71
4.26
3.47
2.51
1.56
0.78
0.21
-0.20
-0.51
-0.75
-0.90
-0.91
-0.72
-0.34
0.19
0.80
1.40
1.89
2.19
2.22
1.97
1.46
0.79
0.07
-0.64
-1.31
-2.02
-2.87
-3.91
-5.18
-6.59
-8.00
-9.27
-10.22
-10.69
-10.54
-9.70
-8.17
-6.09
-3.71
-1.33
0.82
2.62
4.12
5.49
6.89
8.39
9.94
11.40
12.59
13.44
13.91
14.06
13.94
13.55
12.92
12.07
11.04
9.91
8.67
7.32
5.80
4.06
2.16
0.23
-1.61
-3.26
-4.74
-6.15
-7.61
-9.20
-10.90
-12.56
-14.05
-15.23
-16.01
-16.37
-16.32
-15.96
-15.38
-14.70
-14.01
-13.30
-12.47
-11.36
-9.83
-7.87
-5.53
-2.99
-0.40
2.07
4.35
6.33
7.92
9.02
9.59
9.66
9.34
8.77
8.11
7.47
6.90
6.44
6.06
5.75
5.46
5.14
4.79
4.44
4.13
3.88
3.61
3.23
2.61
1.69
0.51
-0.83
-2.19
-3.49
-4.69
-5.79
-6.76
-7.55
-8.09
-8.33
-8.28
-8.06
-7.83
-7.73
-7.81
-8.01
-8.18
-8.13
-7.72
-6.88
-5.68
-4.24
-2.74
-1.40
-0.37
0.30
0.68
0.92
1.19
1.57
2.00
2.35
2.49
2.43
2.28
2.22
2.37
2.70
3.04
3.22
3.13
2.81
2.43
2.15
2.10
2.26
2.51
2.68
2.60
2.24
1.67
1.03
0.50
0.17
-0.03
-0.23
-0.60
-1.22
-2.04
-2.87
-3.51
-3.81
-3.75
-3.39
-2.83
-2.17
-1.49
-0.85
-0.26
0.27
0.78
1.33
1.96
2.68
3.41
4.03
4.44
4.56
4.42
4.09
3.73
3.46
3.36
3.44
3.61
3.74
3.72
3.54
3.26
3.01
2.89
2.89
2.89
2.75
2.38
1.82
1.19
0.64
0.20
-0.16
-0.57
-1.13
-1.88
-2.77
-3.67
-4.43
-4.92
-5.02
-4.69
-3.99
-3.07
-2.12
-1.33
-0.78
-0.43
-0.16
0.19
0.71
1.38
2.15
2.90
3.57
4.07
4.34
4.34
4.07
3.60
3.04
2.54
2.20
2.05
2.06
2.20
2.40
2.63
2.81
2.82
2.53
1.88
0.91
-0.18
-1.12
-1.70
-1.79
-1.49
-1.01
-0.61
-0.47
-0.69
-1.24
-2.01
-2.88
-3.73
-4.45
-4.92
-5.01
-4.66
-3.90
-2.86
-1.76
-0.77
0.02
0.68
1.32
2.08
3.00
3.99
4.85
5.43
5.62
5.46
5.11
4.75
4.53
4.52
4.71
4.98
5.23
5.38
5.39
5.31
5.18
5.03
4.90
4.76
4.56
4.28
3.89
3.39
2.83
2.25
1.70
1.17
0.63
0.03
-0.67
-1.50
-2.47
-3.53
-4.65
-5.78
-6.87
-7.85
-8.64
-9.15
-9.31
-9.13
-8.65
-7.98
-7.22
-6.45
-5.68
-4.92
-4.15
-3.38
-2.64
-1.95
-1.33
-0.78
-0.32
0.03
0.26
0.39
0.48
0.60
0.82
1.12
1.42
1.64
1.74
1.74
1.71
1.68
1.62
1.43
1.07
0.54
-0.04
-0.51
-0.74
-0.75
-0.62
-0.53
-0.63
-0.97
-1.53
-2.19
-2.81
-3.23
-3.34
-3.08
-2.51
-1.72
-0.88
-0.10
0.55
1.07
1.51
1.94
2.35
2.76
3.13
3.46
3.73
3.91
3.94
3.77
3.40
2.93
2.52
2.30
2.37
2.69
3.09
3.37
3.35
2.96
2.30
1.51
0.78
0.25
-0.08
-0.27
-0.42
-0.64
-1.02
-1.57
-2.28
-3.10
-3.92
-4.65
-5.17
-5.39
-5.26
-4.81
-4.14
-3.36
-2.62
-1.99
-1.49
-1.07
-0.64
-0.13
0.47
1.09
1.61
1.92
2.01
1.98
1.99
2.20
2.62
3.16
3.64
3.92
3.93
3.70
3.31
2.82
2.26
1.63
0.97
0.31
-0.27
-0.75
-1.13
-1.49
-1.90
-2.35
-2.80
-3.17
-3.46
-3.74
-4.11
-4.62
-5.19
-5.60
-5.63
-5.13
-4.13
-2.86
-1.59
-0.55
0.22
0.78
1.26
1.72
2.15
2.50
2.76
2.98
3.27
3.67
4.19
4.74
5.20
5.50
5.60
5.52
5.32
5.02
4.69
4.39
4.20
4.14
4.19
4.27
4.29
4.20
4.05
3.90
3.80
3.72
3.56
3.24
2.76
2.20
1.67
1.21
0.74
0.15
-0.65
-1.59
-2.49
-3.11
-3.31
-3.13
-2.75
-2.41
-2.28
-2.38
-2.60
-2.81
-2.93
-3.00
-3.08
-3.27
-3.62
-4.13
-4.76
-5.48
-6.22
-6.93
-7.50
-7.84
-7.89
-7.63
-7.13
-6.52
-5.89
-5.30
-4.70
-4.04
-3.28
-2.46
-1.65
-0.98
-0.48
-0.13
0.14
0.36
0.48
0.39
-0.02
-0.74
-1.60
-2.31
-2.61
-2.33
-1.51
-0.34
0.94
2.10
2.98
3.53
3.76
3.75
3.63
3.54
3.57
3.77
4.08
4.38
4.54
4.53
4.36
4.13
3.93
3.79
3.68
3.51
3.19
2.70
2.09
1.47
0.96
0.61
0.42
0.32
0.20
-0.07
-0.56
-1.32
-2.31
-3.43
-4.50
-5.33
-5.80
-5.90
-5.67
-5.24
-4.71
-4.15
-3.63
-3.17
-2.82
-2.60
-2.47
-2.36
-2.17
-1.84
-1.39
-0.89
-0.48
-0.24
-0.19
-0.27
-0.41
-0.52
-0.58
-0.61
-0.61
-0.59
-0.52
-0.40
-0.28
-0.25
-0.42
-0.82
-1.40
-2.00
-2.49
-2.82
-3.05
-3.33
-3.74
-4.23
-4.58
-4.55
-3.96
-2.86
-1.50
-0.22
0.71
1.24
1.49
1.73
2.15
2.81
3.61
4.37
4.94
5.26
5.36
5.28
5.07
4.72
4.24
3.67
3.11
2.66
2.38
2.27
2.24
2.19
2.04
1.72
1.23
0.54
-0.33
-1.32
-2.33
-3.27
-4.04
-4.64
-5.13
-5.55
-5.92
-6.15
-6.13
-5.74
-5.00
-4.01
-2.93
-1.93
-1.04
-0.26
0.49
1.24
1.98
2.67
3.21
3.57
3.74
3.74
3.64
3.48
3.31
3.18
3.11
3.11
3.13
3.12
3.00
2.73
2.29
1.74
1.12
0.50
-0.06
-0.51
-0.85
-1.09
-1.29
-1.48
-1.71
-2.03
-2.45
-3.00
-3.69
-4.46
-5.22
-5.75
-5.86
-5.40
-4.40
-3.05
-1.61
-0.32
0.71
1.52
2.21
2.86
3.48
4.03
4.47
4.78
5.01
5.21
5.38
5.54
5.66
5.75
5.83
5.87
5.83
5.63
5.23
4.64
3.90
3.14
2.43
1.80
1.24
0.70
0.13
-0.48
-1.15
-1.87
-2.61
-3.32
-3.93
-4.36
-4.55
-4.50
-4.22
-3.75
-3.12
-2.35
-1.49
-0.59
0.28
1.04
1.66
2.17
2.61
3.05
3.47
3.83
4.03
3.99
3.71
3.28
2.87
2.64
2.64
2.83
3.08
3.27
3.35
3.35
3.33
3.34
3.35
3.29
3.10
2.76
2.36
2.01
1.86
2.01
2.54
3.46
4.70
6.17
7.68
9.02
10.06
10.69
10.88
10.60
9.87
8.65
6.96
4.91
2.65
0.44
-1.52
-3.09
-4.26
-5.08
-5.67
-6.09
-6.37
-6.51
-6.48
-6.30
-6.02
-5.68
-5.34
-5.06
-4.92
-5.00
-5.32
-5.86
-6.50
-7.03
-7.30
-7.18
-6.67
-5.87
-4.90
-3.85
-2.77
-1.67
-0.56
0.52
1.48
2.26
2.88
3.37
3.85
4.35
4.83
5.16
5.18
4.80
4.06
3.12
2.20
1.51
1.10
0.90
0.75
0.48
0.02
-0.63
-1.41
-2.20
-2.97
-3.74
-4.57
-5.50
-6.56
-7.68
-8.78
-9.73
-10.44
-10.83
-10.86
-10.46
-9.61
-8.36
-6.82
-5.19
-3.66
-2.38
-1.39
-0.66
-0.11
0.35
0.79
1.26
1.80
2.41
3.06
3.65
4.07
4.23
4.13
3.82
3.40
2.99
2.63
2.30
1.96
1.54
0.99
0.31
-0.47
-1.32
-2.19
-3.07
-3.93
-4.74
-5.49
-6.14
-6.76
-7.44
-8.27
-9.28
-10.33
-11.14
-11.43
-11.03
-9.98
-8.55
-7.06
-5.79
-4.80
-4.01
-3.26
-2.40
-1.40
-0.32
0.75
1.69
2.46
3.05
3.49
3.83
4.07
4.24
4.32
4.32
4.30
4.29
4.34
4.44
4.53
4.53
4.39
4.11
3.78
3.44
3.13
2.83
2.50
2.10
1.63
1.08
0.44
-0.32
-1.19
-2.09
-2.82
-3.18
-3.03
-2.38
-1.41
-0.41
0.40
0.91
1.18
1.39
1.67
2.10
2.63
3.14
3.52
3.70
3.69
3.55
3.33
3.11
2.94
2.83
2.79
2.79
2.80
2.75
2.60
2.33
1.95
1.52
1.11
0.74
0.41
0.04
-0.45
-1.12
-1.93
-2.74
-3.36
-3.62
-3.45
-2.89
-2.07
-1.14
-0.24
0.57
1.25
1.82
2.30
2.73
3.13
3.51
3.86
4.09
4.11
3.88
3.42
2.86
2.34
1.95
1.69
1.48
1.19
0.78
0.28
-0.20
-0.61
-0.94
-1.29
-1.80
-2.53
-3.48
-4.52
-5.53
-6.38
-7.00
-7.35
-7.35
-6.95
-6.11
-4.90
-3.45
-1.98
-0.68
0.37
1.19
1.88
2.60
3.40
4.27
5.12
5.80
6.17
6.16
5.80
5.19
4.53
3.98
3.65
3.52
3.52
3.49
3.34
3.00
2.51
1.90
1.23
0.54
-0.17
-0.87
-1.57
-2.30
-3.08
-3.91
-4.76
-5.48
-5.95
-6.02
-5.65
-4.86
-3.76
-2.47
-1.14
0.13
1.22
2.06
2.62
2.95
3.15
3.33
3.55
3.79
4.00
4.11
4.14
4.12
4.07
4.00
3.88
3.66
3.33
2.93
2.51
2.13
1.80
1.49
1.14
0.70
0.17
-0.41
-0.95
-1.39
-1.73
-2.03
-2.44
-3.07
-3.92
-4.87
-5.67
-6.05
-5.89
-5.21
-4.19
-3.09
-2.06
-1.14
-0.27
0.59
1.46
2.25
2.85
3.23
3.43
3.53
3.63
3.73
3.74
3.56
3.17
2.65
2.15
1.86
1.86
2.09
2.39
2.57
2.48
2.09
1.46
0.71
-0.01
-0.63
-1.11
-1.47
-1.79
-2.11
-2.49
-2.94
-3.51
-4.22
-5.06
-5.97
-6.81
-7.38
-7.49
-7.05
-6.12
-4.88
-3.59
-2.48
-1.64
-1.01
-0.45
0.20
0.96
1.76
2.45
2.88
2.99
2.80
2.41
1.97
1.58
1.34
1.26
1.29
1.39
1.50
1.58
1.61
1.57
1.42
1.14
0.72
0.19
-0.36
-0.82
-1.12
-1.29
-1.43
-1.70
-2.20
-2.89
-3.60
-4.08
-4.13
-3.69
-2.84
-1.76
-0.63
0.46
1.48
2.46
3.40
4.27
5.01
5.59
6.04
6.40
6.66
6.80
6.74
6.46
5.98
5.40
4.82
4.30
3.82
3.29
2.66
1.95
1.23
0.61
0.14
-0.21
-0.51
-0.90
-1.48
-2.30
-3.35
-4.56
-5.76
-6.75
-7.33
-7.33
-6.74
-5.64
-4.27
-2.85
-1.55
-0.44
0.53
1.41
2.24
2.96
3.48
3.72
3.66
3.35
2.89
2.37
1.83
1.27
0.67
0.04
-0.67
-1.48
-2.46
-3.69
-5.23
-7.03
-8.95
-10.77
-12.32
-13.50
-14.34
-14.95
-15.43
-15.77
-15.88
-15.65
-15.03
-14.09
-12.95
-11.72
-10.44
-9.04
-7.42
-5.53
-3.40
-1.17
1.06
3.23
5.33
7.35
9.21
10.76
11.82
12.28
12.18
11.67
10.98
10.28
9.70
9.27
8.99
8.84
8.81
8.82
8.80
8.66
8.34
7.88
7.36
6.84
6.29
5.55
4.39
2.68
0.47
-1.93
-4.06
-5.52
-6.04
-5.65
-4.63
-3.31
-2.03
-0.99
-0.24
0.28
0.71
1.17
1.79
2.59
3.55
4.52
5.33
5.80
5.83
5.40
4.59
3.50
2.24
0.90
-0.46
-1.78
-3.00
-4.08
-4.97
-5.64
-6.11
-6.42
-6.65
-6.85
-7.04
-7.19
-7.25
-7.09
-6.65
-5.88
-4.80
-3.51
-2.16
-0.86
0.27
1.22
2.03
2.78
3.56
4.37
5.14
5.72
6.00
5.95
5.66
5.28
4.95
4.72
4.58
4.42
4.16
3.77
3.29
2.81
2.41
2.11
1.87
1.61
1.23
0.67
-0.06
-0.95
-1.91
-2.86
-3.71
-4.38
-4.79
-4.88
-4.59
-3.89
-2.87
-1.67
-0.52
0.41
1.03
1.39
1.64
1.95
2.43
3.04
3.68
4.21
4.50
4.53
4.35
4.04
3.68
3.34
3.08
2.93
2.87
2.87
2.86
2.76
2.54
2.21
1.78
1.26
0.67
-0.01
-0.75
-1.49
-2.15
-2.68
-3.08
-3.41
-3.74
-4.08
-4.35
-4.42
-4.16
-3.53
-2.59
-1.47
-0.32
0.77
1.75
2.62
3.39
4.03
4.49
4.73
4.75
4.61
4.42
4.32
4.36
4.53
4.70
4.75
4.60
4.27
3.86
3.47
3.15
2.87
2.55
2.12
1.61
1.12
0.76
0.56
0.46
0.31
-0.06
-0.72
-1.63
-2.63
-3.56
-4.26
-4.64
-4.66
-4.33
-3.68
-2.81
-1.86
-1.02
-0.39
0.01
0.26
0.56
1.02
1.69
2.44
3.06
3.37
3.31
2.94
2.43
1.92
1.49
1.13
0.80
0.50
0.25
0.10
0.04
0.01
-0.12
-0.44
-0.97
-1.61
-2.21
-2.62
-2.80
-2.79
-2.73
-2.75
-2.96
-3.40
-3.99
-4.58
-4.96
-4.97
-4.53
-3.67
-2.56
-1.39
-0.33
0.56
1.25
1.81
2.24
2.58
2.84
3.05
3.22
3.35
3.43
3.44
3.39
3.31
3.22
3.12
2.97
2.73
2.37
1.93
1.48
1.08
0.74
0.43
0.11
-0.21
-0.50
-0.73
-0.94
-1.23
-1.71
-2.45
-3.40
-4.39
-5.21
-5.67
-5.70
-5.33
-4.68
-3.87
-3.02
-2.21
-1.48
-0.88
-0.40
0.00
0.40
0.87
1.45
2.08
2.64
2.97
2.99
2.73
2.27
1.78
1.34
1.01
0.74
0.50
0.29
0.10
-0.07
-0.23
-0.41
-0.64
-0.92
-1.20
-1.46
-1.69
-1.93
-2.24
-2.69
-3.29
-3.99
-4.62
-5.01
-5.03
-4.62
-3.85
-2.86
-1.84
-0.90
-0.14
0.43
0.82
1.02
1.00
0.77
0.39
-0.03
-0.33
-0.42
-0.27
0.05
0.40
0.63
0.60
0.30
-0.24
-0.89
-1.54
-2.08
-2.48
-2.77
-3.00
-3.28
-3.67
-4.17
-4.76
-5.33
-5.75
-5.87
-5.59
-4.88
-3.85
-2.69
-1.59
-0.67
0.07
0.68
1.25
1.82
2.38
2.83
3.09
3.10
2.86
2.44
1.98
1.62
1.48
1.57
1.79
1.96
1.90
1.53
0.91
0.19
-0.47
-1.02
-1.50
-2.05
-2.77
-3.68
-4.65
-5.52
-6.08
-6.23
-5.96
-5.31
-4.42
-3.40
-2.38
-1.44
-0.60
0.17
0.91
1.66
2.41
3.15
3.81
4.34
4.67
4.75
4.58
4.17
3.63
3.05
2.54
2.15
1.83
1.54
1.22
0.90
0.60
0.38
0.21
-0.03
-0.47
-1.23
-2.32
-3.61
-4.90
-5.97
-6.59
-6.65
-6.11
-5.08
-3.74
-2.34
-1.09
-0.12
0.58
1.14
1.72
2.41
3.19
3.89
4.35
4.43
4.18
3.75
3.36
3.15
3.15
3.22
3.20
2.99
2.56
2.03
1.48
0.99
0.53
0.08
-0.40
-0.91
-1.43
-1.92
-2.39
-2.86
-3.37
-3.93
-4.56
-5.17
-5.65
-5.82
-5.53
-4.72
-3.44
-1.86
-0.24
1.15
2.15
2.73
2.99
3.09
3.21
3.45
3.83
4.28
4.71
5.00
5.13
5.11
5.00
4.81
4.55
4.17
3.64
3.01
2.37
1.85
1.48
1.21
0.86
0.30
-0.53
-1.51
-2.45
-3.17
-3.60
-3.86
-4.12
-4.54
-5.14
-5.79
-6.31
-6.52
-6.34
-5.75
-4.79
-3.54
-2.12
-0.66
0.66
1.71
2.45
2.92
3.24
3.56
3.97
4.48
5.03
5.52
5.86
6.00
5.92
5.63
5.19
4.69
4.23
3.86
3.60
3.40
3.17
2.86
2.46
2.01
1.59
1.26
1.04
0.89
0.75
0.55
0.23
-0.23
-0.84
-1.55
-2.31
-3.02
-3.57
-3.85
-3.75
-3.22
-2.25
-0.96
0.48
1.80
2.81
3.41
3.67
3.77
3.88
4.10
4.38
4.60
4.67
4.54
4.27
3.90
3.49
3.03
2.53
2.05
1.70
1.55
1.62
1.76
1.78
1.50
0.88
0.01
-0.88
-1.58
-1.96
-2.02
-1.86
-1.65
-1.57
-1.76
-2.26
-3.04
-3.96
-4.81
-5.37
-5.47
-5.03
-4.13
-2.95
-1.75
-0.74
-0.08
0.21
0.22
0.12
0.11
0.29
0.73
1.35
2.02
2.60
2.93
2.92
2.55
1.91
1.18
0.54
0.14
0.02
0.07
0.16
0.16
0.01
-0.25
-0.56
-0.89
-1.28
-1.81
-2.52
-3.36
-4.19
-4.81
-5.03
-4.75
-4.03
-2.97
-1.76
-0.56
0.49
1.35
1.98
2.43
2.73
2.96
3.16
3.38
3.60
3.78
3.88
3.83
3.63
3.31
2.92
2.55
2.23
1.96
1.71
1.45
1.16
0.83
0.49
0.18
-0.07
-0.26
-0.42
-0.63
-0.95
-1.44
-2.12
-2.92
-3.71
-4.32
-4.59
-4.44
-3.88
-3.02
-2.03
-1.12
-0.40
0.10
0.42
0.69
0.98
1.32
1.68
1.99
2.21
2.30
2.32
2.29
2.29
2.34
2.42
2.47
2.44
2.27
1.99
1.66
1.36
1.12
0.90
0.61
0.15
-0.51
-1.27
-1.97
-2.48
-2.75
-2.87
-2.96
-3.15
-3.47
-3.87
-4.28
-4.64
-4.94
-5.14
-5.20
-5.00
-4.49
-3.65
-2.59
-1.45
-0.38
0.55
1.33
1.94
2.39
2.65
2.73
2.65
2.51
2.40
2.35
2.34
2.34
2.30
2.24
2.18
2.12
2.02
1.81
1.45
1.00
0.58
0.30
0.20
0.20
0.16
-0.07
-0.49
-1.01
-1.47
-1.73
-1.80
-1.79
-1.85
-2.09
-2.53
-3.08
-3.60
-3.97
-4.11
-4.03
-3.78
-3.42
-2.97
-2.44
-1.79
-1.02
-0.17
0.66
1.35
1.87
2.22
2.51
2.82
3.21
3.66
4.07
4.35
4.40
4.19
3.73
3.09
2.36
1.68
1.14
0.81
0.70
0.73
0.82
0.85
0.75
0.50
0.11
-0.38
-0.91
-1.42
-1.87
-2.26
-2.61
-2.98
-3.44
-4.01
-4.68
-5.32
-5.82
-6.01
-5.81
-5.23
-4.34
-3.28
-2.16
-1.09
-0.10
0.80
1.61
2.29
2.79
3.06
3.08
2.91
2.63
2.33
2.09
1.91
1.75
1.58
1.39
1.24
1.20
1.28
1.41
1.47
1.33
0.96
0.40
-0.21
-0.74
-1.11
-1.34
-1.48
-1.65
-1.92
-2.35
-2.95
-3.73
-4.61
-5.50
-6.22
-6.59
-6.43
-5.67
-4.40
-2.82
-1.22
0.13
1.08
1.62
1.87
1.97
2.05
2.14
2.21
2.24
2.24
2.24
2.25
2.25
2.15
1.89
1.45
0.89
0.34
-0.11
-0.40
-0.57
-0.67
-0.81
-1.05
-1.40
-1.85
-2.33
-2.79
-3.19
-3.54
-3.86
-4.19
-4.54
-4.86
-5.04
-4.96
-4.53
-3.76
-2.73
-1.58
-0.48
0.46
1.19
1.74
2.18
2.59
2.99
3.37
3.69
3.89
3.96
3.90
3.77
3.60
3.44
3.28
3.11
2.93
2.76
2.58
2.40
2.15
1.78
1.28
0.66
-0.01
-0.64
-1.15
-1.52
-1.81
-2.09
-2.47
-3.03
-3.76
-4.57
-5.31
-5.75
-5.68
-5.00
-3.74
-2.10
-0.32
1.34
2.73
3.80
4.57
5.08
5.37
5.44
5.31
5.01
4.62
4.20
3.81
3.45
3.08
2.66
2.19
1.65
1.10
0.61
0.27
0.13
0.20
0.40
0.59
0.60
0.34
-0.19
-0.90
-1.60
-2.15
-2.46
-2.52
-2.46
-2.41
-2.52
-2.85
-3.40
-4.06
-4.67
-5.03
-5.02
-4.56
-3.68
-2.51
-1.19
0.12
1.31
2.28
3.01
3.51
3.84
4.09
4.34
4.62
4.88
5.04
5.02
4.82
4.49
4.14
3.85
3.65
3.47
3.23
2.91
2.54
2.19
1.94
1.78
1.63
1.38
0.95
0.33
-0.41
-1.15
-1.81
-2.33
-2.72
-3.02
-3.26
-3.49
-3.74
-4.02
-4.29
-4.49
-4.50
-4.22
-3.61
-2.75
-1.77
-0.81
0.02
0.69
1.26
1.80
2.32
2.80
3.15
3.30
3.21
2.95
2.63
2.39
2.30
2.37
2.49
2.57
2.52
2.32
1.99
1.61
1.21
0.81
0.40
-0.03
-0.46
-0.84
-1.13
-1.31
-1.42
-1.58
-1.92
-2.51
-3.33
-4.20
-4.90
-5.21
-5.02
-4.36
-3.40
-2.32
-1.31
-0.44
0.25
0.79
1.24
1.64
2.02
2.37
2.65
2.78
2.72
2.50
2.21
1.98
1.91
1.99
2.17
2.32
2.35
2.22
1.93
1.49
0.92
0.29
-0.32
-0.84
-1.24
-1.52
-1.78
-2.10
-2.54
-3.08
-3.62
-4.01
-4.16
-3.98
-3.48
-2.67
-1.63
-0.47
0.64
1.53
2.10
2.35
2.38
2.35
2.37
2.52
2.78
3.08
3.35
3.54
3.62
3.60
3.46
3.23
2.93
2.58
2.20
1.83
1.48
1.19
0.97
0.79
0.60
0.32
-0.11
-0.68
-1.33
-1.96
-2.48
-2.87
-3.17
-3.45
-3.79
-4.18
-4.59
-4.92
-5.02
-4.80
-4.19
-3.23
-2.06
-0.86
0.18
0.94
1.37
1.54
1.55
1.51
1.50
1.56
1.71
1.94
2.21
2.45
2.59
2.54
2.27
1.81
1.25
0.69
0.21
-0.16
-0.41
-0.55
-0.61
-0.59
-0.55
-0.55
-0.65
-0.88
-1.17
-1.43
-1.59
-1.64
-1.64
-1.66
-1.76
-1.93
-2.16
-2.42
-2.74
-3.12
-3.55
-3.90
-4.06
-3.90
-3.40
-2.63
-1.75
-0.87
-0.05
0.69
1.41
2.13
2.84
3.46
3.92
4.15
4.12
3.90
3.57
3.21
2.90
2.66
2.48
2.38
2.33
2.31
2.25
2.06
1.70
1.16
0.53
-0.07
-0.54
-0.86
-1.07
-1.27
-1.51
-1.83
-2.18
-2.53
-2.88
-3.24
-3.66
-4.13
-4.65
-5.14
-5.49
-5.60
-5.39
-4.83
-3.98
-2.93
-1.82
-0.77
0.15
0.90
1.48
1.89
2.16
2.29
2.31
2.25
2.15
2.01
1.85
1.68
1.54
1.44
1.40
1.38
1.34
1.22
1.01
0.77
0.55
0.36
0.15
-0.15
-0.60
-1.20
-1.88
-2.54
-3.13
-3.68
-4.24
-4.82
-5.39
-5.81
-5.93
-5.66
-5.02
-4.14
-3.15
-2.20
-1.32
-0.54
0.15
0.75
1.27
1.68
1.99
2.25
2.48
2.70
2.89
2.98
2.93
2.75
2.47
2.18
1.92
1.70
1.43
1.05
0.54
-0.05
-0.62
-1.08
-1.44
-1.77
-2.18
-2.72
-3.41
-4.16
-4.89
-5.51
-5.97
-6.20
-6.15
-5.76
-5.02
-3.99
-2.79
-1.59
-0.51
0.41
1.19
1.90
2.62
3.36
4.11
4.77
5.27
5.52
5.52
5.31
4.97
4.59
4.23
3.92
3.63
3.36
3.11
2.88
2.70
2.52
2.26
1.87
1.30
0.62
-0.06
-0.62
-1.00
-1.26
-1.51
-1.86
-2.38
-3.04
-3.75
-4.42
-4.93
-5.21
-5.22
-4.89
-4.25
-3.34
-2.30
-1.23
-0.19
0.79
1.72
2.60
3.40
4.04
4.47
4.69
4.76
4.75
4.67
4.53
4.28
3.91
3.46
3.02
2.70
2.49
2.38
2.28
2.14
1.98
1.85
1.78
1.75
1.64
1.35
0.80
0.06
-0.71
-1.32
-1.66
-1.72
-1.65
-1.64
-1.89
-2.45
-3.27
-4.17
-4.96
-5.46
-5.55
-5.21
-4.49
-3.48
-2.32
-1.15
-0.09
0.78
1.44
1.92
2.25
2.48
2.63
2.72
2.77
2.80
2.89
3.07
3.32
3.58
3.72
3.62
3.23
2.59
1.83
1.10
0.53
0.19
0.04
0.01
-0.03
-0.15
-0.41
-0.82
-1.38
-2.04
-2.77
-3.50
-4.12
-4.53
-4.65
-4.45
-3.94
-3.18
-2.25
-1.29
-0.39
0.38
1.03
1.61
2.19
2.82
3.49
4.10
4.51
4.61
4.39
3.91
3.35
2.87
2.59
2.55
2.67
2.80
2.76
2.43
1.79
0.95
0.08
-0.60
-0.98
-1.07
-1.04
-1.09
-1.36
-1.93
-2.73
-3.63
-4.46
-5.07
-5.35
-5.23
-4.70
-3.80
-2.65
-1.42
-0.29
0.60
1.15
1.38
1.39
1.33
1.34
1.51
1.88
2.38
2.88
3.25
3.43
3.40
3.27
3.12
3.03
3.02
3.06
3.08
3.05
2.91
2.64
2.26
1.76
1.18
0.56
-0.06
-0.65
-1.21
-1.72
-2.15
-2.45
-2.60
-2.65
-2.71
-2.90
-3.25
-3.67
-3.96
-3.91
-3.46
-2.68
-1.81
-1.07
-0.57
-0.28
-0.07
0.23
0.70
1.32
2.01
2.65
3.15
3.49
3.65
3.69
3.65
3.58
3.51
3.44
3.36
3.26
3.12
2.94
2.70
2.41
2.03
1.59
1.08
0.57
0.11
-0.25
-0.48
-0.62
-0.71
-0.78
-0.85
-0.95
-1.07
-1.26
-1.56
-2.01
-2.62
-3.33
-4.04
-4.62
-4.98
-5.06
-4.84
-4.35
-3.63
-2.73
-1.70
-0.63
0.38
1.25
1.91
2.35
2.58
2.64
2.58
2.47
2.34
2.23
2.15
2.07
1.98
1.86
1.72
1.61
1.60
1.70
1.88
2.01
1.95
1.60
0.97
0.19
-0.55
-1.07
-1.28
-1.23
-1.09
-1.02
-1.20
-1.70
-2.50
-3.42
-4.19
-4.53
-4.26
-3.38
-2.12
-0.84
0.15
0.71
0.89
0.90
0.90
1.01
1.20
1.42
1.66
1.95
2.32
2.69
2.91
2.80
2.29
1.51
0.70
0.17
0.06
0.33
0.73
0.99
0.91
0.48
-0.15
-0.79
-1.29
-1.62
-1.85
-2.06
-2.31
-2.62
-2.97
-3.36
-3.79
-4.23
-4.63
-4.86
-4.76
-4.25
-3.37
-2.29
-1.24
-0.44
0.05
0.33
0.58
0.98
1.57
2.25
2.84
3.16
3.18
2.99
2.74
2.55
2.46
2.39
2.25
2.00
1.67
1.34
1.11
1.00
0.96
0.87
0.63
0.20
-0.40
-1.09
-1.75
-2.26
-2.55
-2.61
-2.54
-2.49
-2.57
-2.86
-3.34
-3.90
-4.36
-4.57
-4.44
-4.00
-3.35
-2.60
-1.88
-1.23
-0.65
-0.11
0.40
0.86
1.24
1.48
1.57
1.57
1.58
1.67
1.87
2.14
2.38
2.50
2.47
2.28
2.00
1.70
1.41
1.15
0.91
0.67
0.41
0.11
-0.24
-0.62
-1.03
-1.43
-1.79
-2.04
-2.15
-2.12
-2.00
-1.90
-1.96
-2.27
-2.88
-3.71
-4.57
-5.26
-5.61
-5.52
-4.98
-4.12
-3.08
-2.04
-1.12
-0.39
0.17
0.60
0.96
1.28
1.55
1.78
2.00
2.26
2.59
2.93
3.21
3.29
3.06
2.53
1.81
1.10
0.56
0.28
0.24
0.32
0.38
0.33
0.12
-0.20
-0.56
-0.89
-1.19
-1.49
-1.85
-2.32
-2.95
-3.70
-4.46
-5.08
-5.40
-5.31
-4.81
-3.99
-2.99
-1.95
-0.97
-0.12
0.62
1.26
1.81
2.25
2.57
2.73
2.75
2.64
2.48
2.32
2.20
2.13
2.10
2.12
2.17
2.25
2.34
2.38
2.32
2.13
1.84
1.50
1.16
0.81
0.41
-0.08
-0.66
-1.27
-1.82
-2.24
-2.57
-2.89
-3.32
-3.88
-4.49
-4.95
-5.07
-4.74
-3.97
-2.92
-1.84
-0.93
-0.31
0.04
0.26
0.50
0.86
1.37
1.94
2.44
2.78
2.91
2.89
2.80
2.74
2.74
2.79
2.83
2.78
2.63
2.42
2.22
2.12
2.13
2.19
2.18
1.99
1.55
0.90
0.16
-0.52
-1.05
-1.39
-1.60
-1.73
-1.88
-2.10
-2.45
-2.98
-3.66
-4.38
-4.96
-5.16
-4.83
-3.95
-2.71
-1.41
-0.33
0.39
0.77
1.01
1.31
1.80
2.43
3.08
3.58
3.84
3.90
3.86
3.82
3.82
3.81
3.69
3.46
3.19
2.98
2.92
2.97
2.99
2.84
2.46
1.90
1.29
0.78
0.40
0.11
-0.18
-0.54
-0.94
-1.34
-1.66
-1.91
-2.19
-2.57
-3.12
-3.78
-4.40
-4.78
-4.79
-4.37
-3.62
-2.70
-1.80
-1.02
-0.37
0.22
0.80
1.40
1.96
2.40
2.67
2.78
2.80
2.83
2.92
3.06
3.20
3.25
3.17
2.98
2.75
2.57
2.50
2.51
2.54
2.49
2.27
1.89
1.39
0.83
0.28
-0.22
-0.66
-1.02
-1.33
-1.59
-1.86
-2.21
-2.69
-3.27
-3.86
-4.29
-4.37
-4.01
-3.25
-2.25
-1.23
-0.37
0.29
0.76
1.14
1.50
1.87
2.24
2.57
2.82
2.97
3.00
2.87
2.60
2.24
1.91
1.73
1.76
1.97
2.22
2.34
2.18
1.74
1.06
0.30
-0.41
-0.99
-1.41
-1.70
-1.95
-2.24
-2.66
-3.24
-3.93
-4.61
-5.12
-5.32
-5.14
-4.65
-3.96
-3.18
-2.41
-1.68
-1.00
-0.40
0.09
0.45
0.70
0.91
1.16
1.50
1.95
2.46
2.96
3.42
3.81
4.15
4.55
5.10
5.88
6.92
8.21
9.68
11.26
12.93
14.71
16.61
18.60
20.55
22.28
23.60
24.34
24.43
23.84
22.64
20.92
18.79
16.38
13.81
11.14
8.42
5.65
2.91
0.31
-1.95
-3.67
-4.75
-5.25
-5.32
-5.18
-5.03
-5.03
-5.33
-5.96
-6.88
-7.88
-8.72
-9.16
-9.13
-8.76
-8.31
-7.97
-7.83
-7.78
-7.67
-7.47
-7.33
-7.50
-8.19
-9.41
-11.01
-12.71
-14.28
-15.65
-16.89
-18.15
-19.55
-21.13
-22.77
-24.23
-25.19
-25.37
-24.65
-23.15
-21.17
-19.07
-17.13
-15.39
-13.72
-11.92
-9.89
-7.68
-5.46
-3.40
-1.60
-0.01
1.48
2.92
4.30
5.48
6.37
6.92
7.20
7.33
7.45
7.59
7.71
7.74
7.58
7.20
6.61
5.87
5.05
4.26
3.56
2.99
2.54
2.13
1.72
1.26
0.76
0.28
-0.13
-0.46
-0.69
-0.83
-0.86
-0.75
-0.49
-0.12
0.29
0.66
0.90
1.04
1.10
1.16
1.25
1.37
1.50
1.64
1.80
2.01
2.25
2.51
2.74
2.91
2.98
2.98
2.93
2.87
2.82
2.78
2.70
2.54
2.23
1.76
1.13
0.39
-0.39
-1.13
-1.79
-2.36
-2.82
-3.20
-3.49
-3.74
-3.93
-4.06
-4.02
-3.72
-3.07
-2.10
-0.94
0.16
0.95
1.34
1.38
1.30
1.34
1.66
2.23
2.87
3.36
3.55
3.43
3.08
2.63
2.19
1.84
1.63
1.57
1.66
1.84
2.01
2.11
2.10
1.99
1.86
1.73
1.57
1.28
0.76
0.01
-0.88
-1.70
-2.30
-2.60
-2.65
-2.50
-2.18
-1.65
-0.82
0.28
1.50
2.55
3.12
3.07
2.45
1.61
0.95
0.82
1.34
2.36
3.52
4.43
4.82
4.63
3.99
3.15
2.31
1.55
0.86
0.18
-0.53
-1.21
-1.79
-2.23
-2.59
-3.03
-3.69
-4.60
-5.65
-6.65
-7.44
-7.93
-8.12
-8.04
-7.66
-6.90
-5.74
-4.23
-2.62
-1.17
-0.07
0.72
1.42
2.31
3.51
4.93
6.28
7.26
7.73
7.78
7.65
7.54
7.52
7.49
7.24
6.66
5.74
4.64
3.55
2.62
1.85
1.21
0.61
-0.02
-0.71
-1.48
-2.34
-3.28
-4.22
-5.05
-5.62
-5.82
-5.58
-4.96
-4.08
-3.10
-2.17
-1.38
-0.73
-0.15
0.48
1.25
2.16
3.08
3.86
4.35
4.48
4.30
3.93
3.53
3.18
2.93
2.76
2.66
2.62
2.65
2.72
2.77
2.72
2.48
1.99
1.25
0.35
-0.63
-1.57
-2.37
-3.04
-3.61
-4.15
-4.70
-5.24
-5.67
-5.87
-5.72
-5.19
-4.32
-3.22
-2.04
-0.89
0.15
1.04
1.78
2.39
2.91
3.32
3.63
3.77
3.71
3.45
3.07
2.71
2.48
2.43
2.48
2.48
2.28
1.87
1.38
0.99
0.87
1.07
1.45
1.83
2.05
2.08
1.99
1.88
1.77
1.58
1.15
0.38
-0.70
-1.89
-2.91
-3.50
-3.54
-3.10
-2.36
-1.55
-0.85
-0.38
-0.15
-0.06
-0.00
0.16
0.49
0.99
1.57
2.09
2.44
2.54
2.40
2.11
1.78
1.54
1.48
1.62
1.90
2.22
2.41
2.38
2.07
1.54
0.91
0.33
-0.09
-0.26
-0.19
0.04
0.25
0.24
-0.16
-0.99
-2.12
-3.27
-4.11
-4.39
-4.03
-3.11
-1.88
-0.62
0.43
1.12
1.41
1.38
1.19
1.00
0.92
0.98
1.13
1.24
1.24
1.10
0.87
0.64
0.45
0.29
0.08
-0.24
-0.70
-1.25
-1.82
-2.34
-2.80
-3.25
-3.73
-4.30
-4.95
-5.67
-6.40
-7.07
-7.56
-7.73
-7.44
-6.58
-5.17
-3.37
-1.44
0.32
1.67
2.53
2.95
3.08
3.09
3.15
3.33
3.64
4.01
4.37
4.62
4.73
4.68
4.52
4.26
3.93
3.52
3.05
2.55
2.06
1.61
1.20
0.78
0.26
-0.42
-1.29
-2.35
-3.52
-4.74
-5.93
-7.00
-7.84
-8.31
-8.29
-7.74
-6.76
-5.50
-4.19
-3.00
-2.00
-1.20
-0.51
0.13
0.74
1.27
1.67
1.85
1.80
1.55
1.21
0.92
0.81
0.94
1.28
1.74
2.18
2.52
2.75
2.86
2.88
2.79
2.55
2.11
1.53
0.89
0.36
0.04
-0.11
-0.23
-0.53
-1.15
-2.08
-3.11
-3.97
-4.40
-4.25
-3.57
-2.54
-1.38
-0.28
0.63
1.33
1.84
2.21
2.50
2.73
2.89
2.94
2.87
2.69
2.48
2.33
2.30
2.35
2.39
2.33
2.12
1.81
1.51
1.31
1.23
1.18
1.07
0.85
0.52
0.17
-0.13
-0.32
-0.45
-0.57
-0.74
-1.00
-1.36
-1.82
-2.39
-3.06
-3.79
-4.49
-5.01
-5.21
-4.96
-4.24
-3.13
-1.78
-0.41
0.81
1.75
2.36
2.66
2.71
2.61
2.45
2.35
2.39
2.64
3.06
3.54
3.94
4.12
4.01
3.66
3.15
2.60
2.10
1.70
1.40
1.21
1.10
1.02
0.87
0.58
0.13
-0.44
-1.00
-1.45
-1.76
-2.01
-2.35
-2.91
-3.74
-4.74
-5.74
-6.49
-6.83
-6.66
-6.03
-5.05
-3.87
-2.61
-1.36
-0.22
0.72
1.38
1.74
1.83
1.75
1.63
1.57
1.63
1.76
1.86
1.86
1.70
1.38
0.96
0.49
0.05
-0.29
-0.46
-0.44
-0.28
-0.10
-0.08
-0.36
-1.00
-1.97
-3.12
-4.33
-5.44
-6.34
-6.90
-6.97
-6.46
-5.39
-3.90
-2.25
-0.76
0.34
0.97
1.23
1.33
1.47
1.77
2.20
2.63
2.95
3.07
3.04
2.94
2.89
2.92
3.01
3.06
2.96
2.67
2.17
1.52
0.84
0.26
-0.15
-0.32
-0.32
-0.28
-0.33
-0.63
-1.18
-1.90
-2.61
-3.09
-3.15
-2.69
-1.68
-0.24
1.44
3.09
4.42
5.26
5.61
5.69
5.82
6.25
7.10
8.26
9.45
10.39
10.91
11.01
10.81
10.45
10.04
9.58
9.03
8.38
7.68
6.99
6.38
5.86
5.39
4.90
4.32
3.61
2.79
1.85
0.79
-0.38
-1.64
-2.87
-3.92
-4.63
-4.92
-4.79
-4.38
-3.87
-3.42
-3.12
-2.98
-2.89
-2.74
-2.41
-1.87
-1.19
-0.52
-0.07
-0.06
-0.66
-1.93
-3.80
-6.06
-8.43
-10.57
-12.21
-13.21
-13.56
-13.48
-13.25
-13.21
-13.59
-14.44
-15.65
-16.98
-18.21
-19.21
-19.91
-20.33
-20.43
-20.11
-19.22
-17.64
-15.34
-12.44
-9.22
-6.02
-3.15
-0.81
0.93
2.17
3.05
3.79
4.54
5.39
6.32
7.25
8.06
8.69
9.13
9.43
9.68
10.00
10.42
10.93
11.47
11.94
12.30
12.50
12.54
12.41
12.12
11.64
11.01
10.29
9.58
8.97
8.50
8.11
7.69
7.08
6.24
5.17
4.02
2.97
2.16
1.69
1.55
1.62
1.79
1.94
1.97
1.85
1.58
1.19
0.72
0.19
-0.43
-1.16
-2.02
-3.01
-4.05
-5.05
-5.92
-6.58
-6.94
-7.00
-6.76
-6.31
-5.76
-5.23
-4.78
-4.43
-4.14
-3.84
-3.49
-3.10
-2.74
-2.50
-2.46
-2.66
-3.06
-3.50
-3.79
-3.72
-3.18
-2.17
-0.84
0.58
1.90
2.96
3.75
4.30
4.63
4.76
4.67
4.36
3.86
3.24
2.59
2.00
1.51
1.16
0.94
0.81
0.74
0.71
0.68
0.68
0.70
0.76
0.83
0.88
0.90
0.85
0.73
0.53
0.22
-0.23
-0.85
-1.65
-2.59
-3.59
-4.51
-5.18
-5.48
-5.31
-4.66
-3.64
-2.38
-1.07
0.14
1.16
1.96
2.56
2.99
3.28
3.42
3.42
3.30
3.14
3.00
2.92
2.89
2.89
2.85
2.74
2.56
2.35
2.18
2.11
2.16
2.29
2.39
2.34
1.99
1.28
0.25
-0.97
-2.14
-3.04
-3.52
-3.52
-3.11
-2.40
-1.57
-0.77
-0.09
0.40
0.73
0.98
1.28
1.71
2.32
3.03
3.69
4.15
4.31
4.18
3.84
3.44
3.08
2.79
2.54
2.28
1.96
1.61
1.27
0.99
0.77
0.55
0.30
-0.04
-0.43
-0.80
-1.12
-1.41
-1.74
-2.23
-2.91
-3.71
-4.47
-5.01
-5.18
-4.98
-4.45
-3.72
-2.89
-2.06
-1.30
-0.66
-0.17
0.18
0.42
0.61
0.81
1.03
1.23
1.37
1.43
1.44
1.47
1.57
1.73
1.86
1.87
1.67
1.28
0.77
0.24
-0.25
-0.69
-1.09
-1.44
-1.73
-1.93
-2.02
-2.07
-2.16
-2.37
-2.72
-3.18
-3.69
-4.15
-4.49
-4.62
-4.48
-4.00
-3.20
-2.18
-1.12
-0.22
0.40
0.75
0.98
1.24
1.68
2.28
2.95
3.51
3.81
3.82
3.60
3.33
3.13
3.14
3.33
3.63
3.89
3.97
3.76
3.27
2.60
1.90
1.34
0.98
0.78
0.63
0.40
0.04
-0.46
-1.00
-1.46
-1.81
-2.03
-2.22
-2.49
-2.93
-3.59
-4.43
-5.31
-6.02
-6.35
-6.17
-5.46
-4.34
-3.01
-1.69
-0.55
0.33
0.95
1.36
1.62
1.82
2.01
2.22
2.48
2.74
2.99
3.17
3.25
3.24
3.17
3.09
3.01
2.95
2.84
2.65
2.36
1.99
1.63
1.31
1.06
0.81
0.46
-0.02
-0.59
-1.15
-1.58
-1.83
-2.01
-2.25
-2.70
-3.42
-4.37
-5.40
-6.30
-6.88
-6.93
-6.33
-5.06
-3.25
-1.21
0.69
2.11
2.91
3.13
3.03
2.87
2.84
2.99
3.21
3.39
3.43
3.33
3.12
2.86
2.53
2.14
1.68
1.17
0.68
0.27
-0.01
-0.16
-0.20
-0.22
-0.30
-0.53
-0.97
-1.63
-2.49
-3.45
-4.43
-5.35
-6.16
-6.83
-7.27
-7.37
-7.01
-6.13
-4.79
-3.23
-1.71
-0.54
0.14
0.38
0.34
0.29
0.42
0.77
1.29
1.79
2.15
2.31
2.33
2.31
2.31
2.32
2.29
2.14
1.87
1.54
1.25
1.05
0.91
0.76
0.55
0.22
-0.22
-0.73
-1.32
-1.97
-2.70
-3.50
-4.32
-5.07
-5.61
-5.78
-5.46
-4.55
-3.11
-1.37
0.36
1.74
2.58
2.91
2.97
3.04
3.35
3.89
4.50
4.99
5.21
5.14
4.87
4.49
4.09
3.68
3.29
2.90
2.53
2.21
1.93
1.69
1.48
1.28
1.05
0.74
0.30
-0.29
-1.01
-1.80
-2.59
-3.32
-3.96
-4.50
-4.88
-5.03
-4.85
-4.31
-3.45
-2.38
-1.25
-0.20
0.71
1.47
2.13
2.68
3.12
3.39
3.45
3.31
2.99
2.58
2.18
1.86
1.69
1.68
1.77
1.85
1.81
1.57
1.16
0.70
0.31
0.06
-0.12
-0.39
-0.92
-1.79
-2.92
-4.12
-5.17
-5.93
-6.31
-6.34
-6.02
-5.38
-4.49
-3.44
-2.34
-1.30
-0.36
0.48
1.26
1.99
2.64
3.17
3.52
3.69
3.71
3.65
3.59
3.58
3.66
3.86
4.19
4.64
5.14
5.58
5.83
5.76
5.29
4.45
3.35
2.13
0.99
0.04
-0.66
-1.15
-1.53
-1.92
-2.42
-3.07
-3.83
-4.61
-5.24
-5.59
-5.52
-4.94
-3.87
-2.42
-0.81
0.73
2.03
3.02
3.76
4.41
5.10
5.88
6.67
7.35
7.84
8.12
8.29
8.48
8.73
9.03
9.27
9.29
9.04
8.53
7.88
7.23
6.65
6.15
5.63
5.01
4.27
3.41
2.48
1.54
0.58
-0.40
-1.36
-2.27
-3.10
-3.88
-4.71
-5.73
-6.98
-8.37
-9.70
-10.70
-11.19
-11.12
-10.57
-9.68
-8.61
-7.43
-6.22
-5.04
-3.96
-3.02
-2.22
-1.49
-0.77
-0.02
0.69
1.23
1.47
1.38
1.07
0.74
0.58
0.70
1.04
1.45
1.76
1.86
1.76
1.53
1.25
0.95
0.64
0.31
-0.09
-0.61
-1.28
-2.12
-3.11
-4.16
-5.20
-6.09
-6.71
-6.97
-6.81
-6.26
-5.39
-4.35
-3.31
-2.43
-1.77
-1.32
-0.99
-0.65
-0.26
0.20
0.64
0.99
1.17
1.18
1.07
0.91
0.79
0.73
0.74
0.77
0.80
0.80
0.79
0.80
0.84
0.88
0.82
0.57
0.09
-0.59
-1.36
-2.10
-2.70
-3.12
-3.32
-3.28
-2.97
-2.38
-1.57
-0.69
0.10
0.69
1.10
1.45
1.90
2.53
3.25
3.83
4.08
3.86
3.27
2.51
1.83
1.36
1.11
0.96
0.76
0.44
-0.00
-0.47
-0.89
-1.17
-1.32
-1.38
-1.44
-1.58
-1.84
-2.25
-2.81
-3.48
-4.21
-4.92
-5.47
-5.73
-5.56
-4.90
-3.84
-2.57
-1.33
-0.34
0.35
0.79
1.15
1.60
2.17
2.83
3.43
3.84
3.99
3.90
3.66
3.36
3.06
2.75
2.43
2.07
1.72
1.42
1.20
1.05
0.89
0.64
0.25
-0.26
-0.82
-1.35
-1.86
-2.38
-2.95
-3.56
-4.11
-4.41
-4.30
-3.71
-2.69
-1.38
0.01
1.34
2.50
3.47
4.22
4.80
5.25
5.64
6.04
6.46
6.86
7.13
7.17
6.95
6.52
6.00
5.54
5.25
5.13
5.13
5.17
5.16
5.03
4.76
4.33
3.78
3.13
2.44
1.75
1.09
0.49
-0.07
-0.60
-1.13
-1.69
-2.33
-3.10
-3.97
-4.86
-5.60
-6.03
-6.01
-5.56
-4.83
-4.05
-3.40
-2.97
-2.71
-2.49
-2.20
-1.79
-1.32
-0.88
-0.56
-0.42
-0.41
-0.45
-0.40
-0.19
0.22
0.78
1.37
1.85
2.13
2.14
1.91
1.49
0.93
0.28
-0.43
-1.17
-1.91
-2.66
-3.46
-4.30
-5.13
-5.83
-6.25
-6.26
-5.81
-4.97
-3.88
-2.73
-1.68
-0.80
-0.13
0.38
0.77
1.12
1.45
1.75
1.95
2.00
1.88
1.64
1.38
1.18
1.09
1.05
0.96
0.72
0.34
-0.07
-0.33
-0.29
0.02
0.38
0.49
0.11
-0.81
-2.07
-3.32
-4.24
-4.62
-4.47
-3.92
-3.16
-2.32
-1.50
-0.70
0.05
0.76
1.44
2.12
2.85
3.70
4.72
5.89
7.07
8.06
8.61
8.62
8.11
7.29
6.46
5.89
5.68
5.75
5.88
5.86
5.56
4.99
4.19
3.23
2.10
0.77
-0.76
-2.44
-4.16
-5.78
-7.24
-8.53
-9.70
-10.75
-11.68
-12.40
-12.86
-13.04
-12.95
-12.64
-12.13
-11.42
-10.47
-9.25
-7.78
-6.13
-4.42
-2.80
-1.40
-0.28
0.52
1.06
1.37
1.50
1.46
1.24
0.90
0.51
0.21
0.11
0.25
0.58
0.99
1.36
1.61
1.75
1.80
1.84
1.87
1.85
1.74
1.51
1.18
0.78
0.32
-0.21
-0.86
-1.64
-2.52
-3.36
-3.96
-4.13
-3.72
-2.75
-1.34
0.25
1.77
3.00
3.84
4.32
4.55
4.69
4.83
4.97
5.06
5.00
4.77
4.47
4.25
4.23
4.47
4.86
5.21
5.34
5.17
4.71
4.06
3.33
2.58
1.85
1.13
0.48
-0.06
-0.41
-0.60
-0.69
-0.83
-1.14
-1.65
-2.24
-2.67
-2.72
-2.25
-1.29
-0.06
1.18
2.17
2.79
3.05
3.12
3.21
3.53
4.17
5.11
6.21
7.26
8.08
8.59
8.84
8.95
9.07
9.31
9.66
10.04
10.29
10.25
9.78
8.78
7.26
5.25
2.92
0.45
-1.92
-3.99
-5.65
-6.91
-7.90
-8.79
-9.72
-10.71
-11.63
-12.27
-12.40
-11.92
-10.89
-9.51
-8.02
-6.65
-5.51
-4.60
-3.85
-3.15
-2.44
-1.67
-0.86
-0.08
0.54
0.92
0.99
0.78
0.37
-0.09
-0.49
-0.77
-0.90
-0.88
-0.75
-0.54
-0.33
-0.25
-0.40
-0.84
-1.51
-2.27
-2.90
-3.21
-3.12
-2.67
-2.08
-1.58
-1.41
-1.69
-2.37
-3.27
-4.08
-4.49
-4.25
-3.28
-1.67
0.30
2.25
3.84
4.84
5.23
5.16
4.87
4.57
4.31
4.04
3.66
3.12
2.50
1.99
1.73
1.77
1.99
2.16
2.10
1.74
1.15
0.53
0.04
-0.27
-0.44
-0.66
-1.06
-1.70
-2.51
-3.31
-3.93
-4.24
-4.27
-4.15
-4.10
-4.30
-4.83
-5.61
-6.47
-7.12
-7.34
-7.00
-6.15
-4.96
-3.66
-2.47
-1.53
-0.88
-0.44
-0.10
0.24
0.64
1.13
1.70
2.33
2.99
3.65
4.23
4.67
4.95
5.07
5.13
5.20
5.31
5.41
5.41
5.20
4.74
4.04
3.18
2.23
1.22
0.19
-0.87
-1.95
-3.01
-3.99
-4.82
-5.39
-5.63
-5.48
-4.95
-4.16
-3.24
-2.34
-1.56
-0.89
-0.25
0.42
1.15
1.87
2.49
2.89
3.03
2.93
2.70
2.45
2.26
2.16
2.14
2.15
2.15
2.10
1.98
1.77
1.45
1.01
0.46
-0.15
-0.77
-1.34
-1.88
-2.42
-3.00
-3.62
-4.21
-4.65
-4.83
-4.69
-4.25
-3.61
-2.85
-2.03
-1.17
-0.31
0.51
1.21
1.72
2.04
2.23
2.41
2.67
3.02
3.39
3.66
3.74
3.59
3.28
2.93
2.60
2.36
2.18
1.99
1.74
1.38
0.94
0.45
-0.02
-0.47
-0.91
-1.38
-1.90
-2.39
-2.73
-2.79
-2.53
-2.03
-1.41
-0.82
-0.29
0.21
0.79
1.49
2.30
3.12
3.85
4.47
4.99
5.44
5.78
5.96
5.92
5.69
5.39
5.12
4.95
4.85
4.74
4.55
4.28
3.97
3.66
3.37
3.08
2.78
2.50
2.26
2.05
1.83
1.53
1.10
0.53
-0.16
-0.96
-1.87
-2.95
-4.20
-5.63
-7.13
-8.59
-9.85
-10.75
-11.14
-10.92
-10.05
-8.59
-6.73
-4.69
-2.70
-0.91
0.58
1.77
2.70
3.45
4.08
4.64
5.12
5.47
5.60
5.52
5.27
4.99
4.82
4.81
4.88
4.90
4.76
4.41
3.89
3.28
2.59
1.79
0.83
-0.30
-1.49
-2.60
-3.47
-4.01
-4.28
-4.44
-4.65
-5.06
-5.70
-6.52
-7.44
-8.35
-9.17
-9.80
-10.15
-10.13
-9.68
-8.79
-7.56
-6.15
-4.76
-3.50
-2.39
-1.38
-0.38
0.64
1.67
2.62
3.40
3.93
4.21
4.26
4.19
4.08
4.00
3.97
3.96
3.93
3.85
3.71
3.55
3.37
3.17
2.91
2.54
2.05
1.48
0.90
0.40
0.03
-0.22
-0.45
-0.81
-1.41
-2.34
-3.49
-4.65
-5.51
-5.84
-5.51
-4.60
-3.34
-1.98
-0.75
0.26
1.04
1.66
2.17
2.64
3.08
3.50
3.92
4.29
4.59
4.77
4.84
4.82
4.72
4.58
4.43
4.26
4.10
3.97
3.86
3.79
3.71
3.59
3.35
2.97
2.44
1.79
1.06
0.30
-0.42
-1.07
-1.57
-1.93
-2.16
-2.37
-2.71
-3.27
-4.10
-5.08
-6.00
-6.61
-6.73
-6.34
-5.58
-4.68
-3.84
-3.16
-2.63
-2.14
-1.60
-0.97
-0.32
0.25
0.64
0.86
0.95
1.00
1.07
1.14
1.20
1.21
1.17
1.07
0.98
0.96
1.04
1.21
1.43
1.59
1.59
1.37
0.97
0.50
0.09
-0.15
-0.24
-0.27
-0.36
-0.61
-1.00
-1.47
-1.91
-2.29
-2.56
-2.71
-2.68
-2.41
-1.88
-1.13
-0.28
0.50
1.10
1.47
1.68
1.81
1.98
2.21
2.47
2.67
2.77
2.74
2.66
2.61
2.65
2.77
2.89
2.89
2.66
2.18
1.50
0.73
0.04
-0.47
-0.72
-0.75
-0.67
-0.60
-0.69
-1.00
-1.54
-2.25
-3.00
-3.72
-4.36
-4.85
-5.15
-5.15
-4.80
-4.09
-3.12
-2.08
-1.16
-0.46
0.02
0.41
0.85
1.44
2.17
2.95
3.62
4.05
4.17
3.99
3.58
3.06
2.60
2.31
2.27
2.44
2.69
2.87
2.84
2.55
2.07
1.50
0.94
0.40
-0.14
-0.71
-1.28
-1.79
-2.20
-2.51
-2.82
-3.27
-3.89
-4.60
-5.15
-5.30
-4.89
-3.94
-2.65
-1.29
-0.08
0.89
1.65
2.27
2.79
3.19
3.42
3.45
3.30
3.07
2.85
2.70
2.64
2.63
2.60
2.51
2.37
2.17
1.98
1.83
1.75
1.75
1.82
1.86
1.80
1.54
1.09
0.49
-0.10
-0.60
-0.94
-1.18
-1.46
-1.93
-2.67
-3.64
-4.72
-5.71
-6.46
-6.85
-6.83
-6.40
-5.64
-4.61
-3.45
-2.32
-1.34
-0.58
0.02
0.57
1.15
1.81
2.45
2.96
3.23
3.26
3.14
2.99
2.86
2.73
2.54
2.29
2.05
1.95
2.06
2.34
2.65
2.80
2.68
2.32
1.82
1.32
0.90
0.56
0.26
-0.06
-0.46
-0.98
-1.63
-2.43
-3.37
-4.35
-5.23
-5.83
-6.02
-5.76
-5.11
-4.22
-3.27
-2.37
-1.56
-0.78
0.00
0.84
1.70
2.53
3.25
3.79
4.14
4.27
4.22
4.03
3.73
3.38
3.00
2.64
2.32
2.08
1.95
1.89
1.84
1.68
1.33
0.74
-0.03
-0.84
-1.49
-1.85
-1.89
-1.69
-1.38
-1.12
-1.05
-1.25
-1.78
-2.59
-3.56
-4.48
-5.09
-5.20
-4.68
-3.59
-2.13
-0.60
0.73
1.67
2.16
2.27
2.13
1.86
1.55
1.27
1.06
0.96
1.04
1.27
1.61
1.97
2.28
2.48
2.57
2.55
2.42
2.14
1.67
1.02
0.30
-0.34
-0.74
-0.84
-0.71
-0.52
-0.51
-0.86
-1.62
-2.69
-3.85
-4.81
-5.34
-5.31
-4.75
-3.78
-2.59
-1.34
-0.15
0.91
1.82
2.56
3.15
3.64
4.10
4.55
4.99
5.33
5.49
5.43
5.20
4.95
4.81
4.87
5.07
5.24
5.22
4.91
4.35
3.65
2.93
2.24
1.55
0.75
-0.18
-1.23
-2.28
-3.20
-3.90
-4.36
-4.62
-4.72
-4.68
-4.47
-4.07
-3.50
-2.81
-2.11
-1.49
-0.99
-0.60
-0.26
0.09
0.44
0.75
0.96
1.05
1.03
0.93
0.75
0.46
0.00
-0.63
-1.40
-2.21
-2.91
-3.46
-3.88
-4.24
-4.62
-5.06
-5.54
-6.01
-6.42
-6.76
-7.06
-7.36
-7.70
-8.11
-8.59
-9.11
-9.60
-9.91
-9.87
-9.32
-8.19
-6.59
-4.76
-2.98
-1.47
-0.30
0.61
1.39
2.15
2.93
3.66
4.25
4.66
4.92
5.12
5.36
5.68
6.05
6.41
6.69
6.82
6.80
6.68
6.51
6.37
6.30
6.26
6.17
5.94
5.50
4.85
4.06
3.25
2.50
1.83
1.20
0.55
-0.16
-0.89
-1.55
-2.03
-2.23
-2.12
-1.74
-1.20
-0.62
-0.12
0.21
0.42
0.58
0.82
1.22
1.80
2.45
3.03
3.38
3.41
3.11
2.60
2.04
1.59
1.35
1.30
1.37
1.42
1.37
1.23
1.06
0.97
0.97
0.99
0.91
0.64
0.15
-0.50
-1.21
-1.88
-2.46
-2.93
-3.29
-3.50
-3.60
-3.65
-3.78
-4.10
-4.67
-5.43
-6.21
-6.76
-6.90
-6.56
-5.78
-4.74
-3.63
-2.58
-1.67
-0.88
-0.14
0.62
1.44
2.29
3.08
3.74
4.17
4.39
4.43
4.37
4.27
4.14
4.00
3.84
3.70
3.59
3.51
3.44
3.33
3.18
2.97
2.72
2.45
2.15
1.80
1.40
0.98
0.58
0.25
-0.00
-0.22
-0.46
-0.79
-1.24
-1.84
-2.60
-3.46
-4.34
-5.12
-5.67
-5.88
-5.72
-5.18
-4.34
-3.29
-2.18
-1.15
-0.35
0.16
0.42
0.58
0.86
1.39
2.15
2.97
3.63
3.95
3.93
3.70
3.47
3.41
3.56
3.79
3.94
3.88
3.60
3.17
2.74
2.39
2.10
1.77
1.30
0.67
-0.04
-0.66
-1.06
-1.19
-1.14
-1.06
-1.09
-1.27
-1.58
-1.97
-2.42
-2.95
-3.62
-4.45
-5.36
-6.20
-6.79
-6.95
-6.63
-5.86
-4.80
-3.61
-2.51
-1.62
-0.98
-0.51
-0.08
0.42
1.01
1.63
2.12
2.37
2.37
2.21
2.03
1.97
2.03
2.15
2.22
2.18
2.07
1.98
1.95
1.99
1.97
1.76
1.29
0.59
-0.18
-0.83
-1.22
-1.33
-1.23
-1.10
-1.11
-1.42
-2.11
-3.15
-4.42
-5.70
-6.74
-7.30
-7.23
-6.52
-5.28
-3.75
-2.20
-0.84
0.20
0.95
1.51
2.01
2.54
3.09
3.62
4.08
4.46
4.81
5.18
5.59
6.01
6.39
6.72
7.01
7.32
7.64
7.93
8.08
8.06
7.86
7.57
7.26
6.97
6.65
6.24
5.75
5.23
4.78
4.44
4.13
3.66
2.86
1.67
0.22
-1.25
-2.42
-3.10
-3.28
-3.08
-2.71
-2.38
-2.22
-2.25
-2.44
-2.72
-2.99
-3.23
-3.44
-3.67
-3.98
-4.40
-4.92
-5.46
-5.98
-6.44
-6.81
-7.10
-7.24
-7.17
-6.86
-6.31
-5.65
-5.01
-4.56
-4.40
-4.53
-4.90
-5.43
-6.01
-6.55
-6.97
-7.18
-7.14
-6.85
-6.39
-5.92
-5.62
-5.62
-5.91
-6.37
-6.75
-6.81
-6.42
-5.58
-4.43
-3.17
-1.98
-0.95
-0.06
0.79
1.67
2.64
3.68
4.73
5.66
6.38
6.80
6.90
6.73
6.39
5.96
5.52
5.13
4.77
4.47
4.22
4.05
3.95
3.90
3.84
3.70
3.45
3.08
2.63
2.18
1.77
1.45
1.18
0.89
0.53
0.03
-0.60
-1.34
-2.14
-2.98
-3.85
-4.74
-5.59
-6.29
-6.66
-6.56
-5.94
-4.90
-3.64
-2.38
-1.32
-0.50
0.08
0.51
0.87
1.23
1.59
1.95
2.29
2.56
2.72
2.76
2.69
2.56
2.45
2.38
2.34
2.30
2.22
2.15
2.16
2.31
2.56
2.74
2.66
2.18
1.28
0.17
-0.91
-1.71
-2.13
-2.24
-2.20
-2.19
-2.33
-2.65
-3.15
-3.77
-4.41
-4.95
-5.22
-5.06
-4.35
-3.10
-1.42
0.46
2.34
4.02
5.43
6.59
7.56
8.41
9.13
9.63
9.84
9.69
9.21
8.52
7.74
6.94
6.18
5.42
4.64
3.82
2.99
2.18
1.41
0.70
0.07
-0.48
-0.94
-1.31
-1.59
-1.81
-2.00
-2.17
-2.35
-2.60
-2.97
-3.53
-4.31
-5.24
-6.15
-6.82
-7.02
-6.61
-5.60
-4.14
-2.52
-1.01
0.14
0.83
1.10
1.09
1.01
1.06
1.35
1.91
2.61
3.26
3.66
3.67
3.29
2.65
1.93
1.34
0.96
0.80
0.75
0.68
0.49
0.13
-0.40
-1.06
-1.80
-2.61
-3.47
-4.35
-5.23
-6.04
-6.70
-7.11
-7.19
-6.86
-6.14
-5.13
-3.96
-2.82
-1.84
-1.08
-0.49
0.04
0.58
1.17
1.75
2.22
2.54
2.70
2.77
2.83
2.92
3.04
3.14
3.16
3.06
2.81
2.43
1.92
1.34
0.74
0.24
-0.13
-0.38
-0.62
-1.01
-1.67
-2.61
-3.72
-4.76
-5.48
-5.72
-5.43
-4.68
-3.58
-2.29
-0.95
0.28
1.28
1.98
2.39
2.62
2.80
3.06
3.39
3.71
3.87
3.77
3.45
3.04
2.69
2.50
2.46
2.43
2.29
1.97
1.50
1.01
0.57
0.21
-0.16
-0.63
-1.29
-2.15
-3.14
-4.14
-4.98
-5.52
-5.64
-5.30
-4.54
-3.51
-2.41
-1.40
-0.57
0.14
0.82
1.58
2.44
3.34
4.19
4.91
5.43
5.76
5.90
5.88
5.73
5.51
5.25
5.01
4.79
4.59
4.37
4.08
3.71
3.25
2.72
2.17
1.69
1.32
1.08
0.93
0.73
0.38
-0.18
-0.91
-1.68
-2.34
-2.78
-3.01
-3.11
-3.26
-3.60
-4.19
-4.97
-5.81
-6.56
-7.04
-7.18
-6.92
-6.29
-5.35
-4.19
-2.96
-1.79
-0.78
0.10
0.90
1.75
2.73
3.80
4.83
5.64
6.11
6.21
6.02
5.68
5.33
5.03
4.79
4.59
4.38
4.19
4.04
3.97
3.97
4.00
3.99
3.89
3.69
3.42
3.12
2.82
2.49
2.09
1.55
0.89
0.13
-0.65
-1.38
-2.01
-2.52
-2.90
-3.13
-3.27
-3.38
-3.60
-4.05
-4.79
-5.78
-6.86
-7.82
-8.41
-8.49
-8.01
-7.05
-5.77
-4.37
-3.05
-1.95
-1.10
-0.44
0.20
0.98
1.99
3.19
4.39
5.37
5.95
6.09
5.87
5.46
5.02
4.64
4.36
4.17
4.07
4.05
4.07
4.05
3.91
3.62
3.20
2.79
2.50
2.43
2.52
2.62
2.60
2.33
1.87
1.31
0.76
0.28
-0.18
-0.70
-1.31
-1.95
-2.47
-2.71
-2.64
-2.37
-2.12
-2.16
-2.62
-3.48
-4.58
-5.69
-6.62
-7.25
-7.53
-7.47
-7.08
-6.34
-5.29
-4.00
-2.63
-1.34
-0.30
0.45
0.95
1.32
1.66
2.05
2.46
2.86
3.19
3.44
3.65
3.88
4.19
4.57
4.91
5.09
4.97
4.54
3.88
3.18
2.62
2.31
2.23
2.29
2.34
2.28
2.09
1.77
1.34
0.81
0.15
-0.60
-1.38
-2.04
-2.47
-2.60
-2.48
-2.23
-2.02
-2.00
-2.23
-2.72
-3.44
-4.34
-5.32
-6.24
-6.92
-7.15
-6.78
-5.81
-4.40
-2.83
-1.42
-0.39
0.16
0.32
0.25
0.16
0.23
0.57
1.17
1.94
2.71
3.34
3.75
3.96
4.03
4.06
4.06
3.97
3.72
3.28
2.74
2.25
1.95
1.91
2.05
2.23
2.32
2.25
2.07
1.86
1.65
1.43
1.13
0.65
-0.02
-0.82
-1.62
-2.27
-2.69
-2.83
-2.76
-2.60
-2.54
-2.76
-3.37
-4.37
-5.62
-6.85
-7.75
-8.10
-7.80
-6.91
-5.59
-4.04
-2.48
-1.06
0.07
0.84
1.27
1.47
1.60
1.79
2.08
2.44
2.78
3.02
3.17
3.23
3.21
3.10
2.86
2.51
2.12
1.86
1.82
2.01
2.33
2.63
2.74
2.62
2.27
1.77
1.23
0.70
0.25
-0.12
-0.42
-0.71
-1.05
-1.47
-1.97
-2.46
-2.87
-3.13
-3.28
-3.44
-3.77
-4.36
-5.21
-6.15
-6.92
-7.29
-7.11
-6.40
-5.33
-4.14
-3.08
-2.23
-1.60
-1.05
-0.49
0.17
0.90
1.66
2.37
2.93
3.28
3.39
3.28
3.04
2.77
2.58
2.52
2.53
2.53
2.41
2.15
1.79
1.46
1.24
1.17
1.21
1.26
1.19
0.93
0.42
-0.29
-1.10
-1.85
-2.40
-2.71
-2.84
-2.93
-3.10
-3.42
-3.84
-4.30
-4.72
-5.10
-5.45
-5.77
-5.97
-5.90
-5.45
-4.60
-3.49
-2.33
-1.33
-0.60
-0.07
0.40
0.92
1.54
2.18
2.69
3.00
3.10
3.06
3.03
3.07
3.16
3.23
3.20
3.04
2.82
2.61
2.51
2.53
2.62
2.72
2.73
2.60
2.30
1.81
1.14
0.35
-0.49
-1.29
-1.95
-2.42
-2.73
-2.97
-3.25
-3.69
-4.33
-5.14
-6.00
-6.74
-7.17
-7.18
-6.72
-5.90
-4.89
-3.89
-3.05
-2.41
-1.89
-1.39
-0.80
-0.04
0.86
1.89
2.98
4.06
5.03
5.75
6.11
6.04
5.58
4.86
4.14
3.59
3.35
3.35
3.43
3.43
3.24
2.93
2.64
2.52
2.59
2.71
2.69
2.35
1.68
0.84
0.04
-0.54
-0.88
-1.10
-1.34
-1.68
-2.13
-2.64
-3.18
-3.79
-4.51
-5.33
-6.12
-6.64
-6.67
-6.10
-5.01
-3.60
-2.15
-0.92
-0.05
0.46
0.72
0.97
1.41
2.19
3.31
4.55
5.62
6.25
6.30
5.84
5.11
4.36
3.81
3.48
3.34
3.28
3.27
3.32
3.44
3.62
3.77
3.74
3.45
2.90
2.21
1.53
0.99
0.59
0.25
-0.13
-0.63
-1.21
-1.75
-2.12
-2.26
-2.21
-2.14
-2.23
-2.63
-3.39
-4.40
-5.47
-6.34
-6.78
-6.70
-6.12
-5.18
-4.04
-2.86
-1.73
-0.67
0.29
1.15
1.85
2.37
2.74
3.01
3.27
3.59
3.93
4.23
4.42
4.46
4.42
4.38
4.40
4.48
4.52
4.42
4.13
3.65
3.09
2.56
2.12
1.79
1.54
1.32
1.10
0.82
0.46
-0.02
-0.63
-1.28
-1.88
-2.32
-2.59
-2.75
-2.91
-3.20
-3.69
-4.41
-5.28
-6.20
-7.00
-7.51
-7.56
-7.06
-6.03
-4.62
-3.07
-1.61
-0.41
0.49
1.15
1.69
2.20
2.74
3.33
3.95
4.59
5.19
5.69
6.00
6.03
5.77
5.31
4.80
4.42
4.30
4.41
4.64
4.81
4.77
4.50
4.03
3.45
2.86
2.30
1.81
1.39
1.05
0.75
0.45
0.08
-0.38
-0.92
-1.48
-1.99
-2.41
-2.74
-3.01
-3.25
-3.53
-3.90
-4.44
-5.17
-6.04
-6.89
-7.52
-7.71
-7.36
-6.53
-5.41
-4.24
-3.20
-2.37
-1.66
-0.94
-0.08
0.96
2.10
3.19
4.07
4.63
4.90
4.97
4.95
4.93
4.91
4.87
4.75
4.58
4.37
4.15
3.93
3.69
3.38
3.01
2.60
2.20
1.87
1.61
1.40
1.20
0.96
0.69
0.37
0.01
-0.42
-0.92
-1.45
-1.95
-2.31
-2.50
-2.54
-2.60
-2.83
-3.36
-4.20
-5.20
-6.17
-6.86
-7.12
-6.86
-6.13
-5.06
-3.83
-2.60
-1.52
-0.66
0.05
0.68
1.33
2.03
2.71
3.30
3.75
4.04
4.23
4.36
4.45
4.44
4.30
4.02
3.67
3.35
3.18
3.16
3.23
3.27
3.16
2.86
2.42
1.94
1.53
1.26
1.10
0.97
0.77
0.42
-0.07
-0.61
-1.09
-1.42
-1.62
-1.76
-1.95
-2.25
-2.67
-3.14
-3.66
-4.22
-4.88
-5.63
-6.37
-6.89
-6.98
-6.51
-5.53
-4.23
-2.88
-1.66
-0.67
0.12
0.72
1.16
1.47
1.67
1.83
2.00
2.18
2.36
2.45
2.42
2.29
2.15
2.10
2.20
2.43
2.70
2.90
2.97
2.89
2.73
2.53
2.31
2.05
1.69
1.19
0.61
0.04
-0.39
-0.61
-0.65
-0.66
-0.79
-1.19
-1.85
-2.68
-3.53
-4.29
-4.89
-5.30
-5.48
-5.39
-4.99
-4.29
-3.37
-2.35
-1.41
-0.64
-0.08
0.31
0.61
0.92
1.28
1.69
2.08
2.37
2.46
2.35
2.10
1.81
1.59
1.46
1.43
1.45
1.49
1.56
1.65
1.72
1.70
1.50
1.10
0.55
-0.06
-0.61
-1.03
-1.33
-1.55
-1.78
-2.12
-2.64
-3.37
-4.27
-5.22
-6.03
-6.53
-6.61
-6.24
-5.49
-4.49
-3.38
-2.28
-1.27
-0.39
0.39
1.11
1.83
2.55
3.21
3.73
4.01
4.02
3.81
3.47
3.14
2.90
2.75
2.66
2.57
2.42
2.23
2.01
1.83
1.69
1.58
1.45
1.24
0.92
0.51
0.04
-0.44
-0.94
-1.51
-2.20
-3.06
-4.00
-4.88
-5.49
-5.68
-5.36
-4.60
-3.55
-2.38
-1.25
-0.28
0.47
1.00
1.35
1.61
1.87
2.23
2.73
3.32
3.91
4.36
4.60
4.63
4.50
4.31
4.12
3.96
3.79
3.58
3.29
2.93
2.53
2.14
1.79
1.47
1.18
0.91
0.64
0.39
0.20
0.05
-0.08
-0.24
-0.45
-0.74
-1.10
-1.53
-2.03
-2.61
-3.30
-4.08
-4.89
-5.66
-6.31
-6.76
-6.98
-6.93
-6.59
-5.97
-5.10
-4.06
-2.96
-1.92
-0.99
-0.18
0.57
1.30
2.05
2.80
3.50
4.07
4.45
4.58
4.47
4.17
3.79
3.46
3.25
3.19
3.23
3.27
3.23
3.10
2.90
2.71
2.55
2.46
2.39
2.30
2.11
1.79
1.31
0.70
0.06
-0.53
-0.97
-1.23
-1.39
-1.58
-1.90
-2.42
-3.11
-3.89
-4.67
-5.38
-5.97
-6.40
-6.58
-6.46
-6.01
-5.28
-4.39
-3.46
-2.56
-1.68
-0.80
0.12
1.06
1.96
2.72
3.26
3.54
3.58
3.48
3.34
3.25
3.27
3.40
3.61
3.79
3.89
3.87
3.74
3.53
3.26
2.92
2.52
2.09
1.69
1.40
1.23
1.14
1.01
0.75
0.34
-0.16
-0.62
-0.98
-1.23
-1.46
-1.77
-2.23
-2.82
-3.50
-4.24
-4.99
-5.71
-6.33
-6.71
-6.73
-6.34
-5.54
-4.45
-3.23
-2.03
-0.95
-0.03
0.73
1.36
1.89
2.35
2.79
3.22
3.64
4.00
4.24
4.27
4.07
3.69
3.22
2.83
2.64
2.68
2.86
3.06
3.13
2.99
2.64
2.13
1.58
1.04
0.58
0.21
-0.06
-0.23
-0.34
-0.40
-0.46
-0.57
-0.75
-1.04
-1.46
-1.98
-2.56
-3.16
-3.78
-4.40
-5.03
-5.59
-6.00
-6.08
-5.71
-4.89
-3.73
-2.43
-1.22
-0.26
0.42
0.89
1.28
1.68
2.10
2.52
2.85
3.02
3.03
2.92
2.75
2.55
2.37
2.19
2.04
1.94
1.91
1.95
2.07
2.20
2.29
2.26
2.09
1.74
1.20
0.51
-0.26
-1.01
-1.59
-1.92
-1.94
-1.71
-1.40
-1.18
-1.24
-1.66
-2.43
-3.42
-4.48
-5.43
-6.14
-6.47
-6.37
-5.82
-4.90
-3.74
-2.54
-1.47
-0.66
-0.12
0.27
0.66
1.17
1.85
2.59
3.26
3.72
3.91
3.88
3.73
3.58
3.47
3.39
3.31
3.21
3.10
3.01
2.95
2.90
2.78
2.55
2.20
1.75
1.24
0.68
0.07
-0.57
-1.21
-1.76
-2.20
-2.50
-2.73
-3.00
-3.42
-4.04
-4.86
-5.78
-6.61
-7.18
-7.31
-6.91
-6.01
-4.78
-3.44
-2.23
-1.30
-0.66
-0.23
0.11
0.46
0.88
1.36
1.91
2.51
3.14
3.75
4.28
4.63
4.75
4.64
4.37
4.00
3.60
3.21
2.88
2.65
2.54
2.55
2.61
2.61
2.46
2.08
1.52
0.85
0.17
-0.39
-0.82
-1.12
-1.33
-1.54
-1.82
-2.21
-2.76
-3.50
-4.43
-5.46
-6.46
-7.20
-7.47
-7.14
-6.25
-4.97
-3.55
-2.28
-1.29
-0.58
-0.04
0.47
1.08
1.81
2.59
3.31
3.89
4.28
4.48
4.49
4.36
4.12
3.85
3.61
3.46
3.44
3.53
3.65
3.67
3.51
3.13
2.54
1.83
1.11
0.49
0.05
-0.19
-0.28
-0.33
-0.43
-0.68
-1.08
-1.59
-2.15
-2.74
-3.38
-4.10
-4.89
-5.65
-6.22
-6.46
-6.28
-5.71
-4.85
-3.84
-2.81
-1.84
-0.98
-0.22
0.45
1.10
1.77
2.48
3.19
3.83
4.31
4.62
4.78
4.85
4.86
4.81
4.68
4.47
4.22
3.96
3.72
3.51
3.28
3.01
2.71
2.43
2.18
1.98
1.76
1.44
0.96
0.35
-0.30
-0.89
-1.35
-1.74
-2.13
-2.63
-3.26
-3.98
-4.71
-5.42
-6.08
-6.66
-7.08
-7.20
-6.85
-5.95
-4.62
-3.12
-1.77
-0.76
-0.10
0.39
0.96
1.73
2.70
3.71
4.54
5.06
5.26
5.20
5.01
4.74
4.42
4.05
3.67
3.34
3.15
3.13
3.24
3.37
3.39
3.21
2.83
2.33
1.82
1.34
0.92
0.53
0.14
-0.27
-0.68
-1.08
-1.47
-1.86
-2.29
-2.77
-3.33
-3.97
-4.70
-5.48
-6.22
-6.79
-7.04
-6.86
-6.23
-5.22
-3.94
-2.57
-1.24
-0.09
0.83
1.51
1.97
2.31
2.62
2.97
3.38
3.80
4.19
4.47
4.62
4.65
4.61
4.53
4.42
4.29
4.13
3.92
3.67
3.36
3.01
2.62
2.20
1.77
1.36
0.99
0.69
0.45
0.25
0.01
-0.32
-0.77
-1.31
-1.89
-2.47
-3.02
-3.58
-4.16
-4.79
-5.41
-5.96
-6.32
-6.40
-6.12
-5.46
-4.44
-3.18
-1.81
-0.52
0.55
1.32
1.82
2.14
2.40
2.71
3.06
3.38
3.55
3.48
3.20
2.82
2.53
2.48
2.66
2.97
3.24
3.33
3.25
3.09
2.98
2.95
2.90
2.70
2.23
1.54
0.75
0.03
-0.54
-0.95
-1.27
-1.55
-1.82
-2.08
-2.35
-2.74
-3.35
-4.24
-5.34
-6.41
-7.16
-7.32
-6.77
-5.59
-4.01
-2.31
-0.75
0.51
1.45
2.10
2.54
2.84
3.04
3.19
3.28
3.33
3.32
3.24
3.07
2.83
2.58
2.40
2.36
2.49
2.72
2.90
2.87
2.50
1.80
0.89
0.00
-0.64
-0.93
-0.89
-0.69
-0.55
-0.65
-1.07
-1.77
-2.63
-3.54
-4.41
-5.18
-5.81
-6.25
-6.40
-6.20
-5.62
-4.71
-3.65
-2.60
-1.73
-1.06
-0.50
0.12
0.88
1.80
2.70
3.41
3.76
3.73
3.41
2.99
2.64
2.45
2.45
2.58
2.75
2.87
2.85
2.65
2.29
1.82
1.33
0.91
0.60
0.39
0.21
-0.03
-0.37
-0.83
-1.38
-1.95
-2.48
-2.99
-3.51
-4.10
-4.80
-5.50
-6.04
-6.20
-5.80
-4.88
-3.62
-2.30
-1.17
-0.35
0.20
0.64
1.06
1.51
1.95
2.32
2.63
2.91
3.24
3.61
3.94
4.12
4.06
3.78
3.35
2.92
2.60
2.45
2.43
2.46
2.43
2.25
1.84
1.20
0.39
-0.51
-1.36
-2.06
-2.56
-2.90
-3.18
-3.54
-4.07
-4.78
-5.58
-6.30
-6.76
-6.80
-6.37
-5.52
-4.40
-3.19
-2.01
-0.92
0.09
1.05
1.97
2.79
3.45
3.89
4.09
4.12
4.02
3.86
3.67
3.43
3.16
2.90
2.71
2.62
2.62
2.68
2.71
2.67
2.51
2.21
1.75
1.17
0.52
-0.06
-0.46
-0.61
-0.54
-0.38
-0.34
-0.59
-1.24
-2.24
-3.46
-4.72
-5.78
-6.47
-6.63
-6.23
-5.37
-4.23
-3.05
-2.02
-1.22
-0.64
-0.16
0.34
0.95
1.70
2.52
3.29
3.89
4.24
4.32
4.21
4.02
3.86
3.78
3.73
3.66
3.53
3.33
3.15
3.06
3.10
3.23
3.32
3.22
2.85
2.17
1.30
0.41
-0.31
-0.72
-0.79
-0.64
-0.45
-0.43
-0.69
-1.24
-1.98
-2.79
-3.58
-4.27
-4.85
-5.32
-5.63
-5.72
-5.51
-4.95
-4.10
-3.07
-2.02
-1.10
-0.36
0.23
0.77
1.38
2.11
2.90
3.63
4.16
4.41
4.40
4.26
4.16
4.17
4.26
4.30
4.17
3.82
3.32
2.78
2.31
1.93
1.60
1.25
0.88
0.55
0.30
0.14
-0.02
-0.30
-0.73
-1.27
-1.77
-2.12
-2.28
-2.36
-2.48
-2.77
-3.25
-3.88
-4.56
-5.14
-5.49
-5.47
-4.98
-4.01
-2.70
-1.31
-0.13
0.67
1.10
1.32
1.55
1.92
2.42
2.92
3.26
3.39
3.35
3.28
3.28
3.39
3.51
3.51
3.26
2.75
2.09
1.46
1.02
0.82
0.80
0.79
0.63
0.24
-0.34
-0.93
-1.40
-1.66
-1.74
-1.79
-2.00
-2.47
-3.18
-4.04
-4.86
-5.47
-5.77
-5.71
-5.33
-4.66
-3.78
-2.80
-1.79
-0.86
-0.05
0.63
1.24
1.85
2.50
3.15
3.72
4.11
4.23
4.09
3.76
3.34
2.89
2.46
2.07
1.74
1.53
1.51
1.71
2.07
2.44
2.64
2.52
2.03
1.25
0.32
-0.55
-1.21
-1.60
-1.74
-1.77
-1.84
-2.08
-2.60
-3.38
-4.34
-5.31
-6.08
-6.44
-6.27
-5.60
-4.55
-3.38
-2.30
-1.45
-0.83
-0.34
0.16
0.75
1.41
2.07
2.65
3.09
3.38
3.53
3.54
3.40
3.12
2.76
2.40
2.15
2.08
2.16
2.33
2.46
2.47
2.30
1.94
1.44
0.85
0.20
-0.49
-1.17
-1.75
-2.16
-2.39
-2.50
-2.65
-2.99
-3.57
-4.32
-5.03
-5.48
-5.55
-5.20
-4.54
-3.75
-2.98
-2.28
-1.67
-1.09
-0.48
0.21
0.99
1.81
2.60
3.28
3.74
3.95
3.89
3.64
3.32
3.05
2.91
2.93
3.04
3.11
3.06
2.83
2.47
2.05
1.64
1.28
0.95
0.59
0.14
-0.43
-1.11
-1.81
-2.43
-2.84
-3.01
-2.98
-2.88
-2.91
-3.23
-3.92
-4.90
-5.97
-6.89
-7.39
-7.32
-6.63
-5.41
-3.87
-2.28
-0.90
0.11
0.74
1.14
1.48
1.94
2.56
3.24
3.83
4.20
4.32
4.23
4.04
3.82
3.58
3.30
2.96
2.62
2.34
2.17
2.08
2.03
1.93
1.75
1.51
1.20
0.82
0.33
-0.30
-1.02
-1.74
-2.32
-2.67
-2.78
-2.73
-2.65
-2.70
-2.93
-3.36
-3.91
-4.48
-4.94
-5.14
-5.00
-4.49
-3.65
-2.63
-1.61
-0.75
-0.12
0.29
0.57
0.87
1.29
1.87
2.56
3.25
3.81
4.12
4.14
3.94
3.64
3.41
3.34
3.41
3.53
3.55
3.37
2.99
2.47
1.94
1.47
1.09
0.77
0.43
0.04
-0.39
-0.80
-1.17
-1.46
-1.70
-1.99
-2.39
-2.98
-3.75
-4.60
-5.39
-5.96
-6.18
-6.00
-5.46
-4.63
-3.60
-2.48
-1.36
-0.33
0.57
1.32
1.94
2.45
2.88
3.20
3.39
3.41
3.28
3.05
2.79
2.56
2.37
2.19
2.00
1.79
1.63
1.55
1.59
1.67
1.70
1.53
1.10
0.46
-0.26
-0.90
-1.37
-1.68
-1.94
-2.27
-2.80
-3.52
-4.37
-5.22
-5.92
-6.32
-6.36
-5.98
-5.21
-4.16
-2.98
-1.85
-0.90
-0.12
0.54
1.21
1.94
2.74
3.47
4.01
4.24
4.15
3.86
3.53
3.32
3.28
3.39
3.53
3.58
3.47
3.17
2.72
2.20
1.68
1.19
0.72
0.24
-0.27
-0.80
-1.32
-1.77
-2.12
-2.42
-2.76
-3.30
-4.10
-5.12
-6.17
-6.97
-7.27
-6.95
-6.03
-4.68
-3.14
-1.63
-0.34
0.66
1.35
1.80
2.13
2.49
2.95
3.54
4.19
4.72
5.00
4.93
4.53
3.92
3.28
2.78
2.54
2.55
2.73
2.91
2.95
2.74
2.25
1.55
0.73
-0.06
-0.74
-1.26
-1.64
-1.96
-2.34
-2.90
-3.69
-4.65
-5.58
-6.21
-6.28
-5.70
-4.54
-3.05
-1.53
-0.19
0.84
1.61
2.19
2.64
3.02
3.34
3.62
3.89
4.16
4.43
4.65
4.74
4.65
4.35
3.87
3.32
2.85
2.57
2.52
2.66
2.86
2.98
2.90
2.61
2.13
1.56
0.98
0.46
-0.01
-0.44
-0.88
-1.37
-1.98
-2.75
-3.70
-4.75
-5.76
-6.53
-6.85
-6.57
-5.69
-4.38
-2.90
-1.57
-0.55
0.17
0.77
1.44
2.30
3.28
4.21
4.90
5.24
5.30
5.21
5.08
4.96
4.82
4.59
4.25
3.85
3.46
3.15
2.95
2.82
2.68
2.47
2.13
1.62
0.97
0.25
-0.40
-0.84
-1.03
-0.99
-0.88
-0.92
-1.26
-2.00
-3.09
-4.34
-5.54
-6.44
-6.82
-6.57
-5.74
-4.47
-3.02
-1.64
-0.50
0.31
0.85
1.23
1.59
2.00
2.51
3.06
3.57
3.96
4.12
4.01
3.63
3.05
2.39
1.79
1.40
1.27
1.43
1.76
2.12
2.31
2.21
1.76
1.03
0.16
-0.68
-1.32
-1.72
-1.90
-1.97
-2.06
-2.29
-2.73
-3.38
-4.12
-4.76
-5.12
-5.04
-4.49
-3.55
-2.37
-1.14
-0.04
0.80
1.36
1.68
1.88
2.07
2.33
2.70
3.13
3.50
3.70
3.62
3.27
2.73
2.17
1.76
1.62
1.75
2.05
2.31
2.36
2.09
1.54
0.84
0.16
-0.37
-0.73
-0.97
-1.22
-1.58
-2.12
-2.85
-3.71
-4.63
-5.45
-6.00
-6.10
-5.68
-4.75
-3.47
-2.12
-0.94
-0.10
0.38
0.62
0.81
1.10
1.58
2.24
2.98
3.66
4.15
4.32
4.13
3.60
2.84
2.03
1.33
0.88
0.69
0.71
0.82
0.92
0.92
0.80
0.57
0.22
-0.24
-0.80
-1.39
-1.96
-2.44
-2.84
-3.22
-3.63
-4.06
-4.41
-4.54
-4.29
-3.63
-2.65
-1.54
-0.48
0.38
1.02
1.50
1.93
2.37
2.81
3.17
3.34
3.26
2.96
2.55
2.17
1.96
1.96
2.16
2.45
2.74
2.93
2.95
2.79
2.48
2.04
1.54
1.01
0.48
-0.06
-0.63
-1.22
-1.76
-2.16
-2.37
-2.39
-2.31
-2.31
-2.55
-3.10
-3.91
-4.82
-5.64
-6.20
-6.40
-6.24
-5.73
-4.93
-3.93
-2.84
-1.79
-0.91
-0.26
0.19
0.54
0.95
1.52
2.23
2.98
3.53
3.71
3.45
2.86
2.15
1.59
1.31
1.30
1.44
1.62
1.77
1.88
1.96
2.00
1.88
1.49
0.82
-0.05
-0.92
-1.60
-2.01
-2.17
-2.23
-2.29
-2.45
-2.69
-3.04
-3.52
-4.16
-4.93
-5.69
-6.23
-6.35
-5.96
-5.17
-4.21
-3.35
-2.69
-2.21
-1.76
-1.17
-0.40
0.52
1.47
2.31
2.95
3.36
3.52
3.44
3.14
2.68
2.15
1.68
1.36
1.24
1.30
1.46
1.63
1.73
1.66
1.37
0.81
0.01
-0.90
-1.75
-2.35
-2.61
-2.58
-2.45
-2.43
-2.70
-3.28
-4.06
-4.86
-5.46
-5.72
-5.55
-4.99
-4.17
-3.25
-2.39
-1.71
-1.18
-0.68
-0.10
0.63
1.45
2.22
2.80
3.10
3.16
3.06
2.90
2.71
2.46
2.13
1.72
1.29
0.90
0.62
0.41
0.25
0.07
-0.15
-0.44
-0.77
-1.16
-1.61
-2.10
-2.62
-3.14
-3.65
-4.16
-4.69
-5.25
-5.79
-6.20
-6.30
-5.99
-5.24
-4.16
-2.97
-1.87
-0.99
-0.30
0.34
1.05
1.92
2.88
3.80
4.52
4.94
5.05
4.89
4.56
4.14
3.69
3.31
3.05
2.93
2.94
2.97
2.92
2.69
2.26
1.68
1.04
0.41
-0.17
-0.72
-1.28
-1.89
-2.52
-3.14
-3.69
-4.19
-4.66
-5.09
-5.42
-5.54
-5.31
-4.65
-3.61
-2.35
-1.09
0.04
1.00
1.88
2.75
3.64
4.44
5.01
5.24
5.14
4.84
4.52
4.39
4.48
4.75
5.03
5.14
4.98
4.56
3.99
3.41
2.92
2.57
2.30
2.05
1.72
1.30
0.82
0.35
-0.06
-0.40
-0.75
-1.18
-1.77
-2.55
-3.51
-4.54
-5.52
-6.27
-6.59
-6.35
-5.52
-4.24
-2.77
-1.40
-0.34
0.36
0.84
1.30
1.88
2.61
3.37
4.04
4.51
4.77
4.85
4.78
4.60
4.37
4.14
3.99
3.98
4.07
4.19
4.22
4.12
3.88
3.57
3.21
2.81
2.35
1.82
1.23
0.65
0.12
-0.35
-0.80
-1.26
-1.74
-2.26
-2.85
-3.51
-4.28
-5.10
-5.83
-6.29
-6.30
-5.82
-4.94
-3.82
-2.65
-1.57
-0.60
0.27
1.04
1.74
2.34
2.82
3.21
3.52
3.78
4.03
4.25
4.47
4.64
4.74
4.72
4.56
4.30
3.98
3.65
3.34
3.02
2.63
2.15
1.56
0.94
0.38
-0.04
-0.30
-0.45
-0.56
-0.75
-1.09
-1.63
-2.38
-3.31
-4.34
-5.34
-6.13
-6.55
-6.49
-5.94
-5.02
-3.86
-2.64
-1.48
-0.46
0.42
1.17
1.82
2.40
2.93
3.43
3.88
4.24
4.45
4.48
4.31
3.97
3.57
3.17
2.84
2.58
2.39
2.20
1.97
1.64
1.17
0.54
-0.24
-1.05
-1.76
-2.25
-2.50
-2.60
-2.78
-3.22
-3.99
-4.96
-5.83
-6.30
-6.13
-5.33
-4.08
-2.64
-1.27
-0.11
0.79
1.47
2.02
2.48
2.90
3.28
3.61
3.85
3.95
3.90
3.71
3.44
3.16
2.96
2.84
2.80
2.80
2.81
2.83
2.85
2.87
2.82
2.64
2.22
1.56
0.71
-0.17
-0.94
-1.50
-1.87
-2.13
-2.34
-2.50
-2.49
-2.16
-1.42
-0.30
1.00
2.24
3.20
3.85
4.28
4.67
5.14
5.72
6.32
6.82
7.17
7.38
7.56
7.75
7.96
8.09
8.04
7.75
7.24
6.62
6.00
5.46
5.00
4.52
3.92
3.09
2.01
0.72
-0.68
-2.05
-3.32
-4.50
-5.64
-6.83
-8.16
-9.64
-11.21
-12.80
-14.28
-15.52
-16.34
-16.60
-16.14
-14.94
-13.09
-10.84
-8.49
-6.32
-4.48
-2.94
-1.55
-0.14
1.38
2.96
4.44
5.63
6.41
6.75
6.76
6.60
6.48
6.56
6.90
7.50
8.25
8.97
9.45
9.53
9.19
8.51
7.68
6.89
6.21
5.61
4.95
4.11
3.05
1.81
0.52
-0.74
-1.99
-3.33
-4.88
-6.63
-8.44
-10.04
-11.17
-11.69
-11.65
-11.25
-10.71
-10.22
-9.83
-9.51
-9.20
-8.88
-8.60
-8.45
-8.46
-8.62
-8.88
-9.12
-9.28
-9.32
-9.28
-9.21
-9.16
-9.14
-9.11
-8.97
-8.63
-8.07
-7.31
-6.47
-5.68
-5.03
-4.52
-4.10
-3.67
-3.23
-2.81
-2.51
-2.43
-2.56
-2.83
-3.12
-3.33
-3.38
-3.26
-2.93
-2.35
-1.47
-0.30
1.10
2.53
3.82
4.81
5.51
5.99
6.41
6.83
7.28
7.68
7.96
8.08
8.06
7.96
7.86
7.77
7.69
7.57
7.33
6.97
6.49
5.97
5.45
4.98
4.54
4.09
3.59
3.05
2.51
2.02
1.60
1.22
0.78
0.23
-0.49
-1.33
-2.25
-3.15
-3.93
-4.44
-4.56
-4.19
-3.37
-2.24
-1.07
-0.10
0.57
0.95
1.22
1.54
1.99
2.54
3.09
3.54
3.84
4.03
4.16
4.28
4.38
4.43
4.42
4.35
4.22
4.07
3.87
3.60
3.25
2.86
2.45
2.10
1.82
1.62
1.45
1.32
1.19
1.04
0.83
0.50
0.00
-0.69
-1.54
-2.48
-3.44
-4.33
-5.12
-5.80
-6.38
-6.81
-7.06
-7.02
-6.63
-5.86
-4.80
-3.60
-2.42
-1.37
-0.47
0.34
1.19
2.11
3.03
3.81
4.30
4.43
4.27
3.96
3.69
3.56
3.60
3.74
3.91
4.04
4.13
4.16
4.13
3.99
3.72
3.32
2.82
2.33
1.90
1.54
1.23
0.92
0.59
0.23
-0.19
-0.66
-1.22
-1.87
-2.61
-3.36
-4.09
-4.77
-5.38
-5.93
-6.33
-6.46
-6.18
-5.42
-4.24
-2.85
-1.50
-0.39
0.44
1.05
1.62
2.22
2.87
3.50
3.99
4.31
4.44
4.41
4.27
4.03
3.73
3.40
3.08
2.81
2.62
2.50
2.43
2.39
2.33
2.16
1.79
1.17
0.33
-0.60
-1.39
-1.86
-1.95
-1.77
-1.54
-1.52
-1.87
-2.62
-3.64
-4.75
-5.72
-6.36
-6.54
-6.20
-5.37
-4.17
-2.76
-1.36
-0.10
0.92
1.65
2.13
2.39
2.49
2.51
2.50
2.52
2.57
2.65
2.71
2.74
2.69
2.58
2.41
2.20
1.94
1.61
1.18
0.67
0.16
-0.27
-0.55
-0.67
-0.73
-0.85
-1.15
-1.64
-2.30
-3.05
-3.82
-4.56
-5.21
-5.64
-5.70
-5.24
-4.23
-2.83
-1.35
-0.08
0.77
1.22
1.46
1.72
2.16
2.80
3.51
4.15
4.59
4.81
4.83
4.74
4.57
4.35
4.06
3.70
3.28
2.85
2.44
2.06
1.71
1.37
1.01
0.61
0.16
-0.40
-1.08
-1.91
-2.84
-3.79
-4.64
-5.25
-5.54
-5.45
-4.97
-4.16
-3.13
-2.01
-0.99
-0.19
0.33
0.67
0.97
1.39
2.00
2.72
3.38
3.80
3.87
3.66
3.28
2.89
2.55
2.27
2.03
1.81
1.67
1.63
1.70
1.79
1.76
1.49
0.91
0.08
-0.91
-1.92
-2.80
-3.46
-3.85
-3.98
-3.94
-3.85
-3.86
-4.03
-4.32
-4.57
-4.56
-4.13
-3.23
-1.97
-0.58
0.71
1.75
2.47
2.92
3.17
3.30
3.37
3.44
3.53
3.70
3.91
4.14
4.29
4.31
4.17
3.89
3.51
3.08
2.65
2.25
1.91
1.62
1.35
1.03
0.63
0.19
-0.25
-0.63
-0.96
-1.32
-1.78
-2.35
-2.94
-3.44
-3.76
-3.95
-4.15
-4.49
-4.98
-5.49
-5.81
-5.73
-5.19
-4.28
-3.20
-2.17
-1.33
-0.71
-0.26
0.16
0.69
1.41
2.28
3.18
3.89
4.24
4.17
3.76
3.16
2.59
2.15
1.89
1.78
1.75
1.74
1.73
1.69
1.60
1.42
1.13
0.71
0.19
-0.35
-0.84
-1.23
-1.51
-1.75
-2.05
-2.50
-3.10
-3.80
-4.44
-4.87
-4.99
-4.78
-4.31
-3.69
-3.03
-2.41
-1.85
-1.31
-0.74
-0.08
0.65
1.36
1.95
2.32
2.43
2.38
2.27
2.25
2.35
2.53
2.67
2.67
2.50
2.19
1.84
1.51
1.19
0.83
0.37
-0.20
-0.83
-1.38
-1.79
-2.05
-2.25
-2.49
-2.87
-3.38
-3.98
-4.59
-5.12
-5.48
-5.57
-5.26
-4.50
-3.32
-1.90
-0.51
0.56
1.19
1.42
1.44
1.50
1.74
2.16
2.65
3.07
3.32
3.40
3.36
3.27
3.13
2.92
2.64
2.31
2.01
1.79
1.67
1.58
1.38
0.98
0.36
-0.38
-1.10
-1.67
-2.09
-2.43
-2.82
-3.37
-4.09
-4.87
-5.49
-5.77
-5.58
-4.92
-3.94
-2.85
-1.83
-1.00
-0.38
0.11
0.57
1.06
1.57
2.07
2.49
2.80
3.00
3.11
3.14
3.11
3.02
2.86
2.65
2.42
2.23
2.17
2.28
2.53
2.84
3.06
3.06
2.78
2.25
1.55
0.81
0.11
-0.53
-1.12
-1.66
-2.15
-2.60
-3.05
-3.56
-4.21
-5.03
-5.94
-6.73
-7.18
-7.09
-6.39
-5.18
-3.69
-2.20
-0.94
-0.01
0.66
1.21
1.81
2.50
3.23
3.87
4.30
4.47
4.47
4.41
4.43
4.56
4.75
4.88
4.84
4.59
4.17
3.71
3.32
3.06
2.93
2.83
2.64
2.25
1.67
0.99
0.34
-0.18
-0.58
-0.93
-1.34
-1.87
-2.52
-3.21
-3.89
-4.56
-5.24
-5.93
-6.52
-6.87
-6.80
-6.21
-5.13
-3.73
-2.21
-0.78
0.40
1.19
1.59
1.65
1.55
1.51
1.72
2.23
2.94
3.64
4.14
4.33
4.26
4.02
3.71
3.36
2.95
2.46
1.94
1.53
1.33
1.36
1.49
1.50
1.23
0.65
-0.08
-0.74
-1.17
-1.37
-1.52
-1.82
-2.41
-3.26
-4.19
-5.00
-5.52
-5.70
-5.55
-5.11
-4.38
-3.40
-2.26
-1.06
0.01
0.84
1.38
1.69
1.91
2.21
2.64
3.18
3.69
4.00
4.00
3.71
3.25
2.82
2.54
2.41
2.35
2.24
1.99
1.61
1.19
0.83
0.55
0.32
0.04
-0.37
-0.90
-1.48
-2.04
-2.56
-3.09
-3.76
-4.63
-5.65
-6.61
-7.23
-7.24
-6.49
-5.08
-3.29
-1.48
0.03
1.05
1.61
1.87
2.05
2.33
2.75
3.27
3.76
4.11
4.27
4.26
4.17
4.04
3.89
3.68
3.37
2.95
2.48
2.06
1.77
1.61
1.50
1.34
1.02
0.53
-0.06
-0.65
-1.15
-1.53
-1.86
-2.23
-2.73
-3.36
-4.04
-4.67
-5.12
-5.30
-5.19
-4.83
-4.27
-3.57
-2.80
-1.99
-1.17
-0.33
0.55
1.46
2.40
3.30
4.07
4.58
4.79
4.71
4.43
4.06
3.73
3.51
3.38
3.30
3.19
3.04
2.89
2.80
2.81
2.87
2.87
2.66
2.15
1.36
0.41
-0.50
-1.22
-1.72
-2.06
-2.36
-2.75
-3.25
-3.88
-4.57
-5.29
-5.95
-6.42
-6.57
-6.27
-5.53
-4.43
-3.19
-2.00
-1.02
-0.27
0.35
0.92
1.53
2.20
2.87
3.50
4.02
4.40
4.62
4.67
4.57
4.34
4.00
3.62
3.28
3.07
3.03
3.14
3.31
3.39
3.25
2.84
2.19
1.40
0.61
-0.09
-0.65
-1.10
-1.43
-1.70
-1.91
-2.10
-2.34
-2.68
-3.20
-3.92
-4.79
-5.69
-6.43
-6.81
-6.70
-6.05
-4.97
-3.67
-2.39
-1.34
-0.62
-0.19
0.08
0.38
0.86
1.53
2.33
3.10
3.68
4.02
4.13
4.09
3.98
3.82
3.59
3.30
3.00
2.78
2.70
2.75
2.82
2.74
2.38
1.71
0.83
-0.04
-0.69
-1.03
-1.05
-0.92
-0.84
-1.00
-1.51
-2.35
-3.40
-4.51
-5.51
-6.30
-6.80
-6.90
-6.51
-5.57
-4.12
-2.36
-0.59
0.86
1.76
2.10
2.02
1.78
1.60
1.61
1.81
2.15
2.50
2.81
3.04
3.15
3.16
3.06
2.89
2.68
2.47
2.30
2.13
1.91
1.58
1.14
0.61
0.06
-0.47
-0.96
-1.39
-1.76
-2.04
-2.23
-2.39
-2.63
-3.05
-3.75
-4.66
-5.60
-6.32
-6.61
-6.42
-5.80
-4.94
-3.98
-3.03
-2.10
-1.17
-0.21
0.74
1.64
2.42
3.05
3.55
3.90
4.13
4.22
4.19
4.04
3.85
3.64
3.46
3.33
3.25
3.19
3.13
3.05
2.91
2.67
2.27
1.70
0.99
0.26
-0.35
-0.73
-0.86
-0.85
-0.86
-1.11
-1.72
-2.68
-3.91
-5.24
-6.45
-7.32
-7.66
-7.35
-6.40
-4.95
-3.24
-1.56
-0.13
0.94
1.63
2.03
2.24
2.32
2.35
2.36
2.42
2.59
2.90
3.34
3.84
4.28
4.54
4.55
4.30
3.85
3.33
2.82
2.38
2.04
1.76
1.53
1.32
1.10
0.83
0.48
0.04
-0.47
-0.97
-1.43
-1.85
-2.32
-2.94
-3.77
-4.72
-5.62
-6.25
-6.45
-6.18
-5.47
-4.44
-3.19
-1.81
-0.44
0.78
1.67
2.15
2.25
2.13
1.99
1.98
2.15
2.43
2.70
2.88
2.96
2.94
2.84
2.65
2.39
2.07
1.77
1.53
1.41
1.35
1.26
1.05
0.70
0.26
-0.19
-0.59
-0.97
-1.42
-2.04
-2.89
-3.93
-5.01
-5.93
-6.50
-6.58
-6.12
-5.19
-3.92
-2.52
-1.22
-0.20
0.44
0.73
0.80
0.84
1.03
1.47
2.14
2.91
3.60
4.07
4.24
4.14
3.87
3.52
3.15
2.79
2.46
2.21
2.07
2.06
2.09
2.06
1.86
1.44
0.85
0.17
-0.51
-1.15
-1.76
-2.40
-3.12
-3.93
-4.77
-5.55
-6.10
-6.26
-5.89
-4.98
-3.66
-2.21
-0.95
-0.10
0.33
0.51
0.71
1.12
1.80
2.65
3.51
4.25
4.77
5.07
5.13
4.96
4.57
4.04
3.48
3.02
2.71
2.55
2.46
2.33
2.10
1.76
1.35
0.87
0.33
-0.23
-0.75
-1.10
-1.22
-1.17
-1.12
-1.32
-1.96
-3.06
-4.43
-5.74
-6.65
-6.94
-6.56
-5.62
-4.34
-2.96
-1.65
-0.54
0.33
1.00
1.53
2.01
2.51
3.03
3.50
3.86
4.04
4.05
3.96
3.87
3.88
4.00
4.21
4.40
4.47
4.36
4.10
3.70
3.23
2.71
2.13
1.51
0.90
0.34
-0.11
-0.45
-0.73
-1.02
-1.39
-1.84
-2.34
-2.82
-3.26
-3.66
-4.09
-4.60
-5.20
-5.82
-6.28
-6.41
-6.06
-5.20
-3.95
-2.52
-1.20
-0.19
0.44
0.75
0.97
1.28
1.81
2.55
3.35
4.03
4.42
4.45
4.19
3.76
3.31
2.93
2.63
2.38
2.16
1.97
1.89
1.97
2.22
2.52
2.73
2.69
2.30
1.59
0.69
-0.24
-1.07
-1.74
-2.26
-2.66
-2.99
-3.29
-3.63
-4.08
-4.70
-5.47
-6.24
-6.81
-6.95
-6.55
-5.62
-4.37
-3.06
-1.92
-1.07
-0.47
0.01
0.52
1.15
1.89
2.64
3.30
3.80
4.11
4.25
4.23
4.07
3.79
3.42
3.04
2.74
2.55
2.48
2.46
2.39
2.19
1.84
1.35
0.80
0.25
-0.23
-0.57
-0.78
-0.87
-0.89
-0.92
-1.03
-1.34
-1.92
-2.81
-3.98
-5.31
-6.58
-7.51
-7.86
-7.49
-6.46
-4.96
-3.35
-1.91
-0.85
-0.20
0.20
0.52
0.95
1.52
2.17
2.81
3.34
3.71
3.92
3.98
3.87
3.62
3.29
3.00
2.82
2.77
2.77
2.70
2.52
2.25
2.00
1.85
1.77
1.66
1.37
0.85
0.20
-0.40
-0.81
-1.04
-1.25
-1.69
-2.50
-3.64
-4.88
-5.92
-6.51
-6.51
-5.99
-5.11
-4.05
-2.96
-1.94
-1.02
-0.21
0.51
1.12
1.63
2.09
2.50
2.89
3.27
3.59
3.80
3.84
3.67
3.31
2.83
2.33
1.96
1.80
1.89
2.17
2.52
2.80
2.91
2.80
2.43
1.85
1.10
0.23
-0.64
-1.41
-1.95
-2.21
-2.22
-2.14
-2.15
-2.41
-2.92
-3.54
-4.07
-4.27
-4.01
-3.29
-2.26
-1.13
-0.11
0.62
1.04
1.23
1.31
1.43
1.67
2.01
2.41
2.79
3.11
3.36
3.50
3.50
3.33
2.94
2.33
1.60
0.83
0.13
-0.45
-0.91
-1.27
-1.60
-1.91
-2.22
-2.55
-2.89
-3.28
-3.73
-4.24
-4.79
-5.30
-5.69
-5.87
-5.76
-5.34
-4.62
-3.67
-2.59
-1.50
-0.52
0.25
0.80
1.20
1.59
2.08
2.67
3.28
3.72
3.85
3.62
3.16
2.68
2.34
2.21
2.21
2.16
1.92
1.44
0.81
0.15
-0.44
-0.90
-1.25
-1.58
-1.95
-2.45
-3.09
-3.85
-4.62
-5.21
-5.44
-5.17
-4.39
-3.29
-2.10
-1.10
-0.41
-0.03
0.16
0.33
0.60
1.01
1.51
2.04
2.52
2.90
3.15
3.27
3.29
3.24
3.18
3.10
2.99
2.79
2.47
2.03
1.55
1.13
0.86
0.76
0.73
0.62
0.28
-0.40
-1.40
-2.61
-3.82
-4.83
-5.46
-5.63
-5.35
-4.71
-3.84
-2.87
-1.90
-0.99
-0.17
0.55
1.15
1.62
1.99
2.29
2.59
2.90
3.19
3.38
3.40
3.19
2.82
2.41
2.07
1.86
1.74
1.58
1.27
0.79
0.19
-0.36
-0.75
-0.96
-1.08
-1.29
-1.75
-2.52
-3.49
-4.47
-5.21
-5.55
-5.36
-4.69
-3.63
-2.36
-1.07
0.10
1.04
1.73
2.24
2.64
2.99
3.29
3.51
3.59
3.50
3.25
2.95
2.67
2.52
2.50
2.57
2.62
2.56
2.31
1.87
1.31
0.73
0.21
-0.22
-0.60
-1.03
-1.60
-2.34
-3.19
-4.02
-4.66
-4.97
-4.91
-4.51
-3.88
-3.14
-2.37
-1.61
-0.87
-0.16
0.51
1.14
1.70
2.21
2.67
3.08
3.43
3.69
3.84
3.84
3.67
3.35
2.92
2.46
2.11
1.94
1.98
2.11
2.17
1.98
1.49
0.78
0.00
-0.64
-1.06
-1.24
-1.29
-1.36
-1.62
-2.18
-3.08
-4.23
-5.44
-6.40
-6.84
-6.59
-5.68
-4.31
-2.77
-1.33
-0.12
0.84
1.60
2.20
2.67
3.01
3.23
3.36
3.47
3.57
3.66
3.69
3.60
3.38
3.08
2.77
2.52
2.38
2.33
2.32
2.25
2.00
1.52
0.80
-0.08
-0.95
-1.67
-2.15
-2.41
-2.57
-2.81
-3.24
-3.89
-4.63
-5.28
-5.62
-5.56
-5.10
-4.34
-3.40
-2.37
-1.31
-0.26
0.75
1.63
2.32
2.78
3.04
3.17
3.24
3.31
3.34
3.28
3.08
2.73
2.28
1.79
1.36
1.00
0.72
0.46
0.21
-0.02
-0.18
-0.27
-0.34
-0.50
-0.91
-1.65
-2.71
-3.95
-5.16
-6.11
-6.66
-6.70
-6.21
-5.23
-3.88
-2.35
-0.85
0.43
1.39
2.04
2.46
2.78
3.07
3.36
3.63
3.82
3.92
3.93
3.89
3.82
3.76
3.67
3.53
3.28
2.90
2.40
1.82
1.26
0.76
0.35
-0.02
-0.41
-0.85
-1.38
-1.99
-2.67
-3.43
-4.24
-5.06
-5.75
-6.12
-5.97
-5.20
-3.89
-2.29
-0.74
0.48
1.23
1.60
1.79
2.04
2.49
3.15
3.93
4.64
5.13
5.29
5.12
4.67
4.05
3.41
2.90
2.59
2.46
2.45
2.41
2.27
1.98
1.55
1.04
0.49
-0.05
-0.57
-1.05
-1.51
-2.01
-2.62
-3.40
-4.32
-5.26
-6.05
-6.52
-6.54
-6.07
-5.14
-3.86
-2.39
-0.98
0.16
0.89
1.22
1.35
1.54
2.00
2.72
3.53
4.17
4.47
4.41
4.13
3.81
3.59
3.45
3.32
3.11
2.76
2.32
1.85
1.42
1.03
0.65
0.24
-0.22
-0.74
-1.26
-1.73
-2.12
-2.47
-2.85
-3.34
-3.97
-4.69
-5.35
-5.74
-5.68
-5.11
-4.08
-2.81
-1.57
-0.55
0.14
0.55
0.83
1.13
1.51
1.96
2.39
2.72
2.91
2.98
2.97
2.93
2.83
2.64
2.32
1.88
1.35
0.84
0.46
0.27
0.24
0.29
0.28
0.12
-0.23
-0.76
-1.43
-2.22
-3.14
-4.16
-5.17
-5.97
-6.34
-6.10
-5.24
-3.90
-2.38
-0.99
0.07
0.77
1.21
1.56
1.96
2.46
3.01
3.47
3.72
3.72
3.50
3.18
2.89
2.75
2.77
2.91
3.06
3.08
2.87
2.39
1.72
0.98
0.36
-0.01
-0.13
-0.13
-0.20
-0.53
-1.19
-2.15
-3.26
-4.39
-5.37
-6.04
-6.27
-5.93
-5.01
-3.63
-2.07
-0.64
0.41
1.07
1.49
1.90
2.49
3.29
4.17
4.90
5.35
5.43
5.23
4.86
4.45
4.08
3.76
3.49
3.29
3.17
3.15
3.21
3.28
3.24
2.98
2.41
1.58
0.60
-0.33
-1.04
-1.45
-1.60
-1.64
-1.75
-2.09
-2.67
-3.40
-4.17
-4.85
-5.40
-5.82
-6.04
-5.97
-5.51
-4.63
-3.47
-2.29
-1.37
-0.84
-0.62
-0.44
0.01
0.90
2.16
3.57
4.77
5.51
5.67
5.33
4.71
4.06
3.59
3.36
3.35
3.44
3.52
3.52
3.41
3.17
2.82
2.34
1.71
0.98
0.21
-0.50
-1.08
-1.50
-1.79
-2.00
-2.20
-2.43
-2.73
-3.13
-3.64
-4.29
-5.05
-5.84
-6.51
-6.87
-6.76
-6.10
-4.99
-3.65
-2.32
-1.21
-0.34
0.37
1.03
1.73
2.40
2.91
3.18
3.15
2.95
2.70
2.53
2.45
2.42
2.35
2.21
2.00
1.76
1.54
1.32
1.07
0.77
0.43
0.06
-0.29
-0.64
-1.03
-1.51
-2.15
-2.92
-3.78
-4.62
-5.34
-5.82
-5.94
-5.64
-4.93
-3.88
-2.70
-1.59
-0.74
-0.20
0.11
0.37
0.74
1.32
2.09
2.91
3.60
3.99
4.06
3.84
3.48
3.10
2.81
2.61
2.48
2.37
2.25
2.13
1.99
1.80
1.47
0.94
0.17
-0.76
-1.69
-2.44
-2.91
-3.17
-3.38
-3.80
-4.53
-5.51
-6.47
-7.05
-6.95
-6.10
-4.69
-3.05
-1.49
-0.22
0.74
1.51
2.19
2.87
3.54
4.14
4.60
4.89
5.02
4.99
4.81
4.51
4.09
3.57
3.02
2.53
2.15
1.94
1.87
1.86
1.78
1.53
1.05
0.36
-0.44
-1.22
-1.92
-2.50
-3.01
-3.54
-4.15
-4.85
-5.57
-6.21
-6.61
-6.67
-6.30
-5.51
-4.37
-3.05
-1.70
-0.48
0.54
1.36
2.03
2.61
3.12
3.54
3.88
4.15
4.36
4.53
4.64
4.62
4.43
4.09
3.73
3.48
3.43
3.55
3.70
3.72
3.50
3.07
2.50
1.89
1.31
0.78
0.29
-0.17
-0.58
-0.93
-1.21
-1.44
-1.70
-2.07
-2.62
-3.40
-4.37
-5.38
-6.24
-6.72
-6.73
-6.27
-5.46
-4.47
-3.46
-2.52
-1.67
-0.89
-0.16
0.55
1.27
2.01
2.74
3.39
3.89
4.16
4.15
3.86
3.37
2.77
2.18
1.71
1.45
1.41
1.55
1.75
1.88
1.85
1.57
1.06
0.38
-0.36
-1.09
-1.75
-2.30
-2.78
-3.23
-3.68
-4.17
-4.71
-5.26
-5.75
-6.03
-5.97
-5.43
-4.41
-3.04
-1.55
-0.21
0.76
1.31
1.54
1.63
1.78
2.10
2.57
3.09
3.56
3.88
4.05
4.11
4.10
4.02
3.82
3.46
2.91
2.25
1.60
1.07
0.74
0.57
0.45
0.24
-0.15
-0.76
-1.56
-2.51
-3.52
-4.52
-5.40
-6.02
-6.27
-6.08
-5.45
-4.50
-3.42
-2.39
-1.55
-0.92
-0.43
0.06
0.65
1.39
2.22
3.01
3.65
4.09
4.34
4.48
4.58
4.62
4.56
4.32
3.91
3.40
2.91
2.55
2.38
2.37
2.38
2.31
2.08
1.67
1.13
0.54
-0.04
-0.60
-1.20
-1.89
-2.74
-3.73
-4.78
-5.76
-6.51
-6.88
-6.79
-6.22
-5.18
-3.78
-2.19
-0.64
0.62
1.47
1.91
2.13
2.35
2.75
3.35
4.04
4.60
4.88
4.85
4.63
4.38
4.24
4.23
4.27
4.22
3.99
3.57
3.03
2.52
2.15
1.96
1.88
1.76
1.46
0.93
0.24
-0.43
-0.94
-1.21
-1.35
-1.54
-1.97
-2.69
-3.61
-4.55
-5.35
-5.96
-6.43
-6.80
-7.08
-7.14
-6.85
-6.13
-5.02
-3.70
-2.38
-1.24
-0.30
0.49
1.25
2.02
2.76
3.37
3.75
3.89
3.84
3.70
3.57
3.49
3.47
3.46
3.39
3.22
2.95
2.64
2.36
2.17
2.03
1.89
1.63
1.18
0.56
-0.14
-0.77
-1.23
-1.47
-1.60
-1.77
-2.15
-2.82
-3.75
-4.78
-5.65
-6.14
-6.10
-5.54
-4.60
-3.48
-2.37
-1.37
-0.48
0.37
1.22
2.05
2.78
3.27
3.46
3.38
3.12
2.78
2.45
2.16
1.92
1.73
1.65
1.72
1.91
2.13
2.22
1.99
1.38
0.45
-0.61
-1.55
-2.18
-2.43
-2.37
-2.19
-2.14
-2.38
-2.93
-3.68
-4.43
-4.97
-5.19
-5.08
-4.69
-4.09
-3.30
-2.34
-1.25
-0.16
0.78
1.46
1.88
2.16
2.48
2.95
3.56
4.16
4.56
4.65
4.42
4.00
3.52
3.11
2.82
2.65
2.58
2.56
2.52
2.38
2.11
1.70
1.20
0.72
0.32
-0.00
-0.33
-0.73
-1.27
-1.93
-2.64
-3.35
-4.07
-4.83
-5.62
-6.34
-6.82
-6.87
-6.37
-5.36
-4.01
-2.57
-1.30
-0.34
0.28
0.67
1.02
1.49
2.18
3.04
3.94
4.70
5.19
5.36
5.28
5.05
4.73
4.34
3.90
3.45
3.05
2.82
2.81
2.97
3.19
3.27
3.08
2.54
1.71
0.71
-0.26
-1.05
-1.56
-1.77
-1.76
-1.69
-1.72
-1.94
-2.42
-3.09
-3.88
-4.68
-5.42
-6.05
-6.47
-6.61
-6.37
-5.74
-4.80
-3.73
-2.73
-1.90
-1.25
-0.63
0.10
1.00
1.98
2.87
3.49
3.76
3.74
3.60
3.50
3.51
3.62
3.72
3.74
3.61
3.35
3.04
2.73
2.47
2.24
1.97
1.61
1.13
0.56
0.01
-0.42
-0.68
-0.77
-0.79
-0.90
-1.22
-1.81
-2.64
-3.64
-4.67
-5.61
-6.33
-6.74
-6.75
-6.32
-5.48
-4.31
-2.98
-1.71
-0.71
-0.09
0.21
0.35
0.56
0.98
1.65
2.43
3.10
3.50
3.58
3.40
3.09
2.75
2.41
2.08
1.76
1.52
1.38
1.37
1.39
1.31
1.04
0.53
-0.13
-0.81
-1.40
-1.88
-2.28
-2.65
-3.08
-3.63
-4.31
-5.08
-5.83
-6.39
-6.57
-6.24
-5.42
-4.25
-2.97
-1.78
-0.81
-0.06
0.56
1.17
1.84
2.55
3.26
3.91
4.45
4.85
5.09
5.13
4.95
4.53
3.90
3.17
2.48
1.94
1.63
1.53
1.51
1.47
1.30
0.99
0.59
0.15
-0.28
-0.74
-1.25
-1.86
-2.55
-3.28
-4.01
-4.69
-5.32
-5.89
-6.33
-6.53
-6.37
-5.77
-4.80
-3.59
-2.37
-1.31
-0.44
0.29
1.01
1.80
2.67
3.50
4.16
4.56
4.70
4.64
4.46
4.26
4.07
3.88
3.69
3.50
3.32
3.17
3.06
2.97
2.88
2.72
2.47
2.07
1.51
0.81
0.03
-0.72
-1.37
-1.83
-2.12
-2.36
-2.67
-3.18
-3.91
-4.82
-5.73
-6.47
-6.85
-6.76
-6.18
-5.17
-3.90
-2.54
-1.28
-0.21
0.65
1.39
2.07
2.73
3.33
3.79
4.07
4.17
4.16
4.15
4.21
4.31
4.40
4.40
4.25
3.97
3.65
3.36
3.15
2.98
2.75
2.37
1.78
1.04
0.26
-0.43
-0.93
-1.21
-1.32
-1.37
-1.45
-1.67
-2.13
-2.89
-3.95
-5.20
-6.40
-7.25
-7.47
-6.92
-5.69
-4.04
-2.34
-0.89
0.16
0.84
1.28
1.64
2.01
2.39
2.70
2.88
2.92
2.86
2.75
2.68
2.68
2.74
2.81
2.86
2.86
2.79
2.64
2.41
2.10
1.75
1.38
1.01
0.64
0.22
-0.27
-0.81
-1.37
-1.88
-2.32
-2.76
-3.31
-4.07
-5.02
-5.99
-6.69
-6.85
-6.31
-5.12
-3.53
-1.86
-0.40
0.71
1.48
2.03
2.51
2.99
3.47
3.89
4.20
4.38
4.44
4.42
4.33
4.19
3.99
3.72
3.41
3.09
2.81
2.59
2.39
2.15
1.83
1.41
0.90
0.34
-0.23
-0.76
-1.26
-1.74
-2.27
-2.91
-3.71
-4.69
-5.74
-6.68
-7.26
-7.22
-6.48
-5.14
-3.45
-1.79
-0.44
0.46
0.99
1.34
1.72
2.25
2.91
3.60
4.16
4.48
4.56
4.43
4.20
3.95
3.75
3.61
3.49
3.34
3.13
2.88
2.63
2.41
2.23
2.05
1.82
1.47
0.99
0.43
-0.13
-0.61
-1.00
-1.33
-1.67
-2.14
-2.79
-3.63
-4.59
-5.53
-6.31
-6.77
-6.80
-6.37
-5.52
-4.39
-3.15
-1.98
-1.02
-0.24
0.44
1.17
2.02
2.91
3.69
4.20
4.39
4.35
4.26
4.30
4.50
4.75
4.88
4.76
4.38
3.88
3.47
3.31
3.42
3.68
3.86
3.73
3.17
2.17
0.90
-0.44
-1.59
-2.42
-2.87
-2.99
-2.94
-2.86
-2.92
-3.22
-3.83
-4.74
-5.84
-6.93
-7.74
-8.00
-7.56
-6.40
-4.71
-2.78
-0.96
0.49
1.46
1.97
2.19
2.29
2.41
2.64
2.97
3.40
3.86
4.32
4.71
4.92
4.88
4.54
3.96
3.24
2.57
2.09
1.87
1.87
1.96
2.02
1.94
1.69
1.28
0.72
0.04
-0.73
-1.51
-2.21
-2.74
-3.07
-3.26
-3.46
-3.84
-4.49
-5.34
-6.17
-6.72
-6.75
-6.19
-5.14
-3.80
-2.40
-1.13
-0.06
0.79
1.45
1.96
2.30
2.48
2.49
2.37
2.16
1.93
1.73
1.62
1.61
1.72
1.94
2.21
2.42
2.46
2.28
1.89
1.40
0.97
0.71
0.64
0.63
0.53
0.19
-0.43
-1.23
-2.07
-2.86
-3.57
-4.28
-5.08
-5.99
-6.87
-7.49
-7.60
-7.04
-5.83
-4.21
-2.50
-1.01
0.10
0.85
1.43
2.02
2.73
3.53
4.25
4.70
4.77
4.49
4.02
3.55
3.21
2.99
2.78
2.46
2.01
1.50
1.07
0.86
0.88
1.01
1.06
0.90
0.47
-0.13
-0.81
-1.49
-2.19
-2.99
-3.95
-5.06
-6.14
-6.98
-7.36
-7.18
-6.47
-5.41
-4.18
-2.96
-1.85
-0.87
-0.01
0.73
1.37
1.88
2.31
2.71
3.11
3.53
3.94
4.25
4.41
4.40
4.26
4.08
3.95
3.90
3.92
3.99
4.04
4.03
3.89
3.55
2.93
2.01
0.84
-0.42
-1.56
-2.39
-2.83
-2.94
-2.93
-3.04
-3.47
-4.29
-5.40
-6.57
-7.52
-8.02
-7.92
-7.21
-6.00
-4.45
-2.79
-1.26
-0.04
0.79
1.32
1.74
2.27
2.99
3.86
4.67
5.21
5.37
5.22
4.93
4.69
4.63
4.73
4.87
4.93
4.84
4.62
4.32
4.02
3.77
3.56
3.32
2.98
2.46
1.74
0.87
-0.03
-0.84
-1.47
-1.91
-2.22
-2.48
-2.78
-3.20
-3.74
-4.42
-5.20
-6.04
-6.83
-7.41
-7.61
-7.28
-6.38
-5.04
-3.53
-2.11
-0.95
-0.09
0.60
1.24
1.92
2.60
3.18
3.56
3.74
3.81
3.91
4.13
4.48
4.83
5.05
5.00
4.66
4.11
3.47
2.87
2.38
2.03
1.79
1.59
1.37
1.07
0.65
0.11
-0.51
-1.15
-1.72
-2.18
-2.52
-2.82
-3.19
-3.74
-4.54
-5.51
-6.49
-7.24
-7.52
-7.22
-6.35
-5.08
-3.64
-2.23
-1.00
0.00
0.82
1.51
2.12
2.64
3.05
3.34
3.55
3.73
3.95
4.18
4.37
4.41
4.25
3.93
3.55
3.24
3.08
3.03
2.97
2.74
2.27
1.58
0.78
0.01
-0.64
-1.14
-1.52
-1.83
-2.17
-2.58
-3.13
-3.85
-4.72
-5.64
-6.48
-7.06
-7.20
-6.80
-5.84
-4.42
-2.73
-1.06
0.34
1.31
1.84
2.07
2.20
2.44
2.86
3.40
3.95
4.36
4.55
4.48
4.21
3.79
3.33
2.94
2.72
2.75
3.02
3.42
3.74
3.81
3.49
2.79
1.83
0.79
-0.14
-0.84
-1.28
-1.54
-1.73
-2.02
-2.53
-3.33
-4.42
-5.64
-6.77
-7.52
-7.68
-7.15
-5.98
-4.41
-2.73
-1.22
-0.02
0.87
1.54
2.14
2.75
3.39
4.02
4.55
4.93
5.13
5.12
4.94
4.64
4.26
3.89
3.59
3.40
3.30
3.24
3.14
2.95
2.65
2.24
1.75
1.20
0.58
-0.07
-0.72
-1.29
-1.75
-2.11
-2.42
-2.79
-3.31
-3.99
-4.78
-5.55
-6.13
-6.39
-6.23
-5.66
-4.80
-3.83
-2.92
-2.19
-1.63
-1.12
-0.53
0.25
1.18
2.13
2.90
3.36
3.50
3.42
3.28
3.19
3.16
3.12
2.99
2.72
2.35
1.95
1.58
1.24
0.91
0.55
0.14
-0.30
-0.70
-1.02
-1.29
-1.57
-1.92
-2.44
-3.12
-3.96
-4.85
-5.67
-6.29
-6.55
-6.37
-5.68
-4.57
-3.20
-1.81
-0.63
0.24
0.81
1.23
1.70
2.31
3.04
3.72
4.15
4.20
3.91
3.42
2.91
2.50
2.24
2.08
2.00
1.97
2.00
2.06
2.08
1.93
1.51
0.80
-0.12
-1.08
-1.93
-2.59
-3.05
-3.42
-3.81
-4.28
-4.86
-5.44
-5.87
-5.96
-5.59
-4.71
-3.43
-1.93
-0.48
0.70
1.51
1.98
2.23
2.44
2.75
3.20
3.74
4.26
4.64
4.79
4.71
4.46
4.16
3.91
3.76
3.71
3.68
3.60
3.41
3.11
2.70
2.20
1.62
0.97
0.27
-0.37
-0.89
-1.21
-1.42
-1.64
-2.06
-2.81
-3.86
-5.06
-6.13
-6.78
-6.82
-6.22
-5.11
-3.75
-2.44
-1.38
-0.63
-0.09
0.39
1.00
1.81
2.81
3.84
4.73
5.34
5.59
5.51
5.19
4.75
4.30
3.88
3.52
3.18
2.86
2.56
2.28
2.08
1.98
1.99
2.06
2.10
1.99
1.62
0.99
0.17
-0.68
-1.41
-1.95
-2.34
-2.70
-3.21
-4.00
-5.05
-6.18
-7.13
-7.64
-7.55
-6.87
-5.75
-4.42
-3.11
-1.95
-1.02
-0.30
0.29
0.84
1.43
2.11
2.80
3.43
3.86
4.04
3.98
3.76
3.46
3.14
2.81
2.47
2.16
1.92
1.85
1.93
2.08
2.16
2.01
1.58
0.92
0.16
-0.54
-1.12
-1.58
-2.03
-2.53
-3.14
-3.85
-4.60
-5.32
-5.91
-6.26
-6.22
-5.72
-4.74
-3.39
-1.88
-0.46
0.72
1.61
2.25
2.72
3.08
3.35
3.51
3.57
3.55
3.48
3.37
3.20
2.99
2.77
2.62
2.58
2.64
2.68
2.53
2.11
1.41
0.60
-0.12
-0.59
-0.83
-0.95
-1.17
-1.61
-2.30
-3.15
-4.00
-4.75
-5.35
-5.77
-5.98
-5.94
-5.58
-4.89
-3.96
-2.97
-2.04
-1.26
-0.57
0.16
1.03
2.05
3.15
4.14
4.86
5.21
5.20
4.90
4.47
4.01
3.61
3.28
3.01
2.79
2.65
2.59
2.58
2.57
2.43
2.08
1.48
0.69
-0.15
-0.87
-1.37
-1.64
-1.80
-2.03
-2.48
-3.24
-4.27
-5.40
-6.35
-6.89
-6.81
-6.13
-4.99
-3.62
-2.24
-0.97
0.19
1.28
2.33
3.34
4.22
4.89
5.35
5.67
5.93
6.22
6.51
6.72
6.74
6.53
6.15
5.74
5.44
5.32
5.37
5.53
5.69
5.80
5.81
5.70
5.48
5.14
4.73
4.34
4.08
4.08
4.40
4.97
5.60
6.08
6.17
5.81
5.07
4.13
3.28
2.75
2.69
3.10
3.86
4.70
5.34
5.52
5.11
4.16
2.88
1.57
0.49
-0.23
-0.64
-0.93
-1.29
-1.90
-2.76
-3.79
-4.88
-5.91
-6.84
-7.63
-8.29
-8.83
-9.27
-9.69
-10.18
-10.83
-11.69
-12.74
-13.88
-14.95
-15.76
-16.21
-16.19
-15.69
-14.76
-13.50
-12.06
-10.60
-9.31
-8.32
-7.67
-7.32
-7.07
-6.72
-6.06
-4.99
-3.60
-2.13
-0.88
-0.08
0.20
0.14
0.02
0.18
0.74
1.66
2.66
3.45
3.77
3.56
2.93
2.10
1.28
0.62
0.15
-0.19
-0.46
-0.74
-1.08
-1.44
-1.80
-2.10
-2.28
-2.29
-2.09
-1.63
-0.92
-0.05
0.78
1.30
1.26
0.61
-0.46
-1.51
-1.99
-1.51
0.00
2.28
4.81
7.08
8.76
9.76
10.22
10.41
10.56
10.85
11.40
12.24
13.38
14.72
16.05
17.08
17.51
17.09
15.77
13.67
11.06
8.34
5.89
4.00
2.74
2.00
1.48
0.86
-0.03
-1.11
-2.04
-2.36
-1.79
-0.42
1.20
2.29
2.15
0.50
-2.38
-5.81
-9.01
-11.44
-12.98
-13.82
-14.24
-14.44
-14.43
-14.16
-13.64
-13.07
-12.70
-12.78
-13.36
-14.26
-15.21
-15.86
-15.99
-15.49
-14.38
-12.77
-10.83
-8.76
-6.69
-4.71
-2.76
-0.80
1.16
2.97
4.38
5.10
5.03
4.26
3.09
1.87
0.89
0.28
0.02
0.11
0.55
1.37
2.58
4.11
5.82
7.55
9.17
10.64
11.96
13.16
14.20
14.97
15.31
15.09
14.27
12.95
11.34
9.69
8.21
6.95
5.83
4.67
3.29
1.63
-0.22
-2.07
-3.73
-5.12
-6.29
-7.33
-8.35
-9.37
-10.37
-11.31
-12.12
-12.72
-12.98
-12.80
-12.16
-11.18
-10.04
-8.93
-7.94
-7.02
-6.01
-4.85
-3.61
-2.52
-1.82
-1.59
-1.73
-1.97
-2.04
-1.81
-1.33
-0.77
-0.33
-0.15
-0.21
-0.42
-0.64
-0.77
-0.78
-0.72
-0.68
-0.79
-1.16
-1.89
-3.03
-4.51
-6.18
-7.75
-8.92
-9.45
-9.25
-8.44
-7.26
-6.01
-4.90
-4.05
-3.46
-3.08
-2.82
-2.60
-2.38
-2.09
-1.75
-1.40
-1.10
-0.90
-0.81
-0.74
-0.62
-0.37
-0.01
0.41
0.82
1.17
1.45
1.71
2.04
2.51
3.15
3.92
4.66
5.19
5.39
5.25
4.95
4.75
4.93
5.64
6.86
8.43
10.05
11.44
12.33
12.59
12.19
11.27
10.07
8.86
7.91
7.41
7.44
7.93
8.71
9.54
10.15
10.32
9.89
8.87
7.41
5.74
4.13
2.78
1.79
1.13
0.65
0.15
-0.55
-1.54
-2.77
-4.09
-5.31
-6.30
-7.04
-7.55
-7.95
-8.30
-8.68
-9.12
-9.63
-10.13
-10.48
-10.48
-9.97
-8.89
-7.37
-5.64
-3.95
-2.48
-1.25
-0.19
0.81
1.79
2.72
3.49
4.01
4.23
4.17
3.90
3.53
3.15
2.83
2.60
2.44
2.36
2.34
2.37
2.45
2.55
2.58
2.49
2.21
1.73
1.12
0.45
-0.17
-0.69
-1.10
-1.45
-1.79
-2.09
-2.27
-2.16
-1.64
-0.68
0.62
2.05
3.39
4.51
5.38
6.10
6.80
7.60
8.52
9.52
10.46
11.16
11.48
11.39
10.93
10.26
9.55
8.93
8.40
7.91
7.35
6.63
5.75
4.75
3.70
2.71
1.84
1.16
0.67
0.31
-0.08
-0.66
-1.53
-2.64
-3.79
-4.70
-5.11
-4.94
-4.28
-3.33
-2.27
-1.23
-0.24
0.68
1.51
2.19
2.65
2.87
2.89
2.79
2.64
2.48
2.31
2.15
2.00
1.89
1.78
1.66
1.51
1.33
1.17
1.10
1.12
1.17
1.14
0.95
0.59
0.12
-0.35
-0.75
-1.11
-1.52
-2.11
-2.89
-3.76
-4.53
-4.98
-4.95
-4.46
-3.64
-2.70
-1.86
-1.20
-0.71
-0.28
0.22
0.87
1.62
2.35
2.89
3.16
3.18
3.02
2.83
2.66
2.52
2.37
2.20
2.02
1.90
1.89
1.96
2.04
2.00
1.77
1.31
0.66
-0.11
-0.88
-1.55
-2.02
-2.27
-2.39
-2.48
-2.69
-3.08
-3.62
-4.17
-4.56
-4.61
-4.28
-3.61
-2.74
-1.83
-1.02
-0.38
0.10
0.50
0.88
1.25
1.57
1.75
1.71
1.45
1.06
0.71
0.55
0.64
0.92
1.24
1.44
1.41
1.14
0.70
0.16
-0.45
-1.10
-1.76
-2.38
-2.85
-3.11
-3.18
-3.18
-3.26
-3.55
-4.04
-4.63
-5.16
-5.46
-5.45
-5.13
-4.58
-3.93
-3.29
-2.71
-2.23
-1.83
-1.45
-1.09
-0.76
-0.52
-0.38
-0.36
-0.41
-0.46
-0.45
-0.42
-0.43
-0.56
-0.83
-1.19
-1.55
-1.84
-2.00
-2.08
-2.11
-2.16
-2.24
-2.38
-2.61
-2.96
-3.46
-4.09
-4.73
-5.24
-5.46
-5.29
-4.74
-3.92
-3.02
-2.20
-1.53
-1.03
-0.59
-0.12
0.44
1.08
1.71
2.22
2.55
2.68
2.68
2.64
2.64
2.70
2.76
2.75
2.61
2.34
1.99
1.66
1.41
1.25
1.11
0.91
0.57
0.09
-0.50
-1.14
-1.81
-2.50
-3.18
-3.83
-4.34
-4.59
-4.49
-3.99
-3.17
-2.15
-1.11
-0.17
0.59
1.19
1.67
2.09
2.47
2.79
3.04
3.17
3.19
3.10
2.93
2.71
2.46
2.21
1.93
1.57
1.07
0.41
-0.37
-1.16
-1.83
-2.33
-2.63
-2.83
-3.04
-3.34
-3.77
-4.32
-4.93
-5.58
-6.20
-6.75
-7.11
-7.18
-6.87
-6.17
-5.16
-4.01
-2.90
-1.98
-1.29
-0.82
-0.52
-0.31
-0.18
-0.09
-0.02
0.07
0.23
0.46
0.75
1.03
1.23
1.28
1.15
0.86
0.48
0.11
-0.16
-0.27
-0.24
-0.12
-0.03
-0.07
-0.29
-0.72
-1.30
-2.00
-2.73
-3.39
-3.85
-4.00
-3.76
-3.14
-2.25
-1.23
-0.24
0.62
1.34
1.96
2.52
3.06
3.55
3.92
4.11
4.09
3.88
3.56
3.21
2.92
2.74
2.64
2.54
2.31
1.92
1.37
0.79
0.31
0.00
-0.13
-0.21
-0.43
-0.95
-1.79
-2.81
-3.75
-4.32
-4.36
-3.86
-2.97
-1.91
-0.87
0.01
0.73
1.34
1.89
2.42
2.94
3.45
3.92
4.35
4.72
5.00
5.20
5.34
5.44
5.49
5.47
5.32
5.01
4.55
3.99
3.39
2.80
2.21
1.60
0.94
0.24
-0.47
-1.20
-1.98
-2.82
-3.71
-4.53
-5.09
-5.21
-4.78
-3.86
-2.62
-1.29
-0.06
1.01
1.92
2.74
3.49
4.15
4.64
4.92
5.01
4.97
4.90
4.86
4.85
4.81
4.63
4.24
3.63
2.90
2.17
1.58
1.19
0.98
0.84
0.68
0.39
-0.07
-0.68
-1.39
-2.15
-2.92
-3.68
-4.39
-5.02
-5.50
-5.74
-5.68
-5.24
-4.43
-3.31
-2.01
-0.70
0.46
1.37
2.01
2.49
2.96
3.57
4.37
5.24
5.99
6.43
6.45
6.10
5.53
4.92
4.36
3.84
3.32
2.80
2.34
2.05
2.01
2.18
2.42
2.51
2.28
1.66
0.75
-0.25
-1.11
-1.66
-1.86
-1.83
-1.75
-1.85
-2.23
-2.89
-3.70
-4.49
-5.17
-5.71
-6.13
-6.42
-6.52
-6.32
-5.75
-4.79
-3.58
-2.28
-1.08
-0.11
0.59
1.07
1.43
1.78
2.17
2.61
3.07
3.45
3.70
3.79
3.77
3.72
3.73
3.82
3.93
3.97
3.87
3.61
3.24
2.83
2.45
2.08
1.70
1.25
0.72
0.16
-0.36
-0.80
-1.15
-1.47
-1.82
-2.25
-2.74
-3.19
-3.48
-3.50
-3.21
-2.66
-1.97
-1.26
-0.61
-0.06
0.41
0.84
1.27
1.68
2.05
2.34
2.53
2.59
2.51
2.31
2.04
1.81
1.70
1.77
1.96
2.18
2.31
2.26
2.00
1.57
0.99
0.32
-0.38
-1.08
-1.72
-2.27
-2.73
-3.13
-3.49
-3.82
-4.07
-4.15
-3.95
-3.42
-2.59
-1.62
-0.66
0.14
0.71
1.13
1.47
1.82
2.16
2.40
2.48
2.38
2.17
1.97
1.90
1.97
2.11
2.18
2.12
1.91
1.58
1.20
0.78
0.30
-0.26
-0.90
-1.51
-1.99
-2.25
-2.32
-2.31
-2.40
-2.72
-3.29
-4.01
-4.71
-5.19
-5.31
-5.04
-4.42
-3.58
-2.68
-1.84
-1.12
-0.50
0.06
0.60
1.12
1.58
1.97
2.29
2.60
2.90
3.13
3.17
2.95
2.49
1.92
1.46
1.26
1.28
1.37
1.31
0.96
0.34
-0.38
-1.00
-1.38
-1.48
-1.40
-1.26
-1.18
-1.25
-1.50
-1.92
-2.49
-3.13
-3.77
-4.27
-4.52
-4.41
-3.90
-3.04
-1.96
-0.84
0.18
1.04
1.72
2.24
2.63
2.88
3.01
3.05
3.06
3.11
3.21
3.35
3.43
3.38
3.15
2.81
2.42
2.05
1.71
1.37
0.96
0.45
-0.16
-0.78
-1.34
-1.78
-2.08
-2.28
-2.41
-2.52
-2.64
-2.79
-3.01
-3.32
-3.75
-4.28
-4.82
-5.24
-5.43
-5.33
-4.96
-4.43
-3.83
-3.25
-2.67
-2.05
-1.35
-0.56
0.26
1.03
1.68
2.19
2.53
2.72
2.75
2.63
2.41
2.11
1.80
1.50
1.19
0.85
0.43
-0.06
-0.62
-1.17
-1.62
-1.92
-2.04
-2.05
-2.08
-2.29
-2.76
-3.46
-4.25
-4.93
-5.29
-5.23
-4.73
-3.89
-2.84
-1.74
-0.71
0.17
0.85
1.34
1.71
2.03
2.35
2.69
3.01
3.26
3.39
3.40
3.32
3.19
2.99
2.72
2.37
1.95
1.50
1.08
0.75
0.49
0.28
0.07
-0.17
-0.48
-0.87
-1.40
-2.10
-2.97
-3.96
-4.91
-5.63
-5.94
-5.78
-5.21
-4.36
-3.42
-2.48
-1.58
-0.71
0.17
1.00
1.74
2.32
2.75
3.07
3.35
3.61
3.83
3.97
3.99
3.94
3.86
3.77
3.67
3.50
3.23
2.86
2.47
2.09
1.72
1.29
0.74
0.05
-0.74
-1.50
-2.13
-2.55
-2.78
-2.91
-3.09
-3.46
-4.08
-4.86
-5.55
-5.81
-5.42
-4.31
-2.69
-0.93
0.62
1.78
2.59
3.22
3.86
4.58
5.30
5.87
6.21
6.28
6.16
5.95
5.72
5.50
5.31
5.15
4.98
4.78
4.49
4.07
3.54
2.95
2.41
1.95
1.58
1.21
0.77
0.21
-0.42
-1.00
-1.46
-1.77
-1.98
-2.20
-2.52
-2.98
-3.56
-4.19
-4.81
-5.28
-5.47
-5.26
-4.59
-3.53
-2.28
-1.07
-0.09
0.61
1.08
1.43
1.74
2.06
2.35
2.62
2.86
3.10
3.32
3.45
3.45
3.27
2.96
2.64
2.41
2.33
2.39
2.50
2.57
2.52
2.32
1.98
1.49
0.90
0.27
-0.37
-0.98
-1.54
-2.08
-2.66
-3.32
-4.03
-4.71
-5.19
-5.33
-5.03
-4.29
-3.25
-2.10
-1.04
-0.23
0.32
0.68
0.98
1.34
1.78
2.25
2.63
2.83
2.82
2.68
2.52
2.46
2.59
2.92
3.42
4.04
4.74
5.47
6.19
6.85
7.43
8.05
8.85
10.03
11.65
13.59
15.52
16.95
17.43
16.63
14.48
11.15
7.04
2.65
-1.55
-5.20
-8.13
-10.33
-11.95
-13.16
-14.09
-14.77
-15.16
-15.21
-14.93
-14.41
-13.80
-13.23
-12.83
-12.64
-12.61
-12.62
-12.49
-12.05
-11.14
-9.72
-7.81
-5.54
-3.08
-0.63
1.63
3.53
4.93
5.78
6.07
5.91
5.37
4.53
3.37
1.86
0.02
-2.03
-4.08
-5.86
-7.16
-7.85
-7.91
-7.38
-6.32
-4.84
-3.07
-1.16
0.70
2.34
3.62
4.48
4.93
5.02
4.84
4.55
4.29
4.21
4.38
4.73
5.13
5.40
5.42
5.18
4.72
4.15
3.55
2.90
2.16
1.28
0.28
-0.76
-1.67
-2.34
-2.67
-2.68
-2.46
-2.18
-2.01
-2.10
-2.55
-3.29
-4.21
-5.08
-5.72
-5.97
-5.79
-5.26
-4.54
-3.83
-3.29
-3.01
-3.02
-3.29
-3.77
-4.39
-5.01
-5.44
-5.50
-5.07
-4.24
-3.24
-2.35
-1.78
-1.48
-1.19
-0.55
0.72
2.67
5.14
7.83
10.46
12.85
14.91
16.63
18.02
19.02
19.58
19.66
19.25
18.35
16.99
15.23
13.21
11.16
9.32
7.92
7.04
6.60
6.41
6.27
6.00
5.56
4.94
4.13
3.14
1.94
0.63
-0.62
-1.61
-2.16
-2.23
-1.97
-1.64
-1.51
-1.76
-2.40
-3.30
-4.28
-5.16
-5.87
-6.44
-6.98
-7.57
-8.23
-8.87
-9.35
-9.55
-9.41
-8.97
-8.33
-7.60
-6.87
-6.19
-5.58
-5.04
-4.56
-4.08
-3.54
-2.89
-2.09
-1.22
-0.40
0.20
0.48
0.38
-0.03
-0.64
-1.31
-1.95
-2.50
-2.95
-3.29
-3.54
-3.72
-3.82
-3.86
-3.86
-3.88
-4.00
-4.34
-4.96
-5.84
-6.88
-7.93
-8.85
-9.52
-9.88
-9.92
-9.66
-9.10
-8.25
-7.12
-5.72
-4.07
-2.19
-0.17
1.85
3.70
5.18
6.21
6.79
7.01
7.01
6.89
6.66
6.31
5.83
5.27
4.71
4.22
3.78
3.30
2.63
1.66
0.38
-1.12
-2.64
-4.00
-5.08
-5.87
-6.42
-6.78
-6.96
-6.85
-6.36
-5.41
-4.06
-2.52
-1.03
0.17
0.99
1.48
1.80
2.10
2.44
2.80
3.09
3.19
3.02
2.56
1.82
0.85
-0.28
-1.50
-2.74
-3.94
-5.06
-6.10
-6.99
-7.68
-8.06
-8.08
-7.77
-7.25
-6.73
-6.39
-6.30
-6.38
-6.48
-6.39
-5.99
-5.25
-4.24
-3.03
-1.70
-0.31
1.07
2.35
3.48
4.44
5.26
6.03
6.79
7.49
8.00
8.21
8.07
7.67
7.20
6.81
6.57
6.42
6.23
5.87
5.31
4.61
3.87
3.21
2.65
2.20
1.82
1.46
1.09
0.64
0.08
-0.62
-1.44
-2.29
-3.01
-3.46
-3.50
-3.11
-2.35
-1.39
-0.43
0.39
1.01
1.49
1.90
2.34
2.86
3.42
3.97
4.41
4.68
4.73
4.57
4.24
3.81
3.39
3.04
2.83
2.75
2.76
2.77
2.74
2.61
2.32
1.87
1.23
0.48
-0.29
-0.94
-1.35
-1.52
-1.56
-1.65
-2.00
-2.68
-3.61
-4.55
-5.21
-5.39
-5.04
-4.27
-3.28
-2.25
-1.28
-0.41
0.41
1.17
1.83
2.35
2.72
2.96
3.15
3.31
3.42
3.40
3.16
2.73
2.22
1.83
1.73
1.92
2.26
2.49
2.40
1.95
1.29
0.69
0.30
0.14
0.06
-0.14
-0.60
-1.29
-2.06
-2.75
-3.27
-3.63
-3.84
-3.92
-3.76
-3.31
-2.54
-1.56
-0.54
0.33
0.97
1.38
1.67
1.93
2.22
2.53
2.78
2.90
2.88
2.75
2.56
2.32
2.06
1.80
1.57
1.39
1.27
1.17
1.05
0.87
0.61
0.30
-0.06
-0.46
-0.93
-1.51
-2.23
-3.04
-3.88
-4.62
-5.17
-5.42
-5.28
-4.73
-3.77
-2.55
-1.27
-0.17
0.58
0.95
1.10
1.24
1.55
2.07
2.68
3.22
3.52
3.52
3.29
2.94
2.57
2.21
1.86
1.52
1.23
1.05
0.98
1.00
1.01
0.91
0.67
0.28
-0.19
-0.72
-1.31
-1.99
-2.76
-3.59
-4.35
-4.91
-5.16
-5.07
-4.64
-3.92
-2.99
-1.90
-0.76
0.32
1.21
1.86
2.24
2.42
2.52
2.64
2.81
3.00
3.15
3.19
3.06
2.78
2.38
1.91
1.44
1.03
0.79
0.75
0.92
1.21
1.45
1.44
1.09
0.38
-0.53
-1.43
-2.11
-2.52
-2.71
-2.84
-3.08
-3.50
-4.05
-4.62
-5.07
-5.29
-5.24
-4.86
-4.18
-3.21
-2.03
-0.79
0.35
1.25
1.86
2.24
2.53
2.85
3.22
3.60
3.88
3.97
3.82
3.47
3.02
2.56
2.21
2.02
2.01
2.14
2.31
2.43
2.40
2.21
1.88
1.47
1.01
0.50
-0.10
-0.75
-1.41
-2.00
-2.48
-2.88
-3.33
-3.95
-4.76
-5.66
-6.45
-6.88
-6.77
-6.08
-4.90
-3.45
-1.94
-0.58
0.52
1.32
1.87
2.26
2.55
2.80
3.00
3.12
3.13
3.03
2.88
2.74
2.64
2.56
2.42
2.17
1.79
1.33
0.89
0.56
0.36
0.26
0.19
0.11
-0.01
-0.18
-0.41
-0.70
-1.11
-1.65
-2.32
-3.06
-3.79
-4.40
-4.80
-4.90
-4.64
-4.02
-3.07
-1.93
-0.76
0.27
1.04
1.53
1.84
2.08
2.35
2.65
2.90
2.97
2.81
2.46
2.05
1.76
1.69
1.79
1.93
1.94
1.74
1.33
0.83
0.36
-0.03
-0.35
-0.67
-1.06
-1.56
-2.15
-2.80
-3.47
-4.12
-4.71
-5.18
-5.45
-5.42
-5.02
-4.20
-3.04
-1.70
-0.38
0.73
1.54
2.06
2.39
2.64
2.89
3.12
3.26
3.26
3.13
2.95
2.82
2.81
2.89
2.93
2.82
2.48
1.97
1.40
0.92
0.58
0.36
0.13
-0.18
-0.62
-1.15
-1.73
-2.35
-3.04
-3.82
-4.60
-5.18
-5.33
-4.92
-3.99
-2.78
-1.60
-0.69
-0.12
0.23
0.57
1.09
1.86
2.81
3.77
4.54
4.98
5.04
4.78
4.31
3.77
3.27
2.87
2.61
2.46
2.41
2.44
2.52
2.57
2.50
2.22
1.70
0.96
0.12
-0.68
-1.34
-1.80
-2.09
-2.29
-2.49
-2.82
-3.33
-4.05
-4.86
-5.56
-5.92
-5.76
-5.06
-3.95
-2.68
-1.50
-0.55
0.17
0.76
1.32
1.90
2.51
3.09
3.63
4.12
4.54
4.87
5.05
5.02
4.77
4.37
3.95
3.61
3.41
3.35
3.34
3.28
3.11
2.83
2.45
2.06
1.71
1.45
1.27
1.10
0.86
0.45
-0.17
-0.95
-1.78
-2.53
-3.10
-3.46
-3.68
-3.86
-4.11
-4.53
-5.12
-5.83
-6.50
-6.90
-6.79
-6.05
-4.71
-2.97
-1.15
0.44
1.63
2.40
2.85
3.09
3.20
3.20
3.14
3.11
3.21
3.50
3.96
4.44
4.75
4.74
4.37
3.71
2.93
2.20
1.65
1.34
1.26
1.32
1.40
1.39
1.22
0.88
0.36
-0.30
-1.10
-1.99
-2.91
-3.78
-4.50
-5.02
-5.32
-5.41
-5.31
-5.02
-4.54
-3.86
-2.99
-1.98
-0.92
0.09
0.93
1.56
1.98
2.26
2.52
2.84
3.18
3.43
3.44
3.13
2.56
1.94
1.48
1.33
1.46
1.73
1.96
2.02
1.90
1.67
1.38
1.10
0.85
0.60
0.35
0.07
-0.27
-0.70
-1.26
-1.90
-2.59
-3.25
-3.83
-4.27
-4.49
-4.39
-3.90
-2.99
-1.78
-0.53
0.47
1.02
1.12
0.95
0.80
0.90
1.28
1.82
2.28
2.49
2.40
2.10
1.73
1.39
1.09
0.75
0.32
-0.20
-0.69
-1.03
-1.13
-1.04
-0.90
-0.90
-1.18
-1.77
-2.57
-3.45
-4.25
-4.89
-5.29
-5.43
-5.29
-4.85
-4.17
-3.34
-2.48
-1.71
-1.09
-0.58
-0.11
0.44
1.13
1.93
2.71
3.34
3.71
3.79
3.65
3.42
3.22
3.16
3.21
3.33
3.39
3.30
3.02
2.56
1.99
1.38
0.81
0.32
-0.02
-0.22
-0.28
-0.25
-0.23
-0.34
-0.63
-1.10
-1.64
-2.05
-2.17
-1.96
-1.48
-0.88
-0.35
0.03
0.25
0.42
0.63
0.97
1.42
1.92
2.38
2.74
2.96
3.05
3.02
2.88
2.66
2.40
2.15
1.97
1.88
1.86
1.87
1.80
1.59
1.18
0.59
-0.12
-0.86
-1.54
-2.04
-2.32
-2.39
-2.34
-2.32
-2.48
-2.92
-3.68
-4.65
-5.61
-6.32
-6.51
-6.11
-5.17
-3.92
-2.65
-1.61
-0.89
-0.43
-0.06
0.39
1.02
1.80
2.62
3.32
3.79
3.95
3.78
3.35
2.78
2.22
1.80
1.60
1.60
1.70
1.78
1.75
1.60
1.36
1.11
0.88
0.64
0.38
0.02
-0.41
-0.86
-1.28
-1.63
-1.96
-2.35
-2.89
-3.60
-4.42
-5.18
-5.68
-5.76
-5.36
-4.53
-3.44
-2.25
-1.11
-0.11
0.72
1.42
2.03
2.59
3.12
3.62
4.10
4.53
4.89
5.13
5.20
5.09
4.83
4.49
4.15
3.87
3.67
3.54
3.40
3.19
2.89
2.53
2.15
1.80
1.48
1.15
0.79
0.42
0.08
-0.20
-0.45
-0.78
-1.30
-2.09
-3.05
-4.01
-4.75
-5.11
-5.07
-4.72
-4.17
-3.50
-2.76
-1.93
-1.05
-0.18
0.60
1.21
1.66
1.99
2.30
2.65
3.06
3.44
3.73
3.88
3.89
3.81
3.68
3.50
3.26
2.92
2.48
2.00
1.57
1.26
1.08
0.97
0.81
0.53
0.11
-0.37
-0.83
-1.16
-1.35
-1.44
-1.56
-1.81
-2.27
-2.89
-3.56
-4.12
-4.43
-4.46
-4.20
-3.74
-3.16
-2.54
-1.90
-1.30
-0.73
-0.22
0.22
0.58
0.85
1.07
1.26
1.44
1.59
1.68
1.65
1.49
1.22
0.89
0.55
0.24
-0.05
-0.33
-0.62
-0.90
-1.11
-1.20
-1.17
-1.07
-1.00
-1.09
-1.40
-1.94
-2.66
-3.44
-4.16
-4.70
-4.96
-4.90
-4.52
-3.88
-3.07
-2.23
-1.45
-0.83
-0.36
-0.00
0.32
0.66
1.03
1.41
1.75
2.00
2.14
2.16
2.08
1.94
1.75
1.50
1.17
0.75
0.24
-0.33
-0.91
-1.47
-1.99
-2.47
-2.94
-3.40
-3.86
-4.29
-4.69
-5.05
-5.37
-5.59
-5.59
-5.24
-4.45
-3.25
-1.83
-0.45
0.61
1.25
1.52
1.61
1.72
2.00
2.46
2.98
3.43
3.70
3.73
3.57
3.31
3.03
2.76
2.47
2.14
1.72
1.23
0.75
0.34
0.03
-0.18
-0.39
-0.70
-1.17
-1.83
-2.66
-3.56
-4.41
-5.07
-5.41
-5.37
-4.94
-4.18
-3.19
-2.12
-1.07
-0.10
0.74
1.48
2.11
2.67
3.15
3.56
3.86
4.05
4.11
4.05
3.88
3.66
3.44
3.26
3.13
3.01
2.87
2.64
2.27
1.77
1.17
0.51
-0.18
-0.84
-1.44
-1.95
-2.37
-2.73
-3.11
-3.63
-4.30
-5.05
-5.71
-6.04
-5.86
-5.16
-4.04
-2.74
-1.48
-0.43
0.40
1.05
1.63
2.18
2.73
3.26
3.73
4.13
4.41
4.56
4.53
4.31
3.96
3.57
3.23
2.99
2.83
2.69
2.54
2.41
2.37
2.45
2.62
2.76
2.71
2.37
1.74
0.93
0.04
-0.82
-1.58
-2.22
-2.72
-3.10
-3.43
-3.85
-4.47
-5.31
-6.21
-6.92
-7.15
-6.76
-5.78
-4.46
-3.10
-1.93
-1.05
-0.38
0.20
0.82
1.52
2.27
2.99
3.64
4.17
4.56
4.78
4.83
4.71
4.47
4.16
3.84
3.57
3.35
3.18
3.03
2.89
2.74
2.57
2.33
1.98
1.49
0.87
0.18
-0.48
-1.03
-1.43
-1.68
-1.84
-2.01
-2.30
-2.81
-3.55
-4.48
-5.45
-6.24
-6.63
-6.51
-5.87
-4.87
-3.71
-2.58
-1.56
-0.68
0.13
0.92
1.67
2.36
2.95
3.38
3.68
3.83
3.84
3.69
3.39
2.99
2.58
2.29
2.19
2.31
2.53
2.66
2.55
2.10
1.36
0.50
-0.27
-0.80
-1.08
-1.18
-1.26
-1.45
-1.81
-2.28
-2.81
-3.30
-3.71
-3.98
-4.08
-3.97
-3.61
-2.96
-2.06
-0.99
0.11
1.08
1.80
2.21
2.40
2.50
2.69
3.01
3.42
3.76
3.87
3.67
3.21
2.67
2.20
1.92
1.83
1.85
1.84
1.72
1.43
0.99
0.47
-0.07
-0.55
-0.98
-1.39
-1.81
-2.27
-2.74
-3.20
-3.65
-4.08
-4.51
-4.92
-5.20
-5.22
-4.90
-4.19
-3.22
-2.16
-1.17
-0.34
0.32
0.90
1.49
2.14
2.82
3.46
3.96
4.27
4.35
4.24
4.00
3.71
3.41
3.16
2.95
2.77
2.62
2.49
2.38
2.25
2.01
1.55
0.82
-0.12
-1.12
-1.95
-2.45
-2.58
-2.46
-2.28
-2.26
-2.50
-3.01
-3.70
-4.43
-5.08
-5.55
-5.72
-5.53
-4.92
-3.92
-2.63
-1.24
0.06
1.09
1.80
2.23
2.48
2.67
2.84
3.01
3.16
3.30
3.44
3.61
3.81
3.97
4.00
3.85
3.55
3.17
2.83
2.60
2.47
2.35
2.17
1.88
1.48
1.00
0.49
-0.03
-0.56
-1.07
-1.55
-1.98
-2.36
-2.71
-3.10
-3.61
-4.27
-5.05
-5.83
-6.43
-6.65
-6.38
-5.62
-4.50
-3.22
-1.97
-0.89
-0.03
0.66
1.25
1.81
2.34
2.81
3.17
3.36
3.41
3.34
3.24
3.17
3.14
3.13
3.09
2.99
2.83
2.67
2.54
2.44
2.34
2.15
1.82
1.33
0.73
0.12
-0.41
-0.81
-1.12
-1.43
-1.81
-2.29
-2.85
-3.43
-3.98
-4.47
-4.86
-5.11
-5.12
-4.81
-4.14
-3.15
-2.01
-0.91
-0.00
0.68
1.19
1.64
2.06
2.48
2.81
3.01
3.05
2.96
2.80
2.62
2.45
2.32
2.21
2.10
2.00
1.90
1.75
1.56
1.31
0.98
0.58
0.12
-0.40
-0.95
-1.49
-1.97
-2.38
-2.75
-3.10
-3.48
-3.87
-4.20
-4.43
-4.48
-4.33
-3.96
-3.37
-2.54
-1.53
-0.43
0.64
1.52
2.16
2.57
2.88
3.21
3.64
4.12
4.51
4.70
4.64
4.37
4.00
3.65
3.43
3.34
3.33
3.30
3.14
2.78
2.21
1.51
0.78
0.10
-0.48
-0.99
-1.48
-1.99
-2.49
-2.99
-3.47
-3.99
-4.62
-5.37
-6.13
-6.69
-6.81
-6.36
-5.39
-4.12
-2.88
-1.88
-1.18
-0.66
-0.17
0.40
1.04
1.68
2.22
2.62
2.88
3.01
3.04
2.97
2.86
2.79
2.81
2.94
3.10
3.21
3.18
3.01
2.76
2.50
2.31
2.15
1.97
1.69
1.27
0.69
-0.03
-0.82
-1.62
-2.36
-3.04
-3.68
-4.32
-4.94
-5.48
-5.80
-5.75
-5.26
-4.35
-3.17
-1.92
-0.78
0.15
0.87
1.47
2.03
2.59
3.16
3.71
4.18
4.53
4.74
4.86
4.92
5.01
5.16
5.37
5.58
5.69
5.62
5.36
4.95
4.48
4.00
3.50
2.92
2.21
1.37
0.50
-0.29
-0.88
-1.25
-1.46
-1.65
-1.95
-2.49
-3.31
-4.37
-5.52
-6.58
-7.28
-7.44
-6.98
-6.01
-4.76
-3.51
-2.51
-1.83
-1.43
-1.11
-0.73
-0.21
0.42
1.01
1.42
1.55
1.46
1.23
0.99
0.82
0.75
0.74
0.72
0.65
0.47
0.20
-0.12
-0.45
-0.73
-0.98
-1.28
-1.75
-2.41
-3.21
-3.98
-4.55
-4.87
-5.07
-5.35
-5.91
-6.75
-7.66
-8.30
-8.34
-7.68
-6.45
-4.91
-3.40
-2.10
-1.08
-0.27
0.44
1.16
1.94
2.77
3.59
4.31
4.80
5.02
4.94
4.69
4.40
4.23
4.24
4.36
4.46
4.38
4.05
3.54
2.95
2.38
1.89
1.43
0.95
0.41
-0.15
-0.68
-1.11
-1.45
-1.77
-2.13
-2.59
-3.10
-3.53
-3.69
-3.39
-2.60
-1.40
-0.05
1.16
2.00
2.48
2.76
3.08
3.59
4.24
4.83
5.13
5.05
4.70
4.33
4.12
4.12
4.19
4.12
3.81
3.29
2.72
2.26
1.94
1.69
1.37
0.87
0.24
-0.38
-0.86
-1.10
-1.14
-1.10
-1.14
-1.39
-1.89
-2.63
-3.50
-4.33
-4.94
-5.15
-4.88
-4.15
-3.13
-2.01
-0.95
-0.02
0.81
1.61
2.38
3.08
3.57
3.78
3.74
3.60
3.54
3.68
3.99
4.32
4.48
4.37
3.97
3.39
2.75
2.18
1.71
1.37
1.11
0.90
0.68
0.35
-0.14
-0.78
-1.47
-2.02
-2.27
-2.16
-1.82
-1.48
-1.42
-1.80
-2.59
-3.55
-4.32
-4.56
-4.10
-3.01
-1.58
-0.17
0.87
1.39
1.43
1.18
0.91
0.79
0.90
1.16
1.46
1.71
1.90
2.05
2.23
2.44
2.61
2.63
2.41
1.94
1.31
0.67
0.19
-0.04
-0.03
0.12
0.24
0.22
-0.03
-0.48
-1.03
-1.53
-1.89
-2.08
-2.16
-2.23
-2.39
-2.71
-3.17
-3.66
-4.05
-4.20
-4.01
-3.45
-2.57
-1.50
-0.37
0.67
1.51
2.11
2.48
2.68
2.83
3.00
3.24
3.48
3.66
3.67
3.47
3.10
2.65
2.21
1.86
1.57
1.29
0.96
0.59
0.23
-0.06
-0.24
-0.35
-0.43
-0.56
-0.80
-1.14
-1.57
-2.04
-2.53
-3.05
-3.64
-4.29
-4.97
-5.55
-5.87
-5.78
-5.24
-4.37
-3.38
-2.49
-1.81
-1.32
-0.87
-0.35
0.29
0.96
1.52
1.83
1.88
1.71
1.46
1.23
1.09
1.05
1.10
1.17
1.23
1.21
1.07
0.78
0.34
-0.25
-0.89
-1.48
-1.89
-2.06
-2.00
-1.84
-1.76
-1.91
-2.38
-3.11
-3.93
-4.64
-5.04
-5.03
-4.62
-3.94
-3.14
-2.37
-1.71
-1.17
-0.70
-0.24
0.21
0.62
0.92
1.07
1.11
1.08
1.06
1.07
1.08
1.04
0.90
0.66
0.34
-0.02
-0.40
-0.80
-1.22
-1.67
-2.14
-2.58
-2.98
-3.31
-3.57
-3.81
-4.07
-4.41
-4.83
-5.26
-5.56
-5.57
-5.16
-4.35
-3.25
-2.09
-1.03
-0.14
0.63
1.39
2.17
2.93
3.51
3.80
3.76
3.51
3.25
3.20
3.43
3.86
4.28
4.49
4.36
3.94
3.42
3.06
3.04
3.42
4.04
4.65
5.00
4.92
4.44
3.75
3.16
3.06
3.85
5.88
9.33
14.10
19.66
25.16
29.59
32.14
32.47
30.82
27.85
24.34
20.84
17.52
14.25
10.82
7.16
3.44
-0.05
-3.04
-5.45
-7.43
-9.23
-11.04
-12.92
-14.73
-16.27
-17.39
-18.12
-18.65
-19.21
-19.98
-20.93
-21.90
-22.66
-23.08
-23.12
-22.88
-22.44
-21.86
-21.06
-19.96
-18.50
-16.72
-14.76
-12.78
-10.88
-9.07
-7.30
-5.47
-3.53
-1.49
0.56
2.46
4.09
5.34
6.25
6.95
7.65
8.52
9.61
10.80
11.81
12.30
12.01
10.88
9.08
6.92
4.75
2.84
1.30
0.09
-0.91
-1.84
-2.77
-3.67
-4.45
-5.03
-5.40
-5.65
-5.92
-6.37
-7.05
-7.85
-8.56
-8.92
-8.71
-7.90
-6.58
-4.98
-3.34
-1.87
-0.70
0.13
0.71
1.19
1.73
2.43
3.28
4.17
4.98
5.61
6.03
6.33
6.56
6.75
6.86
6.85
6.75
6.66
6.69
6.90
7.23
7.54
7.75
7.81
7.78
7.73
7.68
7.59
7.40
7.10
6.75
6.41
6.09
5.66
4.92
3.69
1.94
-0.16
-2.30
-4.12
-5.34
-5.83
-5.60
-4.83
-3.74
-2.61
-1.70
-1.17
-1.09
-1.37
-1.82
-2.23
-2.46
-2.46
-2.32
-2.15
-2.07
-2.11
-2.28
-2.58
-2.99
-3.49
-4.05
-4.61
-5.07
-5.38
-5.49
-5.45
-5.29
-5.08
-4.84
-4.53
-4.09
-3.49
-2.73
-1.88
-1.08
-0.44
-0.04
0.10
0.02
-0.21
-0.54
-0.91
-1.24
-1.42
-1.33
-0.95
-0.35
0.30
0.84
1.22
1.47
1.69
1.91
2.07
2.02
1.67
1.01
0.19
-0.59
-1.16
-1.48
-1.60
-1.65
-1.71
-1.83
-1.98
-2.17
-2.40
-2.69
-3.07
-3.52
-3.95
-4.26
-4.40
-4.36
-4.25
-4.24
-4.51
-5.11
-5.98
-6.90
-7.61
-7.88
-7.62
-6.85
-5.71
-4.35
-2.92
-1.50
-0.12
1.21
2.50
3.73
4.88
5.94
6.88
7.69
8.36
8.89
9.27
9.48
9.54
9.47
9.33
9.21
9.19
9.31
9.55
9.85
10.10
10.19
10.02
9.57
8.87
7.99
7.00
5.97
4.89
3.82
2.80
1.94
1.35
1.11
1.20
1.54
1.98
2.37
2.58
2.57
2.34
1.95
1.46
0.92
0.34
-0.30
-1.01
-1.75
-2.43
-2.93
-3.18
-3.26
-3.30
-3.50
-3.94
-4.59
-5.27
-5.82
-6.09
-6.13
-6.02
-5.88
-5.76
-5.69
-5.66
-5.77
-6.11
-6.76
-7.67
-8.62
-9.29
-9.42
-8.92
-7.90
-6.64
-5.41
-4.37
-3.54
-2.82
-2.10
-1.33
-0.54
0.21
0.88
1.46
1.93
2.27
2.46
2.45
2.26
1.99
1.78
1.74
1.94
2.37
2.93
3.51
4.01
4.38
4.59
4.63
4.49
4.17
3.63
2.85
1.82
0.55
-0.93
-2.55
-4.19
-5.71
-6.94
-7.75
-8.07
-7.95
-7.52
-6.95
-6.37
-5.82
-5.26
-4.58
-3.73
-2.70
-1.60
-0.51
0.49
1.36
2.11
2.76
3.30
3.71
4.01
4.25
4.50
4.83
5.21
5.60
5.91
6.09
6.13
6.05
5.90
5.69
5.46
5.21
4.95
4.65
4.22
3.55
2.56
1.26
-0.16
-1.43
-2.27
-2.51
-2.16
-1.38
-0.39
0.60
1.47
2.15
2.61
2.85
2.92
2.89
2.83
2.82
2.87
2.94
3.00
2.99
2.91
2.79
2.65
2.51
2.36
2.17
1.96
1.74
1.52
1.32
1.12
0.90
0.65
0.34
-0.06
-0.55
-1.17
-1.94
-2.85
-3.81
-4.69
-5.28
-5.40
-5.02
-4.22
-3.24
-2.30
-1.53
-0.94
-0.43
0.06
0.55
0.95
1.19
1.28
1.30
1.35
1.48
1.61
1.59
1.33
0.87
0.36
0.03
-0.02
0.20
0.51
0.70
0.63
0.26
-0.34
-1.05
-1.77
-2.39
-2.87
-3.21
-3.43
-3.60
-3.83
-4.21
-4.81
-5.57
-6.32
-6.85
-6.97
-6.55
-5.65
-4.43
-3.10
-1.88
-0.89
-0.14
0.46
1.02
1.62
2.28
2.92
3.43
3.70
3.68
3.43
3.05
2.69
2.44
2.35
2.43
2.65
2.96
3.29
3.52
3.53
3.24
2.62
1.76
0.81
-0.05
-0.70
-1.08
-1.20
-1.18
-1.10
-1.08
-1.21
-1.52
-2.01
-2.63
-3.24
-3.68
-3.77
-3.40
-2.53
-1.29
0.11
1.39
2.34
2.88
3.12
3.28
3.55
3.98
4.48
4.88
5.00
4.82
4.43
4.03
3.77
3.72
3.81
3.92
3.92
3.72
3.34
2.86
2.38
1.98
1.68
1.46
1.20
0.82
0.25
-0.48
-1.28
-2.02
-2.61
-3.00
-3.20
-3.25
-3.12
-2.75
-2.09
-1.14
-0.01
1.11
2.00
2.54
2.75
2.77
2.78
2.89
3.08
3.26
3.31
3.16
2.91
2.66
2.53
2.54
2.63
2.67
2.57
2.33
2.01
1.71
1.45
1.22
0.94
0.55
0.02
-0.61
-1.26
-1.85
-2.34
-2.76
-3.14
-3.47
-3.74
-3.83
-3.62
-3.09
-2.28
-1.32
-0.41
0.35
0.93
1.37
1.76
2.12
2.44
2.70
2.89
3.07
3.26
3.49
3.71
3.85
3.85
3.73
3.55
3.40
3.32
3.29
3.24
3.13
2.94
2.69
2.43
2.16
1.84
1.40
0.81
0.06
-0.78
-1.62
-2.37
-2.98
-3.41
-3.64
-3.57
-3.15
-2.38
-1.36
-0.28
0.68
1.38
1.83
2.11
2.30
2.45
2.56
2.59
2.52
2.42
2.36
2.40
2.52
2.63
2.64
2.48
2.16
1.75
1.35
1.02
0.77
0.53
0.19
-0.33
-1.06
-1.95
-2.89
-3.73
-4.39
-4.82
-5.05
-5.19
-5.32
-5.50
-5.72
-5.87
-5.88
-5.66
-5.25
-4.72
-4.16
-3.64
-3.13
-2.58
-1.92
-1.18
-0.45
0.15
0.54
0.74
0.85
0.99
1.22
1.49
1.68
1.67
1.38
0.88
0.26
-0.33
-0.79
-1.08
-1.21
-1.23
-1.17
-1.06
-0.95
-0.85
-0.80
-0.84
-0.99
-1.25
-1.55
-1.82
-1.98
-2.02
-1.98
-1.98
-2.09
-2.32
-2.57
-2.70
-2.59
-2.18
-1.54
-0.78
-0.05
0.55
0.97
1.20
1.28
1.21
1.03
0.74
0.36
-0.04
-0.38
-0.59
-0.64
-0.55
-0.42
-0.36
-0.42
-0.62
-0.91
-1.24
-1.57
-1.91
-2.28
-2.71
-3.21
-3.77
-4.37
-4.97
-5.56
-6.12
-6.65
-7.13
-7.52
-7.76
-7.76
-7.46
-6.82
-5.87
-4.69
-3.43
-2.26
-1.30
-0.62
-0.16
0.19
0.60
1.16
1.88
2.62
3.25
3.63
3.70
3.54
3.27
3.00
2.84
2.87
3.09
3.50
4.01
4.49
4.80
4.77
4.34
3.55
2.59
1.67
1.00
0.64
0.48
0.33
-0.00
-0.61
-1.40
-2.17
-2.72
-2.95
-2.86
-2.57
-2.18
-1.72
-1.21
-0.65
-0.07
0.47
0.94
1.37
1.82
2.37
3.01
3.63
4.10
4.30
4.21
3.92
3.55
3.20
2.91
2.67
2.45
2.26
2.09
1.96
1.86
1.74
1.55
1.24
0.80
0.26
-0.38
-1.09
-1.85
-2.62
-3.36
-4.03
-4.60
-5.10
-5.54
-5.92
-6.17
-6.19
-5.90
-5.26
-4.34
-3.27
-2.20
-1.27
-0.56
-0.09
0.20
0.36
0.46
0.59
0.77
0.98
1.19
1.33
1.36
1.28
1.16
1.05
1.00
1.01
1.00
0.90
0.63
0.24
-0.20
-0.59
-0.86
-1.05
-1.23
-1.49
-1.84
-2.25
-2.64
-2.98
-3.32
-3.73
-4.25
-4.82
-5.30
-5.44
-5.08
-4.17
-2.82
-1.31
0.06
1.08
1.69
1.99
2.17
2.42
2.82
3.32
3.80
4.15
4.30
4.28
4.14
3.93
3.65
3.25
2.73
2.13
1.54
1.02
0.60
0.26
-0.09
-0.53
-1.11
-1.80
-2.57
-3.32
-4.00
-4.54
-4.95
-5.25
-5.51
-5.78
-6.10
-6.41
-6.61
-6.57
-6.21
-5.49
-4.52
-3.43
-2.38
-1.52
-0.90
-0.46
-0.10
0.33
0.94
1.76
2.69
3.58
4.25
4.63
4.73
4.65
4.50
4.37
4.28
4.24
4.25
4.35
4.58
4.92
5.27
5.48
5.41
5.02
4.41
3.74
3.13
2.64
2.20
1.72
1.16
0.55
-0.02
-0.46
-0.72
-0.75
-0.54
-0.09
0.60
1.47
2.41
3.30
4.04
4.57
4.90
5.03
4.95
4.68
4.24
3.71
3.25
2.97
2.95
3.13
3.37
3.52
3.46
3.13
2.58
1.90
1.21
0.62
0.17
-0.14
-0.40
-0.67
-1.01
-1.43
-1.91
-2.42
-2.90
-3.25
-3.35
-3.05
-2.27
-1.04
0.49
2.08
3.48
4.60
5.48
6.31
7.27
8.44
9.77
11.09
12.28
13.25
14.05
14.74
15.36
15.86
16.16
16.15
15.76
14.99
13.86
12.40
10.69
8.79
6.80
4.80
2.87
1.04
-0.70
-2.38
-4.03
-5.69
-7.35
-9.01
-10.60
-12.01
-13.08
-13.61
-13.48
-12.70
-11.44
-9.97
-8.60
-7.53
-6.78
-6.21
-5.57
-4.70
-3.58
-2.37
-1.31
-0.55
-0.11
0.11
0.26
0.43
0.62
0.76
0.77
0.65
0.45
0.27
0.13
0.01
-0.15
-0.40
-0.74
-1.13
-1.52
-1.91
-2.31
-2.76
-3.32
-4.01
-4.84
-5.81
-6.88
-7.99
-9.05
-9.95
-10.54
-10.74
-10.53
-10.01
-9.30
-8.60
-8.02
-7.62
-7.38
-7.19
-6.94
-6.49
-5.80
-4.86
-3.79
-2.74
-1.89
-1.33
-1.04
-0.92
-0.79
-0.52
-0.03
0.64
1.38
2.07
2.64
3.05
3.28
3.32
3.18
2.85
2.37
1.80
1.23
0.72
0.26
-0.17
-0.63
-1.14
-1.67
-2.11
-2.36
-2.32
-1.95
-1.30
-0.48
0.35
1.09
1.67
2.13
2.52
2.90
3.27
3.58
3.74
3.70
3.48
3.15
2.84
2.64
2.61
2.68
2.77
2.74
2.53
2.13
1.62
1.09
0.66
0.35
0.15
-0.02
-0.22
-0.50
-0.87
-1.33
-1.88
-2.48
-3.10
-3.65
-4.00
-4.01
-3.64
-2.89
-1.90
-0.85
0.07
0.72
1.10
1.26
1.32
1.41
1.58
1.84
2.16
2.52
2.89
3.24
3.52
3.65
3.52
3.06
2.30
1.35
0.44
-0.23
-0.55
-0.55
-0.40
-0.31
-0.45
-0.88
-1.54
-2.25
-2.84
-3.21
-3.34
-3.32
-3.29
-3.40
-3.70
-4.16
-4.63
-4.94
-4.91
-4.50
-3.79
-2.95
-2.14
-1.44
-0.82
-0.17
0.56
1.36
2.10
2.65
2.93
2.93
2.74
2.45
2.15
1.89
1.73
1.68
1.75
1.85
1.91
1.82
1.58
1.25
0.93
0.69
0.55
0.45
0.35
0.17
-0.07
-0.34
-0.59
-0.82
-1.02
-1.26
-1.57
-2.01
-2.56
-3.17
-3.70
-4.03
-4.07
-3.80
-3.29
-2.66
-2.03
-1.46
-0.95
-0.45
0.09
0.71
1.39
2.07
2.67
3.07
3.23
3.12
2.80
2.40
2.03
1.82
1.78
1.82
1.80
1.59
1.11
0.36
-0.54
-1.45
-2.23
-2.82
-3.23
-3.52
-3.80
-4.11
-4.41
-4.66
-4.83
-4.95
-5.14
-5.52
-6.10
-6.78
-7.31
-7.44
-7.00
-5.94
-4.36
-2.42
-0.26
1.97
4.13
6.03
7.52
8.48
8.91
8.95
8.78
8.57
8.39
8.20
7.93
7.49
6.85
6.07
5.22
4.43
3.84
3.56
3.65
4.10
4.85
5.78
6.79
7.79
8.65
9.22
9.29
8.65
7.18
4.97
2.30
-0.44
-2.89
-4.97
-6.81
-8.69
-10.78
-13.04
-15.18
-16.78
-17.51
-17.25
-16.11
-14.35
-12.21
-9.84
-7.32
-4.78
-2.40
-0.48
0.76
1.24
1.07
0.56
0.02
-0.35
-0.51
-0.51
-0.45
-0.36
-0.20
0.06
0.37
0.60
0.60
0.32
-0.17
-0.63
-0.85
-0.73
-0.35
0.07
0.33
0.32
0.07
-0.31
-0.74
-1.20
-1.74
-2.37
-2.99
-3.37
-3.28
-2.58
-1.34
0.19
1.66
2.82
3.62
4.17
4.65
5.23
5.92
6.61
7.19
7.57
7.77
7.87
7.96
8.03
8.03
7.87
7.50
6.97
6.40
5.94
5.65
5.50
5.37
5.13
4.67
4.02
3.25
2.45
1.69
0.93
0.11
-0.82
-1.82
-2.76
-3.45
-3.77
-3.72
-3.38
-2.89
-2.36
-1.79
-1.13
-0.32
0.64
1.70
2.79
3.86
4.89
5.86
6.76
7.52
8.11
8.51
8.77
8.98
9.22
9.53
9.88
10.20
10.39
10.44
10.35
10.20
10.09
10.04
10.04
9.99
9.84
9.60
9.38
9.36
9.61
10.06
10.49
10.62
10.26
9.40
8.19
6.83
5.49
4.18
2.85
1.44
-0.05
-1.54
-2.89
-4.01
-4.87
-5.51
-6.03
-6.46
-6.86
-7.23
-7.59
-7.95
-8.29
-8.63
-8.94
-9.23
-9.53
-9.86
-10.25
-10.70
-11.17
-11.59
-11.94
-12.25
-12.58
-12.98
-13.45
-13.93
-14.34
-14.65
-14.87
-15.09
-15.30
-15.42
-15.26
-14.58
-13.27
-11.36
-9.06
-6.62
-4.27
-2.09
-0.08
1.79
3.55
5.18
6.64
7.94
9.08
10.07
10.91
11.58
12.02
12.22
12.16
11.87
11.41
10.85
10.28
9.80
9.44
9.24
9.13
9.01
8.77
8.25
7.36
6.07
4.42
2.56
0.68
-1.04
-2.46
-3.57
-4.47
-5.31
-6.20
-7.15
-8.05
-8.74
-9.05
-8.85
-8.14
-6.99
-5.57
-4.11
-2.86
-2.00
-1.60
-1.54
-1.60
-1.52
-1.18
-0.63
-0.16
-0.13
-0.84
-2.39
-4.64
-7.26
-9.87
-12.14
-13.93
-15.31
-16.52
-17.88
-19.68
-22.12
-25.09
-28.25
-30.96
-32.45
-32.11
-29.65
-25.29
-19.68
-13.71
-8.18
-3.59
-0.03
2.65
4.69
6.23
7.25
7.70
7.61
7.13
6.49
5.90
5.49
5.24
5.06
4.86
4.57
4.21
3.85
3.58
3.49
3.57
3.77
3.94
3.95
3.71
3.23
2.60
1.92
1.27
0.64
0.02
-0.56
-1.02
-1.18
-0.94
-0.27
0.67
1.66
2.48
3.03
3.33
3.50
3.71
4.08
4.67
5.40
6.12
6.66
6.89
6.78
6.43
6.01
5.68
5.49
5.38
5.22
4.94
4.55
4.14
3.80
3.53
3.23
2.75
2.04
1.14
0.24
-0.51
-1.01
-1.27
-1.41
-1.49
-1.52
-1.45
-1.19
-0.72
-0.10
0.59
1.27
1.90
2.48
3.04
3.56
3.98
4.25
4.32
4.24
4.06
3.88
3.76
3.76
3.84
3.97
4.08
4.15
4.16
4.08
3.93
3.69
3.35
2.88
2.28
1.59
0.89
0.26
-0.22
-0.57
-0.87
-1.25
-1.81
-2.54
-3.30
-3.86
-4.02
-3.67
-2.86
-1.77
-0.62
0.40
1.22
1.82
2.23
2.46
2.54
2.50
2.41
2.37
2.45
2.66
2.91
3.10
3.14
3.03
2.82
2.61
2.47
2.38
2.32
2.21
2.02
1.73
1.35
0.91
0.41
-0.12
-0.62
-1.05
-1.38
-1.67
-2.00
-2.48
-3.14
-3.90
-4.59
-5.02
-5.05
-4.66
-3.93
-2.99
-1.95
-0.89
0.11
0.97
1.63
2.05
2.28
2.37
2.41
2.42
2.41
2.38
2.33
2.30
2.32
2.39
2.44
2.38
2.14
1.73
1.22
0.70
0.25
-0.10
-0.36
-0.59
-0.84
-1.17
-1.63
-2.23
-2.93
-3.65
-4.25
-4.60
-4.58
-4.17
-3.38
-2.36
-1.23
-0.15
0.76
1.45
1.92
2.21
2.39
2.54
2.70
2.89
3.11
3.31
3.45
3.50
3.44
3.29
3.10
2.89
2.71
2.53
2.31
1.99
1.53
0.97
0.39
-0.09
-0.43
-0.64
-0.80
-1.00
-1.34
-1.84
-2.47
-3.17
-3.84
-4.38
-4.66
-4.57
-4.03
-3.12
-1.98
-0.85
0.10
0.76
1.21
1.57
1.97
2.49
3.08
3.65
4.09
4.33
4.33
4.14
3.84
3.51
3.22
3.00
2.86
2.76
2.65
2.51
2.34
2.13
1.90
1.62
1.27
0.82
0.28
-0.30
-0.82
-1.18
-1.38
-1.47
-1.55
-1.78
-2.21
-2.82
-3.50
-4.12
-4.56
-4.83
-4.94
-4.90
-4.66
-4.11
-3.20
-1.99
-0.66
0.58
1.57
2.27
2.76
3.14
3.45
3.64
3.64
3.46
3.14
2.81
2.55
2.39
2.31
2.26
2.19
2.09
1.94
1.72
1.42
1.07
0.72
0.44
0.25
0.12
-0.06
-0.34
-0.76
-1.26
-1.80
-2.33
-2.86
-3.41
-3.99
-4.53
-4.93
-5.04
-4.78
-4.15
-3.25
-2.24
-1.30
-0.56
-0.12
0.04
0.03
0.03
0.19
0.59
1.18
1.82
2.35
2.68
2.79
2.74
2.62
2.50
2.38
2.24
2.06
1.84
1.59
1.33
1.07
0.79
0.48
0.12
-0.30
-0.76
-1.26
-1.81
-2.39
-2.99
-3.56
-4.04
-4.36
-4.46
-4.34
-3.99
-3.48
-2.83
-2.11
-1.34
-0.60
0.06
0.60
1.04
1.40
1.74
2.08
2.36
2.53
2.53
2.36
2.09
1.81
1.60
1.51
1.57
1.78
2.11
2.46
2.74
2.82
2.60
2.09
1.36
0.54
-0.26
-0.94
-1.46
-1.81
-2.02
-2.15
-2.31
-2.61
-3.10
-3.73
-4.38
-4.85
-5.01
-4.76
-4.13
-3.24
-2.26
-1.32
-0.54
0.07
0.52
0.90
1.29
1.70
2.09
2.38
2.50
2.48
2.42
2.45
2.64
2.96
3.27
3.44
3.35
3.01
2.52
1.99
1.51
1.09
0.68
0.23
-0.25
-0.74
-1.15
-1.49
-1.77
-2.05
-2.34
-2.58
-2.68
-2.63
-2.49
-2.47
-2.74
-3.36
-4.19
-4.93
-5.30
-5.14
-4.48
-3.49
-2.39
-1.33
-0.39
0.42
1.10
1.68
2.16
2.53
2.76
2.82
2.70
2.47
2.24
2.15
2.28
2.58
2.91
3.07
2.93
2.49
1.85
1.16
0.57
0.14
-0.14
-0.29
-0.41
-0.54
-0.74
-1.03
-1.41
-1.84
-2.32
-2.83
-3.42
-4.09
-4.81
-5.51
-6.03
-6.25
-6.06
-5.48
-4.59
-3.55
-2.54
-1.66
-0.97
-0.41
0.07
0.56
1.09
1.66
2.23
2.75
3.18
3.45
3.54
3.45
3.20
2.89
2.57
2.30
2.07
1.82
1.52
1.13
0.69
0.23
-0.25
-0.72
-1.19
-1.62
-1.94
-2.10
-2.12
-2.14
-2.32
-2.80
-3.60
-4.59
-5.51
-6.10
-6.18
-5.71
-4.80
-3.62
-2.37
-1.19
-0.17
0.65
1.32
1.87
2.36
2.82
3.25
3.64
3.94
4.11
4.14
4.01
3.75
3.39
2.99
2.62
2.35
2.21
2.17
2.16
2.10
1.91
1.57
1.06
0.40
-0.38
-1.19
-1.95
-2.52
-2.81
-2.83
-2.70
-2.61
-2.78
-3.28
-4.02
-4.81
-5.37
-5.52
-5.21
-4.50
-3.54
-2.45
-1.32
-0.21
0.85
1.81
2.62
3.22
3.60
3.83
3.98
4.13
4.32
4.55
4.77
4.92
4.97
4.88
4.68
4.36
3.98
3.60
3.29
3.14
3.16
3.27
3.31
3.07
2.48
1.57
0.54
-0.34
-0.88
-1.03
-0.90
-0.68
-0.56
-0.66
-1.04
-1.70
-2.62
-3.71
-4.83
-5.75
-6.28
-6.28
-5.80
-4.96
-3.95
-2.93
-1.96
-1.10
-0.33
0.32
0.86
1.33
1.78
2.30
2.91
3.55
4.09
4.39
4.38
4.10
3.70
3.34
3.13
3.08
3.08
2.98
2.67
2.17
1.54
0.90
0.32
-0.21
-0.72
-1.23
-1.68
-1.98
-2.08
-2.06
-2.06
-2.28
-2.81
-3.56
-4.31
-4.79
-4.80
-4.36
-3.60
-2.73
-1.91
-1.21
-0.62
-0.06
0.52
1.13
1.77
2.37
2.88
3.25
3.46
3.52
3.49
3.38
3.23
3.05
2.85
2.63
2.42
2.21
1.99
1.72
1.41
1.08
0.78
0.56
0.38
0.15
-0.25
-0.87
-1.67
-2.54
-3.31
-3.92
-4.34
-4.60
-4.71
-4.63
-4.26
-3.54
-2.54
-1.39
-0.31
0.56
1.16
1.57
1.92
2.31
2.80
3.33
3.80
4.10
4.18
4.04
3.73
3.34
2.93
2.56
2.26
2.05
1.96
2.00
2.13
2.30
2.36
2.18
1.68
0.89
-0.04
-0.92
-1.59
-1.99
-2.18
-2.29
-2.42
-2.60
-2.85
-3.13
-3.44
-3.80
-4.17
-4.50
-4.68
-4.57
-4.13
-3.39
-2.46
-1.50
-0.59
0.23
0.98
1.68
2.34
2.92
3.40
3.78
4.03
4.18
4.19
4.05
3.76
3.39
3.02
2.77
2.67
2.69
2.72
2.65
2.45
2.16
1.88
1.70
1.61
1.54
1.37
1.04
0.55
0.01
-0.48
-0.87
-1.19
-1.50
-1.86
-2.28
-2.72
-3.12
-3.51
-3.91
-4.40
-4.97
-5.53
-5.89
-5.85
-5.29
-4.22
-2.83
-1.38
-0.15
0.71
1.19
1.41
1.54
1.71
1.95
2.25
2.55
2.79
2.98
3.10
3.16
3.17
3.10
2.93
2.68
2.36
2.01
1.71
1.51
1.44
1.47
1.47
1.31
0.93
0.36
-0.24
-0.69
-0.91
-0.92
-0.87
-0.93
-1.22
-1.73
-2.36
-2.99
-3.54
-3.98
-4.30
-4.46
-4.38
-3.97
-3.20
-2.13
-0.95
0.11
0.86
1.24
1.37
1.45
1.64
2.00
2.42
2.76
2.93
2.93
2.88
2.89
3.01
3.15
3.16
2.92
2.40
1.75
1.14
0.76
0.64
0.67
0.68
0.51
0.10
-0.51
-1.26
-2.05
-2.86
-3.67
-4.47
-5.21
-5.83
-6.25
-6.44
-6.37
-6.07
-5.54
-4.79
-3.87
-2.87
-1.94
-1.18
-0.64
-0.25
0.13
0.61
1.21
1.84
2.38
2.70
2.77
2.66
2.51
2.43
2.48
2.61
2.74
2.78
2.71
2.55
2.33
2.10
1.87
1.61
1.26
0.77
0.13
-0.62
-1.41
-2.12
-2.64
-2.90
-2.92
-2.82
-2.79
-3.00
-3.54
-4.37
-5.27
-5.97
-6.23
-5.91
-5.09
-3.95
-2.71
-1.56
-0.58
0.23
0.90
1.48
1.97
2.39
2.74
3.03
3.28
3.49
3.62
3.64
3.56
3.40
3.25
3.13
3.05
2.94
2.74
2.40
1.97
1.55
1.25
1.09
1.02
0.93
0.73
0.38
-0.02
-0.38
-0.62
-0.77
-0.97
-1.35
-2.01
-2.90
-3.90
-4.81
-5.46
-5.76
-5.71
-5.33
-4.71
-3.98
-3.25
-2.60
-2.03
-1.47
-0.81
0.02
0.99
1.99
2.87
3.53
3.94
4.13
4.19
4.14
4.02
3.83
3.62
3.42
3.25
3.07
2.84
2.57
2.30
2.07
1.92
1.81
1.64
1.31
0.78
0.14
-0.51
-1.02
-1.37
-1.57
-1.71
-1.87
-2.10
-2.45
-2.92
-3.53
-4.24
-4.95
-5.50
-5.74
-5.59
-5.06
-4.27
-3.35
-2.41
-1.53
-0.73
-0.07
0.42
0.72
0.87
0.98
1.14
1.44
1.86
2.32
2.73
3.03
3.17
3.14
2.96
2.65
2.24
1.78
1.30
0.85
0.43
0.05
-0.29
-0.60
-0.93
-1.31
-1.80
-2.44
-3.22
-4.05
-4.81
-5.36
-5.62
-5.53
-5.13
-4.47
-3.66
-2.77
-1.86
-0.96
-0.10
0.71
1.43
2.04
2.54
2.96
3.36
3.73
4.00
4.05
3.81
3.30
2.68
2.19
2.01
2.15
2.44
2.65
2.59
2.25
1.77
1.31
0.98
0.71
0.37
-0.15
-0.89
-1.73
-2.55
-3.27
-3.90
-4.49
-5.07
-5.56
-5.80
-5.61
-4.93
-3.82
-2.50
-1.21
-0.15
0.60
1.10
1.50
1.97
2.64
3.53
4.51
5.42
6.03
6.20
5.89
5.19
4.27
3.36
2.66
2.28
2.25
2.45
2.73
2.95
3.00
2.88
2.60
2.23
1.78
1.28
0.71
0.08
-0.58
-1.23
-1.81
-2.31
-2.69
-2.97
-3.19
-3.41
-3.76
-4.29
-4.99
-5.73
-6.28
-6.41
-6.00
-5.08
-3.84
-2.53
-1.39
-0.51
0.14
0.68
1.29
2.06
2.99
3.97
4.80
5.33
5.47
5.25
4.78
4.24
3.75
3.38
3.16
3.03
2.98
2.95
2.94
2.94
2.91
2.83
2.62
2.26
1.74
1.13
0.54
0.04
-0.35
-0.66
-0.98
-1.34
-1.73
-2.10
-2.37
-2.58
-2.78
-3.09
-3.56
-4.17
-4.75
-5.09
-5.04
-4.57
-3.76
-2.79
-1.84
-0.99
-0.24
0.50
1.30
2.16
2.99
3.65
4.00
4.03
3.82
3.51
3.27
3.18
3.22
3.32
3.35
3.26
3.05
2.77
2.53
2.37
2.31
2.29
2.20
1.97
1.54
0.96
0.31
-0.30
-0.80
-1.20
-1.54
-1.89
-2.28
-2.73
-3.21
-3.69
-4.15
-4.55
-4.87
-5.05
-5.03
-4.80
-4.32
-3.64
-2.80
-1.88
-0.96
-0.11
0.61
1.17
1.60
1.93
2.21
2.45
2.64
2.74
2.72
2.61
2.42
2.21
2.02
1.88
1.78
1.71
1.63
1.53
1.41
1.25
1.05
0.74
0.31
-0.24
-0.87
-1.45
-1.87
-2.05
-2.04
-1.95
-1.94
-2.15
-2.65
-3.38
-4.20
-4.90
-5.31
-5.30
-4.80
-3.85
-2.61
-1.28
-0.06
0.91
1.58
2.06
2.49
3.03
3.71
4.43
4.99
5.20
4.99
4.47
3.86
3.38
3.14
3.07
3.01
2.79
2.39
1.89
1.44
1.10
0.81
0.45
-0.11
-0.87
-1.70
-2.44
-2.94
-3.16
-3.20
-3.18
-3.25
-3.47
-3.85
-4.30
-4.69
-4.88
-4.77
-4.31
-3.58
-2.71
-1.85
-1.11
-0.55
-0.11
0.25
0.63
1.10
1.67
2.31
2.93
3.41
3.64
3.61
3.38
3.08
2.80
2.61
2.50
2.44
2.42
2.49
2.65
2.84
2.92
2.72
2.15
1.26
0.23
-0.72
-1.44
-1.91
-2.25
-2.57
-2.94
-3.38
-3.80
-4.16
-4.45
-4.71
-4.93
-5.07
-5.01
-4.65
-3.94
-2.96
-1.89
-0.94
-0.21
0.29
0.69
1.13
1.69
2.34
3.00
3.51
3.81
3.91
3.85
3.73
3.59
3.43
3.21
2.94
2.64
2.36
2.14
1.99
1.83
1.61
1.26
0.79
0.25
-0.32
-0.85
-1.34
-1.82
-2.30
-2.80
-3.34
-3.92
-4.48
-4.92
-5.10
-4.85
-4.11
-2.91
-1.44
0.04
1.27
2.11
2.55
2.70
2.70
2.67
2.62
2.55
2.41
2.16
1.80
1.34
0.84
0.41
0.09
-0.08
-0.14
-0.18
-0.24
-0.34
-0.39
-0.35
-0.21
-0.06
-0.03
-0.25
-0.70
-1.30
-1.89
-2.35
-2.64
-2.78
-2.84
-2.87
-2.95
-3.12
-3.43
-3.83
-4.21
-4.38
-4.19
-3.63
-2.80
-1.92
-1.18
-0.61
-0.12
0.43
1.10
1.84
2.51
2.97
3.18
3.22
3.22
3.28
3.47
3.73
3.98
4.12
4.06
3.80
3.40
2.96
2.62
2.45
2.43
2.47
2.41
2.14
1.66
1.01
0.32
-0.31
-0.85
-1.31
-1.77
-2.28
-2.89
-3.55
-4.21
-4.78
-5.18
-5.34
-5.23
-4.88
-4.31
-3.57
-2.72
-1.81
-0.90
-0.06
0.69
1.34
1.93
2.51
3.09
3.63
4.06
4.32
4.39
4.35
4.29
4.24
4.18
4.02
3.71
3.23
2.70
2.25
1.96
1.81
1.75
1.64
1.45
1.14
0.77
0.35
-0.10
-0.58
-1.10
-1.67
-2.26
-2.86
-3.43
-3.94
-4.38
-4.72
-4.96
-5.09
-5.06
-4.81
-4.29
-3.48
-2.46
-1.32
-0.22
0.72
1.43
1.89
2.12
2.19
2.18
2.15
2.18
2.27
2.41
2.53
2.59
2.54
2.36
2.01
1.54
1.00
0.51
0.13
-0.09
-0.17
-0.22
-0.36
-0.68
-1.21
-1.86
-2.53
-3.10
-3.53
-3.84
-4.11
-4.42
-4.77
-5.07
-5.18
-4.95
-4.30
-3.32
-2.18
-1.09
-0.20
0.45
0.91
1.30
1.69
2.11
2.57
3.01
3.39
3.67
3.87
4.00
4.08
4.14
4.16
4.13
4.01
3.77
3.42
2.96
2.42
1.80
1.09
0.28
-0.61
-1.46
-2.14
-2.56
-2.72
-2.72
-2.75
-2.97
-3.41
-4.00
-4.57
-4.97
-5.09
-4.89
-4.38
-3.63
-2.69
-1.69
-0.75
0.02
0.59
0.99
1.34
1.73
2.15
2.59
2.95
3.22
3.42
3.58
3.72
3.84
3.85
3.70
3.38
2.91
2.36
1.83
1.38
1.04
0.79
0.62
0.49
0.38
0.28
0.17
0.06
-0.11
-0.36
-0.71
-1.14
-1.60
-2.00
-2.35
-2.69
-3.11
-3.67
-4.32
-4.93
-5.27
-5.20
-4.64
-3.69
-2.53
-1.34
-0.26
0.67
1.44
2.10
2.68
3.17
3.54
3.76
3.80
3.69
3.50
3.30
3.15
3.06
3.02
2.98
2.93
2.84
2.71
2.52
2.22
1.79
1.26
0.69
0.14
-0.31
-0.65
-0.94
-1.22
-1.52
-1.82
-2.09
-2.32
-2.59
-2.97
-3.52
-4.21
-4.92
-5.44
-5.62
-5.38
-4.78
-3.96
-3.09
-2.27
-1.56
-0.95
-0.42
0.04
0.43
0.77
1.09
1.38
1.61
1.75
1.79
1.80
1.85
2.01
2.26
2.49
2.55
2.37
1.96
1.44
0.95
0.53
0.15
-0.28
-0.82
-1.44
-2.01
-2.42
-2.62
-2.64
-2.63
-2.73
-3.06
-3.62
-4.27
-4.80
-4.96
-4.61
-3.75
-2.57
-1.33
-0.26
0.55
1.15
1.69
2.29
2.94
3.51
3.85
3.84
3.51
3.02
2.58
2.32
2.27
2.38
2.53
2.67
2.73
2.72
2.57
2.27
1.76
1.07
0.30
-0.44
-1.03
-1.47
-1.82
-2.20
-2.71
-3.37
-4.13
-4.88
-5.50
-5.89
-5.94
-5.61
-4.89
-3.81
-2.52
-1.19
-0.02
0.86
1.39
1.65
1.81
2.03
2.44
3.04
3.71
4.25
4.51
4.42
4.03
3.53
3.08
2.77
2.57
2.41
2.24
2.08
2.00
2.06
2.21
2.32
2.18
1.68
0.83
-0.18
-1.12
-1.82
-2.25
-2.50
-2.73
-3.07
-3.54
-4.08
-4.59
-4.95
-5.11
-5.05
-4.78
-4.32
-3.71
-2.97
-2.13
-1.24
-0.32
0.57
1.42
2.20
2.91
3.54
4.04
4.35
4.41
4.24
3.91
3.55
3.32
3.26
3.33
3.41
3.35
3.12
2.78
2.47
2.27
2.20
2.17
2.05
1.76
1.32
0.78
0.25
-0.25
-0.71
-1.13
-1.48
-1.72
-1.80
-1.78
-1.77
-1.95
-2.44
-3.24
-4.20
-5.04
-5.49
-5.41
-4.81
-3.86
-2.78
-1.77
-0.90
-0.16
0.53
1.23
1.96
2.69
3.33
3.79
4.03
4.06
3.95
3.82
3.79
3.90
4.08
4.24
4.24
4.03
3.65
3.19
2.72
2.26
1.76
1.16
0.47
-0.22
-0.80
-1.17
-1.33
-1.38
-1.47
-1.70
-2.12
-2.66
-3.24
-3.77
-4.22
-4.57
-4.80
-4.88
-4.74
-4.37
-3.77
-3.04
-2.26
-1.52
-0.86
-0.27
0.29
0.83
1.38
1.93
2.44
2.89
3.20
3.33
3.26
3.03
2.70
2.38
2.13
1.93
1.76
1.54
1.23
0.87
0.51
0.19
-0.07
-0.32
-0.64
-1.06
-1.56
-2.08
-2.55
-2.93
-3.22
-3.44
-3.59
-3.67
-3.64
-3.47
-3.11
-2.59
-1.96
-1.32
-0.75
-0.32
0.02
0.36
0.84
1.51
2.34
3.18
3.82
4.10
4.02
3.68
3.30
3.04
2.99
3.10
3.27
3.36
3.29
3.00
2.54
1.94
1.27
0.58
-0.12
-0.77
-1.32
-1.72
-1.93
-1.97
-1.96
-2.08
-2.45
-3.12
-3.97
-4.79
-5.31
-5.38
-4.96
-4.13
-3.07
-1.96
-0.95
-0.09
0.61
1.19
1.69
2.14
2.52
2.84
3.07
3.22
3.30
3.34
3.33
3.25
3.08
2.79
2.38
1.88
1.35
0.86
0.47
0.21
0.06
-0.04
-0.18
-0.47
-0.99
-1.76
-2.73
-3.75
-4.66
-5.33
-5.68
-5.77
-5.69
-5.54
-5.36
-5.13
-4.75
-4.12
-3.22
-2.08
-0.80
0.51
1.73
2.83
3.78
4.58
5.21
5.65
5.87
5.88
5.68
5.33
4.89
4.41
3.96
3.58
3.33
3.21
3.17
3.11
2.92
2.48
1.78
0.92
0.07
-0.64
-1.13
-1.45
-1.69
-1.96
-2.30
-2.71
-3.15
-3.59
-4.00
-4.34
-4.49
-4.33
-3.79
-2.89
-1.74
-0.57
0.42
1.12
1.54
1.75
1.88
2.00
2.12
2.20
2.20
2.11
1.93
1.71
1.50
1.34
1.27
1.30
1.39
1.51
1.58
1.56
1.44
1.21
0.91
0.56
0.20
-0.11
-0.30
-0.30
-0.09
0.23
0.49
0.50
0.18
-0.37
-1.00
-1.52
-1.84
-1.96
-1.88
-1.57
-0.94
0.08
1.41
2.81
3.96
4.63
4.82
4.77
4.84
5.31
6.20
7.35
8.47
9.37
9.99
10.42
10.79
11.24
11.79
12.45
13.14
13.78
14.32
14.74
15.08
15.49
16.11
17.06
18.39
20.02
21.73
23.25
24.19
24.11
22.55
19.22
14.16
7.86
1.21
-4.83
-9.56
-12.79
-14.82
-16.16
-17.25
-18.23
-18.98
-19.39
-19.46
-19.40
-19.49
-19.85
-20.39
-20.86
-21.01
-20.77
-20.28
-19.83
-19.70
-20.03
-20.76
-21.66
-22.46
-22.93
-23.02
-22.84
-22.57
-22.41
-22.40
-22.44
-22.35
-21.97
-21.30
-20.50
-19.84
-19.54
-19.68
-20.15
-20.62
-20.74
-20.14
-18.61
-16.10
-12.71
-8.65
-4.19
0.38
4.80
8.86
12.45
15.59
18.40
21.07
23.75
26.48
29.15
31.49
33.16
33.90
33.56
32.20
29.95
27.06
23.74
20.19
16.61
13.20
10.14
7.63
5.72
4.34
3.26
2.18
0.86
-0.77
-2.62
-4.49
-6.15
-7.52
-8.60
-9.48
-10.26
-11.03
-11.83
-12.69
-13.59
-14.45
-15.16
-15.60
-15.68
-15.42
-14.91
-14.26
-13.55
-12.79
-11.96
-11.03
-10.03
-8.99
-7.99
-7.01
-6.02
-4.93
-3.67
-2.25
-0.68
0.99
2.72
4.49
6.21
7.78
9.03
9.81
10.03
9.72
8.97
7.97
6.93
5.99
5.23
4.62
4.09
3.51
2.76
1.80
0.64
-0.61
-1.79
-2.72
-3.24
-3.26
-2.75
-1.84
-0.76
0.22
0.89
1.20
1.29
1.39
1.74
2.39
3.24
4.05
4.63
4.86
4.79
4.53
4.24
4.01
3.91
3.92
4.03
4.16
4.27
4.30
4.24
4.05
3.72
3.23
2.60
1.87
1.13
0.46
-0.09
-0.56
-1.05
-1.63
-2.35
-3.16
-3.91
-4.45
-4.61
-4.30
-3.53
-2.38
-1.02
0.35
1.57
2.56
3.31
3.86
4.26
4.54
4.73
4.85
4.92
4.99
5.09
5.22
5.34
5.39
5.33
5.12
4.82
4.45
4.08
3.73
3.37
2.97
2.48
1.91
1.28
0.67
0.16
-0.21
-0.45
-0.63
-0.83
-1.15
-1.67
-2.44
-3.42
-4.51
-5.52
-6.24
-6.46
-6.10
-5.18
-3.86
-2.36
-0.94
0.21
0.98
1.36
1.46
1.43
1.46
1.69
2.13
2.73
3.31
3.72
3.83
3.67
3.31
2.89
2.52
2.24
2.07
1.97
1.92
1.88
1.79
1.60
1.28
0.80
0.22
-0.38
-0.92
-1.36
-1.72
-2.09
-2.52
-3.08
-3.73
-4.37
-4.81
-4.89
-4.49
-3.62
-2.44
-1.19
-0.12
0.61
1.03
1.27
1.53
1.97
2.62
3.38
4.07
4.50
4.55
4.21
3.63
3.00
2.52
2.28
2.22
2.17
1.97
1.54
0.93
0.28
-0.26
-0.65
-0.91
-1.15
-1.45
-1.85
-2.32
-2.84
-3.41
-4.00
-4.55
-4.95
-5.06
-4.74
-3.98
-2.88
-1.62
-0.44
0.49
1.13
1.55
1.90
2.31
2.86
3.49
4.11
4.58
4.82
4.84
4.68
4.41
4.08
3.72
3.29
2.78
2.16
1.45
0.70
-0.01
-0.58
-0.96
-1.16
-1.28
-1.46
-1.81
-2.37
-3.11
-3.92
-4.67
-5.28
-5.66
-5.76
-5.53
-4.94
-4.02
-2.85
-1.56
-0.32
0.74
1.54
2.07
2.40
2.62
2.83
3.11
3.47
3.84
4.15
4.27
4.17
3.85
3.40
2.95
2.57
2.26
1.96
1.56
1.03
0.44
-0.11
-0.49
-0.66
-0.69
-0.74
-0.98
-1.46
-2.15
-2.88
-3.51
-3.91
-4.13
-4.27
-4.46
-4.71
-4.89
-4.76
-4.11
-2.92
-1.35
0.24
1.54
2.37
2.80
3.05
3.38
3.88
4.48
4.99
5.22
5.14
4.90
4.68
4.64
4.77
4.93
4.95
4.71
4.27
3.76
3.37
3.16
3.06
2.91
2.55
1.94
1.21
0.56
0.16
0.05
0.10
0.10
-0.13
-0.66
-1.37
-2.13
-2.81
-3.41
-4.04
-4.78
-5.62
-6.33
-6.61
-6.23
-5.19
-3.77
-2.42
-1.53
-1.24
-1.36
-1.50
-1.30
-0.68
0.21
1.01
1.45
1.48
1.27
1.07
1.08
1.26
1.43
1.36
0.96
0.35
-0.24
-0.55
-0.54
-0.34
-0.22
-0.43
-1.03
-1.89
-2.74
-3.37
-3.71
-3.91
-4.19
-4.74
-5.58
-6.57
-7.47
-8.01
-8.08
-7.68
-6.90
-5.92
-4.90
-3.96
-3.12
-2.35
-1.58
-0.74
0.17
1.10
1.95
2.66
3.22
3.69
4.07
4.32
4.34
4.02
3.37
2.51
1.63
0.92
0.45
0.18
-0.01
-0.20
-0.42
-0.63
-0.83
-1.01
-1.24
-1.57
-2.01
-2.54
-3.04
-3.40
-3.50
-3.30
-2.79
-2.06
-1.24
-0.45
0.23
0.82
1.38
1.99
2.66
3.30
3.76
3.92
3.77
3.40
2.98
2.67
2.54
2.54
2.57
2.48
2.19
1.70
1.09
0.49
-0.01
-0.36
-0.57
-0.74
-0.97
-1.35
-1.90
-2.59
-3.33
-4.04
-4.64
-5.09
-5.35
-5.35
-5.01
-4.28
-3.21
-1.95
-0.74
0.24
0.91
1.37
1.80
2.37
3.13
4.01
4.84
5.45
5.78
5.80
5.57
5.15
4.58
3.92
3.23
2.57
2.02
1.61
1.35
1.21
1.13
1.07
0.99
0.86
0.62
0.24
-0.34
-1.14
-2.13
-3.27
-4.44
-5.54
-6.43
-6.99
-7.12
-6.78
-5.98
-4.82
-3.47
-2.09
-0.83
0.25
1.15
1.93
2.62
3.23
3.71
4.04
4.21
4.25
4.22
4.19
4.18
4.15
4.07
3.89
3.63
3.30
2.97
2.64
2.32
1.96
1.55
1.07
0.56
0.04
-0.47
-0.99
-1.55
-2.15
-2.79
-3.39
-3.89
-4.27
-4.57
-4.87
-5.28
-5.83
-6.48
-7.10
-7.50
-7.56
-7.19
-6.43
-5.37
-4.14
-2.85
-1.58
-0.38
0.73
1.71
2.57
3.35
4.07
4.77
5.43
5.99
6.38
6.55
6.52
6.35
6.14
5.94
5.79
5.66
5.49
5.24
4.90
4.44
3.90
3.28
2.61
1.91
1.22
0.58
0.05
-0.33
-0.53
-0.59
-0.58
-0.63
-0.86
-1.35
-2.08
-2.97
-3.79
-4.32
-4.38
-3.91
-2.99
-1.84
-0.69
0.27
0.97
1.46
1.84
2.24
2.70
3.19
3.63
3.92
3.97
3.76
3.32
2.76
2.21
1.81
1.62
1.62
1.69
1.70
1.52
1.11
0.52
-0.12
-0.66
-1.01
-1.15
-1.18
-1.21
-1.33
-1.59
-1.92
-2.26
-2.60
-2.97
-3.45
-4.10
-4.84
-5.48
-5.77
-5.54
-4.76
-3.61
-2.32
-1.17
-0.28
0.34
0.81
1.24
1.71
2.24
2.75
3.17
3.44
3.54
3.47
3.30
3.05
2.77
2.45
2.10
1.75
1.43
1.18
0.98
0.79
0.52
0.10
-0.46
-1.06
-1.57
-1.90
-2.03
-2.02
-2.00
-2.10
-2.37
-2.83
-3.43
-4.11
-4.79
-5.36
-5.69
-5.66
-5.21
-4.35
-3.18
-1.89
-0.67
0.36
1.12
1.65
2.00
2.25
2.46
2.70
3.00
3.37
3.76
4.13
4.37
4.42
4.26
3.90
3.44
2.99
2.63
2.38
2.19
1.92
1.46
0.74
-0.20
-1.21
-2.10
-2.72
-3.01
-3.03
-2.90
-2.79
-2.83
-3.10
-3.60
-4.25
-4.92
-5.45
-5.67
-5.48
-4.87
-3.89
-2.67
-1.37
-0.11
0.95
1.73
2.18
2.33
2.31
2.25
2.28
2.41
2.60
2.70
2.62
2.33
1.91
1.49
1.16
1.00
1.00
1.10
1.25
1.41
1.51
1.50
1.32
0.94
0.37
-0.31
-0.99
-1.51
-1.78
-1.83
-1.75
-1.73
-1.96
-2.48
-3.20
-3.85
-4.15
-3.87
-3.02
-1.79
-0.49
0.57
1.23
1.51
1.54
1.51
1.53
1.62
1.74
1.82
1.84
1.82
1.82
1.89
2.03
2.15
2.16
1.99
1.64
1.18
0.74
0.40
0.20
0.10
0.01
-0.14
-0.39
-0.72
-1.11
-1.56
-2.07
-2.66
-3.31
-3.90
-4.34
-4.47
-4.22
-3.61
-2.71
-1.67
-0.64
0.26
0.96
1.43
1.72
1.95
2.22
2.60
3.11
3.62
4.00
4.14
4.01
3.69
3.29
2.92
2.62
2.42
2.27
2.13
1.96
1.74
1.45
1.12
0.79
0.48
0.21
-0.06
-0.36
-0.75
-1.22
-1.73
-2.24
-2.65
-2.90
-2.94
-2.73
-2.28
-1.64
-0.94
-0.28
0.21
0.51
0.66
0.77
0.98
1.35
1.88
2.47
2.99
3.35
3.54
3.65
3.77
3.97
4.19
4.32
4.23
3.85
3.25
2.53
1.87
1.35
1.01
0.82
0.69
0.55
0.38
0.19
0.02
-0.07
-0.03
0.10
0.27
0.32
0.15
-0.35
-1.18
-2.28
-3.49
-4.64
-5.58
-6.15
-6.29
-5.97
-5.24
-4.26
-3.20
-2.27
-1.59
-1.17
-0.90
-0.64
-0.30
0.09
0.42
0.55
0.43
0.14
-0.17
-0.32
-0.27
-0.07
0.15
0.32
0.43
0.53
0.63
0.71
0.66
0.40
-0.10
-0.74
-1.36
-1.79
-1.95
-1.84
-1.55
-1.19
-0.86
-0.68
-0.72
-1.00
-1.46
-1.99
-2.41
-2.56
-2.33
-1.73
-0.84
0.20
1.23
2.15
2.91
3.54
4.06
4.52
4.93
5.25
5.42
5.34
4.96
4.31
3.49
2.63
1.88
1.32
0.97
0.84
0.87
1.02
1.22
1.37
1.33
0.95
0.13
-1.09
-2.56
-4.00
-5.17
-5.87
-6.11
-6.01
-5.79
-5.68
-5.79
-6.11
-6.50
-6.74
-6.60
-5.91
-4.62
-2.82
-0.76
1.25
2.93
4.09
4.74
5.00
5.06
5.02
4.96
4.85
4.71
4.57
4.54
4.66
4.89
5.13
5.20
5.03
4.61
4.06
3.49
2.95
2.36
1.62
0.60
-0.69
-2.12
-3.48
-4.51
-5.09
-5.21
-4.96
-4.55
-4.13
-3.88
-3.89
-4.22
-4.87
-5.70
-6.49
-6.96
-6.92
-6.29
-5.27
-4.16
-3.27
-2.78
-2.62
-2.57
-2.35
-1.81
-0.98
-0.03
0.83
1.43
1.77
1.93
2.00
2.08
2.14
2.16
2.09
1.96
1.81
1.66
1.52
1.35
1.13
0.85
0.53
0.19
-0.15
-0.48
-0.78
-0.98
-1.04
-0.93
-0.68
-0.42
-0.28
-0.35
-0.68
-1.20
-1.82
-2.45
-2.98
-3.29
-3.28
-2.90
-2.18
-1.24
-0.27
0.57
1.19
1.63
1.97
2.32
2.74
3.24
3.74
4.17
4.44
4.49
4.33
4.02
3.64
3.30
3.06
2.96
2.98
3.07
3.12
3.08
2.86
2.47
1.89
1.18
0.40
-0.36
-0.99
-1.44
-1.71
-1.89
-2.11
-2.51
-3.16
-3.98
-4.81
-5.41
-5.60
-5.30
-4.58
-3.63
-2.67
-1.87
-1.30
-0.91
-0.57
-0.12
0.51
1.31
2.14
2.83
3.23
3.29
3.06
2.62
2.10
1.60
1.19
0.92
0.81
0.86
1.02
1.22
1.38
1.42
1.31
1.07
0.74
0.35
-0.03
-0.38
-0.70
-0.99
-1.28
-1.58
-1.92
-2.31
-2.74
-3.17
-3.56
-3.81
-3.83
-3.54
-2.92
-2.07
-1.16
-0.35
0.28
0.76
1.22
1.75
2.38
3.02
3.54
3.81
3.80
3.60
3.35
3.22
3.28
3.51
3.78
3.93
3.84
3.49
2.94
2.33
1.76
1.29
0.88
0.48
0.04
-0.41
-0.83
-1.13
-1.33
-1.48
-1.73
-2.19
-2.90
-3.79
-4.68
-5.33
-5.57
-5.31
-4.59
-3.56
-2.42
-1.34
-0.44
0.27
0.83
1.31
1.75
2.15
2.45
2.63
2.70
2.72
2.75
2.82
2.91
2.93
2.82
2.57
2.22
1.85
1.52
1.22
0.96
0.73
0.56
0.46
0.43
0.38
0.20
-0.18
-0.73
-1.35
-1.92
-2.36
-2.71
-3.06
-3.51
-4.10
-4.76
-5.42
-5.95
-6.29
-6.42
-6.39
-6.20
-5.91
-5.54
-5.15
-4.74
-4.32
-3.82
-3.18
-2.33
-1.27
-0.10
1.03
1.91
2.40
2.46
2.20
1.82
1.50
1.37
1.44
1.62
1.82
1.97
2.06
2.13
2.19
2.18
2.00
1.56
0.85
-0.00
-0.82
-1.43
-1.74
-1.82
-1.82
-1.91
-2.23
-2.79
-3.53
-4.29
-4.88
-5.10
-4.82
-4.01
-2.78
-1.40
-0.12
0.84
1.41
1.67
1.80
1.92
2.09
2.28
2.38
2.37
2.24
2.11
2.04
2.07
2.17
2.25
2.23
2.09
1.85
1.54
1.21
0.90
0.61
0.33
0.06
-0.20
-0.47
-0.76
-1.09
-1.48
-1.92
-2.41
-2.95
-3.55
-4.15
-4.66
-4.95
-4.89
-4.45
-3.73
-2.91
-2.18
-1.63
-1.25
-0.91
-0.47
0.12
0.82
1.50
2.06
2.43
2.61
2.65
2.64
2.61
2.57
2.52
2.48
2.47
2.54
2.70
2.94
3.16
3.22
3.02
2.54
1.85
1.15
0.63
0.40
0.45
0.62
0.70
0.52
0.07
-0.56
-1.21
-1.69
-1.91
-1.81
-1.43
-0.81
-0.05
0.74
1.48
2.11
2.61
3.02
3.44
3.91
4.49
5.18
5.98
6.87
7.83
8.76
9.52
9.92
9.86
9.38
8.63
7.87
7.31
7.01
6.93
6.91
6.75
6.34
5.66
4.74
3.72
2.68
1.74
0.91
0.15
-0.60
-1.44
-2.43
-3.59
-4.87
-6.17
-7.34
-8.23
-8.74
-8.85
-8.62
-8.18
-7.66
-7.13
-6.61
-6.07
-5.46
-4.78
-4.04
-3.28
-2.53
-1.79
-1.08
-0.45
0.07
0.41
0.58
0.62
0.60
0.62
0.74
0.94
1.17
1.32
1.30
1.06
0.63
0.11
-0.37
-0.73
-1.01
-1.31
-1.74
-2.35
-3.09
-3.82
-4.36
-4.57
-4.38
-3.84
-3.04
-2.11
-1.19
-0.37
0.35
1.00
1.62
2.24
2.83
3.33
3.67
3.82
3.82
3.76
3.72
3.74
3.78
3.75
3.58
3.25
2.81
2.35
1.94
1.60
1.30
0.97
0.62
0.26
-0.04
-0.25
-0.39
-0.52
-0.73
-1.08
-1.57
-2.18
-2.86
-3.56
-4.20
-4.65
-4.76
-4.40
-3.53
-2.26
-0.81
0.55
1.64
2.43
3.02
3.54
4.13
4.78
5.40
5.84
6.00
5.83
5.40
4.82
4.18
3.56
2.99
2.50
2.11
1.87
1.77
1.73
1.63
1.35
0.80
-0.01
-0.94
-1.83
-2.51
-2.90
-3.07
-3.16
-3.31
-3.62
-4.10
-4.68
-5.27
-5.77
-6.11
-6.22
-6.05
-5.53
-4.66
-3.49
-2.16
-0.83
0.34
1.24
1.88
2.28
2.50
2.62
2.69
2.76
2.87
2.99
3.12
3.22
3.27
3.28
3.26
3.20
3.08
2.90
2.67
2.40
2.11
1.80
1.44
0.98
0.41
-0.21
-0.78
-1.25
-1.57
-1.79
-1.98
-2.19
-2.48
-2.86
-3.34
-3.89
-4.44
-4.81
-4.87
-4.50
-3.73
-2.72
-1.67
-0.78
-0.11
0.39
0.80
1.21
1.60
1.93
2.15
2.24
2.23
2.16
2.04
1.86
1.57
1.18
0.74
0.33
0.01
-0.22
-0.44
-0.78
-1.31
-2.02
-2.76
-3.36
-3.68
-3.75
-3.71
-3.76
-4.05
-4.58
-5.21
-5.74
-5.97
-5.79
-5.22
-4.34
-3.23
-2.01
-0.76
0.43
1.48
2.32
2.93
3.34
3.59
3.75
3.83
3.83
3.71
3.45
3.12
2.80
2.57
2.46
2.40
2.30
2.09
1.77
1.41
1.11
0.92
0.80
0.64
0.32
-0.21
-0.88
-1.55
-2.07
-2.34
-2.40
-2.38
-2.43
-2.67
-3.08
-3.53
-3.82
-3.79
-3.41
-2.74
-1.97
-1.26
-0.71
-0.34
-0.10
0.07
0.24
0.41
0.56
0.66
0.75
0.84
0.99
1.24
1.59
1.99
2.32
2.48
2.40
2.13
1.75
1.39
1.13
0.96
0.83
0.62
0.28
-0.20
-0.74
-1.23
-1.59
-1.81
-1.95
-2.08
-2.30
-2.65
-3.12
-3.63
-4.05
-4.28
-4.24
-3.93
-3.42
-2.80
-2.20
-1.69
-1.24
-0.78
-0.18
0.63
1.61
2.62
3.44
3.89
3.90
3.53
2.94
2.34
1.92
1.73
1.77
1.94
2.14
2.28
2.32
2.22
1.97
1.58
1.06
0.48
-0.08
-0.53
-0.84
-1.06
-1.33
-1.77
-2.49
-3.43
-4.41
-5.18
-5.51
-5.28
-4.50
-3.33
-1.97
-0.65
0.45
1.22
1.63
1.77
1.78
1.82
1.99
2.28
2.60
2.82
2.86
2.74
2.56
2.41
2.28
2.15
1.94
1.62
1.25
0.92
0.70
0.58
0.50
0.32
-0.02
-0.53
-1.11
-1.65
-2.03
-2.21
-2.27
-2.32
-2.51
-2.92
-3.52
-4.18
-4.70
-4.88
-4.62
-3.93
-2.96
-1.88
-0.84
0.09
0.93
1.72
2.49
3.23
3.87
4.33
4.58
4.64
4.57
4.41
4.17
3.86
3.48
3.07
2.72
2.48
2.40
2.44
2.53
2.56
2.42
2.06
1.47
0.71
-0.09
-0.82
-1.37
-1.73
-1.96
-2.14
-2.33
-2.52
-2.67
-2.73
-2.71
-2.67
-2.70
-2.82
-2.99
-3.07
-2.92
-2.49
-1.80
-0.97
-0.11
0.66
1.33
1.92
2.48
3.04
3.58
4.07
4.42
4.57
4.51
4.24
3.82
3.32
2.80
2.29
1.86
1.50
1.26
1.15
1.17
1.27
1.35
1.32
1.07
0.59
-0.11
-0.90
-1.67
-2.31
-2.76
-3.04
-3.20
-3.34
-3.52
-3.79
-4.13
-4.47
-4.72
-4.75
-4.48
-3.88
-3.00
-1.98
-0.96
-0.08
0.61
1.13
1.57
2.00
2.44
2.88
3.22
3.37
3.30
3.02
2.62
2.25
2.00
1.90
1.88
1.84
1.73
1.52
1.28
1.07
0.91
0.75
0.52
0.16
-0.33
-0.87
-1.38
-1.81
-2.15
-2.45
-2.75
-3.06
-3.35
-3.54
-3.57
-3.33
-2.82
-2.04
-1.11
-0.17
0.63
1.21
1.54
1.69
1.74
1.80
1.94
2.16
2.42
2.62
2.71
2.68
2.56
2.42
2.32
2.24
2.09
1.79
1.30
0.70
0.11
-0.33
-0.59
-0.76
-0.98
-1.38
-2.00
-2.77
-3.55
-4.21
-4.66
-4.83
-4.69
-4.23
-3.52
-2.67
-1.85
-1.18
-0.67
-0.24
0.23
0.80
1.42
1.99
2.44
2.75
3.01
3.27
3.52
3.65
3.55
3.18
2.61
2.03
1.60
1.40
1.35
1.36
1.31
1.16
0.92
0.64
0.30
-0.11
-0.64
-1.27
-1.91
-2.46
-2.86
-3.14
-3.37
-3.61
-3.87
-4.03
-3.98
-3.58
-2.82
-1.77
-0.60
0.54
1.48
2.14
2.47
2.53
2.41
2.29
2.32
2.56
2.98
3.42
3.69
3.66
3.33
2.80
2.23
1.77
1.47
1.35
1.32
1.30
1.21
0.96
0.55
-0.01
-0.60
-1.11
-1.41
-1.47
-1.32
-1.08
-0.95
-1.06
-1.52
-2.29
-3.25
-4.18
-4.88
-5.17
-4.99
-4.39
-3.54
-2.60
-1.75
-1.05
-0.48
0.01
0.50
1.03
1.56
2.08
2.52
2.87
3.11
3.24
3.22
3.04
2.70
2.23
1.70
1.21
0.84
0.66
0.67
0.81
0.99
1.11
1.09
0.95
0.76
0.59
0.47
0.36
0.14
-0.25
-0.84
-1.54
-2.24
-2.84
-3.28
-3.55
-3.66
-3.58
-3.29
-2.77
-2.08
-1.31
-0.59
-0.01
0.41
0.71
0.96
1.23
1.52
1.80
1.96
1.95
1.78
1.54
1.40
1.48
1.82
2.29
2.69
2.82
2.57
2.02
1.35
0.79
0.46
0.39
0.46
0.56
0.56
0.41
0.10
-0.36
-0.96
-1.68
-2.45
-3.17
-3.67
-3.80
-3.46
-2.69
-1.65
-0.56
0.34
0.89
1.08
1.01
0.87
0.81
0.93
1.19
1.46
1.64
1.65
1.56
1.48
1.54
1.75
2.04
2.28
2.36
2.23
1.91
1.45
0.90
0.29
-0.38
-1.12
-1.91
-2.70
-3.46
-4.15
-4.77
-5.32
-5.82
-6.28
-6.64
-6.81
-6.66
-6.10
-5.14
-3.93
-2.68
-1.62
-0.89
-0.48
-0.24
-0.03
0.27
0.65
1.05
1.39
1.58
1.61
1.47
1.19
0.78
0.33
-0.10
-0.40
-0.52
-0.49
-0.43
-0.48
-0.75
-1.25
-1.86
-2.41
-2.74
-2.77
-2.55
-2.22
-1.98
-1.98
-2.35
-3.10
-4.14
-5.24
-6.06
-6.26
-5.63
-4.15
-2.09
0.10
1.97
3.23
3.81
3.90
3.77
3.67
3.73
3.94
4.23
4.49
4.63
4.58
4.32
3.84
3.15
2.33
1.46
0.69
0.16
-0.04
0.12
0.56
1.12
1.61
1.85
1.75
1.32
0.68
-0.03
-0.72
-1.30
-1.78
-2.14
-2.42
-2.64
-2.88
-3.14
-3.46
-3.75
-3.90
-3.78
-3.32
-2.49
-1.40
-0.17
1.06
2.15
3.05
3.74
4.23
4.53
4.67
4.66
4.53
4.36
4.21
4.15
4.19
4.31
4.39
4.32
4.05
3.59
3.07
2.63
2.36
2.27
2.23
2.08
1.69
1.06
0.26
-0.53
-1.16
-1.54
-1.74
-1.84
-2.00
-2.31
-2.75
-3.17
-3.44
-3.40
-3.04
-2.45
-1.77
-1.12
-0.56
-0.02
0.58
1.29
2.07
2.79
3.29
3.49
3.40
3.13
2.86
2.68
2.66
2.77
2.94
3.09
3.17
3.15
3.01
2.76
2.39
1.93
1.38
0.77
0.22
-0.18
-0.35
-0.25
0.03
0.30
0.37
0.09
-0.55
-1.43
-2.34
-3.09
-3.59
-3.82
-3.86
-3.80
-3.70
-3.59
-3.44
-3.18
-2.72
-1.97
-0.96
0.22
1.41
2.46
3.31
4.02
4.65
5.23
5.67
5.83
5.58
4.94
4.09
3.30
2.77
2.56
2.54
2.53
2.38
2.06
1.64
1.20
0.78
0.39
-0.00
-0.37
-0.68
-0.86
-0.89
-0.78
-0.58
-0.32
-0.04
0.26
0.53
0.73
0.74
0.48
-0.09
-0.92
-1.86
-2.69
-3.21
-3.28
-2.91
-2.21
-1.38
-0.61
0.00
0.45
0.78
1.05
1.25
1.36
1.32
1.16
0.94
0.76
0.67
0.66
0.65
0.52
0.22
-0.23
-0.77
-1.33
-1.86
-2.34
-2.79
-3.19
-3.52
-3.76
-3.94
-4.11
-4.37
-4.81
-5.44
-6.22
-7.05
-7.84
-8.49
-8.89
-8.97
-8.66
-7.92
-6.81
-5.45
-3.96
-2.46
-1.03
0.34
1.68
3.04
4.44
5.82
7.09
8.10
8.75
8.99
8.89
8.64
8.43
8.41
8.54
8.66
8.53
7.95
6.83
5.21
3.24
1.11
-0.91
-2.62
-3.87
-4.62
-4.99
-5.14
-5.15
-4.99
-4.41
-3.12
-0.81
2.50
6.46
10.31
13.11
14.01
12.59
9.09
4.30
-0.64
-4.68
-7.23
-8.29
-8.28
-7.76
-7.13
-6.53
-5.88
-5.06
-4.04
-2.95
-1.97
-1.27
-0.89
-0.77
-0.75
-0.72
-0.68
-0.70
-0.90
-1.31
-1.91
-2.56
-3.14
-3.58
-3.92
-4.32
-4.90
-5.69
-6.58
-7.32
-7.65
-7.38
-6.52
-5.21
-3.72
-2.32
-1.15
-0.31
0.24
0.55
0.71
0.76
0.76
0.75
0.75
0.78
0.83
0.91
0.98
1.04
1.06
1.07
1.11
1.24
1.47
1.75
1.98
2.03
1.80
1.34
0.75
0.22
-0.15
-0.35
-0.43
-0.50
-0.65
-0.92
-1.33
-1.94
-2.76
-3.80
-4.94
-5.98
-6.69
-6.90
-6.59
-5.89
-5.05
-4.27
-3.65
-3.12
-2.55
-1.84
-0.97
-0.05
0.79
1.44
1.89
2.18
2.41
2.64
2.86
3.04
3.11
3.05
2.87
2.61
2.38
2.23
2.21
2.31
2.46
2.56
2.55
2.41
2.19
1.96
1.74
1.52
1.25
0.90
0.47
0.02
-0.40
-0.80
-1.18
-1.60
-2.09
-2.64
-3.24
-3.90
-4.58
-5.25
-5.84
-6.20
-6.25
-5.92
-5.24
-4.30
-3.21
-2.09
-0.99
0.01
0.87
1.57
2.12
2.56
2.91
3.21
3.45
3.60
3.65
3.62
3.53
3.39
3.13
2.70
2.04
1.19
0.28
-0.53
-1.12
-1.45
-1.61
-1.74
-1.96
-2.33
-2.81
-3.32
-3.76
-4.08
-4.33
-4.58
-4.91
-5.31
-5.68
-5.86
-5.69
-5.12
-4.20
-3.09
-1.96
-0.94
-0.09
0.64
1.28
1.90
2.50
3.09
3.63
4.10
4.45
4.65
4.68
4.59
4.50
4.58
4.93
5.56
6.33
7.05
7.53
7.73
7.73
7.73
7.99
8.69
9.89
11.43
12.98
14.10
14.32
13.28
10.84
7.17
2.67
-2.07
-6.44
-9.94
-12.24
-13.21
-12.85
-11.32
-8.87
-5.81
-2.53
0.62
3.38
5.68
7.58
9.29
11.00
12.85
14.89
17.05
19.26
21.37
23.23
24.60
25.25
25.02
23.92
22.16
20.03
17.80
15.55
13.22
10.73
8.09
5.48
3.13
1.12
-0.65
-2.45
-4.55
-6.99
-9.59
-11.99
-13.91
-15.24
-16.11
-16.75
-17.36
-18.07
-18.94
-20.00
-21.31
-22.85
-24.61
-26.49
-28.39
-30.25
-32.00
-33.61
-34.97
-35.91
-36.19
-35.55
-33.82
-30.99
-27.24
-22.93
-18.50
-14.35
-10.71
-7.53
-4.54
-1.38
2.18
6.10
10.02
13.43
15.86
17.09
17.23
16.65
15.80
14.98
14.24
13.45
12.42
11.16
9.83
8.66
7.75
7.01
6.14
4.90
3.23
1.36
-0.30
-1.40
-1.75
-1.45
-0.71
0.18
1.01
1.65
2.03
2.13
1.98
1.66
1.31
1.06
1.01
1.19
1.57
2.11
2.76
3.47
4.16
4.75
5.14
5.26
5.11
4.77
4.39
4.12
4.06
4.26
4.61
4.92
4.93
4.39
3.21
1.48
-0.49
-2.29
-3.53
-3.95
-3.52
-2.44
-1.04
0.36
1.53
2.42
3.12
3.79
4.54
5.46
6.48
7.50
8.35
8.93
9.17
9.12
8.85
8.44
7.90
7.22
6.38
5.35
4.18
2.94
1.69
0.45
-0.79
-2.07
-3.37
-4.60
-5.62
-6.29
-6.54
-6.44
-6.13
-5.83
-5.68
-5.76
-6.02
-6.34
-6.59
-6.69
-6.68
-6.64
-6.65
-6.71
-6.65
-6.24
-5.23
-3.54
-1.30
1.19
3.56
5.49
6.78
7.40
7.45
7.06
6.44
5.73
5.05
4.43
3.87
3.40
3.10
3.14
3.70
4.86
6.53
8.44
10.29
11.83
12.96
13.71
14.14
14.33
14.35
14.24
14.06
13.81
13.37
12.45
10.66
7.73
3.65
-1.17
-6.02
-10.14
-12.98
-14.31
-14.25
-13.07
-11.07
-8.51
-5.55
-2.38
0.81
3.84
6.54
8.83
10.71
12.12
12.87
12.60
10.93
7.66
2.92
-2.75
-8.50
-13.52
-17.26
-19.66
-21.06
-22.03
-23.03
-24.27
-25.64
-26.87
-27.71
-28.08
-28.04
-27.70
-27.06
-26.01
-24.34
-21.91
-18.75
-15.14
-11.51
-8.21
-5.35
-2.75
-0.01
3.24
7.08
11.23
15.13
18.18
19.99
20.55
20.16
19.31
18.47
17.87
17.55
17.36
17.11
16.56
15.44
13.46
10.37
6.09
0.81
-4.87
-10.09
-13.88
-15.57
-15.02
-12.71
-9.60
-6.76
-4.92
-4.27
-4.43
-4.70
-4.46
-3.39
-1.62
0.46
2.41
3.91
4.85
5.27
5.20
4.65
3.61
2.14
0.48
-1.00
-1.93
-2.07
-1.45
-0.36
0.80
1.67
2.17
2.41
2.69
3.23
4.04
4.88
5.39
5.30
4.59
3.51
2.48
1.89
1.94
2.59
3.61
4.67
5.52
5.98
6.03
5.73
5.24
4.67
4.13
3.64
3.18
2.68
2.14
1.57
1.06
0.71
0.54
0.51
0.52
0.45
0.25
-0.07
-0.42
-0.66
-0.73
-0.63
-0.39
-0.07
0.34
0.88
1.59
2.43
3.26
3.88
4.09
3.84
3.17
2.28
1.35
0.51
-0.24
-0.96
-1.74
-2.67
-3.76
-4.97
-6.19
-7.25
-7.95
-8.12
-7.64
-6.55
-5.01
-3.25
-1.55
-0.12
0.95
1.70
2.25
2.72
3.14
3.48
3.63
3.49
3.07
2.43
1.73
1.09
0.62
0.32
0.21
0.28
0.51
0.86
1.27
1.63
1.85
1.90
1.80
1.61
1.38
1.16
0.97
0.83
0.75
0.69
0.57
0.30
-0.16
-0.76
-1.32
-1.63
-1.56
-1.08
-0.27
0.80
2.09
3.64
5.45
7.43
9.36
11.01
12.27
13.18
13.93
14.71
15.58
16.40
16.89
16.70
15.59
13.49
10.50
6.94
3.19
-0.32
-3.24
-5.38
-6.74
-7.49
-7.93
-8.34
-8.92
-9.77
-10.84
-12.01
-13.10
-13.86
-14.09
-13.67
-12.61
-11.07
-9.30
-7.57
-6.06
-4.87
-4.01
-3.46
-3.15
-3.04
-3.02
-2.99
-2.84
-2.58
-2.26
-2.03
-1.98
-2.13
-2.39
-2.64
-2.80
-2.87
-2.89
-2.96
-3.12
-3.34
-3.57
-3.73
-3.78
-3.72
-3.59
-3.44
-3.32
-3.32
-3.51
-3.96
-4.66
-5.56
-6.45
-7.08
-7.23
-6.84
-6.01
-4.98
-3.99
-3.18
-2.52
-1.92
-1.30
-0.64
-0.04
0.41
0.68
0.80
0.86
0.92
0.95
0.89
0.70
0.37
-0.03
-0.45
-0.86
-1.26
-1.68
-2.14
-2.65
-3.21
-3.79
-4.37
-4.91
-5.35
-5.64
-5.78
-5.81
-5.83
-5.96
-6.27
-6.75
-7.29
-7.69
-7.70
-7.11
-5.84
-3.97
-1.73
0.57
2.63
4.29
5.54
6.52
7.41
8.37
9.48
10.68
11.82
12.73
13.26
13.34
13.00
12.36
11.57
10.80
10.14
9.62
9.23
8.89
8.53
8.06
7.43
6.59
5.52
4.19
2.62
0.84
-1.11
-3.10
-4.97
-6.54
-7.63
-8.13
-8.02
-7.39
-6.39
-5.18
-3.90
-2.66
-1.53
-0.56
0.20
0.68
0.85
0.73
0.36
-0.17
-0.73
-1.24
-1.63
-1.87
-1.95
-1.88
-1.68
-1.44
-1.23
-1.11
-1.10
-1.14
-1.17
-1.15
-1.06
-0.97
-0.99
-1.26
-1.89
-2.91
-4.23
-5.59
-6.64
-7.08
-6.71
-5.59
-4.00
-2.32
-0.88
0.19
0.94
1.55
2.16
2.83
3.48
4.00
4.29
4.36
4.27
4.12
4.01
3.94
3.89
3.81
3.67
3.49
3.30
3.15
3.01
2.82
2.54
2.17
1.79
1.51
1.40
1.42
1.39
1.13
0.55
-0.27
-1.08
-1.57
-1.50
-0.77
0.51
2.10
3.71
5.06
5.96
6.32
6.18
5.71
5.14
4.69
4.48
4.45
4.41
4.15
3.53
2.57
1.44
0.33
-0.63
-1.47
-2.28
-3.15
-4.03
-4.83
-5.43
-5.83
-6.20
-6.75
-7.64
-8.84
-10.09
-10.96
-11.10
-10.37
-8.93
-7.12
-5.31
-3.65
-2.08
-0.42
1.45
3.41
5.13
6.21
6.48
6.06
5.39
4.96
5.06
5.62
6.31
6.67
6.40
5.46
4.05
2.49
1.05
-0.11
-0.95
-1.53
-1.92
-2.15
-2.19
-2.04
-1.73
-1.38
-1.10
-1.01
-1.08
-1.23
-1.31
-1.25
-1.04
-0.79
-0.57
-0.39
-0.15
0.33
1.14
2.28
3.64
5.06
6.41
7.68
8.86
9.93
10.81
11.40
11.63
11.55
11.30
11.05
10.90
10.83
10.76
10.58
10.25
9.83
9.46
9.24
9.20
9.24
9.19
8.81
7.93
6.45
4.37
1.80
-1.09
-4.05
-6.84
-9.25
-11.15
-12.47
-13.26
-13.62
-13.66
-13.52
-13.32
-13.15
-13.02
-12.85
-12.46
-11.70
-10.51
-8.99
-7.42
-6.13
-5.41
-5.38
-5.96
-6.96
-8.11
-9.16
-9.90
-10.22
-10.06
-9.46
-8.48
-7.25
-5.85
-4.36
-2.84
-1.33
0.09
1.35
2.35
3.05
3.40
3.45
3.27
3.03
2.90
3.06
3.57
4.39
5.33
6.14
6.58
6.53
6.00
5.12
4.06
3.00
2.08
1.36
0.85
0.52
0.32
0.21
0.14
0.09
0.07
0.07
0.08
0.09
0.05
-0.08
-0.35
-0.76
-1.30
-1.92
-2.53
-3.03
-3.34
-3.40
-3.24
-2.97
-2.74
-2.68
-2.86
-3.21
-3.53
-3.59
-3.22
-2.39
-1.28
-0.16
0.68
1.05
0.96
0.57
0.13
-0.14
-0.10
0.24
0.80
1.45
2.08
2.63
3.10
3.50
3.85
4.10
4.17
3.98
3.49
2.72
1.80
0.88
0.08
-0.57
-1.11
-1.63
-2.18
-2.76
-3.34
-3.85
-4.22
-4.43
-4.44
-4.19
-3.64
-2.80
-1.76
-0.68
0.29
1.06
1.65
2.17
2.71
3.31
3.86
4.23
4.30
4.09
3.74
3.43
3.29
3.32
3.40
3.41
3.29
3.07
2.83
2.62
2.45
2.26
2.00
1.61
1.07
0.39
-0.46
-1.50
-2.73
-4.07
-5.39
-6.55
-7.41
-7.89
-7.95
-7.60
-6.85
-5.76
-4.45
-3.08
-1.82
-0.81
-0.08
0.43
0.87
1.42
2.15
3.02
3.87
4.52
4.83
4.81
4.55
4.21
3.92
3.70
3.52
3.35
3.18
3.06
3.04
3.12
3.24
3.34
3.33
3.20
2.93
2.49
1.83
0.90
-0.27
-1.58
-2.83
-3.78
-4.25
-4.19
-3.67
-2.86
-1.92
-0.95
0.08
1.19
2.37
3.52
4.46
5.02
5.12
4.83
4.32
3.81
3.44
3.29
3.36
3.63
4.07
4.65
5.30
5.91
6.37
6.59
6.52
6.15
5.52
4.62
3.48
2.10
0.52
-1.17
-2.87
-4.42
-5.69
-6.55
-6.91
-6.77
-6.20
-5.35
-4.36
-3.38
-2.47
-1.66
-0.96
-0.39
0.01
0.22
0.24
0.16
0.08
0.07
0.16
0.28
0.35
0.33
0.23
0.14
0.15
0.26
0.42
0.51
0.42
0.09
-0.41
-0.96
-1.42
-1.67
-1.69
-1.53
-1.32
-1.20
-1.28
-1.64
-2.29
-3.16
-4.10
-4.86
-5.18
-4.87
-3.92
-2.46
-0.77
0.85
2.16
3.08
3.60
3.83
3.87
3.82
3.74
3.67
3.58
3.47
3.27
3.01
2.69
2.36
2.05
1.73
1.33
0.79
0.12
-0.62
-1.31
-1.85
-2.20
-2.38
-2.51
-2.66
-2.92
-3.34
-3.94
-4.71
-5.60
-6.54
-7.38
-7.94
-8.07
-7.69
-6.82
-5.63
-4.37
-3.30
-2.57
-2.21
-2.11
-2.07
-1.91
-1.52
-0.93
-0.26
0.38
0.93
1.42
1.91
2.43
2.96
3.43
3.75
3.86
3.76
3.51
3.16
2.77
2.33
1.85
1.29
0.66
-0.03
-0.75
-1.48
-2.20
-2.89
-3.56
-4.22
-4.84
-5.39
-5.77
-5.88
-5.62
-4.98
-4.03
-2.93
-1.88
-1.04
-0.44
-0.02
0.39
0.94
1.67
2.58
3.56
4.55
5.54
6.57
7.67
8.82
9.94
10.90
11.64
12.13
12.41
12.53
12.50
12.32
11.97
11.42
10.66
9.66
8.39
6.81
4.93
2.76
0.36
-2.15
-4.65
-6.97
-8.91
-10.31
-11.01
-10.99
-10.33
-9.23
-7.91
-6.60
-5.43
-4.45
-3.67
-3.06
-2.59
-2.23
-1.97
-1.79
-1.68
-1.61
-1.58
-1.60
-1.73
-2.02
-2.49
-3.09
-3.71
-4.25
-4.66
-4.94
-5.16
-5.38
-5.65
-5.96
-6.27
-6.54
-6.77
-6.98
-7.16
-7.27
-7.21
-6.86
-6.15
-5.12
-3.94
-2.78
-1.80
-1.05
-0.49
0.01
0.53
1.13
1.81
2.49
3.12
3.64
3.99
4.15
4.10
3.87
3.55
3.24
2.98
2.78
2.56
2.26
1.82
1.27
0.67
0.08
-0.49
-1.07
-1.71
-2.48
-3.38
-4.38
-5.41
-6.31
-6.93
-7.13
-6.78
-5.87
-4.49
-2.84
-1.15
0.38
1.62
2.59
3.35
4.01
4.63
5.17
5.57
5.76
5.74
5.57
5.37
5.24
5.21
5.27
5.32
5.31
5.19
4.94
4.58
4.13
3.57
2.92
2.14
1.25
0.29
-0.66
-1.49
-2.10
-2.44
-2.57
-2.60
-2.73
-3.12
-3.80
-4.71
-5.62
-6.29
-6.49
-6.11
-5.22
-3.98
-2.63
-1.38
-0.35
0.47
1.15
1.82
2.55
3.31
4.04
4.63
5.00
5.11
4.99
4.70
4.32
3.94
3.60
3.34
3.13
2.96
2.78
2.57
2.31
1.99
1.60
1.13
0.56
-0.06
-0.68
-1.22
-1.64
-2.00
-2.38
-2.90
-3.57
-4.34
-5.02
-5.40
-5.31
-4.68
-3.56
-2.13
-0.61
0.78
1.89
2.66
3.16
3.53
3.90
4.33
4.77
5.10
5.22
5.14
4.94
4.76
4.64
4.54
4.34
3.93
3.28
2.51
1.75
1.11
0.59
0.13
-0.37
-0.91
-1.44
-1.91
-2.36
-2.84
-3.46
-4.21
-4.99
-5.60
-5.85
-5.64
-5.01
-4.07
-2.96
-1.82
-0.74
0.24
1.12
1.92
2.67
3.39
4.06
4.61
4.98
5.09
4.95
4.59
4.10
3.60
3.15
2.80
2.54
2.37
2.26
2.20
2.16
2.10
1.95
1.63
1.10
0.39
-0.40
-1.14
-1.70
-2.03
-2.13
-2.10
-2.03
-2.04
-2.22
-2.60
-3.16
-3.81
-4.37
-4.68
-4.65
-4.27
-3.64
-2.91
-2.14
-1.36
-0.50
0.51
1.66
2.87
4.00
4.89
5.45
5.67
5.65
5.54
5.47
5.53
5.71
5.89
5.96
5.83
5.50
5.07
4.70
4.49
4.48
4.56
4.59
4.41
3.93
3.14
2.13
1.03
-0.02
-0.89
-1.52
-1.90
-2.10
-2.21
-2.34
-2.60
-3.02
-3.56
-4.11
-4.53
-4.66
-4.42
-3.83
-3.00
-2.11
-1.34
-0.82
-0.58
-0.58
-0.72
-0.89
-0.96
-0.86
-0.54
-0.06
0.48
0.92
1.13
1.04
0.69
0.23
-0.15
-0.27
-0.10
0.28
0.66
0.82
0.61
0.02
-0.79
-1.62
-2.29
-2.73
-2.98
-3.13
-3.27
-3.46
-3.71
-4.05
-4.54
-5.21
-6.00
-6.74
-7.15
-7.02
-6.22
-4.89
-3.29
-1.76
-0.56
0.26
0.77
1.15
1.53
1.97
2.41
2.80
3.07
3.22
3.30
3.33
3.35
3.36
3.34
3.26
3.09
2.80
2.39
1.87
1.30
0.76
0.30
-0.05
-0.33
-0.62
-1.00
-1.50
-2.11
-2.73
-3.28
-3.71
-4.03
-4.28
-4.48
-4.58
-4.48
-4.08
-3.33
-2.30
-1.16
-0.06
0.88
1.64
2.28
2.83
3.26
3.52
3.52
3.24
2.74
2.13
1.54
1.11
0.89
0.91
1.10
1.38
1.61
1.67
1.50
1.12
0.61
0.11
-0.33
-0.70
-1.09
-1.58
-2.18
-2.83
-3.41
-3.87
-4.22
-4.55
-4.90
-5.19
-5.25
-4.92
-4.14
-3.03
-1.83
-0.78
0.02
0.65
1.26
1.96
2.74
3.50
4.15
4.62
4.93
5.12
5.22
5.23
5.15
5.01
4.86
4.77
4.76
4.79
4.84
4.87
4.85
4.77
4.58
4.22
3.67
2.96
2.16
1.41
0.79
0.31
-0.07
-0.43
-0.85
-1.35
-1.94
-2.63
-3.43
-4.34
-5.30
-6.22
-6.89
-7.14
-6.82
-5.95
-4.67
-3.22
-1.86
-0.75
0.06
0.61
1.02
1.36
1.69
2.01
2.32
2.59
2.84
3.04
3.18
3.19
3.04
2.71
2.25
1.77
1.42
1.30
1.45
1.78
2.14
2.34
2.22
1.75
0.96
0.01
-0.94
-1.73
-2.31
-2.68
-2.95
-3.22
-3.60
-4.13
-4.80
-5.55
-6.29
-6.88
-7.20
-7.12
-6.62
-5.72
-4.58
-3.38
-2.28
-1.37
-0.65
-0.07
0.40
0.77
1.06
1.23
1.32
1.31
1.25
1.16
1.12
1.19
1.39
1.66
1.86
1.84
1.53
0.97
0.32
-0.26
-0.66
-0.92
-1.14
-1.44
-1.86
-2.37
-2.95
-3.58
-4.32
-5.24
-6.31
-7.40
-8.25
-8.60
-8.26
-7.28
-5.88
-4.36
-3.02
-1.98
-1.17
-0.41
0.48
1.60
2.90
4.20
5.31
6.05
6.35
6.23
5.79
5.22
4.69
4.33
4.17
4.16
4.22
4.26
4.29
4.33
4.44
4.58
4.71
4.71
4.53
4.17
3.69
3.19
2.73
2.37
2.16
2.15
2.43
3.09
4.16
5.53
6.99
8.26
9.08
9.32
9.03
8.38
7.59
6.83
6.14
5.47
4.77
4.05
3.40
2.92
2.69
2.63
2.58
2.41
2.08
1.69
1.41
1.35
1.46
1.64
1.71
1.57
1.25
0.79
0.28
-0.31
-1.01
-1.87
-2.90
-4.05
-5.27
-6.53
-7.82
-9.13
-10.37
-11.35
-11.81
-11.50
-10.37
-8.56
-6.45
-4.50
-3.08
-2.36
-2.27
-2.60
-3.11
-3.63
-4.09
-4.46
-4.78
-5.04
-5.24
-5.38
-5.51
-5.63
-5.76
-5.87
-5.88
-5.72
-5.36
-4.83
-4.21
-3.60
-3.12
-2.84
-2.79
-2.96
-3.27
-3.62
-3.90
-4.03
-4.02
-3.91
-3.80
-3.79
-3.95
-4.28
-4.76
-5.31
-5.84
-6.18
-6.15
-5.61
-4.51
-2.98
-1.29
0.29
1.55
2.46
3.12
3.71
4.33
5.00
5.63
6.12
6.37
6.37
6.22
6.02
5.88
5.84
5.87
5.87
5.75
5.46
5.01
4.44
3.80
3.12
2.37
1.55
0.68
-0.18
-0.95
-1.54
-1.96
-2.24
-2.53
-2.95
-3.59
-4.41
-5.26
-5.94
-6.25
-6.07
-5.40
-4.35
-3.02
-1.57
-0.10
1.25
2.39
3.21
3.71
3.95
4.02
4.04
4.04
4.00
3.82
3.41
2.67
1.59
0.17
-1.50
-3.28
-5.00
-6.48
-7.58
-8.21
-8.36
-8.09
-7.49
-6.69
-5.80
-4.90
-4.03
-3.22
-2.45
-1.75
-1.12
-0.64
-0.36
-0.33
-0.57
-0.99
-1.48
-1.83
-1.84
-1.30
-0.10
1.73
4.05
6.56
9.00
11.12
12.83
14.15
15.19
16.12
17.14
18.48
20.38
23.00
26.45
30.61
35.20
39.76
43.77
46.70
48.15
47.84
45.68
41.72
36.23
29.55
22.13
14.42
6.86
-0.15
-6.26
-11.21
-14.91
-17.43
-19.04
-20.17
-21.22
-22.46
-23.94
-25.48
-26.82
-27.68
-27.87
-27.36
-26.20
-24.50
-22.39
-20.00
-17.46
-14.89
-12.38
-10.02
-7.89
-6.05
-4.54
-3.39
-2.66
-2.37
-2.53
-3.11
-4.02
-5.10
-6.20
-7.18
-7.97
-8.51
-8.81
-8.83
-8.59
-8.11
-7.47
-6.79
-6.22
-5.85
-5.69
-5.67
-5.66
-5.58
-5.38
-5.13
-4.99
-5.09
-5.50
-6.09
-6.63
-6.83
-6.50
-5.63
-4.43
-3.15
-1.99
-0.99
-0.08
0.84
1.79
2.69
3.40
3.88
4.17
4.40
4.66
4.94
5.11
5.01
4.56
3.81
2.91
2.01
1.22
0.48
-0.26
-1.05
-1.87
-2.60
-3.11
-3.32
-3.22
-2.87
-2.39
-1.89
-1.51
-1.35
-1.50
-1.96
-2.68
-3.50
-4.24
-4.69
-4.69
-4.15
-3.14
-1.82
-0.43
0.80
1.70
2.25
2.53
2.71
2.96
3.38
3.97
4.69
5.43
6.11
6.64
6.96
7.08
7.03
6.88
6.68
6.47
6.24
5.99
5.70
5.39
5.08
4.80
4.55
4.30
4.02
3.68
3.25
2.73
2.10
1.36
0.51
-0.39
-1.25
-1.88
-2.11
-1.79
-0.90
0.45
2.07
3.69
5.12
6.23
7.02
7.57
8.01
8.43
8.89
9.36
9.75
9.96
9.91
9.61
9.10
8.50
7.88
7.29
6.69
6.05
5.35
4.59
3.76
2.84
1.78
0.51
-1.02
-2.74
-4.54
-6.25
-7.73
-8.93
-9.90
-10.75
-11.63
-12.63
-13.74
-14.83
-15.71
-16.16
-16.08
-15.49
-14.58
-13.62
-12.85
-12.36
-12.09
-11.91
-11.64
-11.21
-10.63
-9.97
-9.28
-8.56
-7.80
-6.97
-6.12
-5.33
-4.73
-4.41
-4.37
-4.53
-4.77
-4.97
-5.05
-4.95
-4.63
-4.08
-3.34
-2.51
-1.81
-1.46
-1.64
-2.30
-3.21
-3.97
-4.16
-3.57
-2.22
-0.39
1.53
3.20
4.41
5.11
5.43
5.51
5.50
5.49
5.55
5.64
5.75
5.79
5.70
5.41
4.86
4.06
3.04
1.90
0.77
-0.21
-0.92
-1.29
-1.33
-1.11
-0.76
-0.41
-0.13
0.06
0.26
0.59
1.11
1.86
2.77
3.79
4.86
5.97
7.11
8.23
9.26
10.11
10.76
11.20
11.52
11.73
11.77
11.49
10.74
9.42
7.56
5.34
3.04
0.90
-0.90
-2.35
-3.51
-4.55
-5.59
-6.70
-7.87
-9.00
-9.97
-10.68
-11.05
-11.06
-10.77
-10.31
-9.89
-9.76
-10.12
-11.03
-12.31
-13.66
-14.66
-15.02
-14.57
-13.34
-11.48
-9.19
-6.69
-4.16
-1.78
0.30
1.98
3.22
4.07
4.66
5.10
5.49
5.91
6.34
6.78
7.20
7.57
7.88
8.09
8.22
8.34
8.54
8.95
9.71
10.86
12.34
13.98
15.53
16.76
17.48
17.58
17.02
15.74
13.72
10.99
7.70
4.19
0.89
-1.78
-3.56
-4.42
-4.57
-4.30
-3.85
-3.31
-2.63
-1.72
-0.55
0.77
2.07
3.18
4.03
4.62
5.00
5.19
5.19
4.96
4.53
3.98
3.46
3.12
3.00
3.08
3.26
3.42
3.48
3.41
3.21
2.90
2.48
1.95
1.34
0.66
-0.04
-0.69
-1.22
-1.55
-1.59
-1.31
-0.70
0.20
1.28
2.37
3.34
4.08
4.57
4.90
5.21
5.61
6.19
6.90
7.60
8.09
8.20
7.83
7.02
5.90
4.65
3.43
2.32
1.33
0.44
-0.34
-0.97
-1.36
-1.48
-1.38
-1.25
-1.34
-1.87
-2.93
-4.38
-5.95
-7.29
-8.12
-8.28
-7.77
-6.75
-5.43
-4.07
-2.88
-1.98
-1.39
-1.02
-0.73
-0.37
0.12
0.74
1.38
1.92
2.25
2.29
2.03
1.53
0.89
0.27
-0.16
-0.30
-0.13
0.27
0.75
1.14
1.33
1.22
0.77
-0.05
-1.20
-2.61
-4.14
-5.61
-6.87
-7.80
-8.32
-8.43
-8.18
-7.62
-6.85
-6.00
-5.21
-4.58
-4.16
-3.88
-3.63
-3.34
-2.99
-2.62
-2.33
-2.13
-1.98
-1.78
-1.45
-0.99
-0.53
-0.20
-0.08
-0.14
-0.17
0.04
0.68
1.76
3.16
4.66
6.02
7.07
7.72
7.96
7.77
7.15
6.07
4.54
2.61
0.42
-1.83
-3.91
-5.65
-6.97
-7.86
-8.38
-8.57
-8.45
-8.00
-7.21
-6.16
-4.96
-3.75
-2.67
-1.78
-1.06
-0.47
0.06
0.56
1.03
1.45
1.78
1.99
2.08
2.06
1.98
1.90
1.85
1.83
1.80
1.75
1.66
1.55
1.38
1.11
0.62
-0.16
-1.21
-2.43
-3.57
-4.35
-4.57
-4.17
-3.28
-2.16
-1.07
-0.22
0.35
0.72
1.02
1.34
1.71
2.05
2.29
2.38
2.36
2.27
2.15
1.99
1.78
1.53
1.26
1.02
0.82
0.64
0.40
0.02
-0.51
-1.14
-1.77
-2.32
-2.77
-3.23
-3.83
-4.72
-5.93
-7.33
-8.66
-9.59
-9.86
-9.33
-8.10
-6.38
-4.45
-2.48
-0.58
1.26
3.06
4.80
6.46
7.98
9.34
10.46
11.25
11.58
11.31
10.37
8.76
6.61
4.16
1.70
-0.46
-2.10
-3.08
-3.40
-3.20
-2.70
-2.18
-1.82
-1.76
-1.99
-2.48
-3.10
-3.77
-4.37
-4.84
-5.11
-5.13
-4.89
-4.35
-3.50
-2.35
-0.92
0.66
2.24
3.65
4.77
5.58
6.11
6.41
6.53
6.47
6.27
5.96
5.63
5.41
5.36
5.52
5.80
6.08
6.22
6.17
5.93
5.52
4.96
4.20
3.18
1.81
0.06
-2.00
-4.22
-6.41
-8.40
-10.07
-11.36
-12.26
-12.73
-12.75
-12.33
-11.53
-10.50
-9.46
-8.60
-8.04
-7.76
-7.67
-7.59
-7.39
-7.04
-6.61
-6.20
-5.88
-5.66
-5.47
-5.22
-4.83
-4.29
-3.68
-3.06
-2.53
-2.11
-1.78
-1.53
-1.35
-1.27
-1.34
-1.60
-2.02
-2.56
-3.14
-3.74
-4.33
-4.93
-5.55
-6.11
-6.49
-6.57
-6.23
-5.45
-4.30
-2.95
-1.58
-0.33
0.70
1.48
2.01
2.33
2.46
2.44
2.33
2.26
2.33
2.63
3.18
3.89
4.62
5.21
5.55
5.63
5.54
5.41
5.33
5.32
5.31
5.21
4.94
4.47
3.82
3.05
2.18
1.22
0.17
-0.92
-1.94
-2.72
-3.13
-3.09
-2.63
-1.82
-0.74
0.55
2.00
3.51
4.95
6.17
7.09
7.75
8.27
8.80
9.40
10.01
10.51
10.80
10.87
10.85
10.89
11.04
11.22
11.24
10.93
10.21
9.17
7.95
6.71
5.53
4.44
3.40
2.43
1.57
0.90
0.44
0.15
-0.12
-0.53
-1.22
-2.20
-3.37
-4.52
-5.44
-6.00
-6.16
-6.00
-5.65
-5.26
-4.92
-4.68
-4.53
-4.39
-4.20
-3.91
-3.49
-2.99
-2.46
-1.91
-1.34
-0.74
-0.10
0.52
1.00
1.26
1.28
1.13
0.96
0.91
1.03
1.29
1.56
1.71
1.62
1.27
0.70
0.01
-0.72
-1.41
-2.02
-2.56
-3.09
-3.69
-4.43
-5.30
-6.21
-6.99
-7.43
-7.42
-6.94
-6.08
-4.97
-3.71
-2.34
-0.87
0.70
2.28
3.69
4.77
5.39
5.53
5.26
4.73
4.10
3.51
3.08
2.85
2.81
2.94
3.16
3.39
3.55
3.59
3.47
3.16
2.68
2.06
1.38
0.71
0.13
-0.36
-0.82
-1.38
-2.14
-3.11
-4.22
-5.26
-5.99
-6.24
-5.91
-5.06
-3.81
-2.36
-0.91
0.36
1.29
1.86
2.14
2.29
2.54
2.96
3.51
4.01
4.26
4.13
3.70
3.15
2.72
2.54
2.61
2.85
3.12
3.33
3.40
3.27
2.88
2.20
1.29
0.25
-0.76
-1.62
-2.26
-2.69
-2.99
-3.25
-3.54
-3.92
-4.38
-4.87
-5.29
-5.51
-5.40
-4.88
-3.96
-2.72
-1.34
-0.02
1.12
1.98
2.58
2.96
3.18
3.31
3.37
3.40
3.42
3.42
3.39
3.28
3.08
2.79
2.48
2.25
2.17
2.23
2.34
2.35
2.13
1.68
1.07
0.43
-0.13
-0.59
-0.97
-1.34
-1.72
-2.11
-2.51
-2.96
-3.47
-4.07
-4.69
-5.19
-5.40
-5.19
-4.56
-3.56
-2.37
-1.13
0.01
0.98
1.72
2.26
2.63
2.86
3.00
3.09
3.16
3.23
3.35
3.55
3.85
4.21
4.53
4.67
4.54
4.11
3.48
2.80
2.24
1.87
1.69
1.57
1.40
1.09
0.66
0.17
-0.27
-0.63
-0.95
-1.30
-1.76
-2.32
-2.95
-3.59
-4.17
-4.65
-5.01
-5.18
-5.10
-4.71
-4.04
-3.17
-2.27
-1.48
-0.89
-0.49
-0.20
0.07
0.40
0.83
1.34
1.87
2.34
2.65
2.75
2.62
2.34
2.02
1.77
1.67
1.73
1.87
2.03
2.10
2.05
1.84
1.46
0.91
0.20
-0.60
-1.40
-2.10
-2.58
-2.82
-2.83
-2.76
-2.76
-2.97
-3.42
-4.02
-4.57
-4.87
-4.79
-4.35
-3.67
-2.94
-2.27
-1.72
-1.24
-0.77
-0.28
0.20
0.64
0.97
1.18
1.27
1.28
1.25
1.21
1.17
1.15
1.15
1.19
1.27
1.38
1.44
1.37
1.06
0.51
-0.24
-1.03
-1.67
-2.04
-2.13
-2.05
-1.99
-2.12
-2.52
-3.17
-3.94
-4.67
-5.21
-5.49
-5.46
-5.15
-4.61
-3.92
-3.15
-2.36
-1.58
-0.81
-0.04
0.75
1.54
2.29
2.92
3.38
3.61
3.64
3.55
3.41
3.32
3.30
3.33
3.37
3.38
3.35
3.28
3.17
2.98
2.64
2.14
1.50
0.79
0.13
-0.39
-0.78
-1.12
-1.53
-2.11
-2.91
-3.86
-4.84
-5.69
-6.27
-6.48
-6.29
-5.70
-4.82
-3.75
-2.67
-1.73
-1.03
-0.57
-0.25
0.10
0.61
1.36
2.26
3.15
3.84
4.21
4.26
4.08
3.77
3.42
3.07
2.70
2.33
1.98
1.71
1.56
1.53
1.55
1.53
1.40
1.13
0.76
0.38
0.05
-0.19
-0.38
-0.59
-0.86
-1.16
-1.45
-1.66
-1.81
-1.98
-2.28
-2.75
-3.34
-3.88
-4.13
-3.94
-3.29
-2.29
-1.18
-0.17
0.58
1.05
1.35
1.60
1.91
2.29
2.66
2.84
2.74
2.34
1.77
1.22
0.85
0.71
0.78
0.97
1.22
1.46
1.66
1.78
1.79
1.65
1.33
0.82
0.15
-0.62
-1.37
-1.98
-2.36
-2.48
-2.45
-2.45
-2.66
-3.20
-4.01
-4.91
-5.68
-6.17
-6.29
-6.06
-5.50
-4.64
-3.47
-2.08
-0.63
0.66
1.62
2.17
2.37
2.38
2.36
2.42
2.56
2.72
2.81
2.79
2.63
2.39
2.11
1.88
1.74
1.70
1.75
1.82
1.86
1.84
1.74
1.57
1.29
0.85
0.22
-0.58
-1.47
-2.29
-2.92
-3.31
-3.57
-3.84
-4.26
-4.84
-5.46
-5.86
-5.82
-5.27
-4.27
-3.03
-1.79
-0.69
0.21
1.00
1.79
2.64
3.56
4.49
5.34
6.05
6.56
6.86
6.93
6.81
6.51
6.07
5.56
5.04
4.56
4.18
3.90
3.70
3.48
3.17
2.71
2.08
1.36
0.64
0.02
-0.43
-0.73
-0.94
-1.16
-1.49
-1.99
-2.68
-3.47
-4.24
-4.79
-4.92
-4.47
-3.42
-1.88
-0.06
1.78
3.39
4.64
5.48
5.95
6.14
6.14
6.02
5.81
5.55
5.22
4.82
4.32
3.71
3.03
2.36
1.80
1.41
1.23
1.23
1.34
1.48
1.58
1.56
1.33
0.86
0.17
-0.66
-1.51
-2.26
-2.84
-3.26
-3.54
-3.78
-4.00
-4.27
-4.60
-5.03
-5.54
-6.05
-6.46
-6.61
-6.41
-5.84
-5.01
-4.05
-3.14
-2.38
-1.79
-1.30
-0.79
-0.14
0.68
1.59
2.43
3.06
3.36
3.31
3.01
2.60
2.20
1.94
1.86
1.96
2.20
2.46
2.61
2.54
2.18
1.57
0.81
0.03
-0.67
-1.24
-1.70
-2.05
-2.34
-2.63
-3.01
-3.53
-4.18
-4.82
-5.26
-5.34
-5.01
-4.35
-3.56
-2.77
-2.03
-1.26
-0.39
0.59
1.54
2.28
2.68
2.75
2.61
2.47
2.43
2.52
2.62
2.64
2.51
2.28
2.08
2.03
2.21
2.56
2.91
3.05
2.82
2.18
1.29
0.37
-0.34
-0.75
-0.90
-0.99
-1.20
-1.63
-2.28
-3.04
-3.82
-4.53
-5.09
-5.41
-5.38
-4.89
-3.94
-2.69
-1.41
-0.36
0.28
0.54
0.62
0.77
1.20
1.94
2.86
3.72
4.31
4.53
4.45
4.26
4.12
4.15
4.29
4.42
4.40
4.14
3.70
3.19
2.73
2.36
2.02
1.63
1.11
0.45
-0.25
-0.91
-1.43
-1.82
-2.12
-2.43
-2.82
-3.37
-4.07
-4.91
-5.81
-6.62
-7.23
-7.49
-7.35
-6.86
-6.11
-5.26
-4.41
-3.57
-2.68
-1.65
-0.42
0.95
2.38
3.69
4.71
5.34
5.53
5.35
4.93
4.40
3.91
3.48
3.12
2.79
2.48
2.24
2.14
2.18
2.32
2.44
2.42
2.17
1.70
1.08
0.42
-0.21
-0.78
-1.25
-1.62
-1.85
-1.91
-1.83
-1.63
-1.39
-1.19
-1.09
-1.11
-1.21
-1.32
-1.32
-1.13
-0.71
-0.08
0.70
1.51
2.27
2.93
3.44
3.83
4.13
4.36
4.55
4.68
4.75
4.75
4.67
4.51
4.27
3.90
3.40
2.79
2.12
1.49
0.99
0.65
0.42
0.23
0.01
-0.29
-0.66
-1.12
-1.67
-2.31
-3.00
-3.65
-4.19
-4.58
-4.87
-5.15
-5.56
-6.13
-6.80
-7.38
-7.68
-7.56
-6.99
-6.08
-5.02
-4.00
-3.15
-2.52
-2.04
-1.59
-1.09
-0.50
0.10
0.56
0.76
0.70
0.50
0.35
0.43
0.77
1.27
1.76
2.08
2.15
2.02
1.76
1.42
0.97
0.41
-0.25
-0.88
-1.36
-1.58
-1.59
-1.58
-1.78
-2.30
-3.10
-3.99
-4.70
-5.05
-4.97
-4.53
-3.84
-2.98
-2.04
-1.08
-0.20
0.53
1.06
1.45
1.80
2.21
2.70
3.16
3.47
3.53
3.38
3.14
2.96
2.89
2.89
2.86
2.74
2.54
2.33
2.12
1.90
1.56
1.05
0.41
-0.25
-0.83
-1.26
-1.61
-2.01
-2.52
-3.15
-3.80
-4.31
-4.55
-4.49
-4.15
-3.57
-2.82
-1.96
-1.07
-0.21
0.52
1.06
1.43
1.72
2.05
2.52
3.09
3.59
3.81
3.64
3.11
2.43
1.90
1.72
1.90
2.27
2.58
2.65
2.40
1.91
1.31
0.69
0.07
-0.53
-1.14
-1.72
-2.25
-2.72
-3.18
-3.70
-4.35
-5.15
-6.00
-6.75
-7.24
-7.32
-6.98
-6.25
-5.26
-4.14
-3.04
-2.03
-1.18
-0.47
0.16
0.80
1.52
2.36
3.26
4.16
4.97
5.64
6.16
6.55
6.86
7.15
7.46
7.81
8.16
8.45
8.55
8.32
7.67
6.60
5.27
3.93
2.84
2.18
1.89
1.72
1.30
0.34
-1.24
-3.27
-5.40
-7.27
-8.71
-9.74
-10.52
-11.21
-11.83
-12.20
-12.08
-11.27
-9.73
-7.67
-5.45
-3.46
-1.97
-1.01
-0.38
0.29
1.38
3.14
5.54
8.24
10.69
12.24
12.27
10.35
6.26
0.19
-7.07
-14.11
-19.11
-20.51
-17.68
-11.36
-3.39
3.98
9.12
11.61
12.20
12.14
12.43
13.28
14.18
14.41
13.51
11.52
8.86
6.01
3.28
0.80
-1.40
-3.25
-4.60
-5.22
-4.94
-3.69
-1.61
1.01
3.77
6.27
8.18
9.39
9.97
10.17
10.27
10.51
10.99
11.62
12.19
12.48
12.34
11.77
10.91
9.97
9.14
8.49
7.95
7.37
6.55
5.39
3.92
2.26
0.55
-1.13
-2.77
-4.43
-6.14
-7.85
-9.44
-10.71
-11.51
-11.74
-11.40
-10.61
-9.54
-8.41
-7.41
-6.66
-6.14
-5.75
-5.32
-4.78
-4.12
-3.45
-2.85
-2.36
-1.90
-1.40
-0.84
-0.33
0.01
0.08
-0.05
-0.22
-0.25
-0.10
0.12
0.16
-0.14
-0.80
-1.67
-2.52
-3.19
-3.65
-3.96
-4.24
-4.54
-4.85
-5.13
-5.38
-5.63
-5.89
-6.15
-6.31
-6.23
-5.80
-5.00
-3.95
-2.82
-1.83
-1.09
-0.61
-0.29
0.03
0.50
1.13
1.83
2.42
2.71
2.61
2.18
1.56
0.94
0.47
0.18
0.04
-0.01
0.00
0.06
0.17
0.26
0.23
-0.05
-0.61
-1.38
-2.22
-2.94
-3.46
-3.77
-4.01
-4.29
-4.68
-5.13
-5.52
-5.67
-5.48
-4.90
-4.00
-2.92
-1.81
-0.78
0.12
0.91
1.62
2.25
2.76
3.08
3.13
2.90
2.46
1.91
1.44
1.16
1.13
1.33
1.65
1.94
2.10
2.07
1.86
1.54
1.18
0.82
0.44
0.01
-0.53
-1.19
-1.95
-2.76
-3.55
-4.25
-4.79
-5.10
-5.16
-4.94
-4.44
-3.69
-2.72
-1.62
-0.47
0.60
1.49
2.13
2.54
2.81
3.06
3.36
3.71
4.04
4.20
4.10
3.72
3.16
2.58
2.12
1.84
1.71
1.67
1.60
1.47
1.24
0.91
0.48
-0.09
-0.80
-1.65
-2.60
-3.57
-4.50
-5.36
-6.13
-6.77
-7.23
-7.42
-7.25
-6.64
-5.61
-4.25
-2.78
-1.44
-0.41
0.23
0.54
0.69
0.89
1.23
1.68
2.10
2.32
2.24
1.87
1.37
0.91
0.63
0.58
0.72
0.97
1.22
1.43
1.61
1.78
1.96
2.14
2.25
2.25
2.09
1.79
1.43
1.10
0.84
0.64
0.45
0.19
-0.14
-0.56
-1.01
-1.49
-1.98
-2.48
-2.94
-3.31
-3.47
-3.36
-2.99
-2.43
-1.81
-1.22
-0.73
-0.37
-0.15
-0.08
-0.15
-0.29
-0.41
-0.38
-0.13
0.37
1.03
1.70
2.23
2.51
2.51
2.32
2.06
1.83
1.70
1.64
1.53
1.23
0.63
-0.29
-1.45
-2.66
-3.70
-4.35
-4.45
-3.93
-2.85
-1.39
0.18
1.56
2.54
3.07
3.26
3.30
3.40
3.69
4.13
4.60
4.93
4.98
4.72
4.22
3.65
3.18
2.94
2.94
3.09
3.28
3.39
3.39
3.28
3.06
2.68
2.04
1.11
-0.04
-1.25
-2.29
-3.04
-3.50
-3.82
-4.16
-4.58
-5.00
-5.22
-5.05
-4.39
-3.31
-1.98
-0.64
0.55
1.47
2.15
2.64
3.05
3.46
3.91
4.35
4.74
5.00
5.12
5.07
4.89
4.61
4.26
3.83
3.35
2.85
2.38
1.97
1.64
1.39
1.20
1.03
0.85
0.60
0.27
-0.16
-0.69
-1.30
-1.98
-2.71
-3.48
-4.20
-4.72
-4.88
-4.54
-3.70
-2.51
-1.21
-0.07
0.75
1.25
1.52
1.73
2.00
2.40
2.92
3.51
4.10
4.58
4.84
4.80
4.47
3.94
3.39
2.99
2.86
2.97
3.17
3.26
3.09
2.64
2.00
1.29
0.64
0.06
-0.49
-1.04
-1.59
-2.06
-2.40
-2.60
-2.70
-2.73
-2.65
-2.38
-1.83
-0.96
0.10
1.16
2.01
2.55
2.85
3.05
3.33
3.70
4.10
4.34
4.30
3.94
3.33
2.62
1.91
1.26
0.64
-0.03
-0.76
-1.53
-2.23
-2.74
-3.01
-3.07
-3.05
-3.09
-3.28
-3.64
-4.12
-4.63
-5.10
-5.47
-5.74
-5.91
-5.99
-5.94
-5.72
-5.25
-4.49
-3.42
-2.16
-0.85
0.32
1.24
1.91
2.40
2.85
3.30
3.72
3.96
3.92
3.55
2.97
2.37
1.97
1.87
2.06
2.40
2.73
2.96
3.02
2.97
2.82
2.58
2.19
1.56
0.62
-0.64
-2.18
-3.89
-5.67
-7.37
-8.80
-9.77
-10.12
-9.78
-8.81
-7.37
-5.68
-3.89
-2.05
-0.16
1.85
3.98
6.17
8.31
10.24
11.86
13.10
13.91
14.30
14.27
13.86
13.14
12.24
11.26
10.29
9.37
8.42
7.40
6.24
4.99
3.72
2.51
1.35
0.18
-1.08
-2.47
-3.93
-5.33
-6.51
-7.35
-7.82
-7.92
-7.71
-7.25
-6.59
-5.80
-4.97
-4.17
-3.45
-2.87
-2.48
-2.31
-2.39
-2.68
-3.06
-3.40
-3.55
-3.45
-3.12
-2.69
-2.29
-2.02
-1.91
-1.94
-2.03
-2.15
-2.26
-2.40
-2.64
-3.01
-3.53
-4.14
-4.73
-5.19
-5.43
-5.40
-5.14
-4.69
-4.16
-3.64
-3.19
-2.90
-2.80
-2.89
-3.08
-3.26
-3.27
-3.00
-2.47
-1.77
-1.09
-0.54
-0.15
0.13
0.41
0.75
1.16
1.55
1.87
2.10
2.29
2.49
2.69
2.83
2.82
2.56
2.03
1.29
0.42
-0.47
-1.28
-1.90
-2.24
-2.25
-1.96
-1.46
-0.88
-0.30
0.24
0.80
1.40
2.02
2.60
3.05
3.30
3.38
3.35
3.24
3.08
2.88
2.63
2.39
2.23
2.20
2.28
2.39
2.41
2.25
1.90
1.45
1.02
0.74
0.62
0.63
0.62
0.47
0.07
-0.57
-1.35
-2.12
-2.73
-3.09
-3.16
-3.02
-2.77
-2.52
-2.32
-2.16
-1.99
-1.80
-1.59
-1.41
-1.30
-1.24
-1.14
-0.90
-0.48
0.08
0.65
1.10
1.33
1.33
1.12
0.75
0.23
-0.42
-1.13
-1.81
-2.38
-2.81
-3.16
-3.52
-3.98
-4.56
-5.17
-5.66
-5.88
-5.73
-5.20
-4.35
-3.31
-2.22
-1.19
-0.32
0.40
1.01
1.55
2.09
2.62
3.12
3.51
3.76
3.85
3.81
3.70
3.51
3.24
2.85
2.29
1.60
0.89
0.31
-0.04
-0.11
-0.02
0.02
-0.22
-0.86
-1.90
-3.14
-4.29
-5.11
-5.47
-5.35
-4.85
-4.13
-3.25
-2.29
-1.28
-0.27
0.65
1.43
2.03
2.44
2.70
2.83
2.82
2.64
2.29
1.80
1.26
0.77
0.43
0.25
0.17
0.10
-0.07
-0.39
-0.82
-1.28
-1.68
-1.97
-2.16
-2.31
-2.51
-2.82
-3.26
-3.81
-4.35
-4.76
-4.88
-4.62
-3.93
-2.88
-1.61
-0.30
0.88
1.81
2.44
2.78
2.85
2.72
2.43
2.09
1.79
1.66
1.72
1.98
2.34
2.66
2.83
2.80
2.61
2.33
2.02
1.70
1.31
0.81
0.13
-0.73
-1.72
-2.75
-3.72
-4.49
-4.93
-4.99
-4.65
-3.98
-3.08
-2.06
-1.05
-0.10
0.76
1.56
2.31
3.01
3.63
4.10
4.36
4.40
4.25
3.98
3.65
3.28
2.88
2.42
1.91
1.41
0.99
0.73
0.64
0.66
0.68
0.57
0.23
-0.36
-1.13
-1.99
-2.77
-3.35
-3.64
-3.55
-3.10
-2.34
-1.39
-0.41
0.47
1.19
1.78
2.36
3.03
3.76
4.42
4.82
4.81
4.42
3.82
3.27
2.93
2.85
2.91
2.91
2.73
2.33
1.79
1.23
0.74
0.35
0.02
-0.32
-0.71
-1.10
-1.47
-1.78
-2.07
-2.42
-2.91
-3.51
-4.07
-4.38
-4.27
-3.69
-2.76
-1.65
-0.56
0.44
1.37
2.31
3.24
4.09
4.69
4.92
4.76
4.33
3.83
3.44
3.23
3.18
3.20
3.16
3.02
2.79
2.51
2.24
1.97
1.71
1.46
1.22
1.02
0.83
0.64
0.41
0.10
-0.25
-0.60
-0.94
-1.28
-1.70
-2.26
-2.95
-3.71
-4.44
-5.01
-5.34
-5.40
-5.18
-4.66
-3.86
-2.82
-1.66
-0.50
0.54
1.43
2.19
2.82
3.33
3.62
3.66
3.45
3.11
2.78
2.58
2.53
2.56
2.56
2.41
2.07
1.57
0.97
0.36
-0.18
-0.59
-0.83
-0.94
-0.99
-1.07
-1.24
-1.52
-1.92
-2.41
-2.97
-3.54
-4.01
-4.25
-4.08
-3.46
-2.45
-1.23
-0.03
0.94
1.63
2.05
2.31
2.50
2.68
2.84
2.96
3.00
2.95
2.83
2.72
2.66
2.69
2.74
2.70
2.48
2.03
1.42
0.77
0.20
-0.26
-0.64
-1.00
-1.38
-1.74
-2.02
-2.19
-2.32
-2.52
-2.83
-3.20
-3.43
-3.27
-2.59
-1.40
0.06
1.45
2.47
2.94
2.88
2.47
1.96
1.58
1.46
1.62
2.00
2.46
2.88
3.15
3.22
3.11
2.92
2.75
2.69
2.75
2.85
2.87
2.67
2.23
1.58
0.87
0.21
-0.28
-0.57
-0.68
-0.68
-0.67
-0.76
-1.02
-1.48
-2.06
-2.62
-2.94
-2.87
-2.32
-1.38
-0.23
0.92
1.91
2.70
3.34
3.92
4.51
5.04
5.40
5.45
5.19
4.69
4.13
3.69
3.46
3.41
3.43
3.41
3.27
3.00
2.65
2.27
1.92
1.57
1.17
0.68
0.07
-0.63
-1.29
-1.79
-2.05
-2.07
-1.91
-1.70
-1.48
-1.26
-1.04
-0.82
-0.70
-0.78
-1.09
-1.51
-1.73
-1.39
-0.29
1.52
3.72
5.83
7.45
8.34
8.48
7.96
6.91
5.46
3.72
1.81
-0.09
-1.81
-3.21
-4.24
-4.89
-5.20
-5.22
-5.04
-4.71
-4.36
-4.04
-3.80
-3.62
-3.45
-3.28
-3.16
-3.16
-3.37
-3.83
-4.51
-5.32
-6.15
-6.92
-7.62
-8.24
-8.79
-9.24
-9.51
-9.49
-9.07
-8.21
-6.98
-5.51
-4.03
-2.70
-1.61
-0.74
0.01
0.70
1.28
1.64
1.69
1.42
0.98
0.61
0.52
0.80
1.32
1.89
2.26
2.26
1.87
1.18
0.36
-0.39
-0.93
-1.22
-1.31
-1.33
-1.42
-1.67
-2.06
-2.51
-2.97
-3.42
-3.92
-4.51
-5.13
-5.63
-5.79
-5.45
-4.58
-3.34
-1.99
-0.80
0.07
0.62
0.97
1.29
1.64
2.01
2.30
2.43
2.42
2.35
2.34
2.43
2.58
2.66
2.62
2.44
2.23
2.10
2.09
2.19
2.22
2.03
1.52
0.69
-0.30
-1.20
-1.78
-1.90
-1.61
-1.13
-0.75
-0.70
-1.07
-1.74
-2.53
-3.26
-3.88
-4.44
-4.99
-5.50
-5.83
-5.80
-5.30
-4.34
-3.07
-1.71
-0.45
0.57
1.33
1.88
2.31
2.71
3.10
3.46
3.68
3.70
3.50
3.16
2.76
2.36
1.94
1.41
0.72
-0.10
-0.90
-1.53
-1.86
-1.92
-1.85
-1.82
-1.93
-2.19
-2.51
-2.82
-3.09
-3.36
-3.67
-4.01
-4.37
-4.69
-4.97
-5.22
-5.49
-5.79
-6.07
-6.22
-6.12
-5.67
-4.88
-3.85
-2.71
-1.59
-0.56
0.34
1.10
1.77
2.36
2.93
3.48
3.98
4.37
4.55
4.49
4.22
3.87
3.54
3.33
3.23
3.14
2.99
2.70
2.31
1.90
1.55
1.29
1.10
0.95
0.80
0.63
0.38
0.01
-0.55
-1.35
-2.35
-3.39
-4.25
-4.69
-4.56
-3.88
-2.80
-1.57
-0.40
0.59
1.42
2.16
2.88
3.60
4.28
4.83
5.21
5.40
5.42
5.29
5.06
4.74
4.37
3.97
3.58
3.18
2.75
2.27
1.76
1.25
0.83
0.53
0.35
0.20
-0.04
-0.49
-1.17
-2.06
-3.07
-4.06
-4.89
-5.41
-5.50
-5.10
-4.22
-2.97
-1.56
-0.20
0.94
1.81
2.44
2.93
3.34
3.68
3.90
3.94
3.81
3.57
3.35
3.19
3.10
3.01
2.84
2.60
2.32
2.09
1.95
1.87
1.78
1.60
1.28
0.84
0.34
-0.16
-0.60
-0.99
-1.37
-1.79
-2.31
-2.97
-3.72
-4.47
-5.04
-5.27
-5.04
-4.36
-3.34
-2.19
-1.07
-0.11
0.66
1.25
1.73
2.18
2.65
3.16
3.69
4.18
4.55
4.74
4.71
4.49
4.13
3.70
3.30
3.00
2.84
2.81
2.84
2.85
2.74
2.44
1.94
1.28
0.57
-0.09
-0.61
-1.01
-1.34
-1.71
-2.22
-2.90
-3.70
-4.46
-5.03
-5.24
-5.03
-4.40
-3.44
-2.29
-1.08
0.02
0.90
1.52
1.92
2.17
2.37
2.57
2.76
2.93
3.05
3.16
3.35
3.65
4.06
4.47
4.75
4.78
4.54
4.06
3.47
2.84
2.23
1.67
1.18
0.76
0.39
0.02
-0.38
-0.86
-1.42
-2.04
-2.65
-3.20
-3.66
-4.00
-4.19
-4.18
-3.93
-3.46
-2.85
-2.20
-1.63
-1.15
-0.71
-0.21
0.38
1.01
1.54
1.80
1.70
1.26
0.67
0.15
-0.12
-0.08
0.17
0.43
0.54
0.42
0.14
-0.17
-0.38
-0.47
-0.48
-0.50
-0.60
-0.77
-0.98
-1.21
-1.52
-1.92
-2.42
-2.87
-3.10
-2.93
-2.29
-1.28
-0.12
0.94
1.73
2.20
2.45
2.62
2.82
3.09
3.41
3.72
3.94
4.04
4.03
3.93
3.79
3.59
3.33
2.99
2.60
2.21
1.91
1.75
1.71
1.72
1.66
1.45
1.03
0.41
-0.36
-1.18
-1.97
-2.62
-3.09
-3.36
-3.46
-3.43
-3.34
-3.23
-3.16
-3.20
-3.40
-3.76
-4.21
-4.57
-4.65
-4.30
-3.51
-2.44
-1.30
-0.26
0.60
1.35
2.09
2.88
3.67
4.31
4.64
4.62
4.30
3.90
3.62
3.59
3.77
4.00
4.10
3.94
3.53
2.99
2.45
2.02
1.73
1.50
1.27
0.98
0.60
0.15
-0.38
-0.94
-1.49
-1.95
-2.27
-2.42
-2.46
-2.49
-2.64
-3.00
-3.59
-4.35
-5.10
-5.69
-5.94
-5.78
-5.18
-4.23
-3.04
-1.75
-0.54
0.45
1.13
1.45
1.45
1.25
1.05
1.00
1.17
1.53
1.89
2.09
2.04
1.76
1.41
1.17
1.14
1.26
1.39
1.38
1.12
0.65
0.08
-0.47
-0.91
-1.26
-1.56
-1.87
-2.19
-2.53
-2.86
-3.16
-3.45
-3.72
-3.92
-3.96
-3.75
-3.22
-2.40
-1.43
-0.47
0.28
0.73
0.90
0.89
0.88
0.99
1.25
1.58
1.85
1.96
1.90
1.75
1.65
1.67
1.82
1.97
2.01
1.86
1.51
1.03
0.52
0.04
-0.41
-0.86
-1.30
-1.71
-2.03
-2.22
-2.35
-2.51
-2.84
-3.40
-4.14
-4.90
-5.49
-5.74
-5.59
-5.11
-4.40
-3.58
-2.72
-1.83
-0.93
-0.04
0.75
1.37
1.75
1.90
1.91
1.90
1.99
2.24
2.64
3.13
3.58
3.89
3.95
3.74
3.31
2.77
2.26
1.90
1.69
1.55
1.39
1.12
0.75
0.34
-0.06
-0.43
-0.78
-1.17
-1.59
-2.03
-2.47
-2.93
-3.46
-4.09
-4.78
-5.38
-5.70
-5.58
-4.98
-4.03
-2.93
-1.89
-1.06
-0.46
-0.03
0.33
0.72
1.18
1.66
2.07
2.32
2.38
2.29
2.16
2.09
2.11
2.16
2.12
1.93
1.64
1.38
1.29
1.47
1.85
2.24
2.46
2.39
2.04
1.51
0.91
0.31
-0.26
-0.77
-1.20
-1.48
-1.60
-1.61
-1.66
-1.91
-2.45
-3.23
-4.04
-4.61
-4.73
-4.37
-3.66
-2.82
-2.05
-1.41
-0.85
-0.25
0.48
1.28
2.01
2.51
2.69
2.62
2.48
2.47
2.69
3.08
3.46
3.63
3.48
3.08
2.59
2.21
2.05
2.11
2.28
2.41
2.38
2.15
1.71
1.14
0.54
-0.01
-0.42
-0.72
-0.97
-1.31
-1.88
-2.69
-3.70
-4.73
-5.55
-5.97
-5.87
-5.27
-4.28
-3.09
-1.93
-0.95
-0.23
0.27
0.63
0.99
1.40
1.86
2.31
2.66
2.87
2.95
2.94
2.89
2.81
2.65
2.37
1.94
1.41
0.86
0.43
0.18
0.12
0.16
0.16
0.01
-0.33
-0.82
-1.39
-1.97
-2.50
-3.01
-3.52
-4.05
-4.61
-5.17
-5.66
-5.98
-5.99
-5.56
-4.66
-3.36
-1.89
-0.55
0.42
0.95
1.15
1.28
1.56
2.04
2.63
3.13
3.40
3.44
3.36
3.29
3.27
3.20
2.96
2.46
1.76
1.01
0.36
-0.17
-0.66
-1.24
-1.98
-2.78
-3.42
-3.69
-3.52
-3.01
-2.43
-2.04
-2.04
-2.42
-3.06
-3.70
-4.08
-4.00
-3.40
-2.31
-0.92
0.59
2.01
3.24
4.27
5.11
5.82
6.42
6.92
7.31
7.60
7.75
7.73
7.52
7.11
6.55
5.92
5.30
4.73
4.23
3.76
3.29
2.77
2.19
1.50
0.72
-0.11
-0.90
-1.53
-1.92
-2.05
-2.01
-1.95
-2.02
-2.32
-2.88
-3.62
-4.39
-5.01
-5.31
-5.20
-4.66
-3.76
-2.65
-1.47
-0.38
0.53
1.24
1.77
2.20
2.58
2.93
3.24
3.44
3.48
3.37
3.13
2.89
2.75
2.77
2.93
3.11
3.18
3.03
2.65
2.10
1.47
0.85
0.26
-0.32
-0.92
-1.52
-2.08
-2.50
-2.80
-3.01
-3.25
-3.59
-4.01
-4.36
-4.46
-4.16
-3.46
-2.52
-1.57
-0.79
-0.22
0.23
0.73
1.38
2.16
2.97
3.63
4.06
4.23
4.20
4.05
3.86
3.69
3.55
3.43
3.33
3.22
3.06
2.88
2.70
2.60
2.60
2.68
2.75
2.66
2.34
1.77
1.02
0.23
-0.50
-1.16
-1.85
-2.71
-3.82
-5.16
-6.48
-7.48
-7.92
-7.71
-7.01
-6.09
-5.17
-4.38
-3.69
-2.98
-2.18
-1.29
-0.38
0.44
1.10
1.55
1.76
1.69
1.36
0.80
0.11
-0.58
-1.16
-1.53
-1.65
-1.46
-0.96
-0.18
0.79
1.83
2.81
3.62
4.16
4.37
4.26
3.88
3.37
2.88
2.56
2.42
2.37
2.25
1.95
1.43
0.80
0.16
-0.38
-0.77
-0.98
-0.98
-0.70
-0.16
0.55
1.25
1.76
2.00
2.00
1.93
1.91
2.02
2.19
2.37
2.47
2.52
2.55
2.61
2.71
2.77
2.76
2.64
2.44
2.22
2.03
1.94
1.92
1.95
1.92
1.74
1.33
0.72
-0.03
-0.79
-1.42
-1.84
-2.04
-2.11
-2.21
-2.51
-3.13
-4.11
-5.36
-6.67
-7.78
-8.48
-8.66
-8.33
-7.62
-6.71
-5.71
-4.71
-3.72
-2.78
-1.90
-1.15
-0.56
-0.11
0.21
0.45
0.66
0.85
0.99
1.08
1.11
1.10
1.06
1.02
0.94
0.77
0.47
0.04
-0.47
-0.93
-1.27
-1.42
-1.44
-1.46
-1.61
-1.97
-2.53
-3.22
-3.93
-4.55
-5.03
-5.36
-5.50
-5.43
-5.10
-4.51
-3.73
-2.84
-1.94
-1.06
-0.18
0.76
1.83
2.98
4.09
4.95
5.42
5.44
5.14
4.72
4.41
4.35
4.50
4.74
4.90
4.85
4.58
4.13
3.56
2.95
2.32
1.67
1.00
0.30
-0.40
-1.09
-1.75
-2.35
-2.89
-3.37
-3.79
-4.18
-4.58
-5.00
-5.42
-5.77
-5.95
-5.85
-5.45
-4.73
-3.77
-2.66
-1.50
-0.34
0.74
1.71
2.53
3.20
3.71
4.12
4.46
4.76
5.01
5.14
5.11
4.86
4.42
3.89
3.37
2.94
2.62
2.37
2.11
1.80
1.43
1.02
0.57
0.10
-0.43
-0.97
-1.50
-1.93
-2.23
-2.41
-2.56
-2.77
-3.14
-3.66
-4.26
-4.83
-5.24
-5.37
-5.19
-4.67
-3.89
-2.92
-1.89
-0.89
-0.01
0.71
1.25
1.63
1.84
1.93
1.91
1.84
1.76
1.69
1.67
1.72
1.87
2.12
2.44
2.77
3.02
3.09
2.90
2.41
1.64
0.67
-0.41
-1.50
-2.52
-3.41
-4.17
-4.81
-5.34
-5.78
-6.09
-6.19
-6.02
-5.51
-4.69
-3.67
-2.63
-1.73
-1.05
-0.57
-0.20
0.17
0.59
1.06
1.53
1.97
2.36
2.70
2.96
3.10
3.09
2.93
2.66
2.33
1.99
1.62
1.22
0.78
0.36
-0.01
-0.30
-0.57
-0.88
-1.30
-1.81
-2.31
-2.72
-2.96
-3.11
-3.25
-3.49
-3.83
-4.15
-4.28
-4.05
-3.39
-2.39
-1.20
-0.03
0.96
1.71
2.22
2.56
2.81
3.08
3.43
3.91
4.49
5.09
5.61
5.98
6.17
6.18
6.02
5.69
5.18
4.46
3.60
2.70
1.89
1.29
0.88
0.60
0.27
-0.19
-0.84
-1.61
-2.41
-3.14
-3.74
-4.16
-4.36
-4.31
-3.99
-3.40
-2.59
-1.64
-0.67
0.22
0.93
1.40
1.68
1.84
2.03
2.34
2.78
3.25
3.59
3.64
3.38
2.91
2.41
1.99
1.69
1.47
1.24
1.02
0.83
0.75
0.77
0.82
0.76
0.45
-0.12
-0.89
-1.75
-2.55
-3.22
-3.76
-4.18
-4.55
-4.90
-5.22
-5.47
-5.52
-5.27
-4.64
-3.68
-2.57
-1.53
-0.74
-0.30
-0.14
-0.11
-0.08
0.07
0.35
0.72
1.15
1.60
2.05
2.43
2.66
2.65
2.38
1.89
1.28
0.68
0.15
-0.29
-0.69
-1.10
-1.58
-2.15
-2.81
-3.48
-4.10
-4.58
-4.89
-5.05
-5.11
-5.11
-5.04
-4.84
-4.40
-3.66
-2.63
-1.40
-0.07
1.27
2.57
3.82
4.97
5.97
6.75
7.25
7.50
7.54
7.44
7.26
7.02
6.76
6.50
6.29
6.16
6.10
6.05
5.91
5.59
4.99
4.11
3.05
1.98
1.08
0.52
0.29
0.26
0.22
-0.06
-0.69
-1.63
-2.74
-3.82
-4.69
-5.24
-5.41
-5.22
-4.70
-3.91
-2.94
-1.91
-0.94
-0.11
0.56
1.09
1.55
1.96
2.33
2.61
2.73
2.67
2.47
2.19
1.90
1.62
1.35
1.09
0.86
0.72
0.73
0.82
0.87
0.74
0.36
-0.25
-0.92
-1.48
-1.83
-1.97
-1.99
-1.99
-2.01
-2.09
-2.28
-2.67
-3.30
-4.13
-5.01
-5.66
-5.85
-5.46
-4.58
-3.43
-2.29
-1.34
-0.65
-0.17
0.21
0.61
1.08
1.63
2.23
2.80
3.27
3.56
3.63
3.47
3.10
2.59
2.03
1.54
1.18
0.99
0.95
0.99
1.01
0.91
0.67
0.26
-0.26
-0.85
-1.45
-1.99
-2.43
-2.73
-2.91
-3.04
-3.24
-3.56
-3.97
-4.34
-4.46
-4.17
-3.44
-2.41
-1.32
-0.36
0.38
0.96
1.51
2.11
2.77
3.43
3.99
4.41
4.70
4.89
4.97
4.89
4.60
4.05
3.28
2.40
1.61
1.03
0.76
0.75
0.85
0.89
0.72
0.29
-0.31
-0.94
-1.46
-1.82
-2.06
-2.27
-2.55
-2.97
-3.52
-4.12
-4.65
-4.98
-4.99
-4.64
-3.93
-2.97
-1.91
-0.93
-0.11
0.57
1.21
1.91
2.71
3.54
4.26
4.72
4.86
4.77
4.65
4.65
4.80
4.98
4.96
4.55
3.73
2.70
1.72
1.04
0.77
0.80
0.93
0.94
0.72
0.24
-0.44
-1.23
-2.08
-2.94
-3.78
-4.55
-5.17
-5.59
-5.79
-5.83
-5.78
-5.72
-5.64
-5.47
-5.12
-4.57
-3.83
-3.00
-2.18
-1.41
-0.71
-0.05
0.62
1.27
1.89
2.45
2.89
3.21
3.38
3.36
3.17
2.84
2.42
1.98
1.58
1.27
1.08
1.01
1.02
1.06
1.00
0.77
0.32
-0.31
-1.01
-1.67
-2.24
-2.69
-3.06
-3.41
-3.76
-4.11
-4.40
-4.54
-4.47
-4.12
-3.47
-2.58
-1.53
-0.48
0.44
1.16
1.67
2.04
2.39
2.80
3.26
3.71
4.03
4.12
3.95
3.62
3.27
3.04
2.99
3.06
3.14
3.08
2.84
2.44
1.95
1.44
0.92
0.33
-0.38
-1.19
-2.02
-2.75
-3.31
-3.73
-4.10
-4.55
-5.12
-5.70
-6.10
-6.13
-5.68
-4.79
-3.62
-2.39
-1.28
-0.36
0.39
1.05
1.72
2.41
3.11
3.77
4.33
4.77
5.07
5.21
5.19
5.02
4.75
4.42
4.09
3.79
3.51
3.24
2.98
2.73
2.50
2.30
2.13
1.94
1.71
1.39
0.96
0.39
-0.33
-1.17
-2.09
-3.02
-3.87
-4.56
-5.04
-5.25
-5.18
-4.85
-4.29
-3.56
-2.75
-1.94
-1.13
-0.32
0.54
1.47
2.46
3.41
4.19
4.68
4.84
4.67
4.28
3.78
3.34
3.08
3.08
3.30
3.65
3.97
4.14
4.11
3.88
3.53
3.04
2.39
1.49
0.36
-0.89
-2.08
-3.00
-3.57
-3.88
-4.14
-4.55
-5.17
-5.89
-6.46
-6.67
-6.41
-5.75
-4.86
-3.94
-3.13
-2.47
-1.93
-1.43
-0.94
-0.47
-0.08
0.18
0.31
0.36
0.42
0.54
0.71
0.86
0.86
0.65
0.24
-0.25
-0.65
-0.82
-0.73
-0.44
-0.06
0.32
0.64
0.86
0.91
0.71
0.18
-0.67
-1.73
-2.79
-3.66
-4.20
-4.41
-4.37
-4.17
-3.90
-3.58
-3.19
-2.68
-2.00
-1.12
-0.08
1.04
2.08
2.91
3.41
3.58
3.45
3.16
2.80
2.43
2.06
1.68
1.30
0.97
0.76
0.70
0.77
0.87
0.88
0.66
0.16
-0.61
-1.54
-2.49
-3.36
-4.12
-4.78
-5.38
-5.94
-6.37
-6.55
-6.33
-5.65
-4.53
-3.15
-1.74
-0.51
0.39
0.99
1.40
1.78
2.24
2.79
3.37
3.89
4.30
4.56
4.70
4.75
4.68
4.47
4.11
3.68
3.28
3.03
2.94
2.96
2.95
2.81
2.49
2.02
1.48
0.92
0.36
-0.22
-0.85
-1.53
-2.24
-2.91
-3.53
-4.11
-4.68
-5.26
-5.79
-6.18
-6.33
-6.20
-5.82
-5.31
-4.76
-4.20
-3.54
-2.62
-1.32
0.38
2.39
4.50
6.54
8.38
9.94
11.15
11.93
12.21
12.03
11.52
10.94
10.56
10.59
11.03
11.77
12.57
13.23
13.56
13.40
12.61
11.08
8.75
5.73
2.30
-1.17
-4.32
-6.92
-8.89
-10.33
-11.38
-12.22
-12.97
-13.70
-14.49
-15.37
-16.32
-17.30
-18.19
-18.84
-19.06
-18.69
-17.63
-15.91
-13.69
-11.23
-8.83
-6.68
-4.83
-3.22
-1.77
-0.45
0.70
1.61
2.25
2.65
2.92
3.20
3.57
4.04
4.57
5.05
5.41
5.60
5.66
5.65
5.67
5.74
5.80
5.71
5.31
4.55
3.48
2.28
1.11
0.06
-0.92
-1.93
-2.99
-4.02
-4.82
-5.16
-4.89
-3.99
-2.55
-0.68
1.47
3.75
5.95
7.85
9.19
9.80
9.67
8.90
7.66
6.14
4.51
2.89
1.43
0.23
-0.63
-1.13
-1.35
-1.41
-1.42
-1.48
-1.61
-1.85
-2.24
-2.78
-3.45
-4.17
-4.82
-5.35
-5.79
-6.26
-6.90
-7.78
-8.82
-9.82
-10.47
-10.56
-9.98
-8.83
-7.32
-5.70
-4.18
-2.84
-1.67
-0.61
0.37
1.32
2.23
3.12
4.04
4.99
5.97
6.88
7.57
7.92
7.87
7.51
7.02
6.58
6.34
6.33
6.48
6.67
6.78
6.69
6.39
5.85
5.14
4.33
3.52
2.81
2.26
1.83
1.41
0.84
-0.01
-1.19
-2.59
-3.97
-5.02
-5.46
-5.15
-4.14
-2.64
-0.99
0.47
1.52
2.10
2.33
2.44
2.62
3.01
3.57
4.20
4.78
5.24
5.58
5.84
6.02
6.08
5.97
5.66
5.18
4.63
4.09
3.65
3.30
3.02
2.80
2.66
2.62
2.71
2.92
3.20
3.44
3.53
3.34
2.78
1.80
0.41
-1.31
-3.23
-5.22
-7.07
-8.60
-9.62
-10.01
-9.73
-8.86
-7.57
-6.07
-4.58
-3.25
-2.13
-1.24
-0.50
0.12
0.69
1.23
1.72
2.13
2.44
2.63
2.70
2.65
2.49
2.19
1.78
1.32
0.94
0.78
0.91
1.31
1.81
2.20
2.29
2.02
1.45
0.72
-0.01
-0.68
-1.29
-1.92
-2.65
-3.51
-4.45
-5.36
-6.06
-6.42
-6.31
-5.68
-4.60
-3.18
-1.65
-0.20
1.03
1.99
2.69
3.24
3.70
4.13
4.49
4.77
4.93
4.97
4.96
4.94
4.94
4.92
4.81
4.56
4.19
3.80
3.53
3.51
3.79
4.27
4.75
5.05
5.04
4.69
4.09
3.33
2.48
1.58
0.66
-0.21
-0.92
-1.33
-1.37
-1.07
-0.53
0.13
0.82
1.56
2.41
3.39
4.48
5.55
6.47
7.13
7.51
7.63
7.50
7.13
6.51
5.65
4.66
3.68
2.87
2.29
1.89
1.51
0.98
0.21
-0.74
-1.72
-2.54
-3.08
-3.38
-3.58
-3.86
-4.40
-5.27
-6.45
-7.85
-9.31
-10.68
-11.79
-12.50
-12.71
-12.39
-11.57
-10.38
-8.99
-7.59
-6.36
-5.41
-4.76
-4.31
-3.94
-3.54
-3.07
-2.60
-2.27
-2.22
-2.47
-2.96
-3.53
-4.01
-4.27
-4.30
-4.20
-4.06
-3.99
-4.00
-4.07
-4.19
-4.35
-4.57
-4.88
-5.26
-5.68
-6.11
-6.56
-7.07
-7.70
-8.41
-9.07
-9.45
-9.34
-8.61
-7.28
-5.58
-3.78
-2.15
-0.87
0.06
0.69
1.18
1.60
1.98
2.27
2.43
2.46
2.43
2.41
2.44
2.49
2.46
2.26
1.84
1.23
0.54
-0.14
-0.74
-1.23
-1.57
-1.74
-1.74
-1.58
-1.41
-1.39
-1.69
-2.35
-3.27
-4.24
-4.96
-5.18
-4.79
-3.84
-2.51
-1.03
0.40
1.64
2.68
3.54
4.27
4.90
5.41
5.73
5.81
5.66
5.34
4.97
4.66
4.45
4.31
4.18
3.98
3.69
3.33
2.95
2.57
2.17
1.70
1.12
0.46
-0.21
-0.79
-1.24
-1.59
-1.95
-2.46
-3.20
-4.14
-5.09
-5.79
-6.00
-5.59
-4.62
-3.29
-1.84
-0.46
0.73
1.74
2.62
3.41
4.13
4.78
5.35
5.80
6.12
6.27
6.24
6.05
5.75
5.43
5.14
4.89
4.66
4.37
3.96
3.40
2.69
1.86
0.96
0.04
-0.84
-1.65
-2.44
-3.24
-4.10
-5.04
-5.96
-6.72
-7.11
-6.98
-6.27
-5.09
-3.65
-2.21
-0.97
-0.01
0.73
1.37
2.06
2.81
3.56
4.16
4.50
4.54
4.37
4.12
3.94
3.87
3.85
3.78
3.55
3.12
2.55
1.97
1.49
1.20
1.04
0.92
0.69
0.27
-0.33
-1.08
-1.90
-2.74
-3.55
-4.26
-4.75
-4.90
-4.60
-3.84
-2.68
-1.31
0.04
1.18
2.04
2.65
3.17
3.73
4.42
5.17
5.82
6.18
6.15
5.76
5.18
4.61
4.23
4.06
4.01
3.94
3.75
3.39
2.89
2.31
1.68
0.97
0.19
-0.65
-1.48
-2.24
-2.91
-3.49
-4.04
-4.59
-5.13
-5.55
-5.73
-5.53
-4.89
-3.83
-2.51
-1.14
0.07
0.97
1.56
1.94
2.23
2.52
2.76
2.90
2.82
2.55
2.18
1.87
1.72
1.71
1.76
1.69
1.44
1.02
0.54
0.15
-0.11
-0.28
-0.47
-0.79
-1.28
-1.90
-2.62
-3.41
-4.26
-5.17
-6.01
-6.56
-6.61
-5.98
-4.69
-2.96
-1.09
0.62
1.98
2.95
3.60
4.02
4.27
4.41
4.43
4.38
4.26
4.09
3.85
3.51
3.06
2.53
2.02
1.65
1.50
1.54
1.66
1.68
1.46
0.92
0.10
-0.89
-1.93
-2.94
-3.89
-4.80
-5.66
-6.44
-7.04
-7.29
-7.06
-6.31
-5.13
-3.69
-2.26
-1.04
-0.13
0.51
1.01
1.51
2.09
2.76
3.49
4.22
4.96
5.71
6.51
7.34
8.15
8.88
9.47
9.93
10.27
10.51
10.56
10.33
9.69
8.61
7.16
5.52
3.89
2.40
1.07
-0.17
-1.40
-2.66
-3.92
-5.06
-5.95
-6.48
-6.60
-6.29
-5.59
-4.63
-3.54
-2.51
-1.68
-1.08
-0.68
-0.37
-0.03
0.39
0.86
1.29
1.60
1.72
1.65
1.43
1.11
0.76
0.43
0.18
0.03
-0.01
0.02
0.07
0.06
-0.08
-0.40
-0.92
-1.62
-2.40
-3.17
-3.85
-4.38
-4.80
-5.22
-5.74
-6.41
-7.16
-7.76
-7.96
-7.56
-6.49
-4.90
-3.04
-1.21
0.40
1.73
2.87
3.93
4.99
6.06
7.03
7.74
8.02
7.82
7.17
6.27
5.36
4.65
4.22
3.99
3.79
3.41
2.72
1.73
0.52
-0.76
-1.99
-3.04
-3.88
-4.50
-4.95
-5.29
-5.63
-6.04
-6.55
-7.07
-7.49
-7.61
-7.30
-6.52
-5.33
-3.93
-2.55
-1.38
-0.51
0.06
0.44
0.72
0.95
1.13
1.24
1.25
1.19
1.06
0.86
0.54
0.04
-0.67
-1.55
-2.45
-3.20
-3.62
-3.62
-3.23
-2.61
-1.96
-1.49
-1.37
-1.67
-2.36
-3.36
-4.53
-5.67
-6.57
-7.04
-6.95
-6.30
-5.17
-3.77
-2.28
-0.90
0.32
1.36
2.28
3.14
3.97
4.72
5.36
5.80
5.98
5.88
5.51
4.92
4.23
3.54
2.97
2.57
2.36
2.27
2.22
2.13
1.93
1.65
1.30
0.95
0.61
0.27
-0.15
-0.73
-1.52
-2.47
-3.46
-4.33
-4.94
-5.23
-5.18
-4.83
-4.18
-3.27
-2.14
-0.88
0.40
1.55
2.52
3.30
3.94
4.52
5.07
5.57
5.97
6.22
6.27
6.16
5.91
5.62
5.36
5.20
5.12
5.10
5.04
4.86
4.51
3.98
3.27
2.41
1.44
0.42
-0.60
-1.51
-2.25
-2.79
-3.12
-3.31
-3.47
-3.71
-4.15
-4.88
-5.89
-7.03
-8.08
-8.73
-8.75
-8.07
-6.84
-5.32
-3.79
-2.46
-1.41
-0.61
-0.00
0.48
0.85
1.09
1.21
1.26
1.34
1.54
1.90
2.37
2.82
3.09
3.08
2.81
2.41
2.01
1.75
1.59
1.46
1.22
0.81
0.28
-0.25
-0.66
-0.91
-1.04
-1.20
-1.53
-2.11
-2.96
-3.95
-4.93
-5.66
-5.97
-5.77
-5.06
-3.96
-2.63
-1.26
0.01
1.07
1.88
2.45
2.87
3.24
3.65
4.16
4.68
5.06
5.15
4.84
4.21
3.43
2.75
2.34
2.21
2.27
2.36
2.36
2.21
1.94
1.59
1.21
0.80
0.36
-0.14
-0.73
-1.40
-2.19
-3.11
-4.17
-5.31
-6.46
-7.49
-8.22
-8.54
-8.37
-7.71
-6.66
-5.37
-4.00
-2.65
-1.36
-0.13
1.07
2.24
3.34
4.29
5.00
5.45
5.68
5.77
5.80
5.81
5.78
5.69
5.49
5.17
4.80
4.45
4.19
4.07
4.04
4.02
3.87
3.47
2.77
1.82
0.79
-0.14
-0.82
-1.24
-1.49
-1.78
-2.30
-3.17
-4.33
-5.60
-6.68
-7.28
-7.18
-6.33
-4.86
-3.06
-1.27
0.21
1.24
1.85
2.22
2.54
2.96
3.52
4.13
4.68
5.04
5.21
5.22
5.17
5.14
5.16
5.23
5.32
5.43
5.55
5.69
5.85
5.95
5.91
5.60
4.98
4.07
2.96
1.84
0.92
0.32
0.08
0.10
0.20
0.18
-0.09
-0.67
-1.50
-2.48
-3.40
-4.08
-4.34
-4.14
-3.51
-2.66
-1.86
-1.38
-1.34
-1.73
-2.37
-3.04
-3.59
-3.99
-4.31
-4.61
-4.92
-5.17
-5.21
-4.92
-4.27
-3.37
-2.41
-1.66
-1.27
-1.33
-1.75
-2.41
-3.14
-3.84
-4.43
-4.88
-5.17
-5.32
-5.33
-5.30
-5.34
-5.56
-6.02
-6.68
-7.40
-7.97
-8.21
-8.01
-7.34
-6.27
-4.92
-3.45
-2.00
-0.69
0.43
1.38
2.23
3.07
3.95
4.83
5.62
6.23
6.55
6.59
6.39
6.06
5.69
5.36
5.09
4.89
4.72
4.56
4.34
4.03
3.57
2.93
2.16
1.29
0.41
-0.42
-1.20
-1.93
-2.67
-3.47
-4.34
-5.25
-6.08
-6.67
-6.85
-6.51
-5.66
-4.46
-3.13
-1.92
-0.95
-0.21
0.44
1.18
2.11
3.21
4.35
5.36
6.08
6.45
6.48
6.27
5.95
5.61
5.31
5.08
4.85
4.60
4.28
3.91
3.53
3.20
2.94
2.69
2.40
2.02
1.56
1.06
0.54
0.01
-0.62
-1.40
-2.35
-3.37
-4.33
-5.09
-5.56
-5.74
-5.69
-5.43
-4.98
-4.35
-3.53
-2.57
-1.52
-0.46
0.56
1.49
2.31
3.00
3.56
3.97
4.21
4.23
4.03
3.61
3.03
2.44
1.98
1.78
1.83
2.03
2.21
2.21
1.96
1.52
1.01
0.58
0.32
0.22
0.20
0.14
-0.09
-0.56
-1.30
-2.24
-3.25
-4.15
-4.75
-4.88
-4.48
-3.59
-2.35
-0.98
0.35
1.48
2.35
2.92
3.21
3.28
3.23
3.13
3.07
3.05
3.01
2.86
2.53
2.01
1.40
0.81
0.34
-0.00
-0.25
-0.47
-0.70
-0.98
-1.31
-1.71
-2.16
-2.67
-3.18
-3.63
-3.99
-4.27
-4.54
-4.87
-5.30
-5.78
-6.15
-6.23
-5.84
-4.92
-3.54
-1.92
-0.35
0.96
1.87
2.42
2.75
3.04
3.46
4.05
4.78
5.54
6.16
6.51
6.48
6.08
5.41
4.63
3.91
3.38
3.06
2.89
2.76
2.56
2.24
1.80
1.27
0.69
0.06
-0.61
-1.29
-1.93
-2.49
-2.98
-3.46
-4.01
-4.66
-5.32
-5.86
-6.08
-5.89
-5.29
-4.37
-3.22
-1.93
-0.54
0.84
2.12
3.17
3.92
4.41
4.75
5.06
5.33
5.45
5.27
4.74
4.03
3.40
3.12
3.29
3.77
4.24
4.42
4.20
3.66
3.01
2.45
2.04
1.70
1.28
0.68
-0.09
-0.90
-1.58
-2.02
-2.21
-2.27
-2.33
-2.52
-2.94
-3.58
-4.40
-5.31
-6.18
-6.84
-7.14
-6.94
-6.22
-5.02
-3.52
-1.93
-0.46
0.73
1.63
2.30
2.88
3.47
4.08
4.63
5.02
5.14
5.00
4.66
4.25
3.86
3.55
3.32
3.16
3.04
2.95
2.90
2.85
2.80
2.68
2.45
2.09
1.58
0.95
0.25
-0.44
-1.02
-1.46
-1.74
-1.94
-2.14
-2.41
-2.79
-3.29
-3.88
-4.53
-5.20
-5.83
-6.31
-6.48
-6.21
-5.43
-4.18
-2.68
-1.21
-0.04
0.68
1.04
1.22
1.44
1.82
2.27
2.62
2.70
2.49
2.14
1.88
1.88
2.16
2.58
2.92
3.02
2.83
2.45
2.02
1.66
1.40
1.21
1.01
0.74
0.37
-0.08
-0.59
-1.10
-1.58
-2.02
-2.45
-2.94
-3.55
-4.29
-5.12
-5.88
-6.35
-6.33
-5.77
-4.77
-3.57
-2.44
-1.57
-0.98
-0.51
0.04
0.79
1.73
2.67
3.40
3.75
3.73
3.44
3.06
2.68
2.36
2.08
1.84
1.67
1.58
1.58
1.62
1.60
1.42
1.05
0.54
-0.01
-0.52
-0.95
-1.34
-1.79
-2.35
-3.02
-3.79
-4.57
-5.33
-6.00
-6.53
-6.85
-6.83
-6.39
-5.49
-4.22
-2.75
-1.31
-0.10
0.78
1.32
1.61
1.79
1.97
2.22
2.56
2.95
3.31
3.54
3.59
3.47
3.23
2.95
2.67
2.42
2.18
1.95
1.77
1.63
1.51
1.32
0.97
0.38
-0.43
-1.31
-2.10
-2.66
-2.98
-3.17
-3.41
-3.86
-4.58
-5.49
-6.41
-7.12
-7.42
-7.23
-6.57
-5.54
-4.25
-2.83
-1.42
-0.12
0.96
1.77
2.33
2.69
2.96
3.20
3.44
3.67
3.85
3.98
4.08
4.22
4.44
4.72
5.02
5.27
5.42
5.49
5.50
5.49
5.43
5.25
4.85
4.16
3.19
2.05
0.90
-0.09
-0.82
-1.31
-1.68
-2.07
-2.59
-3.31
-4.19
-5.17
-6.15
-7.03
-7.68
-7.97
-7.77
-7.03
-5.81
-4.32
-2.84
-1.61
-0.77
-0.27
0.07
0.43
0.92
1.51
2.05
2.38
2.41
2.15
1.70
1.21
0.78
0.46
0.24
0.11
0.05
0.10
0.26
0.53
0.88
1.19
1.30
1.08
0.48
-0.41
-1.40
-2.29
-2.94
-3.34
-3.65
-4.05
-4.64
-5.38
-6.04
-6.37
-6.17
-5.42
-4.26
-2.90
-1.54
-0.26
0.90
1.98
2.97
3.84
4.53
4.97
5.14
5.05
4.79
4.46
4.16
3.98
3.94
3.99
3.98
3.75
3.20
2.29
1.11
-0.19
-1.48
-2.64
-3.65
-4.53
-5.30
-5.98
-6.57
-7.08
-7.51
-7.93
-8.38
-8.89
-9.40
-9.81
-9.96
-9.70
-8.95
-7.74
-6.19
-4.45
-2.69
-1.02
0.48
1.81
2.99
4.06
5.02
5.86
6.55
7.05
7.35
7.48
7.49
7.45
7.38
7.31
7.19
6.95
6.52
5.88
5.04
4.09
3.14
2.37
1.88
1.72
1.83
2.04
2.11
1.84
1.08
-0.17
-1.83
-3.66
-5.42
-6.83
-7.73
-8.04
-7.87
-7.39
-6.84
-6.45
-6.31
-6.36
-6.36
-6.01
-5.09
-3.58
-1.67
0.30
2.02
3.35
4.37
5.30
6.38
7.66
9.07
10.44
11.56
12.35
12.78
12.86
12.60
11.97
10.97
9.68
8.25
6.86
5.66
4.77
4.16
3.72
3.27
2.63
1.69
0.48
-0.84
-2.02
-2.85
-3.21
-3.15
-2.87
-2.56
-2.38
-2.35
-2.39
-2.37
-2.15
-1.68
-1.01
-0.25
0.43
0.88
0.99
0.76
0.25
-0.41
-1.09
-1.66
-2.08
-2.34
-2.50
-2.64
-2.83
-3.15
-3.63
-4.29
-5.10
-5.98
-6.77
-7.34
-7.57
-7.45
-7.10
-6.67
-6.29
-5.98
-5.63
-5.05
-4.03
-2.47
-0.41
1.96
4.38
6.61
8.44
9.73
10.49
10.75
10.66
10.35
9.97
9.60
9.27
8.96
8.64
8.26
7.82
7.36
6.98
6.78
6.85
7.19
7.72
8.27
8.58
8.42
7.58
5.96
3.65
0.83
-2.15
-4.96
-7.27
-8.89
-9.74
-9.91
-9.55
-8.81
-7.88
-6.87
-5.91
-5.03
-4.24
-3.44
-2.53
-1.46
-0.22
1.07
2.26
3.24
3.93
4.32
4.44
4.27
3.79
2.94
1.75
0.29
-1.25
-2.70
-3.92
-4.91
-5.73
-6.50
-7.31
-8.14
-8.90
-9.43
-9.63
-9.43
-8.85
-7.97
-6.89
-5.68
-4.42
-3.20
-2.09
-1.17
-0.47
0.04
0.46
0.91
1.43
1.99
2.48
2.78
2.84
2.67
2.39
2.07
1.76
1.44
1.02
0.47
-0.14
-0.69
-1.06
-1.19
-1.18
-1.21
-1.48
-2.07
-2.94
-3.92
-4.77
-5.27
-5.27
-4.72
-3.64
-2.14
-0.37
1.49
3.24
4.71
5.75
6.28
6.30
5.89
5.20
4.38
3.60
2.92
2.38
2.00
1.76
1.64
1.62
1.67
1.72
1.74
1.66
1.42
1.01
0.43
-0.28
-1.04
-1.74
-2.32
-2.80
-3.25
-3.79
-4.46
-5.19
-5.81
-6.12
-5.95
-5.27
-4.19
-2.90
-1.62
-0.52
0.32
0.95
1.45
1.89
2.26
2.50
2.53
2.35
2.10
1.98
2.15
2.66
3.33
3.91
4.14
3.92
3.34
2.57
1.80
1.13
0.55
-0.05
-0.73
-1.53
-2.44
-3.40
-4.31
-5.08
-5.58
-5.70
-5.38
-4.64
-3.60
-2.45
-1.36
-0.48
0.15
0.55
0.80
1.01
1.25
1.57
1.96
2.36
2.71
2.93
2.99
2.90
2.70
2.45
2.18
1.92
1.64
1.33
0.96
0.55
0.12
-0.27
-0.56
-0.74
-0.82
-0.90
-1.09
-1.43
-1.91
-2.39
-2.70
-2.68
-2.26
-1.52
-0.56
0.44
1.39
2.23
2.93
3.47
3.82
3.97
3.94
3.80
3.60
3.39
3.18
2.92
2.55
2.05
1.43
0.77
0.15
-0.33
-0.59
-0.61
-0.40
-0.05
0.34
0.64
0.78
0.69
0.38
-0.07
-0.55
-0.95
-1.21
-1.35
-1.49
-1.78
-2.31
-3.09
-3.97
-4.74
-5.21
-5.26
-4.92
-4.28
-3.49
-2.65
-1.83
-1.08
-0.39
0.20
0.70
1.10
1.37
1.47
1.38
1.11
0.73
0.36
0.13
0.07
0.11
0.11
-0.09
-0.59
-1.31
-2.08
-2.68
-2.95
-2.91
-2.72
-2.62
-2.83
-3.49
-4.55
-5.83
-7.05
-7.94
-8.28
-7.98
-7.07
-5.74
-4.19
-2.62
-1.16
0.13
1.26
2.20
2.92
3.37
3.54
3.46
3.25
3.06
2.96
2.96
2.95
2.80
2.39
1.71
0.87
0.01
-0.70
-1.23
-1.57
-1.80
-1.98
-2.15
-2.29
-2.41
-2.56
-2.79
-3.18
-3.74
-4.40
-5.02
-5.42
-5.43
-4.99
-4.11
-2.90
-1.58
-0.36
0.59
1.22
1.58
1.83
2.16
2.64
3.27
3.92
4.44
4.73
4.78
4.67
4.52
4.39
4.29
4.13
3.85
3.42
2.87
2.32
1.86
1.53
1.30
1.06
0.68
0.10
-0.66
-1.49
-2.31
-3.05
-3.71
-4.29
-4.73
-4.92
-4.68
-3.92
-2.67
-1.14
0.38
1.61
2.45
2.92
3.23
3.56
4.05
4.70
5.38
5.94
6.23
6.19
5.84
5.28
4.66
4.13
3.79
3.64
3.62
3.64
3.61
3.49
3.25
2.89
2.41
1.81
1.11
0.35
-0.42
-1.16
-1.88
-2.62
-3.41
-4.27
-5.14
-5.87
-6.27
-6.17
-5.47
-4.22
-2.60
-0.88
0.67
1.86
2.63
3.06
3.32
3.57
3.93
4.41
4.95
5.46
5.84
6.05
6.05
5.83
5.37
4.67
3.81
2.91
2.14
1.62
1.36
1.26
1.12
0.74
0.04
-0.95
-2.08
-3.21
-4.26
-5.20
-6.06
-6.83
-7.41
-7.70
-7.60
-7.13
-6.42
-5.63
-4.92
-4.31
-3.79
-3.29
-2.78
-2.33
-2.00
-1.86
-1.90
-2.06
-2.23
-2.36
-2.44
-2.51
-2.57
-2.63
-2.64
-2.50
-2.21
-1.76
-1.25
-0.82
-0.60
-0.64
-0.95
-1.48
-2.11
-2.69
-3.08
-3.17
-2.84
-2.09
-0.97
0.38
1.83
3.25
4.54
5.67
6.57
7.19
7.49
7.50
7.29
7.01
6.77
6.58
6.34
5.89
5.13
4.09
2.93
1.88
1.12
0.67
0.41
0.17
-0.21
-0.80
-1.55
-2.39
-3.25
-4.08
-4.88
-5.56
-6.03
-6.12
-5.71
-4.77
-3.41
-1.87
-0.42
0.75
1.56
2.10
2.57
3.15
3.95
4.94
5.99
6.89
7.48
7.65
7.41
6.85
6.12
5.35
4.65
4.03
3.44
2.84
2.19
1.53
0.95
0.57
0.42
0.41
0.39
0.17
-0.38
-1.26
-2.35
-3.44
-4.30
-4.73
-4.62
-3.99
-2.95
-1.69
-0.43
0.66
1.49
2.08
2.49
2.81
3.10
3.36
3.54
3.64
3.67
3.67
3.65
3.60
3.46
3.18
2.77
2.29
1.83
1.48
1.26
1.10
0.88
0.53
0.02
-0.54
-1.04
-1.35
-1.47
-1.49
-1.59
-1.94
-2.61
-3.52
-4.50
-5.36
-5.93
-6.16
-6.05
-5.64
-4.99
-4.16
-3.25
-2.36
-1.56
-0.93
-0.44
-0.05
0.33
0.75
1.20
1.65
2.02
2.26
2.32
2.20
1.93
1.59
1.27
1.04
0.95
1.01
1.17
1.32
1.36
1.19
0.78
0.21
-0.40
-0.87
-1.09
-1.03
-0.78
-0.50
-0.38
-0.50
-0.84
-1.28
-1.67
-1.87
-1.78
-1.42
-0.83
-0.08
0.77
1.64
2.50
3.33
4.07
4.69
5.17
5.48
5.60
5.51
5.22
4.75
4.18
3.61
3.12
2.75
2.47
2.19
1.81
1.24
0.50
-0.35
-1.17
-1.86
-2.36
-2.73
-3.09
-3.58
-4.29
-5.23
-6.28
-7.25
-7.93
-8.14
-7.81
-6.97
-5.74
-4.30
-2.81
-1.39
-0.14
0.91
1.79
2.53
3.16
3.70
4.15
4.47
4.60
4.49
4.13
3.59
3.00
2.50
2.19
2.04
1.94
1.72
1.28
0.62
-0.13
-0.83
-1.36
-1.71
-1.95
-2.21
-2.57
-3.07
-3.65
-4.25
-4.79
-5.21
-5.46
-5.49
-5.28
-4.81
-4.07
-3.11
-1.98
-0.77
0.38
1.32
1.96
2.30
2.45
2.56
2.73
2.96
3.13
3.09
2.79
2.29
1.76
1.40
1.27
1.34
1.47
1.52
1.43
1.20
0.90
0.58
0.26
-0.09
-0.51
-1.02
-1.54
-1.98
-2.22
-2.22
-2.02
-1.78
-1.71
-1.96
-2.56
-3.40
-4.28
-4.96
-5.31
-5.30
-4.98
-4.43
-3.72
-2.90
-2.02
-1.15
-0.39
0.23
0.70
1.13
1.62
2.19
2.82
3.34
3.61
3.54
3.16
2.64
2.18
1.90
1.83
1.84
1.73
1.38
0.81
0.12
-0.53
-1.05
-1.48
-1.95
-2.60
-3.49
-4.57
-5.69
-6.75
-7.67
-8.45
-9.14
-9.78
-10.37
-10.92
-11.38
-11.68
-11.75
-11.52
-10.90
-9.89
-8.53
-6.86
-4.98
-2.99
-1.02
0.79
2.28
3.37
4.09
4.57
4.96
5.38
5.88
6.43
6.95
7.40
7.75
7.99
8.17
8.30
8.41
8.50
8.55
8.56
8.49
8.37
8.18
7.90
7.48
6.85
5.97
4.86
3.60
2.32
1.10
0.00
-1.00
-1.96
-2.88
-3.76
-4.49
-4.99
-5.18
-5.03
-4.59
-3.99
-3.34
-2.76
-2.27
-1.79
-1.20
-0.40
0.58
1.57
2.35
2.77
2.79
2.57
2.29
2.12
2.09
2.13
2.07
1.83
1.42
0.95
0.55
0.31
0.19
0.05
-0.23
-0.73
-1.35
-1.95
-2.39
-2.59
-2.65
-2.74
-3.06
-3.72
-4.68
-5.77
-6.74
-7.35
-7.44
-7.00
-6.10
-4.93
-3.66
-2.41
-1.25
-0.18
0.79
1.66
2.38
2.93
3.31
3.56
3.75
3.93
4.12
4.31
4.46
4.50
4.39
4.12
3.70
3.22
2.75
2.40
2.22
2.18
2.15
1.99
1.60
0.99
0.27
-0.40
-0.88
-1.17
-1.37
-1.61
-2.00
-2.55
-3.20
-3.89
-4.59
-5.27
-5.86
-6.24
-6.23
-5.69
-4.67
-3.32
-1.93
-0.75
0.13
0.75
1.25
1.77
2.36
2.97
3.51
3.92
4.15
4.26
4.27
4.22
4.11
3.93
3.67
3.35
3.04
2.78
2.61
2.49
2.31
1.98
1.43
0.70
-0.10
-0.80
-1.29
-1.56
-1.71
-1.91
-2.29
-2.90
-3.68
-4.48
-5.13
-5.45
-5.33
-4.74
-3.75
-2.54
-1.30
-0.24
0.57
1.14
1.59
2.06
2.62
3.22
3.74
4.04
4.04
3.73
3.20
2.61
2.07
1.70
1.50
1.42
1.36
1.23
0.99
0.66
0.30
-0.02
-0.27
-0.46
-0.65
-0.92
-1.34
-1.96
-2.76
-3.68
-4.56
-5.24
-5.54
-5.36
-4.73
-3.76
-2.66
-1.59
-0.66
0.12
0.82
1.51
2.27
3.09
3.91
4.58
5.00
5.11
4.97
4.75
4.58
4.60
4.79
5.09
5.42
5.72
5.97
6.16
6.25
6.16
5.85
5.32
4.65
3.96
3.32
2.70
2.03
1.26
0.45
-0.24
-0.64
-0.60
-0.13
0.66
1.62
2.61
3.60
4.59
5.63
6.77
8.03
9.44
11.04
12.78
14.55
16.05
16.93
16.81
15.47
12.96
9.57
5.80
2.22
-0.75
-2.88
-4.17
-4.74
-4.72
-4.24
-3.36
-2.23
-1.07
-0.20
0.14
-0.13
-0.83
-1.65
-2.25
-2.47
-2.36
-2.16
-2.11
-2.37
-2.90
-3.60
-4.36
-5.14
-5.98
-6.89
-7.76
-8.39
-8.54
-8.08
-7.04
-5.67
-4.29
-3.19
-2.47
-2.07
-1.79
-1.47
-1.08
-0.68
-0.42
-0.38
-0.57
-0.92
-1.36
-1.89
-2.56
-3.43
-4.44
-5.46
-6.32
-6.92
-7.39
-8.02
-9.22
-11.27
-14.21
-17.74
-21.28
-24.21
-25.99
-26.39
-25.47
-23.57
-21.16
-18.68
-16.48
-14.73
-13.45
-12.48
-11.62
-10.66
-9.52
-8.20
-6.79
-5.38
-4.03
-2.72
-1.42
-0.15
1.01
1.95
2.60
2.99
3.26
3.57
3.95
4.34
4.61
4.64
4.37
3.88
3.27
2.66
2.12
1.67
1.35
1.17
1.18
1.36
1.66
1.99
2.27
2.47
2.67
2.98
3.50
4.24
5.10
5.87
6.36
6.48
6.24
5.79
5.24
4.69
4.14
3.58
3.04
2.61
2.44
2.63
3.18
3.96
4.73
5.25
5.35
4.95
4.15
3.11
2.09
1.30
0.84
0.73
0.86
1.13
1.42
1.68
1.87
2.01
2.06
2.00
1.84
1.60
1.33
1.08
0.87
0.67
0.42
0.05
-0.48
-1.19
-2.01
-2.83
-3.54
-4.01
-4.15
-3.91
-3.30
-2.36
-1.18
0.14
1.49
2.77
3.90
4.83
5.53
6.03
6.35
6.55
6.69
6.81
6.93
7.03
7.04
6.89
6.52
5.98
5.34
4.74
4.27
3.99
3.89
3.88
3.82
3.54
2.94
2.00
0.82
-0.36
-1.31
-1.85
-1.97
-1.83
-1.66
-1.65
-1.90
-2.36
-2.87
-3.27
-3.41
-3.22
-2.69
-1.87
-0.88
0.17
1.17
2.03
2.76
3.42
4.09
4.83
5.62
6.40
7.06
7.50
7.68
7.62
7.39
7.07
6.72
6.36
5.99
5.62
5.24
4.84
4.37
3.78
3.01
2.03
0.88
-0.36
-1.55
-2.58
-3.36
-3.91
-4.32
-4.73
-5.27
-5.97
-6.77
-7.53
-8.12
-8.43
-8.43
-8.11
-7.49
-6.55
-5.37
-4.07
-2.79
-1.69
-0.82
-0.15
0.43
0.99
1.53
1.96
2.17
2.12
1.89
1.64
1.58
1.81
2.31
2.92
3.40
3.57
3.35
2.80
2.08
1.41
0.89
0.57
0.37
0.20
-0.06
-0.43
-0.92
-1.51
-2.15
-2.81
-3.44
-3.97
-4.28
-4.24
-3.79
-2.96
-1.89
-0.81
0.08
0.67
0.99
1.17
1.39
1.81
2.47
3.30
4.14
4.78
5.04
4.91
4.49
4.00
3.65
3.53
3.59
3.66
3.58
3.26
2.74
2.08
1.36
0.62
-0.12
-0.80
-1.34
-1.68
-1.84
-1.93
-2.12
-2.53
-3.18
-4.01
-4.84
-5.52
-5.91
-5.92
-5.48
-4.61
-3.37
-1.92
-0.49
0.74
1.67
2.33
2.85
3.37
3.94
4.50
4.95
5.22
5.28
5.20
5.02
4.75
4.37
3.83
3.18
2.50
1.93
1.56
1.41
1.36
1.26
0.98
0.48
-0.17
-0.82
-1.34
-1.62
-1.66
-1.55
-1.44
-1.46
-1.66
-2.01
-2.41
-2.75
-2.96
-3.03
-2.99
-2.89
-2.70
-2.36
-1.79
-0.97
0.08
1.23
2.32
3.25
4.01
4.63
5.19
5.70
6.13
6.39
6.35
5.98
5.27
4.30
3.20
2.07
1.00
0.06
-0.71
-1.28
-1.61
-1.73
-1.70
-1.62
-1.60
-1.76
-2.12
-2.66
-3.31
-3.97
-4.53
-4.94
-5.18
-5.27
-5.28
-5.27
-5.29
-5.38
-5.56
-5.80
-6.05
-6.22
-6.19
-5.84
-5.10
-3.98
-2.61
-1.20
0.02
0.88
1.34
1.49
1.51
1.57
1.77
2.13
2.54
2.88
3.05
3.03
2.91
2.79
2.76
2.78
2.76
2.55
2.10
1.47
0.83
0.33
0.06
-0.01
0.00
-0.05
-0.25
-0.61
-1.10
-1.68
-2.35
-3.10
-3.91
-4.73
-5.45
-5.94
-6.08
-5.77
-5.00
-3.84
-2.46
-1.07
0.10
0.93
1.38
1.55
1.59
1.66
1.84
2.15
2.56
2.98
3.33
3.53
3.54
3.35
3.02
2.65
2.34
2.20
2.22
2.35
2.40
2.24
1.77
1.04
0.22
-0.49
-0.94
-1.12
-1.14
-1.20
-1.44
-1.91
-2.54
-3.20
-3.76
-4.15
-4.37
-4.41
-4.32
-4.10
-3.75
-3.31
-2.81
-2.30
-1.77
-1.17
-0.45
0.41
1.38
2.32
3.07
3.51
3.59
3.37
3.01
2.66
2.48
2.50
2.70
2.96
3.13
3.13
2.93
2.62
2.29
2.04
1.87
1.70
1.40
0.92
0.27
-0.43
-1.04
-1.46
-1.69
-1.80
-1.90
-2.06
-2.30
-2.60
-2.93
-3.25
-3.51
-3.65
-3.61
-3.38
-2.97
-2.43
-1.85
-1.26
-0.67
-0.03
0.66
1.40
2.12
2.73
3.14
3.35
3.38
3.24
2.94
2.49
1.90
1.27
0.73
0.40
0.38
0.63
0.99
1.26
1.27
0.90
0.20
-0.68
-1.55
-2.20
-2.53
-2.55
-2.38
-2.16
-2.05
-2.16
-2.53
-3.12
-3.85
-4.55
-5.02
-5.08
-4.66
-3.80
-2.70
-1.61
-0.75
-0.16
0.22
0.55
0.93
1.39
1.87
2.31
2.69
3.00
3.25
3.43
3.47
3.35
3.10
2.84
2.64
2.53
2.42
2.18
1.73
1.10
0.40
-0.24
-0.74
-1.10
-1.38
-1.63
-1.91
-2.22
-2.63
-3.16
-3.85
-4.64
-5.40
-5.94
-6.09
-5.79
-5.06
-4.02
-2.81
-1.57
-0.42
0.57
1.35
1.94
2.38
2.75
3.11
3.52
3.97
4.39
4.66
4.72
4.52
4.16
3.75
3.43
3.26
3.23
3.26
3.21
3.01
2.61
2.06
1.44
0.84
0.32
-0.12
-0.50
-0.82
-1.08
-1.27
-1.38
-1.43
-1.52
-1.78
-2.30
-3.12
-4.13
-5.14
-5.90
-6.22
-6.01
-5.31
-4.27
-3.09
-1.96
-1.01
-0.29
0.22
0.62
1.01
1.52
2.18
2.94
3.66
4.14
4.28
4.06
3.63
3.20
2.94
2.92
3.06
3.18
3.16
2.95
2.62
2.28
1.98
1.67
1.27
0.73
0.09
-0.51
-0.93
-1.07
-1.00
-0.88
-0.87
-1.05
-1.41
-1.85
-2.29
-2.71
-3.15
-3.64
-4.20
-4.75
-5.17
-5.31
-5.09
-4.47
-3.51
-2.31
-1.05
0.13
1.09
1.79
2.26
2.55
2.75
2.88
2.97
3.02
3.02
3.00
2.95
2.86
2.72
2.54
2.33
2.13
1.97
1.86
1.78
1.68
1.50
1.19
0.73
0.14
-0.50
-1.08
-1.49
-1.68
-1.72
-1.75
-1.95
-2.45
-3.24
-4.19
-5.07
-5.67
-5.86
-5.60
-4.97
-4.09
-3.11
-2.19
-1.42
-0.83
-0.39
0.00
0.49
1.18
2.10
3.17
4.20
4.99
5.38
5.33
4.96
4.44
3.95
3.61
3.42
3.32
3.23
3.14
3.07
3.04
3.04
3.01
2.86
2.53
2.04
1.45
0.82
0.21
-0.36
-0.90
-1.43
-1.98
-2.54
-3.13
-3.73
-4.37
-5.03
-5.71
-6.31
-6.73
-6.81
-6.44
-5.60
-4.41
-3.08
-1.87
-0.96
-0.36
0.08
0.56
1.24
2.14
3.15
4.06
4.69
4.96
4.90
4.62
4.28
4.00
3.89
3.93
4.05
4.12
4.05
3.78
3.38
2.94
2.59
2.33
2.13
1.89
1.54
1.09
0.63
0.25
-0.00
-0.17
-0.32
-0.54
-0.84
-1.17
-1.45
-1.61
-1.69
-1.79
-2.03
-2.50
-3.24
-4.16
-5.15
-6.04
-6.69
-7.01
-6.94
-6.51
-5.80
-4.93
-4.03
-3.17
-2.40
-1.68
-0.97
-0.23
0.56
1.38
2.18
2.91
3.47
3.79
3.81
3.59
3.23
2.90
2.74
2.79
2.99
3.22
3.37
3.40
3.32
3.18
3.01
2.80
2.56
2.30
2.07
1.89
1.75
1.61
1.37
0.99
0.43
-0.24
-0.92
-1.48
-1.83
-1.98
-2.01
-2.08
-2.33
-2.82
-3.52
-4.29
-5.00
-5.58
-6.00
-6.27
-6.36
-6.16
-5.57
-4.61
-3.39
-2.14
-1.08
-0.31
0.23
0.67
1.14
1.69
2.25
2.75
3.10
3.29
3.34
3.28
3.16
3.02
2.90
2.84
2.84
2.84
2.76
2.55
2.19
1.75
1.32
0.94
0.63
0.35
0.04
-0.32
-0.72
-1.14
-1.55
-1.96
-2.40
-2.90
-3.47
-4.10
-4.72
-5.28
-5.71
-5.97
-6.04
-5.88
-5.52
-4.96
-4.23
-3.35
-2.35
-1.30
-0.31
0.52
1.14
1.55
1.85
2.14
2.48
2.86
3.20
3.41
3.45
3.37
3.26
3.23
3.32
3.51
3.72
3.88
3.91
3.77
3.43
2.89
2.22
1.51
0.86
0.31
-0.12
-0.49
-0.83
-1.15
-1.42
-1.64
-1.87
-2.24
-2.88
-3.82
-4.98
-6.14
-7.07
-7.56
-7.54
-7.06
-6.22
-5.13
-3.92
-2.68
-1.50
-0.46
0.40
1.05
1.55
1.97
2.38
2.86
3.44
4.07
4.64
5.05
5.24
5.19
4.98
4.68
4.35
4.04
3.75
3.47
3.22
3.02
2.87
2.72
2.50
2.18
1.74
1.23
0.74
0.31
-0.02
-0.27
-0.47
-0.64
-0.85
-1.14
-1.59
-2.22
-3.02
-3.93
-4.85
-5.68
-6.32
-6.73
-6.89
-6.77
-6.36
-5.67
-4.74
-3.69
-2.61
-1.60
-0.69
0.16
0.99
1.84
2.66
3.36
3.87
4.17
4.28
4.27
4.19
4.05
3.82
3.52
3.23
3.05
3.04
3.19
3.35
3.40
3.25
2.93
2.56
2.23
1.93
1.58
1.08
0.43
-0.28
-0.89
-1.27
-1.41
-1.41
-1.43
-1.57
-1.88
-2.36
-2.96
-3.66
-4.37
-5.02
-5.45
-5.56
-5.27
-4.63
-3.76
-2.81
-1.85
-0.93
-0.02
0.87
1.69
2.36
2.81
3.04
3.12
3.16
3.25
3.38
3.53
3.62
3.62
3.56
3.45
3.31
3.15
2.94
2.70
2.45
2.25
2.12
2.03
1.90
1.63
1.19
0.58
-0.12
-0.81
-1.43
-1.95
-2.39
-2.77
-3.13
-3.50
-3.91
-4.38
-4.89
-5.36
-5.66
-5.64
-5.20
-4.34
-3.16
-1.86
-0.64
0.35
1.04
1.51
1.85
2.18
2.57
3.02
3.47
3.86
4.13
4.26
4.27
4.21
4.10
3.94
3.75
3.53
3.33
3.17
3.08
3.02
2.93
2.78
2.54
2.23
1.87
1.51
1.10
0.58
-0.09
-0.88
-1.70
-2.38
-2.80
-2.96
-2.94
-2.96
-3.17
-3.67
-4.42
-5.24
-5.91
-6.23
-6.11
-5.56
-4.67
-3.60
-2.46
-1.37
-0.37
0.54
1.37
2.13
2.82
3.42
3.92
4.34
4.66
4.90
5.01
4.97
4.74
4.36
3.90
3.48
3.22
3.20
3.42
3.79
4.16
4.35
4.23
3.72
2.86
1.78
0.70
-0.18
-0.72
-0.92
-0.90
-0.85
-0.97
-1.32
-1.85
-2.39
-2.77
-2.92
-2.91
-2.92
-3.13
-3.65
-4.47
-5.43
-6.31
-6.90
-7.06
-6.76
-6.04
-5.01
-3.81
-2.57
-1.37
-0.26
0.73
1.59
2.33
2.93
3.41
3.79
4.11
4.40
4.67
4.85
4.87
4.69
4.31
3.83
3.37
3.02
2.84
2.79
2.79
2.78
2.68
2.48
2.18
1.80
1.34
0.83
0.29
-0.26
-0.78
-1.24
-1.62
-1.92
-2.17
-2.41
-2.67
-2.98
-3.34
-3.76
-4.24
-4.77
-5.26
-5.60
-5.68
-5.41
-4.82
-4.01
-3.12
-2.29
-1.55
-0.86
-0.18
0.53
1.23
1.87
2.39
2.78
3.00
3.05
2.92
2.66
2.37
2.20
2.23
2.46
2.77
2.97
2.95
2.65
2.15
1.58
1.02
0.51
0.03
-0.41
-0.81
-1.10
-1.28
-1.40
-1.59
-1.96
-2.56
-3.34
-4.18
-4.90
-5.38
-5.53
-5.36
-4.90
-4.23
-3.37
-2.37
-1.31
-0.29
0.57
1.15
1.42
1.48
1.50
1.68
2.13
2.78
3.46
3.97
4.19
4.14
3.95
3.74
3.59
3.47
3.31
3.06
2.75
2.47
2.27
2.15
2.03
1.82
1.46
0.92
0.23
-0.54
-1.30
-1.98
-2.49
-2.81
-2.95
-2.99
-3.01
-3.14
-3.42
-3.88
-4.49
-5.19
-5.86
-6.37
-6.56
-6.29
-5.57
-4.49
-3.30
-2.24
-1.44
-0.91
-0.52
-0.09
0.50
1.25
2.07
2.79
3.28
3.49
3.46
3.30
3.12
2.98
2.90
2.87
2.86
2.91
3.04
3.27
3.57
3.85
3.99
3.93
3.68
3.30
2.92
2.61
2.39
2.22
1.99
1.62
1.03
0.25
-0.62
-1.46
-2.14
-2.63
-3.00
-3.39
-3.94
-4.69
-5.51
-6.19
-6.51
-6.39
-5.88
-5.10
-4.22
-3.32
-2.44
-1.58
-0.79
-0.11
0.46
0.96
1.47
2.02
2.57
3.03
3.26
3.23
2.98
2.62
2.32
2.19
2.27
2.53
2.83
3.07
3.13
2.98
2.65
2.19
1.64
1.00
0.28
-0.49
-1.20
-1.68
-1.84
-1.70
-1.45
-1.37
-1.68
-2.40
-3.41
-4.43
-5.26
-5.78
-5.98
-5.93
-5.67
-5.20
-4.49
-3.57
-2.54
-1.58
-0.84
-0.35
-0.03
0.34
0.91
1.69
2.53
3.19
3.52
3.55
3.45
3.46
3.68
4.05
4.35
4.36
4.01
3.40
2.75
2.25
1.95
1.78
1.60
1.27
0.80
0.26
-0.23
-0.56
-0.77
-0.95
-1.25
-1.76
-2.50
-3.40
-4.31
-5.10
-5.64
-5.88
-5.82
-5.51
-5.00
-4.37
-3.68
-2.99
-2.35
-1.82
-1.37
-0.95
-0.44
0.23
1.07
1.96
2.71
3.19
3.33
3.24
3.09
3.02
3.07
3.20
3.28
3.22
3.02
2.76
2.55
2.42
2.37
2.31
2.15
1.87
1.49
1.04
0.55
0.03
-0.53
-1.13
-1.71
-2.20
-2.56
-2.81
-3.02
-3.30
-3.70
-4.18
-4.63
-4.91
-4.90
-4.54
-3.81
-2.79
-1.57
-0.30
0.89
1.92
2.76
3.47
4.15
4.85
5.54
6.14
6.54
6.66
6.49
6.08
5.51
4.86
4.20
3.53
2.90
2.32
1.83
1.46
1.22
1.09
1.03
0.97
0.87
0.68
0.39
0.01
-0.42
-0.85
-1.24
-1.60
-1.95
-2.34
-2.81
-3.37
-3.94
-4.42
-4.73
-4.85
-4.83
-4.75
-4.66
-4.54
-4.31
-3.87
-3.21
-2.40
-1.55
-0.77
-0.12
0.43
0.93
1.42
1.90
2.32
2.67
2.94
3.16
3.35
3.50
3.55
3.44
3.14
2.71
2.28
2.01
1.99
2.17
2.40
2.49
2.30
1.81
1.10
0.32
-0.45
-1.15
-1.77
-2.31
-2.72
-2.99
-3.13
-3.22
-3.37
-3.68
-4.15
-4.67
-5.12
-5.32
-5.19
-4.72
-3.97
-3.05
-2.08
-1.15
-0.31
0.44
1.14
1.83
2.56
3.29
3.99
4.57
4.96
5.14
5.10
4.92
4.68
4.45
4.30
4.20
4.12
3.98
3.74
3.42
3.08
2.77
2.49
2.19
1.81
1.32
0.77
0.24
-0.18
-0.49
-0.75
-1.11
-1.69
-2.50
-3.51
-4.58
-5.57
-6.36
-6.86
-7.02
-6.86
-6.42
-5.73
-4.85
-3.80
-2.63
-1.41
-0.23
0.80
1.64
2.29
2.84
3.32
3.73
4.00
4.07
3.90
3.58
3.28
3.14
3.24
3.49
3.71
3.73
3.47
2.99
2.44
1.95
1.59
1.30
1.00
0.62
0.16
-0.28
-0.60
-0.77
-0.86
-0.99
-1.28
-1.79
-2.49
-3.27
-4.01
-4.66
-5.17
-5.54
-5.72
-5.67
-5.31
-4.65
-3.78
-2.81
-1.88
-1.06
-0.37
0.25
0.84
1.42
1.99
2.56
3.10
3.57
3.93
4.15
4.20
4.08
3.85
3.56
3.27
3.07
2.97
2.97
3.01
3.02
2.92
2.67
2.26
1.75
1.21
0.68
0.17
-0.33
-0.80
-1.21
-1.46
-1.52
-1.43
-1.32
-1.38
-1.72
-2.37
-3.20
-4.05
-4.71
-5.08
-5.14
-4.97
-4.64
-4.22
-3.77
-3.28
-2.78
-2.26
-1.72
-1.15
-0.54
0.09
0.73
1.33
1.83
2.18
2.34
2.32
2.19
2.03
1.91
1.85
1.80
1.71
1.54
1.31
1.06
0.83
0.62
0.40
0.12
-0.26
-0.69
-1.10
-1.43
-1.66
-1.85
-2.09
-2.46
-2.98
-3.62
-4.29
-4.87
-5.26
-5.39
-5.21
-4.71
-3.93
-2.96
-1.89
-0.85
0.10
0.95
1.74
2.50
3.24
3.86
4.28
4.39
4.20
3.80
3.32
2.90
2.63
2.52
2.51
2.55
2.56
2.51
2.39
2.19
1.92
1.53
0.99
0.26
-0.60
-1.51
-2.32
-2.91
-3.21
-3.28
-3.27
-3.34
-3.66
-4.24
-4.99
-5.67
-6.07
-6.02
-5.48
-4.58
-3.48
-2.40
-1.44
-0.63
0.11
0.86
1.65
2.44
3.14
3.67
3.98
4.12
4.14
4.10
4.04
3.94
3.77
3.53
3.23
2.94
2.69
2.46
2.21
1.89
1.46
0.95
0.44
0.01
-0.30
-0.49
-0.59
-0.64
-0.68
-0.76
-0.92
-1.19
-1.62
-2.23
-3.01
-3.88
-4.71
-5.35
-5.66
-5.59
-5.17
-4.48
-3.62
-2.69
-1.73
-0.76
0.21
1.10
1.82
2.28
2.47
2.47
2.38
2.32
2.34
2.46
2.64
2.79
2.89
2.88
2.76
2.52
2.19
1.82
1.49
1.23
1.06
0.93
0.77
0.53
0.20
-0.20
-0.63
-1.06
-1.51
-2.04
-2.66
-3.36
-4.05
-4.63
-4.99
-5.07
-4.86
-4.37
-3.64
-2.73
-1.76
-0.85
-0.10
0.45
0.90
1.38
2.01
2.84
3.73
4.48
4.89
4.89
4.57
4.12
3.72
3.50
3.41
3.33
3.15
2.80
2.35
1.92
1.62
1.48
1.43
1.31
0.99
0.43
-0.28
-1.02
-1.68
-2.24
-2.77
-3.34
-3.97
-4.58
-5.03
-5.18
-4.97
-4.46
-3.76
-2.98
-2.18
-1.39
-0.57
0.25
1.04
1.78
2.44
3.01
3.51
3.93
4.25
4.42
4.39
4.17
3.83
3.48
3.23
3.12
3.11
3.09
2.96
2.67
2.28
1.89
1.57
1.32
1.05
0.62
-0.04
-0.87
-1.72
-2.39
-2.75
-2.81
-2.74
-2.75
-3.03
-3.59
-4.33
-5.06
-5.60
-5.84
-5.78
-5.43
-4.79
-3.86
-2.69
-1.37
-0.08
1.04
1.90
2.54
3.08
3.64
4.25
4.82
5.23
5.40
5.33
5.15
4.99
4.92
4.90
4.83
4.64
4.32
3.97
3.69
3.54
3.47
3.37
3.13
2.73
2.23
1.73
1.30
0.95
0.63
0.27
-0.13
-0.55
-0.93
-1.26
-1.56
-1.91
-2.39
-3.06
-3.90
-4.82
-5.68
-6.27
-6.43
-6.09
-5.31
-4.27
-3.19
-2.23
-1.46
-0.84
-0.25
0.35
0.97
1.56
2.05
2.36
2.48
2.42
2.26
2.05
1.88
1.80
1.83
1.96
2.14
2.31
2.39
2.30
2.03
1.55
0.89
0.13
-0.65
-1.32
-1.77
-1.94
-1.82
-1.50
-1.16
-0.93
-0.93
-1.17
-1.55
-1.97
-2.35
-2.71
-3.10
-3.54
-3.95
-4.16
-3.97
-3.28
-2.15
-0.82
0.45
1.46
2.18
2.76
3.41
4.30
5.51
6.93
8.38
9.64
10.59
11.19
11.52
11.66
11.59
11.25
10.45
9.09
7.16
4.76
2.14
-0.50
-2.98
-5.23
-7.26
-9.08
-10.67
-12.01
-13.09
-13.94
-14.66
-15.33
-16.00
-16.65
-17.21
-17.58
-17.66
-17.37
-16.67
-15.56
-14.06
-12.26
-10.31
-8.39
-6.65
-5.18
-3.91
-2.75
-1.58
-0.37
0.85
1.98
2.99
3.88
4.68
5.43
6.13
6.73
7.20
7.53
7.75
7.87
7.89
7.79
7.56
7.26
6.98
6.78
6.70
6.64
6.51
6.20
5.70
5.06
4.39
3.74
3.13
2.51
1.77
0.83
-0.32
-1.60
-2.83
-3.79
-4.26
-4.17
-3.61
-2.78
-1.91
-1.13
-0.43
0.32
1.22
2.30
3.44
4.47
5.27
5.79
6.09
6.21
6.14
5.78
5.08
4.03
2.80
1.60
0.65
0.05
-0.27
-0.46
-0.67
-0.94
-1.23
-1.40
-1.38
-1.25
-1.14
-1.24
-1.63
-2.26
-2.96
-3.57
-3.96
-4.13
-4.16
-4.15
-4.20
-4.34
-4.59
-4.89
-5.17
-5.32
-5.20
-4.68
-3.69
-2.32
-0.78
0.64
1.66
2.18
2.30
2.26
2.35
2.73
3.38
4.17
4.92
5.50
5.93
6.26
6.53
6.74
6.83
6.75
6.53
6.23
5.96
5.76
5.61
5.45
5.18
4.73
4.11
3.37
2.60
1.88
1.24
0.66
0.13
-0.40
-0.93
-1.45
-1.96
-2.49
-3.11
-3.85
-4.71
-5.60
-6.41
-7.02
-7.33
-7.34
-7.08
-6.60
-5.97
-5.26
-4.51
-3.77
-3.06
-2.40
-1.83
-1.41
-1.19
-1.14
-1.18
-1.16
-0.94
-0.45
0.23
0.89
1.33
1.41
1.16
0.74
0.37
0.20
0.24
0.40
0.52
0.49
0.26
-0.14
-0.60
-0.99
-1.24
-1.34
-1.38
-1.46
-1.70
-2.16
-2.80
-3.52
-4.14
-4.52
-4.52
-4.10
-3.30
-2.26
-1.19
-0.27
0.33
0.60
0.67
0.78
1.13
1.85
2.84
3.89
4.75
5.21
5.25
4.97
4.55
4.15
3.88
3.75
3.75
3.82
3.88
3.88
3.71
3.26
2.46
1.33
0.01
-1.29
-2.37
-3.09
-3.43
-3.51
-3.51
-3.57
-3.79
-4.18
-4.67
-5.14
-5.47
-5.56
-5.35
-4.82
-4.03
-3.07
-2.04
-0.99
0.04
1.05
2.01
2.89
3.66
4.27
4.70
4.94
4.98
4.84
4.57
4.28
4.10
4.11
4.32
4.64
4.94
5.07
4.97
4.68
4.30
3.95
3.65
3.34
2.93
2.34
1.57
0.73
-0.01
-0.55
-0.88
-1.08
-1.30
-1.60
-1.97
-2.34
-2.66
-2.98
-3.42
-4.10
-5.04
-6.06
-6.86
-7.17
-6.86
-6.02
-4.92
-3.83
-2.95
-2.30
-1.79
-1.23
-0.48
0.50
1.62
2.73
3.62
4.16
4.29
4.08
3.65
3.17
2.78
2.53
2.42
2.39
2.37
2.30
2.16
1.95
1.71
1.44
1.17
0.89
0.59
0.29
-0.02
-0.31
-0.58
-0.82
-1.07
-1.32
-1.62
-2.01
-2.54
-3.26
-4.11
-4.96
-5.60
-5.86
-5.65
-5.06
-4.26
-3.44
-2.73
-2.10
-1.49
-0.81
-0.06
0.69
1.35
1.87
2.27
2.58
2.83
3.03
3.14
3.12
2.95
2.66
2.33
2.06
1.93
1.94
2.05
2.16
2.15
1.98
1.67
1.31
0.97
0.70
0.47
0.18
-0.20
-0.70
-1.26
-1.84
-2.43
-3.08
-3.82
-4.63
-5.38
-5.92
-6.12
-5.93
-5.41
-4.65
-3.73
-2.72
-1.62
-0.45
0.75
1.89
2.87
3.62
4.12
4.38
4.43
4.35
4.18
4.00
3.83
3.68
3.52
3.33
3.08
2.75
2.39
2.05
1.75
1.54
1.37
1.20
0.99
0.66
0.20
-0.38
-1.05
-1.75
-2.39
-2.94
-3.39
-3.78
-4.17
-4.59
-5.00
-5.30
-5.32
-4.95
-4.17
-3.10
-1.95
-0.91
-0.07
0.57
1.10
1.65
2.25
2.88
3.48
3.99
4.39
4.71
4.96
5.13
5.17
5.02
4.66
4.17
3.70
3.42
3.42
3.69
4.09
4.40
4.45
4.16
3.51
2.58
1.48
0.31
-0.83
-1.86
-2.67
-3.25
-3.61
-3.81
-3.94
-4.09
-4.32
-4.66
-5.08
-5.58
-6.09
-6.55
-6.83
-6.85
-6.54
-5.91
-5.04
-4.05
-3.03
-2.05
-1.11
-0.19
0.70
1.52
2.17
2.59
2.76
2.76
2.73
2.78
2.98
3.27
3.56
3.75
3.76
3.60
3.30
2.92
2.54
2.17
1.85
1.58
1.37
1.18
0.97
0.66
0.22
-0.35
-1.02
-1.66
-2.18
-2.50
-2.67
-2.81
-3.11
-3.68
-4.51
-5.41
-6.16
-6.52
-6.42
-5.91
-5.16
-4.33
-3.51
-2.73
-1.94
-1.16
-0.44
0.09
0.35
0.34
0.17
-0.02
-0.08
0.04
0.36
0.82
1.40
2.10
2.87
3.65
4.33
4.82
5.07
5.11
5.03
4.87
4.64
4.25
3.68
2.92
2.08
1.30
0.69
0.24
-0.11
-0.50
-1.01
-1.66
-2.39
-3.14
-3.79
-4.27
-4.49
-4.38
-3.90
-3.09
-2.04
-0.92
0.09
0.89
1.46
1.89
2.29
2.74
3.22
3.66
3.98
4.13
4.12
3.98
3.75
3.49
3.25
3.11
3.08
3.14
3.18
3.04
2.59
1.80
0.80
-0.22
-1.06
-1.59
-1.82
-1.83
-1.72
-1.63
-1.64
-1.86
-2.34
-3.07
-3.97
-4.89
-5.65
-6.05
-5.99
-5.46
-4.54
-3.36
-2.10
-0.92
0.07
0.85
1.47
2.04
2.67
3.43
4.26
5.02
5.53
5.66
5.39
4.84
4.18
3.56
3.07
2.71
2.44
2.23
2.09
2.04
2.08
2.17
2.19
1.99
1.50
0.75
-0.13
-0.96
-1.59
-1.93
-2.07
-2.15
-2.38
-2.89
-3.71
-4.76
-5.87
-6.83
-7.48
-7.73
-7.53
-6.91
-5.94
-4.73
-3.40
-2.10
-0.95
-0.00
0.72
1.25
1.68
2.07
2.47
2.89
3.28
3.58
3.72
3.69
3.52
3.27
3.00
2.72
2.43
2.09
1.73
1.39
1.13
0.97
0.90
0.87
0.82
0.73
0.60
0.40
0.10
-0.34
-0.95
-1.69
-2.48
-3.25
-3.93
-4.47
-4.85
-5.02
-4.94
-4.61
-4.05
-3.37
-2.68
-2.05
-1.48
-0.90
-0.28
0.37
1.01
1.57
2.02
2.40
2.78
3.22
3.69
4.12
4.40
4.47
4.33
4.03
3.66
3.26
2.86
2.42
1.97
1.51
1.09
0.76
0.52
0.33
0.14
-0.16
-0.62
-1.26
-2.04
-2.89
-3.70
-4.42
-5.00
-5.45
-5.74
-5.79
-5.50
-4.79
-3.71
-2.38
-1.05
0.09
0.93
1.48
1.83
2.09
2.31
2.49
2.58
2.57
2.48
2.34
2.18
1.99
1.73
1.39
1.00
0.63
0.37
0.26
0.29
0.41
0.54
0.61
0.58
0.40
0.09
-0.34
-0.82
-1.26
-1.58
-1.74
-1.82
-1.93
-2.22
-2.76
-3.53
-4.38
-5.11
-5.52
-5.51
-5.07
-4.27
-3.23
-2.11
-1.02
-0.05
0.78
1.46
2.06
2.61
3.11
3.56
3.91
4.15
4.27
4.32
4.37
4.44
4.55
4.67
4.75
4.74
4.61
4.32
3.88
3.31
2.72
2.23
1.92
1.83
1.87
1.89
1.74
1.34
0.77
0.16
-0.32
-0.63
-0.84
-1.13
-1.68
-2.55
-3.69
-4.90
-5.90
-6.46
-6.48
-5.96
-5.04
-3.92
-2.79
-1.77
-0.89
-0.12
0.59
1.22
1.73
2.05
2.17
2.17
2.16
2.27
2.54
2.90
3.22
3.38
3.30
3.00
2.60
2.20
1.90
1.71
1.57
1.41
1.18
0.87
0.49
0.09
-0.30
-0.66
-0.97
-1.25
-1.50
-1.76
-2.09
-2.57
-3.21
-3.99
-4.77
-5.33
-5.50
-5.16
-4.35
-3.21
-1.95
-0.81
0.09
0.69
1.05
1.29
1.52
1.81
2.14
2.43
2.62
2.70
2.75
2.85
3.02
3.19
3.21
2.97
2.47
1.81
1.19
0.75
0.58
0.62
0.75
0.84
0.75
0.43
-0.17
-0.99
-1.93
-2.83
-3.57
-4.09
-4.45
-4.74
-5.03
-5.33
-5.52
-5.47
-5.08
-4.36
-3.44
-2.45
-1.54
-0.73
0.01
0.77
1.64
2.59
3.52
4.28
4.75
4.87
4.67
4.28
3.84
3.42
3.07
2.76
2.47
2.21
1.99
1.84
1.73
1.63
1.48
1.26
0.97
0.61
0.23
-0.16
-0.55
-0.96
-1.40
-1.90
-2.50
-3.19
-3.94
-4.66
-5.23
-5.53
-5.45
-4.99
-4.19
-3.19
-2.09
-1.00
0.05
1.02
1.91
2.68
3.32
3.81
4.17
4.44
4.67
4.87
5.04
5.11
5.03
4.77
4.33
3.82
3.32
2.94
2.71
2.62
2.57
2.46
2.24
1.90
1.52
1.17
0.92
0.74
0.54
0.24
-0.19
-0.71
-1.19
-1.55
-1.75
-1.87
-2.04
-2.37
-2.90
-3.58
-4.27
-4.88
-5.34
-5.62
-5.73
-5.64
-5.34
-4.78
-3.99
-3.05
-2.05
-1.12
-0.31
0.34
0.91
1.45
2.03
2.66
3.28
3.82
4.19
4.35
4.31
4.14
3.91
3.70
3.51
3.33
3.15
2.96
2.77
2.58
2.38
2.14
1.82
1.44
1.03
0.66
0.40
0.29
0.26
0.24
0.11
-0.20
-0.67
-1.23
-1.80
-2.33
-2.80
-3.23
-3.62
-3.97
-4.25
-4.48
-4.68
-4.87
-5.04
-5.10
-4.92
-4.43
-3.66
-2.74
-1.85
-1.10
-0.48
0.10
0.78
1.60
2.51
3.36
3.96
4.23
4.19
3.94
3.65
3.41
3.25
3.12
2.94
2.64
2.27
1.87
1.55
1.37
1.31
1.27
1.14
0.85
0.39
-0.17
-0.75
-1.25
-1.66
-1.98
-2.28
-2.62
-3.01
-3.44
-3.86
-4.23
-4.55
-4.86
-5.17
-5.44
-5.56
-5.37
-4.80
-3.87
-2.75
-1.63
-0.66
0.10
0.74
1.34
1.93
2.49
2.95
3.28
3.50
3.69
3.91
4.17
4.44
4.62
4.68
4.56
4.29
3.93
3.53
3.15
2.79
2.40
1.94
1.37
0.69
-0.02
-0.67
-1.22
-1.66
-2.08
-2.58
-3.24
-4.03
-4.87
-5.61
-6.12
-6.31
-6.17
-5.75
-5.12
-4.39
-3.61
-2.81
-2.04
-1.27
-0.50
0.29
1.11
1.96
2.75
3.39
3.76
3.81
3.60
3.26
2.93
2.70
2.58
2.53
2.48
2.40
2.30
2.16
1.94
1.60
1.07
0.33
-0.57
-1.50
-2.28
-2.75
-2.83
-2.58
-2.17
-1.87
-1.92
-2.43
-3.36
-4.51
-5.63
-6.48
-6.94
-6.96
-6.54
-5.75
-4.68
-3.47
-2.28
-1.27
-0.50
0.06
0.54
1.04
1.66
2.36
3.05
3.63
4.02
4.21
4.21
4.04
3.77
3.42
3.08
2.78
2.61
2.59
2.69
2.82
2.86
2.66
2.18
1.44
0.57
-0.27
-0.93
-1.35
-1.60
-1.81
-2.10
-2.55
-3.10
-3.70
-4.26
-4.76
-5.20
-5.56
-5.76
-5.73
-5.40
-4.76
-3.89
-2.92
-2.00
-1.20
-0.53
0.09
0.76
1.56
2.46
3.36
4.07
4.45
4.44
4.14
3.72
3.36
3.13
2.99
2.85
2.63
2.33
2.01
1.73
1.46
1.13
0.66
0.04
-0.66
-1.30
-1.79
-2.16
-2.50
-2.94
-3.54
-4.22
-4.84
-5.21
-5.24
-4.96
-4.46
-3.87
-3.25
-2.59
-1.85
-1.00
-0.10
0.76
1.49
2.05
2.49
2.91
3.34
3.74
4.03
4.11
4.00
3.80
3.60
3.48
3.42
3.31
3.10
2.75
2.33
1.95
1.64
1.40
1.15
0.80
0.31
-0.30
-0.99
-1.71
-2.45
-3.22
-3.98
-4.65
-5.11
-5.27
-5.11
-4.67
-4.03
-3.31
-2.54
-1.76
-0.95
-0.09
0.85
1.87
2.97
4.09
5.13
5.93
6.36
6.34
5.91
5.23
4.49
3.86
3.43
3.18
3.03
2.89
2.74
2.58
2.46
2.42
2.44
2.40
2.21
1.80
1.18
0.47
-0.20
-0.74
-1.18
-1.65
-2.25
-3.05
-3.98
-4.88
-5.58
-5.97
-6.01
-5.75
-5.27
-4.64
-3.89
-3.07
-2.20
-1.28
-0.32
0.70
1.74
2.76
3.70
4.46
4.96
5.20
5.20
5.04
4.82
4.64
4.56
4.60
4.71
4.82
4.86
4.76
4.51
4.13
3.68
3.20
2.72
2.23
1.70
1.14
0.56
0.01
-0.48
-0.94
-1.39
-1.85
-2.31
-2.74
-3.08
-3.35
-3.59
-3.89
-4.36
-5.01
-5.80
-6.60
-7.23
-7.52
-7.37
-6.81
-5.96
-4.98
-4.00
-3.09
-2.21
-1.32
-0.39
0.52
1.30
1.88
2.28
2.58
2.90
3.28
3.68
4.00
4.18
4.19
4.08
3.95
3.88
3.90
4.01
4.15
4.26
4.31
4.23
3.99
3.57
2.96
2.21
1.39
0.61
-0.05
-0.54
-0.84
-1.01
-1.11
-1.22
-1.40
-1.68
-2.07
-2.55
-3.06
-3.50
-3.78
-3.82
-3.61
-3.18
-2.58
-1.86
-1.05
-0.13
0.87
1.87
2.73
3.29
3.46
3.28
2.90
2.52
2.30
2.31
2.51
2.75
2.89
2.84
2.58
2.15
1.63
1.08
0.54
0.04
-0.41
-0.81
-1.18
-1.55
-1.91
-2.27
-2.61
-2.90
-3.16
-3.41
-3.73
-4.15
-4.66
-5.16
-5.50
-5.48
-5.04
-4.23
-3.21
-2.20
-1.32
-0.61
0.01
0.64
1.35
2.08
2.71
3.13
3.26
3.18
2.98
2.82
2.78
2.85
3.00
3.15
3.25
3.30
3.28
3.18
3.00
2.70
2.26
1.71
1.09
0.49
-0.02
-0.39
-0.63
-0.81
-1.05
-1.46
-2.13
-3.05
-4.11
-5.14
-5.90
-6.23
-6.04
-5.37
-4.37
-3.25
-2.22
-1.42
-0.89
-0.58
-0.34
-0.02
0.46
1.10
1.81
2.44
2.92
3.17
3.23
3.12
2.90
2.60
2.29
1.99
1.77
1.62
1.55
1.53
1.48
1.37
1.10
0.66
0.01
-0.77
-1.59
-2.26
-2.67
-2.74
-2.59
-2.44
-2.53
-3.01
-3.85
-4.87
-5.76
-6.26
-6.26
-5.81
-5.06
-4.21
-3.40
-2.67
-2.02
-1.43
-0.89
-0.39
0.09
0.61
1.23
1.96
2.73
3.40
3.78
3.76
3.34
2.67
1.97
1.46
1.26
1.33
1.55
1.73
1.75
1.57
1.26
0.90
0.57
0.29
0.02
-0.28
-0.65
-1.10
-1.65
-2.28
-3.02
-3.84
-4.72
-5.56
-6.23
-6.61
-6.59
-6.13
-5.28
-4.14
-2.85
-1.60
-0.50
0.37
1.03
1.55
2.02
2.50
2.96
3.35
3.56
3.58
3.45
3.28
3.18
3.19
3.29
3.36
3.29
2.99
2.48
1.84
1.19
0.60
0.10
-0.36
-0.85
-1.39
-1.98
-2.53
-2.98
-3.28
-3.52
-3.78
-4.19
-4.75
-5.37
-5.85
-5.99
-5.64
-4.82
-3.70
-2.50
-1.42
-0.55
0.12
0.70
1.26
1.84
2.41
2.94
3.38
3.76
4.07
4.30
4.42
4.36
4.07
3.56
2.91
2.22
1.64
1.25
1.13
1.27
1.56
1.85
1.96
1.75
1.21
0.45
-0.33
-0.95
-1.33
-1.54
-1.75
-2.15
-2.78
-3.60
-4.45
-5.19
-5.73
-6.05
-6.15
-5.93
-5.32
-4.25
-2.79
-1.15
0.41
1.66
2.55
3.17
3.72
4.34
5.05
5.73
6.20
6.33
6.13
5.75
5.36
5.11
5.02
5.01
4.96
4.74
4.35
3.83
3.28
2.80
2.41
2.10
1.81
1.46
0.98
0.36
-0.41
-1.24
-2.06
-2.77
-3.30
-3.67
-3.93
-4.19
-4.54
-5.03
-5.63
-6.27
-6.80
-7.09
-7.01
-6.49
-5.52
-4.19
-2.65
-1.08
0.36
1.54
2.45
3.11
3.58
3.89
4.07
4.10
3.98
3.77
3.50
3.25
3.06
2.90
2.75
2.55
2.29
2.01
1.77
1.61
1.55
1.53
1.44
1.20
0.76
0.14
-0.55
-1.20
-1.73
-2.10
-2.39
-2.69
-3.08
-3.58
-4.12
-4.55
-4.72
-4.54
-3.99
-3.19
-2.26
-1.34
-0.48
0.31
1.05
1.76
2.42
2.96
3.33
3.48
3.47
3.38
3.34
3.41
3.56
3.70
3.73
3.62
3.43
3.26
3.15
3.08
2.91
2.53
1.92
1.20
0.58
0.19
0.02
-0.10
-0.37
-0.91
-1.70
-2.55
-3.26
-3.70
-3.84
-3.72
-3.42
-3.00
-2.47
-1.82
-1.08
-0.29
0.48
1.18
1.79
2.34
2.88
3.42
3.92
4.31
4.50
4.47
4.22
3.81
3.30
2.78
2.28
1.85
1.52
1.34
1.27
1.27
1.24
1.12
0.86
0.46
-0.05
-0.64
-1.28
-1.93
-2.54
-3.06
-3.46
-3.75
-3.96
-4.10
-4.09
-3.88
-3.40
-2.68
-1.83
-0.99
-0.24
0.43
1.11
1.86
2.68
3.47
4.11
4.48
4.57
4.42
4.12
3.73
3.34
3.00
2.73
2.52
2.36
2.18
1.96
1.71
1.45
1.22
1.04
0.86
0.63
0.30
-0.17
-0.73
-1.30
-1.80
-2.16
-2.38
-2.47
-2.54
-2.68
-2.97
-3.43
-4.00
-4.59
-5.03
-5.21
-5.05
-4.56
-3.78
-2.80
-1.69
-0.53
0.60
1.60
2.39
2.92
3.21
3.31
3.29
3.22
3.08
2.87
2.61
2.36
2.24
2.30
2.54
2.87
3.14
3.23
3.08
2.71
2.18
1.55
0.89
0.26
-0.27
-0.67
-0.93
-1.12
-1.29
-1.48
-1.68
-1.85
-1.94
-1.97
-2.01
-2.15
-2.45
-2.93
-3.54
-4.20
-4.85
-5.39
-5.76
-5.85
-5.60
-5.00
-4.12
-3.11
-2.11
-1.22
-0.48
0.11
0.61
1.02
1.38
1.67
1.90
2.08
2.22
2.35
2.50
2.64
2.76
2.81
2.75
2.59
2.38
2.20
2.08
2.00
1.86
1.53
0.96
0.21
-0.56
-1.14
-1.41
-1.40
-1.27
-1.22
-1.44
-1.93
-2.62
-3.33
-3.90
-4.27
-4.43
-4.47
-4.42
-4.28
-3.94
-3.34
-2.47
-1.45
-0.45
0.34
0.86
1.18
1.46
1.81
2.24
2.64
2.87
2.84
2.57
2.15
1.70
1.32
1.01
0.81
0.70
0.70
0.77
0.88
0.91
0.76
0.39
-0.17
-0.84
-1.51
-2.09
-2.56
-2.96
-3.34
-3.76
-4.25
-4.77
-5.21
-5.42
-5.31
-4.89
-4.26
-3.57
-2.94
-2.39
-1.85
-1.18
-0.35
0.60
1.52
2.26
2.73
2.96
3.06
3.14
3.24
3.35
3.41
3.34
3.12
2.75
2.26
1.72
1.18
0.69
0.24
-0.16
-0.53
-0.86
-1.14
-1.35
-1.49
-1.61
-1.73
-1.88
-2.11
-2.42
-2.84
-3.40
-4.11
-4.95
-5.81
-6.53
-6.93
-6.90
-6.39
-5.51
-4.41
-3.26
-2.19
-1.25
-0.43
0.32
1.03
1.73
2.40
3.01
3.50
3.83
4.02
4.11
4.22
4.40
4.70
5.05
5.34
5.49
5.50
5.42
5.35
5.30
5.20
4.92
4.34
3.50
2.52
1.59
0.84
0.27
-0.21
-0.74
-1.38
-2.13
-2.90
-3.62
-4.30
-4.98
-5.75
-6.65
-7.62
-8.54
-9.23
-9.58
-9.52
-9.08
-8.31
-7.32
-6.19
-5.01
-3.84
-2.75
-1.76
-0.85
0.06
1.05
2.14
3.24
4.21
4.88
5.18
5.18
5.04
4.92
4.91
4.97
4.97
4.78
4.34
3.72
3.07
2.54
2.22
2.09
2.02
1.89
1.65
1.30
0.95
0.67
0.45
0.21
-0.16
-0.72
-1.45
-2.27
-3.09
-3.89
-4.69
-5.53
-6.34
-6.97
-7.27
-7.11
-6.48
-5.46
-4.21
-2.88
-1.60
-0.43
0.57
1.42
2.17
2.90
3.67
4.51
5.33
5.96
6.23
6.05
5.47
4.67
3.94
3.50
3.46
3.76
4.21
4.57
4.65
4.36
3.72
2.78
1.68
0.53
-0.54
-1.39
-1.97
-2.27
-2.41
-2.54
-2.88
-3.55
-4.54
-5.67
-6.60
-7.01
-6.66
-5.57
-3.94
-2.15
-0.54
0.76
1.77
2.66
3.55
4.42
5.12
5.52
5.58
5.40
5.16
5.03
5.08
5.26
5.48
5.69
5.84
5.92
5.93
5.80
5.47
4.87
3.99
2.84
1.51
0.12
-1.17
-2.25
-3.07
-3.70
-4.28
-4.95
-5.76
-6.62
-7.37
-7.82
-7.89
-7.59
-7.03
-6.34
-5.56
-4.70
-3.71
-2.59
-1.34
-0.02
1.32
2.64
3.86
4.91
5.70
6.16
6.25
5.99
5.47
4.84
4.21
3.70
3.35
3.14
3.05
3.00
2.96
2.85
2.64
2.31
1.83
1.23
0.55
-0.11
-0.68
-1.08
-1.34
-1.50
-1.70
-2.05
-2.60
-3.34
-4.12
-4.78
-5.13
-5.08
-4.60
-3.79
-2.80
-1.75
-0.77
0.13
0.95
1.74
2.53
3.28
3.94
4.42
4.67
4.69
4.55
4.37
4.24
4.20
4.24
4.32
4.38
4.39
4.36
4.28
4.13
3.86
3.44
2.85
2.12
1.32
0.52
-0.17
-0.74
-1.17
-1.49
-1.75
-1.96
-2.11
-2.18
-2.19
-2.22
-2.40
-2.82
-3.47
-4.24
-4.94
-5.33
-5.31
-4.90
-4.23
-3.49
-2.82
-2.28
-1.89
-1.59
-1.36
-1.18
-1.00
-0.78
-0.43
0.08
0.71
1.37
1.91
2.23
2.32
2.27
2.22
2.26
2.46
2.76
3.10
3.37
3.51
3.47
3.27
2.94
2.56
2.20
1.91
1.69
1.50
1.29
0.99
0.55
-0.09
-0.97
-2.08
-3.33
-4.56
-5.53
-6.03
-5.94
-5.31
-4.29
-3.14
-2.06
-1.19
-0.55
-0.09
0.32
0.77
1.31
1.93
2.52
2.98
3.24
3.26
3.10
2.83
2.54
2.27
2.02
1.78
1.54
1.28
1.03
0.80
0.58
0.38
0.19
0.00
-0.15
-0.26
-0.35
-0.50
-0.82
-1.40
-2.24
-3.22
-4.15
-4.84
-5.16
-5.10
-4.70
-4.04
-3.21
-2.32
-1.45
-0.74
-0.26
0.02
0.19
0.44
0.90
1.59
2.41
3.14
3.62
3.72
3.48
3.03
2.57
2.25
2.14
2.22
2.38
2.48
2.42
2.18
1.84
1.47
1.18
0.97
0.81
0.66
0.46
0.19
-0.19
-0.76
-1.58
-2.65
-3.87
-5.00
-5.77
-5.97
-5.56
-4.67
-3.53
-2.38
-1.38
-0.58
0.03
0.51
0.94
1.36
1.83
2.37
2.98
3.63
4.24
4.72
4.98
4.97
4.68
4.22
3.70
3.24
2.91
2.70
2.56
2.45
2.36
2.29
2.27
2.23
2.10
1.78
1.26
0.57
-0.18
-0.90
-1.53
-2.02
-2.37
-2.61
-2.74
-2.86
-3.05
-3.44
-4.09
-4.98
-5.98
-6.86
-7.40
-7.44
-6.92
-5.89
-4.49
-2.95
-1.47
-0.21
0.79
1.54
2.14
2.64
3.04
3.31
3.42
3.37
3.22
3.06
2.98
3.00
3.11
3.23
3.28
3.19
2.91
2.45
1.90
1.39
1.05
0.93
0.93
0.89
0.63
0.07
-0.67
-1.38
-1.85
-1.98
-1.84
-1.60
-1.44
-1.44
-1.61
-1.91
-2.34
-2.89
-3.56
-4.25
-4.80
-5.00
-4.72
-3.99
-2.98
-1.92
-1.01
-0.31
0.17
0.54
0.82
1.02
1.10
1.04
0.92
0.85
0.93
1.18
1.53
1.80
1.87
1.70
1.36
0.98
0.70
0.58
0.57
0.58
0.52
0.35
0.11
-0.11
-0.26
-0.28
-0.19
-0.05
0.06
0.04
-0.16
-0.54
-1.06
-1.63
-2.16
-2.57
-2.81
-2.87
-2.76
-2.48
-2.08
-1.60
-1.13
-0.75
-0.50
-0.37
-0.30
-0.18
0.04
0.34
0.65
0.85
0.84
0.60
0.20
-0.25
-0.65
-0.93
-1.09
-1.17
-1.23
-1.29
-1.34
-1.34
-1.27
-1.12
-0.86
-0.47
0.08
0.77
1.50
2.08
2.31
2.11
1.51
0.72
-0.01
-0.49
-0.70
-0.80
-0.99
-1.41
-2.03
-2.68
-3.17
-3.35
-3.18
-2.77
-2.25
-1.77
-1.41
-1.19
-1.10
-1.10
-1.16
-1.24
-1.33
-1.46
-1.63
-1.78
-1.85
-1.73
-1.36
-0.79
-0.19
0.21
0.21
-0.24
-1.01
-1.89
-2.62
-3.05
-3.17
-3.08
-2.95
-2.92
-3.06
-3.35
-3.69
-3.98
-4.12
-4.06
-3.79
-3.35
-2.78
-2.12
-1.36
-0.49
0.50
1.60
2.73
3.79
4.67
5.27
5.60
5.66
5.53
5.31
5.06
4.86
4.73
4.67
4.66
4.64
4.57
4.43
4.22
3.97
3.70
3.40
3.07
2.72
2.38
2.07
1.81
1.53
1.16
0.62
-0.12
-0.97
-1.82
-2.54
-3.12
-3.60
-4.07
-4.62
-5.24
-5.84
-6.29
-6.46
-6.29
-5.82
-5.11
-4.27
-3.38
-2.50
-1.66
-0.86
-0.08
0.70
1.53
2.41
3.33
4.19
4.88
5.26
5.27
4.93
4.38
3.79
3.33
3.08
3.06
3.18
3.34
3.45
3.46
3.34
3.10
2.75
2.32
1.86
1.43
1.04
0.71
0.38
-0.01
-0.49
-1.06
-1.64
-2.16
-2.59
-2.94
-3.29
-3.71
-4.19
-4.62
-4.83
-4.65
-4.04
-3.07
-1.97
-0.93
-0.12
0.45
0.87
1.25
1.73
2.33
3.00
3.66
4.19
4.53
4.61
4.41
3.95
3.28
2.52
1.80
1.26
1.00
1.00
1.19
1.39
1.46
1.27
0.81
0.18
-0.42
-0.85
-1.04
-1.05
-1.07
-1.31
-1.87
-2.72
-3.69
-4.55
-5.12
-5.35
-5.27
-4.94
-4.42
-3.72
-2.84
-1.81
-0.73
0.31
1.21
1.96
2.59
3.15
3.68
4.16
4.60
4.93
5.15
5.21
5.13
4.90
4.57
4.21
3.86
3.59
3.36
3.16
2.93
2.63
2.26
1.81
1.30
0.74
0.15
-0.44
-0.97
-1.41
-1.76
-2.06
-2.38
-2.80
-3.35
-4.01
-4.70
-5.31
-5.69
-5.73
-5.38
-4.66
-3.66
-2.53
-1.39
-0.34
0.61
1.44
2.19
2.85
3.42
3.85
4.13
4.25
4.24
4.13
3.96
3.79
3.63
3.54
3.57
3.73
4.00
4.27
4.41
4.28
3.82
3.07
2.19
1.36
0.75
0.41
0.25
0.12
-0.13
-0.55
-1.08
-1.61
-2.04
-2.35
-2.59
-2.87
-3.27
-3.79
-4.38
-4.92
-5.32
-5.54
-5.57
-5.42
-5.12
-4.66
-4.03
-3.23
-2.30
-1.28
-0.26
0.70
1.52
2.19
2.75
3.23
3.66
4.00
4.20
4.20
3.99
3.64
3.28
3.03
2.96
3.03
3.15
3.21
3.13
2.90
2.58
2.20
1.80
1.40
1.01
0.67
0.42
0.29
0.25
0.21
0.07
-0.26
-0.78
-1.42
-2.08
-2.69
-3.21
-3.68
-4.15
-4.67
-5.23
-5.74
-6.07
-6.09
-5.69
-4.86
-3.71
-2.45
-1.31
-0.44
0.11
0.46
0.78
1.18
1.71
2.28
2.72
2.94
2.91
2.72
2.55
2.52
2.66
2.87
3.03
3.01
2.80
2.49
2.18
1.96
1.82
1.70
1.54
1.35
1.15
1.03
1.04
1.22
1.53
1.90
2.19
2.28
2.08
1.57
0.85
0.11
-0.40
-0.50
-0.10
0.74
1.89
3.18
4.52
5.84
7.17
8.56
10.03
11.59
13.19
14.72
16.03
16.99
17.41
17.11
15.88
13.60
10.29
6.17
1.65
-2.81
-6.87
-10.40
-13.46
-16.20
-18.72
-20.98
-22.88
-24.29
-25.19
-25.67
-25.87
-25.88
-25.73
-25.35
-24.64
-23.53
-21.98
-20.00
-17.64
-14.97
-12.06
-9.02
-5.94
-2.96
-0.22
2.10
3.83
4.91
5.42
5.59
5.77
6.28
7.33
8.90
10.79
12.63
14.09
14.91
15.03
14.60
13.89
13.19
12.71
12.52
12.55
12.62
12.54
12.17
11.45
10.41
9.14
7.79
6.48
5.28
4.17
3.04
1.81
0.45
-0.96
-2.26
-3.31
-4.07
-4.58
-4.95
-5.25
-5.51
-5.75
-6.07
-6.59
-7.41
-8.49
-9.61
-10.46
-10.79
-10.61
-10.19
-9.89
-9.96
-10.41
-10.98
-11.30
-11.10
-10.34
-9.17
-7.82
-6.45
-5.11
-3.73
-2.23
-0.57
1.20
3.06
5.01
7.15
9.57
12.22
14.80
16.79
17.63
16.89
14.51
10.81
6.43
2.12
-1.48
-3.99
-5.28
-5.54
-5.15
-4.62
-4.39
-4.72
-5.53
-6.54
-7.33
-7.58
-7.23
-6.40
-5.29
-4.04
-2.67
-1.17
0.39
1.79
2.76
3.11
2.84
2.17
1.42
0.84
0.54
0.47
0.52
0.62
0.72
0.85
1.02
1.16
1.16
0.83
0.04
-1.28
-3.04
-5.01
-6.89
-8.41
-9.39
-9.86
-9.98
-9.97
-10.01
-10.21
-10.53
-10.87
-11.11
-11.06
-10.59
-9.59
-8.05
-6.04
-3.74
-1.41
0.68
2.36
3.56
4.33
4.83
5.20
5.54
5.89
6.20
6.43
6.52
6.47
6.30
6.04
5.72
5.33
4.85
4.26
3.57
2.83
2.12
1.54
1.14
0.87
0.58
0.10
-0.68
-1.79
-3.07
-4.32
-5.29
-5.83
-5.87
-5.48
-4.75
-3.81
-2.75
-1.62
-0.46
0.70
1.77
2.66
3.27
3.51
3.38
2.97
2.44
1.93
1.62
1.61
1.97
2.71
3.79
5.07
6.40
7.61
8.58
9.23
9.56
9.59
9.35
8.90
8.28
7.54
6.72
5.82
4.83
3.67
2.33
0.85
-0.60
-1.80
-2.57
-2.83
-2.60
-2.05
-1.32
-0.57
0.15
0.80
1.39
1.88
2.26
2.51
2.64
2.69
2.70
2.67
2.55
2.25
1.73
0.98
0.09
-0.78
-1.50
-1.97
-2.21
-2.28
-2.29
-2.35
-2.50
-2.75
-3.11
-3.60
-4.21
-4.90
-5.53
-5.92
-5.84
-5.17
-3.92
-2.28
-0.51
1.12
2.48
3.53
4.34
4.97
5.46
5.83
6.07
6.17
6.15
6.00
5.73
5.33
4.83
4.29
3.81
3.41
3.09
2.79
2.44
2.00
1.51
1.05
0.70
0.47
0.31
0.12
-0.22
-0.77
-1.50
-2.34
-3.15
-3.76
-4.04
-3.87
-3.21
-2.13
-0.78
0.64
1.93
2.93
3.60
3.94
4.04
4.00
3.91
3.86
3.91
4.05
4.22
4.31
4.23
3.96
3.56
3.12
2.73
2.41
2.10
1.73
1.28
0.83
0.47
0.28
0.26
0.29
0.21
-0.11
-0.72
-1.48
-2.22
-2.75
-2.97
-2.88
-2.53
-2.06
-1.54
-1.01
-0.45
0.16
0.82
1.45
1.96
2.29
2.42
2.44
2.41
2.36
2.26
2.06
1.74
1.33
0.95
0.67
0.55
0.53
0.54
0.50
0.39
0.23
0.03
-0.21
-0.53
-0.95
-1.45
-1.97
-2.44
-2.84
-3.14
-3.35
-3.44
-3.39
-3.16
-2.76
-2.25
-1.72
-1.27
-0.91
-0.62
-0.35
-0.02
0.35
0.73
1.06
1.30
1.46
1.55
1.57
1.50
1.33
1.05
0.72
0.38
0.07
-0.17
-0.37
-0.55
-0.72
-0.88
-1.02
-1.16
-1.37
-1.69
-2.17
-2.81
-3.52
-4.17
-4.64
-4.82
-4.67
-4.24
-3.60
-2.84
-2.08
-1.40
-0.90
-0.64
-0.63
-0.79
-1.03
-1.22
-1.29
-1.26
-1.19
-1.15
-1.17
-1.21
-1.22
-1.17
-1.10
-1.06
-1.12
-1.26
-1.43
-1.52
-1.46
-1.26
-0.99
-0.79
-0.76
-0.92
-1.20
-1.50
-1.75
-1.91
-1.98
-1.98
-1.90
-1.70
-1.34
-0.85
-0.35
-0.01
0.05
-0.20
-0.62
-1.01
-1.16
-0.92
-0.29
0.64
1.73
2.86
3.94
4.92
5.76
6.44
6.91
7.12
7.10
6.89
6.56
6.21
5.88
5.55
5.21
4.79
4.28
3.64
2.89
2.01
1.03
0.06
-0.77
-1.28
-1.40
-1.16
-0.71
-0.25
0.04
0.14
0.07
-0.06
-0.22
-0.44
-0.73
-1.14
-1.61
-2.06
-2.38
-2.52
-2.52
-2.48
-2.52
-2.71
-3.08
-3.55
-4.05
-4.46
-4.78
-5.05
-5.32
-5.66
-6.09
-6.55
-6.96
-7.25
-7.38
-7.35
-7.14
-6.76
-6.19
-5.45
-4.58
-3.67
-2.80
-2.04
-1.41
-0.89
-0.40
0.09
0.58
1.04
1.37
1.51
1.41
1.08
0.59
0.06
-0.40
-0.68
-0.74
-0.60
-0.34
-0.08
0.07
0.04
-0.16
-0.44
-0.74
-1.02
-1.33
-1.75
-2.38
-3.20
-4.08
-4.81
-5.17
-5.04
-4.46
-3.59
-2.63
-1.77
-1.09
-0.60
-0.24
0.01
0.16
0.19
0.09
-0.12
-0.40
-0.68
-0.85
-0.88
-0.76
-0.53
-0.28
-0.06
0.11
0.24
0.34
0.43
0.46
0.41
0.26
0.02
-0.26
-0.60
-1.04
-1.60
-2.27
-2.92
-3.34
-3.35
-2.82
-1.81
-0.51
0.86
2.16
3.31
4.29
5.11
5.71
6.00
5.92
5.48
4.78
3.95
3.14
2.44
1.87
1.45
1.17
1.02
0.99
1.02
1.07
1.10
1.11
1.11
1.12
1.11
1.03
0.83
0.46
-0.05
-0.67
-1.37
-2.14
-2.96
-3.81
-4.61
-5.23
-5.54
-5.41
-4.83
-3.85
-2.65
-1.43
-0.38
0.44
1.03
1.52
2.05
2.66
3.34
3.95
4.37
4.53
4.47
4.30
4.14
4.04
3.98
3.88
3.65
3.29
2.84
2.42
2.10
1.91
1.79
1.68
1.49
1.18
0.76
0.23
-0.38
-1.04
-1.68
-2.18
-2.42
-2.28
-1.75
-0.95
-0.02
0.88
1.66
2.33
2.95
3.57
4.24
4.90
5.51
5.97
6.26
6.39
6.36
6.20
5.89
5.44
4.89
4.26
3.61
2.97
2.32
1.60
0.77
-0.23
-1.37
-2.58
-3.81
-4.98
-6.09
-7.16
-8.21
-9.23
-10.10
-10.67
-10.77
-10.31
-9.30
-7.93
-6.41
-4.95
-3.68
-2.59
-1.63
-0.73
0.11
0.88
1.57
2.16
2.68
3.10
3.43
3.65
3.76
3.80
3.83
3.88
3.98
4.10
4.21
4.29
4.31
4.24
4.06
3.78
3.43
3.07
2.76
2.54
2.42
2.38
2.39
2.45
2.56
2.75
3.03
3.39
3.79
4.16
4.44
4.55
4.46
4.16
3.65
2.99
2.23
1.45
0.68
-0.02
-0.68
-1.29
-1.87
-2.38
-2.74
-2.86
-2.66
-2.14
-1.38
-0.54
0.23
0.83
1.23
1.48
1.63
1.73
1.79
1.81
1.73
1.51
1.08
0.40
-0.50
-1.52
-2.48
-3.18
-3.46
-3.26
-2.63
-1.72
-0.73
0.18
0.89
1.36
1.63
1.77
1.87
1.96
2.04
2.06
1.99
1.82
1.60
1.40
1.25
1.18
1.16
1.15
1.13
1.12
1.13
1.14
1.12
0.99
0.73
0.33
-0.14
-0.64
-1.12
-1.58
-2.05
-2.47
-2.78
-2.85
-2.63
-2.10
-1.34
-0.48
0.38
1.17
1.87
2.43
2.84
3.07
3.10
2.99
2.79
2.57
2.38
2.21
2.06
1.90
1.72
1.51
1.25
0.95
0.62
0.30
0.03
-0.15
-0.25
-0.29
-0.34
-0.50
-0.86
-1.51
-2.44
-3.58
-4.77
-5.80
-6.48
-6.70
-6.47
-5.86
-4.98
-3.89
-2.60
-1.15
0.40
1.93
3.32
4.48
5.41
6.14
6.70
7.06
7.16
6.91
6.31
5.44
4.43
3.41
2.45
1.54
0.70
-0.06
-0.70
-1.20
-1.58
-1.91
-2.28
-2.76
-3.33
-3.91
-4.44
-4.87
-5.26
-5.68
-6.20
-6.81
-7.41
-7.82
-7.91
-7.58
-6.89
-5.96
-4.93
-3.90
-2.86
-1.77
-0.58
0.66
1.84
2.85
3.62
4.18
4.61
4.96
5.22
5.31
5.17
4.81
4.35
3.95
3.69
3.58
3.48
3.29
2.94
2.48
1.99
1.57
1.24
0.98
0.77
0.59
0.47
0.43
0.43
0.38
0.19
-0.20
-0.75
-1.32
-1.76
-1.98
-1.93
-1.71
-1.41
-1.13
-0.89
-0.70
-0.51
-0.31
-0.11
0.04
0.15
0.24
0.37
0.55
0.75
0.89
0.91
0.81
0.72
0.80
1.21
1.94
2.86
3.76
4.43
4.83
5.07
5.38
6.06
7.38
9.48
12.34
15.73
19.21
22.20
24.13
24.56
23.34
20.65
16.92
12.72
8.54
4.72
1.44
-1.26
-3.40
-5.04
-6.35
-7.55
-8.86
-10.46
-12.37
-14.45
-16.48
-18.23
-19.58
-20.54
-21.19
-21.65
-21.91
-21.95
-21.72
-21.20
-20.43
-19.51
-18.52
-17.46
-16.28
-14.86
-13.12
-11.10
-8.96
-6.96
-5.31
-4.13
-3.33
-2.68
-1.92
-0.81
0.74
2.72
5.02
7.47
9.82
11.81
13.18
13.71
13.34
12.21
10.61
8.95
7.58
6.70
6.37
6.49
6.92
7.53
8.18
8.74
9.02
8.84
8.03
6.57
4.60
2.35
0.13
-1.83
-3.43
-4.66
-5.63
-6.45
-7.21
-7.98
-8.77
-9.58
-10.36
-11.07
-11.66
-12.11
-12.45
-12.71
-12.92
-13.11
-13.22
-13.20
-12.97
-12.46
-11.67
-10.65
-9.50
-8.37
-7.44
-6.88
-6.77
-7.10
-7.73
-8.51
-9.27
-9.84
-10.11
-9.99
-9.42
-8.39
-6.99
-5.38
-3.75
-2.24
-0.93
0.23
1.34
2.43
3.46
4.33
4.92
5.20
5.27
5.28
5.38
5.58
5.81
5.95
5.88
5.57
5.08
4.52
3.97
3.47
3.00
2.53
2.04
1.53
1.03
0.58
0.21
-0.11
-0.37
-0.60
-0.72
-0.62
-0.18
0.67
1.84
3.12
4.25
5.00
5.32
5.35
5.34
5.53
6.03
6.75
7.47
7.95
8.04
7.76
7.28
6.81
6.51
6.44
6.51
6.59
6.55
6.32
5.92
5.33
4.57
3.60
2.44
1.14
-0.17
-1.33
-2.25
-2.90
-3.39
-3.87
-4.46
-5.19
-5.95
-6.54
-6.78
-6.56
-5.89
-4.89
-3.71
-2.45
-1.21
-0.01
1.13
2.17
3.07
3.82
4.45
5.00
5.51
6.00
6.41
6.70
6.81
6.75
6.52
6.19
5.81
5.45
5.17
5.01
4.92
4.79
4.49
3.89
2.95
1.79
0.58
-0.49
-1.34
-1.98
-2.50
-3.00
-3.55
-4.11
-4.63
-5.03
-5.27
-5.35
-5.30
-5.11
-4.79
-4.32
-3.68
-2.85
-1.87
-0.81
0.26
1.27
2.19
3.00
3.69
4.23
4.54
4.55
4.28
3.82
3.34
3.01
2.91
3.00
3.14
3.20
3.09
2.80
2.39
1.93
1.44
0.92
0.38
-0.18
-0.69
-1.08
-1.35
-1.56
-1.84
-2.28
-2.91
-3.60
-4.18
-4.46
-4.34
-3.82
-3.00
-1.98
-0.84
0.37
1.61
2.79
3.83
4.62
5.14
5.40
5.46
5.39
5.22
4.96
4.62
4.26
3.96
3.79
3.77
3.84
3.85
3.70
3.32
2.76
2.12
1.51
1.01
0.63
0.29
-0.12
-0.70
-1.49
-2.48
-3.57
-4.60
-5.42
-5.87
-5.89
-5.45
-4.60
-3.39
-1.91
-0.30
1.30
2.71
3.79
4.47
4.80
4.85
4.74
4.52
4.21
3.80
3.28
2.70
2.12
1.65
1.35
1.25
1.28
1.34
1.34
1.22
0.96
0.62
0.24
-0.14
-0.50
-0.85
-1.19
-1.53
-1.87
-2.22
-2.61
-3.03
-3.42
-3.67
-3.61
-3.10
-2.07
-0.62
1.04
2.64
3.91
4.76
5.24
5.52
5.80
6.20
6.72
7.23
7.54
7.49
7.01
6.13
4.95
3.63
2.32
1.19
0.32
-0.21
-0.39
-0.24
0.12
0.52
0.75
0.58
-0.14
-1.48
-3.33
-5.52
-7.78
-9.90
-11.68
-13.02
-13.87
-14.22
-14.06
-13.42
-12.36
-10.97
-9.45
-8.01
-6.91
-6.31
-6.28
-6.72
-7.40
-8.07
-8.47
-8.47
-8.05
-7.31
-6.42
-5.50
-4.62
-3.78
-2.94
-2.09
-1.25
-0.53
-0.09
-0.06
-0.52
-1.38
-2.39
-3.21
-3.43
-2.78
-1.17
1.24
4.08
6.95
9.46
11.35
12.50
12.92
12.73
12.16
11.43
10.79
10.39
10.28
10.38
10.55
10.64
10.54
10.23
9.74
9.19
8.67
8.31
8.18
8.29
8.62
9.09
9.67
10.40
11.34
12.61
14.26
16.25
18.45
20.64
22.49
23.69
23.97
23.23
21.50
19.00
16.01
12.83
9.72
6.89
4.46
2.51
1.05
-0.04
-0.92
-1.79
-2.81
-3.99
-5.26
-6.49
-7.63
-8.69
-9.70
-10.71
-11.71
-12.71
-13.72
-14.74
-15.74
-16.59
-17.04
-16.86
-15.97
-14.51
-12.85
-11.44
-10.61
-10.47
-10.84
-11.45
-11.99
-12.28
-12.35
-12.32
-12.37
-12.60
-13.03
-13.58
-14.13
-14.53
-14.72
-14.64
-14.30
-13.69
-12.85
-11.83
-10.73
-9.64
-8.62
-7.66
-6.73
-5.82
-4.97
-4.26
-3.72
-3.33
-2.94
-2.40
-1.65
-0.74
0.21
1.06
1.75
2.34
2.94
3.61
4.38
5.21
6.06
6.92
7.77
8.52
9.00
8.97
8.30
6.98
5.20
3.28
1.48
-0.04
-1.28
-2.33
-3.27
-4.10
-4.79
-5.31
-5.70
-6.02
-6.40
-6.89
-7.49
-8.14
-8.77
-9.32
-9.71
-9.86
-9.68
-9.13
-8.24
-7.16
-6.08
-5.20
-4.58
-4.16
-3.78
-3.24
-2.46
-1.48
-0.43
0.50
1.22
1.72
2.09
2.49
3.03
3.79
4.75
5.85
6.95
7.94
8.66
9.04
9.03
8.64
7.96
7.12
6.23
5.39
4.57
3.69
2.58
1.07
-0.92
-3.34
-6.00
-8.61
-10.86
-12.50
-13.40
-13.55
-13.03
-11.98
-10.53
-8.83
-6.99
-5.09
-3.22
-1.41
0.28
1.81
3.16
4.34
5.38
6.34
7.27
8.18
9.10
10.06
11.09
12.21
13.38
14.47
15.23
15.38
14.71
13.13
10.74
7.85
4.82
2.06
-0.19
-1.86
-3.01
-3.83
-4.52
-5.26
-6.15
-7.26
-8.60
-10.11
-11.65
-12.99
-13.90
-14.18
-13.81
-12.91
-11.70
-10.37
-9.02
-7.60
-6.03
-4.30
-2.45
-0.64
0.98
2.35
3.46
4.38
5.16
5.83
6.38
6.80
7.10
7.35
7.62
7.93
8.28
8.60
8.79
8.75
8.44
7.89
7.19
6.45
5.82
5.38
5.15
5.09
5.08
5.00
4.70
4.06
3.07
1.80
0.43
-0.80
-1.67
-2.06
-1.97
-1.48
-0.73
0.16
1.10
2.03
2.86
3.54
4.01
4.27
4.35
4.36
4.37
4.47
4.66
4.88
5.05
5.11
5.01
4.80
4.53
4.26
4.00
3.72
3.38
2.96
2.49
2.03
1.66
1.38
1.15
0.91
0.62
0.27
-0.10
-0.50
-0.93
-1.44
-2.08
-2.80
-3.51
-4.03
-4.23
-4.04
-3.49
-2.72
-1.91
-1.20
-0.69
-0.39
-0.22
-0.13
-0.06
-0.04
-0.17
-0.48
-0.97
-1.52
-1.93
-2.05
-1.82
-1.32
-0.68
-0.05
0.48
0.93
1.34
1.74
2.14
2.48
2.70
2.76
2.65
2.40
2.04
1.61
1.13
0.62
0.11
-0.37
-0.77
-1.00
-0.98
-0.69
-0.18
0.44
1.00
1.38
1.51
1.45
1.28
1.11
0.99
0.92
0.85
0.75
0.63
0.54
0.54
0.64
0.82
1.02
1.16
1.20
1.13
0.95
0.68
0.34
-0.04
-0.41
-0.70
-0.89
-1.01
-1.11
-1.29
-1.60
-2.04
-2.58
-3.15
-3.63
-3.93
-3.95
-3.62
-2.97
-2.10
-1.21
-0.47
0.03
0.33
0.57
0.94
1.54
2.36
3.25
3.99
4.45
4.59
4.47
4.25
4.08
4.03
4.12
4.30
4.53
4.73
4.85
4.81
4.57
4.13
3.54
2.88
2.25
1.70
1.21
0.73
0.23
-0.29
-0.76
-1.14
-1.42
-1.63
-1.85
-2.14
-2.48
-2.81
-3.05
-3.21
-3.35
-3.57
-3.96
-4.52
-5.16
-5.74
-6.14
-6.31
-6.26
-6.03
-5.65
-5.10
-4.35
-3.40
-2.28
-1.14
-0.11
0.70
1.29
1.77
2.25
2.80
3.43
4.03
4.52
4.84
5.06
5.25
5.46
5.68
5.82
5.81
5.62
5.35
5.12
5.05
5.21
5.53
5.94
6.30
6.51
6.48
6.19
5.62
4.81
3.85
2.81
1.76
0.74
-0.25
-1.22
-2.21
-3.27
-4.41
-5.64
-6.87
-7.94
-8.67
-8.85
-8.40
-7.40
-6.07
-4.71
-3.54
-2.67
-2.03
-1.47
-0.86
-0.20
0.39
0.75
0.81
0.60
0.29
0.09
0.09
0.31
0.60
0.83
0.89
0.79
0.58
0.35
0.15
0.01
-0.14
-0.36
-0.71
-1.24
-1.93
-2.72
-3.50
-4.16
-4.61
-4.86
-4.98
-5.11
-5.39
-5.94
-6.75
-7.71
-8.61
-9.22
-9.39
-9.11
-8.49
-7.69
-6.87
-6.09
-5.33
-4.56
-3.77
-3.02
-2.43
-2.09
-2.01
-2.11
-2.30
-2.53
-2.83
-3.26
-3.88
-4.58
-5.18
-5.50
-5.44
-5.06
-4.54
-4.08
-3.81
-3.75
-3.88
-4.15
-4.53
-4.98
-5.41
-5.69
-5.71
-5.43
-4.97
-4.52
-4.26
-4.23
-4.30
-4.23
-3.85
-3.08
-2.05
-0.98
-0.08
0.61
1.18
1.78
2.55
3.50
4.51
5.44
6.19
6.76
7.20
7.55
7.83
7.98
7.97
7.84
7.71
7.74
8.06
8.73
9.72
10.97
12.38
13.95
15.65
17.44
19.17
20.57
21.33
21.20
20.07
18.01
15.25
12.10
8.84
5.68
2.69
-0.04
-2.47
-4.53
-6.21
-7.52
-8.59
-9.53
-10.46
-11.38
-12.23
-12.89
-13.26
-13.34
-13.21
-13.01
-12.85
-12.73
-12.59
-12.31
-11.78
-10.99
-10.01
-8.98
-8.05
-7.30
-6.73
-6.23
-5.70
-5.03
-4.20
-3.27
-2.38
-1.66
-1.21
-1.01
-1.01
-1.13
-1.28
-1.40
-1.46
-1.47
-1.42
-1.34
-1.29
-1.33
-1.52
-1.85
-2.21
-2.41
-2.28
-1.69
-0.70
0.51
1.71
2.73
3.49
4.05
4.52
4.95
5.35
5.66
5.83
5.85
5.78
5.70
5.65
5.63
5.58
5.45
5.20
4.91
4.69
4.65
4.80
5.02
5.13
4.94
4.43
3.69
2.93
2.35
2.05
1.96
1.95
1.84
1.51
0.95
0.23
-0.58
-1.39
-2.11
-2.69
-3.02
-3.05
-2.77
-2.20
-1.44
-0.63
0.12
0.74
1.25
1.70
2.14
2.61
3.08
3.49
3.79
3.97
4.03
4.04
4.02
3.98
3.90
3.75
3.54
3.28
3.00
2.73
2.50
2.29
2.08
1.84
1.53
1.17
0.74
0.28
-0.21
-0.69
-1.15
-1.56
-1.95
-2.36
-2.82
-3.34
-3.85
-4.22
-4.29
-3.98
-3.28
-2.34
-1.33
-0.43
0.23
0.70
1.05
1.40
1.82
2.33
2.88
3.41
3.83
4.08
4.11
3.96
3.67
3.31
2.98
2.70
2.51
2.37
2.24
2.07
1.85
1.56
1.24
0.96
0.78
0.69
0.65
0.57
0.33
-0.10
-0.70
-1.34
-1.90
-2.32
-2.59
-2.81
-3.04
-3.28
-3.43
-3.35
-2.93
-2.17
-1.20
-0.26
0.46
0.85
0.98
1.01
1.15
1.54
2.14
2.84
3.44
3.82
3.92
3.80
3.56
3.25
2.92
2.56
2.20
1.86
1.60
1.47
1.47
1.54
1.60
1.56
1.39
1.13
0.83
0.53
0.26
-0.00
-0.28
-0.56
-0.82
-1.05
-1.23
-1.43
-1.71
-2.15
-2.70
-3.27
-3.67
-3.73
-3.40
-2.73
-1.86
-1.01
-0.30
0.18
0.47
0.67
0.89
1.20
1.61
2.08
2.54
2.94
3.26
3.48
3.58
3.53
3.30
2.92
2.48
2.12
1.94
1.99
2.21
2.46
2.58
2.49
2.18
1.67
1.06
0.44
-0.08
-0.39
-0.44
-0.27
0.00
0.19
0.14
-0.21
-0.81
-1.54
-2.27
-2.92
-3.45
-3.88
-4.18
-4.31
-4.22
-3.89
-3.34
-2.64
-1.90
-1.20
-0.59
-0.06
0.42
0.86
1.28
1.62
1.83
1.89
1.82
1.71
1.65
1.72
1.92
2.26
2.69
3.23
3.85
4.52
5.14
5.61
5.84
5.80
5.53
5.10
4.59
4.02
3.43
2.85
2.33
1.93
1.70
1.59
1.51
1.33
0.94
0.33
-0.42
-1.19
-1.84
-2.28
-2.53
-2.64
-2.70
-2.75
-2.78
-2.71
-2.50
-2.13
-1.65
-1.16
-0.79
-0.59
-0.56
-0.64
-0.71
-0.72
-0.64
-0.49
-0.33
-0.19
-0.07
0.04
0.16
0.29
0.37
0.35
0.16
-0.20
-0.65
-1.11
-1.47
-1.65
-1.66
-1.58
-1.55
-1.70
-2.11
-2.75
-3.47
-4.07
-4.39
-4.37
-4.11
-3.76
-3.50
-3.43
-3.54
-3.73
-3.92
-4.05
-4.14
-4.23
-4.33
-4.42
-4.41
-4.24
-3.87
-3.32
-2.68
-2.04
-1.48
-1.06
-0.81
-0.73
-0.79
-0.95
-1.17
-1.40
-1.62
-1.78
-1.86
-1.81
-1.61
-1.27
-0.87
-0.51
-0.29
-0.23
-0.27
-0.32
-0.31
-0.24
-0.18
-0.18
-0.24
-0.26
-0.14
0.15
0.51
0.75
0.65
0.12
-0.77
-1.78
-2.63
-3.06
-2.98
-2.42
-1.58
-0.68
0.08
0.61
0.91
1.06
1.16
1.26
1.35
1.41
1.39
1.35
1.34
1.41
1.57
1.74
1.83
1.74
1.47
1.07
0.63
0.24
-0.05
-0.25
-0.39
-0.50
-0.67
-0.94
-1.34
-1.84
-2.37
-2.81
-3.11
-3.27
-3.40
-3.60
-3.92
-4.34
-4.71
-4.89
-4.78
-4.38
-3.79
-3.12
-2.48
-1.89
-1.36
-0.84
-0.32
0.19
0.67
1.06
1.33
1.46
1.47
1.38
1.25
1.11
1.00
0.91
0.87
0.88
0.96
1.09
1.20
1.21
1.02
0.60
-0.02
-0.75
-1.46
-2.09
-2.60
-3.02
-3.40
-3.76
-4.09
-4.34
-4.43
-4.29
-3.87
-3.18
-2.30
-1.36
-0.48
0.24
0.81
1.30
1.79
2.34
2.90
3.37
3.63
3.66
3.51
3.28
3.07
2.93
2.87
2.81
2.73
2.60
2.44
2.30
2.20
2.11
2.02
1.88
1.66
1.31
0.80
0.14
-0.61
-1.33
-1.90
-2.22
-2.31
-2.31
-2.40
-2.71
-3.29
-4.01
-4.70
-5.17
-5.30
-5.07
-4.54
-3.78
-2.88
-1.94
-1.00
-0.10
0.78
1.67
2.61
3.60
4.58
5.43
6.01
6.25
6.15
5.82
5.40
5.01
4.71
4.49
4.30
4.10
3.86
3.63
3.45
3.34
3.26
3.12
2.82
2.31
1.63
0.89
0.21
-0.32
-0.70
-0.97
-1.16
-1.31
-1.42
-1.50
-1.58
-1.74
-2.04
-2.46
-2.91
-3.21
-3.21
-2.83
-2.08
-1.05
0.14
1.36
2.50
3.47
4.19
4.68
4.97
5.16
5.31
5.41
5.36
5.01
4.27
3.12
1.68
0.12
-1.40
-2.84
-4.22
-5.56
-6.86
-8.06
-9.08
-9.89
-10.49
-10.97
-11.36
-11.67
-11.84
-11.76
-11.35
-10.63
-9.63
-8.48
-7.31
-6.24
-5.36
-4.71
-4.26
-3.96
-3.72
-3.46
-3.14
-2.72
-2.17
-1.47
-0.61
0.38
1.41
2.37
3.17
3.81
4.33
4.84
5.41
6.06
6.71
7.24
7.56
7.61
7.39
6.98
6.45
5.89
5.38
4.97
4.69
4.55
4.50
4.51
4.50
4.45
4.29
4.00
3.61
3.16
2.77
2.56
2.65
2.99
3.46
3.83
3.92
3.66
3.12
2.54
2.13
2.04
2.24
2.63
3.02
3.29
3.37
3.29
3.14
3.01
3.01
3.18
3.53
3.97
4.36
4.53
4.39
3.93
3.27
2.58
2.04
1.75
1.67
1.71
1.72
1.60
1.31
0.91
0.49
0.14
-0.10
-0.26
-0.40
-0.59
-0.87
-1.25
-1.67
-2.12
-2.57
-3.00
-3.40
-3.73
-3.93
-3.93
-3.68
-3.19
-2.52
-1.76
-1.03
-0.41
0.05
0.37
0.61
0.86
1.20
1.65
2.15
2.60
2.90
2.99
2.93
2.80
2.70
2.67
2.68
2.65
2.52
2.27
1.96
1.67
1.45
1.30
1.12
0.84
0.43
-0.05
-0.47
-0.73
-0.83
-0.86
-0.98
-1.36
-2.02
-2.92
-3.90
-4.82
-5.57
-6.05
-6.23
-6.10
-5.66
-5.01
-4.24
-3.47
-2.76
-2.11
-1.49
-0.88
-0.28
0.27
0.73
1.07
1.31
1.48
1.63
1.78
1.92
2.04
2.11
2.12
2.06
1.97
1.93
1.95
2.05
2.12
2.05
1.71
1.09
0.29
-0.50
-1.08
-1.34
-1.29
-1.08
-0.88
-0.88
-1.17
-1.75
-2.53
-3.37
-4.15
-4.76
-5.15
-5.31
-5.25
-4.96
-4.47
-3.79
-2.96
-2.05
-1.14
-0.28
0.46
1.10
1.67
2.27
2.98
3.89
4.99
6.23
7.47
8.54
9.26
9.47
9.10
8.19
6.87
5.35
3.87
2.61
1.66
0.96
0.41
-0.09
-0.61
-1.13
-1.66
-2.26
-3.02
-4.02
-5.24
-6.52
-7.64
-8.36
-8.61
-8.47
-8.11
-7.72
-7.40
-7.13
-6.84
-6.45
-5.89
-5.16
-4.31
-3.37
-2.39
-1.45
-0.67
-0.13
0.11
0.09
-0.05
-0.18
-0.23
-0.18
-0.10
-0.07
-0.14
-0.32
-0.55
-0.80
-1.00
-1.12
-1.13
-1.03
-0.86
-0.66
-0.51
-0.46
-0.56
-0.83
-1.25
-1.74
-2.16
-2.37
-2.22
-1.67
-0.79
0.24
1.23
2.06
2.69
3.18
3.64
4.11
4.61
5.06
5.41
5.61
5.66
5.57
5.40
5.16
4.86
4.51
4.12
3.71
3.32
3.03
2.84
2.75
2.70
2.56
2.23
1.62
0.75
-0.27
-1.28
-2.15
-2.80
-3.30
-3.75
-4.29
-4.97
-5.76
-6.58
-7.31
-7.89
-8.29
-8.50
-8.47
-8.12
-7.41
-6.32
-4.99
-3.61
-2.37
-1.36
-0.54
0.18
0.93
1.73
2.51
3.19
3.72
4.12
4.44
4.74
4.99
5.14
5.13
4.98
4.71
4.38
4.03
3.64
3.23
2.79
2.39
2.03
1.70
1.36
0.91
0.37
-0.21
-0.73
-1.11
-1.36
-1.57
-1.84
-2.24
-2.76
-3.33
-3.90
-4.44
-4.94
-5.39
-5.72
-5.80
-5.54
-4.90
-3.97
-2.94
-1.99
-1.25
-0.73
-0.36
-0.03
0.36
0.82
1.38
1.99
2.59
3.11
3.48
3.68
3.71
3.64
3.51
3.38
3.23
3.08
2.91
2.73
2.59
2.47
2.36
2.19
1.91
1.52
1.09
0.68
0.36
0.12
-0.09
-0.34
-0.69
-1.14
-1.65
-2.18
-2.65
-3.00
-3.18
-3.13
-2.83
-2.29
-1.57
-0.77
-0.01
0.60
1.02
1.25
1.34
1.38
1.43
1.56
1.80
2.16
2.55
2.89
3.05
2.98
2.72
2.40
2.21
2.25
2.54
2.93
3.21
3.21
2.82
2.11
1.21
0.29
-0.54
-1.18
-1.64
-1.94
-2.17
-2.44
-2.88
-3.57
-4.48
-5.50
-6.41
-6.99
-7.08
-6.61
-5.66
-4.41
-3.12
-2.02
-1.24
-0.79
-0.55
-0.34
0.00
0.52
1.17
1.84
2.44
2.96
3.43
3.87
4.23
4.41
4.33
3.99
3.46
2.91
2.45
2.12
1.85
1.55
1.17
0.72
0.29
-0.01
-0.14
-0.10
0.00
0.03
-0.14
-0.61
-1.42
-2.50
-3.69
-4.78
-5.51
-5.74
-5.41
-4.65
-3.64
-2.60
-1.65
-0.84
-0.18
0.40
0.95
1.52
2.15
2.86
3.59
4.24
4.70
4.88
4.76
4.38
3.86
3.31
2.83
2.48
2.23
2.06
1.90
1.71
1.46
1.13
0.70
0.16
-0.50
-1.21
-1.86
-2.32
-2.52
-2.51
-2.50
-2.70
-3.27
-4.17
-5.21
-6.13
-6.72
-6.90
-6.75
-6.36
-5.86
-5.28
-4.65
-3.98
-3.28
-2.58
-1.80
-0.87
0.29
1.65
3.09
4.39
5.39
5.98
6.20
6.17
5.99
5.74
5.49
5.25
5.09
5.03
5.05
5.14
5.19
5.15
4.96
4.59
4.02
3.28
2.45
1.64
1.03
0.72
0.68
0.80
0.87
0.74
0.36
-0.20
-0.82
-1.41
-1.94
-2.42
-2.84
-3.14
-3.21
-2.96
-2.39
-1.58
-0.69
0.10
0.69
1.09
1.39
1.69
2.03
2.34
2.50
2.40
2.04
1.55
1.11
0.86
0.80
0.82
0.76
0.51
0.09
-0.43
-0.95
-1.42
-1.79
-2.06
-2.20
-2.17
-1.99
-1.72
-1.52
-1.55
-1.90
-2.57
-3.40
-4.16
-4.64
-4.70
-4.33
-3.66
-2.86
-2.09
-1.44
-0.94
-0.51
-0.12
0.29
0.71
1.14
1.58
2.05
2.53
3.00
3.35
3.50
3.37
2.98
2.42
1.85
1.41
1.22
1.28
1.48
1.67
1.68
1.40
0.81
0.04
-0.69
-1.18
-1.28
-1.00
-0.53
-0.06
0.19
0.11
-0.28
-0.94
-1.79
-2.74
-3.67
-4.42
-4.79
-4.63
-3.93
-2.82
-1.55
-0.36
0.63
1.45
2.21
3.07
4.06
5.08
5.95
6.49
6.61
6.36
5.87
5.32
4.85
4.47
4.16
3.83
3.46
3.06
2.67
2.37
2.15
2.01
1.90
1.74
1.52
1.22
0.83
0.37
-0.17
-0.79
-1.44
-2.07
-2.60
-2.98
-3.23
-3.48
-3.85
-4.46
-5.31
-6.23
-6.99
-7.35
-7.20
-6.59
-5.74
-4.90
-4.25
-3.83
-3.52
-3.17
-2.62
-1.86
-0.97
-0.11
0.58
1.03
1.29
1.44
1.59
1.78
1.99
2.17
2.28
2.32
2.30
2.25
2.15
1.99
1.80
1.57
1.35
1.16
0.95
0.66
0.23
-0.35
-1.00
-1.59
-2.02
-2.24
-2.33
-2.45
-2.75
-3.28
-3.97
-4.69
-5.28
-5.64
-5.74
-5.59
-5.22
-4.63
-3.87
-2.96
-1.98
-0.99
-0.02
0.93
1.88
2.83
3.71
4.42
4.86
5.00
4.89
4.68
4.50
4.44
4.49
4.59
4.65
4.63
4.55
4.43
4.27
4.04
3.65
3.04
2.21
1.25
0.29
-0.54
-1.18
-1.65
-2.02
-2.38
-2.80
-3.33
-3.97
-4.65
-5.27
-5.71
-5.84
-5.59
-4.99
-4.10
-3.07
-2.06
-1.18
-0.52
-0.08
0.20
0.41
0.65
0.96
1.34
1.73
2.05
2.20
2.14
1.87
1.43
0.89
0.31
-0.23
-0.71
-1.12
-1.46
-1.71
-1.87
-1.92
-1.91
-1.91
-2.04
-2.37
-2.87
-3.42
-3.87
-4.09
-4.08
-3.89
-3.65
-3.41
-3.13
-2.75
-2.20
-1.50
-0.77
-0.13
0.33
0.62
0.84
1.10
1.48
1.96
2.45
2.83
3.04
3.12
3.16
3.27
3.49
3.73
3.83
3.64
3.10
2.34
1.56
0.96
0.62
0.46
0.28
-0.07
-0.66
-1.43
-2.24
-2.97
-3.55
-4.00
-4.32
-4.48
-4.39
-3.98
-3.26
-2.36
-1.43
-0.63
-0.02
0.47
0.98
1.58
2.29
3.01
3.62
4.02
4.23
4.29
4.30
4.27
4.21
4.11
3.99
3.89
3.82
3.76
3.66
3.44
3.10
2.66
2.21
1.83
1.56
1.37
1.16
0.87
0.47
-0.01
-0.52
-1.02
-1.52
-2.02
-2.56
-3.16
-3.82
-4.50
-5.15
-5.68
-5.96
-5.89
-5.42
-4.60
-3.57
-2.53
-1.66
-1.05
-0.63
-0.26
0.24
0.93
1.74
2.49
3.00
3.19
3.11
2.93
2.79
2.77
2.83
2.84
2.70
2.42
2.08
1.83
1.73
1.79
1.88
1.87
1.62
1.12
0.45
-0.23
-0.81
-1.21
-1.46
-1.68
-1.97
-2.37
-2.82
-3.24
-3.56
-3.77
-3.94
-4.12
-4.33
-4.49
-4.46
-4.14
-3.53
-2.71
-1.83
-1.01
-0.28
0.38
1.00
1.60
2.16
2.64
2.99
3.17
3.18
3.06
2.88
2.70
2.59
2.56
2.59
2.63
2.63
2.58
2.46
2.32
2.15
1.96
1.75
1.54
1.32
1.11
0.87
0.57
0.20
-0.24
-0.75
-1.31
-1.91
-2.50
-3.01
-3.34
-3.43
-3.22
-2.79
-2.21
-1.61
-1.02
-0.45
0.17
0.84
1.57
2.30
2.96
3.51
3.88
4.03
3.93
3.61
3.16
2.72
2.44
2.39
2.56
2.82
3.00
2.98
2.69
2.13
1.37
0.53
-0.27
-0.89
-1.26
-1.36
-1.27
-1.15
-1.15
-1.39
-1.87
-2.51
-3.13
-3.56
-3.70
-3.51
-3.06
-2.47
-1.85
-1.30
-0.85
-0.47
-0.07
0.42
1.05
1.78
2.53
3.18
3.67
3.92
3.92
3.67
3.21
2.60
1.96
1.43
1.11
1.03
1.12
1.24
1.21
0.94
0.38
-0.40
-1.32
-2.24
-3.03
-3.56
-3.74
-3.58
-3.17
-2.72
-2.42
-2.39
-2.63
-3.05
-3.45
-3.67
-3.54
-3.00
-2.07
-0.85
0.46
1.69
2.73
3.54
4.14
4.64
5.08
5.48
5.77
5.87
5.73
5.33
4.76
4.14
3.60
3.23
3.05
3.00
3.00
2.97
2.83
2.52
2.04
1.39
0.62
-0.16
-0.87
-1.42
-1.82
-2.09
-2.34
-2.62
-2.93
-3.24
-3.51
-3.74
-3.99
-4.30
-4.72
-5.26
-5.87
-6.45
-6.87
-7.02
-6.82
-6.26
-5.44
-4.51
-3.58
-2.73
-1.96
-1.24
-0.54
0.08
0.56
0.88
1.05
1.19
1.40
1.73
2.17
2.63
3.05
3.36
3.53
3.59
3.57
3.52
3.55
3.71
4.01
4.36
4.58
4.50
4.04
3.32
2.58
2.17
2.27
2.88
3.77
4.64
5.27
5.64
5.94
6.41
7.26
8.52
10.08
11.74
13.25
14.40
14.99
14.87
13.99
12.37
10.17
7.62
4.96
2.39
0.03
-2.07
-3.88
-5.39
-6.57
-7.43
-8.02
-8.45
-8.90
-9.54
-10.50
-11.78
-13.23
-14.60
-15.68
-16.37
-16.73
-16.96
-17.25
-17.69
-18.21
-18.66
-18.90
-18.87
-18.61
-18.17
-17.58
-16.78
-15.73
-14.37
-12.79
-11.10
-9.46
-8.00
-6.80
-5.87
-5.19
-4.69
-4.27
-3.79
-3.15
-2.31
-1.35
-0.48
0.05
0.12
-0.24
-0.82
-1.30
-1.43
-1.11
-0.40
0.52
1.49
2.43
3.32
4.23
5.19
6.21
7.24
8.24
9.16
9.95
10.54
10.88
10.92
10.67
10.20
9.60
8.98
8.45
8.10
7.98
8.07
8.26
8.35
8.16
7.59
6.70
5.67
4.76
4.15
3.88
3.83
3.84
3.83
3.77
3.74
3.75
3.76
3.65
3.34
2.86
2.38
2.09
2.09
2.26
2.33
1.98
1.05
-0.43
-2.20
-3.95
-5.43
-6.55
-7.37
-8.00
-8.53
-8.98
-9.29
-9.36
-9.12
-8.54
-7.65
-6.54
-5.32
-4.10
-2.93
-1.80
-0.67
0.51
1.74
2.94
4.01
4.85
5.42
5.79
6.05
6.25
6.38
6.36
6.10
5.57
4.82
3.97
3.13
2.38
1.74
1.20
0.77
0.43
0.17
-0.04
-0.28
-0.58
-0.93
-1.29
-1.59
-1.82
-2.03
-2.28
-2.59
-2.95
-3.26
-3.41
-3.36
-3.08
-2.62
-2.00
-1.27
-0.41
0.57
1.66
2.78
3.83
4.69
5.30
5.66
5.82
5.85
5.79
5.63
5.33
4.89
4.33
3.80
3.40
3.22
3.23
3.31
3.31
3.14
2.77
2.24
1.64
1.02
0.45
-0.06
-0.49
-0.84
-1.09
-1.23
-1.26
-1.20
-1.14
-1.18
-1.41
-1.92
-2.68
-3.58
-4.45
-5.13
-5.55
-5.72
-5.72
-5.60
-5.36
-4.98
-4.44
-3.78
-3.05
-2.31
-1.58
-0.82
0.00
0.89
1.77
2.55
3.11
3.41
3.44
3.30
3.08
2.90
2.81
2.82
2.85
2.83
2.71
2.50
2.31
2.24
2.32
2.44
2.45
2.22
1.75
1.16
0.63
0.27
0.05
-0.15
-0.50
-1.03
-1.67
-2.26
-2.69
-2.97
-3.21
-3.51
-3.90
-4.23
-4.29
-3.90
-3.05
-1.86
-0.60
0.50
1.30
1.84
2.24
2.66
3.18
3.77
4.32
4.69
4.80
4.67
4.39
4.10
3.91
3.84
3.86
3.88
3.80
3.57
3.17
2.63
2.01
1.35
0.69
0.02
-0.65
-1.33
-2.00
-2.59
-3.07
-3.43
-3.72
-4.03
-4.43
-4.90
-5.31
-5.47
-5.21
-4.51
-3.44
-2.19
-0.99
0.01
0.76
1.29
1.68
2.00
2.29
2.53
2.67
2.66
2.44
2.04
1.53
1.07
0.81
0.87
1.19
1.62
1.95
1.98
1.68
1.12
0.50
-0.03
-0.39
-0.61
-0.79
-0.99
-1.24
-1.51
-1.79
-2.09
-2.44
-2.87
-3.31
-3.68
-3.85
-3.73
-3.31
-2.69
-1.97
-1.26
-0.61
-0.04
0.48
0.99
1.50
2.00
2.43
2.73
2.83
2.77
2.61
2.48
2.45
2.52
2.62
2.63
2.47
2.13
1.67
1.14
0.60
0.06
-0.51
-1.11
-1.73
-2.30
-2.77
-3.10
-3.31
-3.47
-3.65
-3.92
-4.27
-4.62
-4.84
-4.83
-4.57
-4.10
-3.55
-3.00
-2.47
-1.93
-1.31
-0.62
0.12
0.80
1.34
1.70
1.90
1.96
1.96
1.94
1.92
1.89
1.83
1.67
1.41
1.04
0.66
0.35
0.19
0.20
0.29
0.35
0.26
-0.02
-0.42
-0.89
-1.37
-1.85
-2.36
-2.89
-3.40
-3.77
-3.91
-3.77
-3.38
-2.80
-2.10
-1.30
-0.39
0.64
1.80
3.03
4.24
5.30
6.09
6.51
6.55
6.28
5.81
5.29
4.82
4.48
4.25
4.10
3.96
3.77
3.53
3.20
2.76
2.19
1.46
0.58
-0.39
-1.35
-2.20
-2.86
-3.32
-3.67
-4.03
-4.51
-5.13
-5.78
-6.27
-6.37
-5.99
-5.16
-4.08
-2.97
-2.02
-1.28
-0.67
-0.02
0.79
1.77
2.80
3.71
4.37
4.75
4.91
4.95
4.94
4.90
4.83
4.74
4.66
4.62
4.60
4.52
4.25
3.71
2.87
1.86
0.81
-0.15
-1.00
-1.80
-2.60
-3.42
-4.19
-4.79
-5.12
-5.17
-5.07
-4.95
-4.97
-5.13
-5.37
-5.55
-5.60
-5.57
-5.57
-5.75
-6.12
-6.54
-6.79
-6.62
-5.95
-4.86
-3.57
-2.32
-1.25
-0.35
0.45
1.24
2.02
2.70
3.18
3.40
3.37
3.19
2.96
2.79
2.65
2.54
2.40
2.26
2.15
2.10
2.10
2.06
1.86
1.42
0.77
0.04
-0.57
-0.92
-1.02
-1.01
-1.08
-1.39
-1.98
-2.71
-3.36
-3.77
-3.85
-3.65
-3.30
-2.95
-2.65
-2.38
-2.03
-1.48
-0.70
0.29
1.32
2.18
2.69
2.76
2.45
1.91
1.33
0.87
0.59
0.45
0.39
0.37
0.34
0.32
0.32
0.31
0.30
0.31
0.36
0.45
0.55
0.56
0.39
-0.01
-0.59
-1.25
-1.86
-2.37
-2.78
-3.09
-3.32
-3.39
-3.22
-2.78
-2.12
-1.37
-0.70
-0.23
0.01
0.11
0.18
0.32
0.59
0.98
1.44
1.90
2.27
2.50
2.56
2.44
2.16
1.77
1.31
0.84
0.44
0.15
-0.01
-0.05
-0.09
-0.25
-0.64
-1.32
-2.21
-3.15
-3.99
-4.55
-4.80
-4.75
-4.48
-4.05
-3.53
-2.98
-2.41
-1.85
-1.28
-0.65
0.08
0.94
1.89
2.82
3.64
4.25
4.63
4.81
4.85
4.82
4.71
4.51
4.19
3.75
3.22
2.71
2.30
2.00
1.80
1.59
1.25
0.70
-0.06
-0.98
-1.96
-2.86
-3.58
-4.03
-4.20
-4.11
-3.81
-3.39
-2.90
-2.35
-1.73
-1.00
-0.18
0.71
1.62
2.49
3.29
3.97
4.49
4.79
4.86
4.70
4.40
4.08
3.83
3.68
3.59
3.49
3.32
3.11
2.94
2.89
2.96
3.06
3.02
2.70
2.05
1.16
0.23
-0.54
-1.02
-1.21
-1.21
-1.18
-1.24
-1.46
-1.87
-2.45
-3.13
-3.81
-4.37
-4.70
-4.73
-4.42
-3.81
-2.97
-2.02
-1.05
-0.19
0.49
1.00
1.45
2.00
2.76
3.75
4.80
5.66
6.10
6.01
5.49
4.76
4.06
3.56
3.28
3.16
3.10
3.03
2.94
2.86
2.78
2.68
2.53
2.30
2.00
1.66
1.33
1.06
0.84
0.66
0.48
0.25
-0.09
-0.55
-1.16
-1.87
-2.56
-3.10
-3.40
-3.42
-3.27
-3.08
-3.01
-3.16
-3.51
-3.96
-4.37
-4.60
-4.59
-4.32
-3.84
-3.23
-2.56
-1.90
-1.26
-0.63
0.01
0.68
1.37
2.07
2.71
3.25
3.65
3.88
3.94
3.84
3.62
3.30
2.90
2.46
2.04
1.75
1.65
1.79
2.11
2.49
2.77
2.84
2.66
2.30
1.88
1.48
1.13
0.82
0.49
0.08
-0.37
-0.81
-1.14
-1.33
-1.42
-1.53
-1.77
-2.23
-2.88
-3.64
-4.38
-5.00
-5.43
-5.65
-5.64
-5.39
-4.83
-3.98
-2.92
-1.83
-0.90
-0.24
0.12
0.31
0.46
0.70
1.04
1.41
1.70
1.80
1.74
1.60
1.51
1.55
1.75
2.02
2.24
2.32
2.21
1.97
1.67
1.37
1.13
0.92
0.69
0.36
-0.10
-0.65
-1.23
-1.75
-2.14
-2.37
-2.46
-2.50
-2.54
-2.66
-2.90
-3.25
-3.65
-4.00
-4.23
-4.27
-4.13
-3.86
-3.52
-3.15
-2.79
-2.42
-2.01
-1.55
-1.04
-0.51
0.05
0.62
1.18
1.69
2.10
2.36
2.48
2.49
2.46
2.46
2.53
2.66
2.79
2.85
2.82
2.71
2.59
2.45
2.26
1.90
1.31
0.51
-0.36
-1.07
-1.46
-1.50
-1.30
-1.13
-1.17
-1.53
-2.14
-2.86
-3.51
-3.94
-4.10
-3.98
-3.62
-3.09
-2.45
-1.77
-1.13
-0.54
0.01
0.49
0.93
1.30
1.60
1.81
1.94
1.99
1.99
1.93
1.83
1.69
1.52
1.36
1.22
1.12
1.09
1.11
1.12
1.07
0.91
0.64
0.29
-0.07
-0.42
-0.75
-1.10
-1.50
-1.99
-2.54
-3.12
-3.69
-4.16
-4.46
-4.50
-4.23
-3.65
-2.82
-1.91
-1.06
-0.41
0.00
0.25
0.46
0.76
1.26
1.94
2.72
3.43
3.93
4.12
3.96
3.52
2.90
2.25
1.66
1.20
0.84
0.57
0.33
0.09
-0.17
-0.44
-0.72
-1.02
-1.34
-1.69
-2.06
-2.43
-2.81
-3.21
-3.62
-4.01
-4.35
-4.55
-4.57
-4.36
-3.94
-3.32
-2.56
-1.69
-0.78
0.13
0.97
1.71
2.32
2.78
3.10
3.30
3.38
3.41
3.41
3.40
3.41
3.43
3.45
3.45
3.43
3.39
3.33
3.25
3.15
3.00
2.75
2.35
1.76
1.00
0.16
-0.64
-1.29
-1.70
-1.87
-1.85
-1.74
-1.68
-1.77
-2.09
-2.65
-3.37
-4.15
-4.85
-5.39
-5.73
-5.84
-5.71
-5.35
-4.78
-4.04
-3.24
-2.48
-1.79
-1.14
-0.46
0.32
1.19
2.06
2.85
3.43
3.78
3.89
3.82
3.60
3.28
2.95
2.71
2.61
2.71
2.93
3.16
3.25
3.11
2.74
2.22
1.70
1.27
0.95
0.72
0.46
0.12
-0.30
-0.74
-1.11
-1.38
-1.56
-1.75
-1.99
-2.32
-2.68
-3.03
-3.34
-3.62
-3.90
-4.16
-4.29
-4.18
-3.74
-3.00
-2.09
-1.16
-0.34
0.37
1.03
1.71
2.41
3.03
3.46
3.64
3.57
3.38
3.18
3.01
2.86
2.69
2.51
2.37
2.34
2.43
2.61
2.74
2.71
2.45
1.99
1.44
0.94
0.58
0.35
0.20
0.01
-0.29
-0.71
-1.24
-1.81
-2.40
-3.00
-3.59
-4.13
-4.51
-4.59
-4.28
-3.62
-2.76
-1.88
-1.16
-0.62
-0.20
0.22
0.74
1.34
1.95
2.44
2.76
2.90
2.90
2.82
2.72
2.61
2.46
2.25
1.97
1.64
1.30
0.99
0.73
0.49
0.22
-0.10
-0.48
-0.88
-1.24
-1.54
-1.79
-2.05
-2.36
-2.74
-3.15
-3.55
-3.82
-3.89
-3.71
-3.24
-2.54
-1.65
-0.69
0.28
1.20
2.11
3.01
3.93
4.83
5.60
6.07
6.10
5.63
4.73
3.59
2.49
1.66
1.23
1.15
1.26
1.34
1.24
0.92
0.45
-0.03
-0.41
-0.65
-0.79
-0.92
-1.16
-1.56
-2.11
-2.76
-3.43
-4.04
-4.53
-4.85
-4.93
-4.70
-4.14
-3.32
-2.33
-1.35
-0.48
0.20
0.73
1.20
1.71
2.33
3.02
3.71
4.25
4.53
4.48
4.14
3.62
3.06
2.61
2.38
2.35
2.46
2.59
2.64
2.57
2.37
2.09
1.80
1.53
1.27
1.00
0.66
0.24
-0.23
-0.70
-1.14
-1.51
-1.81
-2.09
-2.39
-2.74
-3.14
-3.56
-3.93
-4.15
-4.19
-4.01
-3.65
-3.14
-2.54
-1.86
-1.11
-0.30
0.56
1.44
2.31
3.10
3.73
4.16
4.33
4.25
3.99
3.62
3.24
2.94
2.75
2.67
2.68
2.78
2.94
3.15
3.36
3.49
3.43
3.11
2.57
1.87
1.17
0.60
0.22
0.06
0.06
0.14
0.22
0.20
0.05
-0.26
-0.67
-1.08
-1.40
-1.59
-1.69
-1.79
-1.99
-2.33
-2.80
-3.35
-3.91
-4.44
-4.88
-5.13
-5.07
-4.63
-3.83
-2.80
-1.76
-0.91
-0.36
-0.08
0.08
0.30
0.71
1.30
1.97
2.55
2.92
3.06
3.05
3.00
3.00
3.03
3.01
2.86
2.58
2.22
1.93
1.79
1.82
1.94
2.02
1.97
1.78
1.51
1.22
0.96
0.74
0.55
0.39
0.24
0.12
-0.02
-0.24
-0.59
-1.09
-1.70
-2.32
-2.86
-3.26
-3.53
-3.70
-3.83
-3.97
-4.11
-4.26
-4.40
-4.49
-4.50
-4.37
-4.08
-3.62
-3.05
-2.45
-1.92
-1.51
-1.22
-0.99
-0.70
-0.22
0.48
1.35
2.22
2.90
3.24
3.24
2.99
2.67
2.39
2.20
2.06
1.92
1.76
1.61
1.52
1.51
1.51
1.46
1.28
1.00
0.69
0.45
0.31
0.25
0.18
0.01
-0.31
-0.73
-1.18
-1.56
-1.87
-2.13
-2.43
-2.85
-3.42
-4.05
-4.62
-4.96
-4.98
-4.68
-4.10
-3.38
-2.61
-1.88
-1.26
-0.76
-0.40
-0.12
0.14
0.45
0.82
1.19
1.47
1.55
1.42
1.16
0.96
0.95
1.18
1.56
1.94
2.19
2.26
2.23
2.18
2.11
1.98
1.69
1.19
0.52
-0.20
-0.81
-1.20
-1.40
-1.48
-1.59
-1.85
-2.32
-2.97
-3.73
-4.45
-4.95
-5.09
-4.79
-4.07
-3.07
-2.03
-1.12
-0.47
-0.05
0.27
0.65
1.18
1.86
2.55
3.07
3.27
3.12
2.71
2.23
1.84
1.67
1.72
1.88
2.01
2.00
1.80
1.46
1.05
0.70
0.44
0.28
0.14
-0.04
-0.34
-0.73
-1.10
-1.33
-1.32
-1.09
-0.79
-0.64
-0.86
-1.53
-2.59
-3.82
-4.95
-5.72
-5.98
-5.72
-5.03
-4.07
-3.02
-2.04
-1.21
-0.58
-0.13
0.22
0.55
0.93
1.41
1.95
2.49
2.92
3.18
3.21
3.04
2.76
2.46
2.24
2.14
2.12
2.09
1.94
1.64
1.26
0.94
0.79
0.84
0.97
0.98
0.70
0.11
-0.67
-1.41
-1.95
-2.24
-2.40
-2.57
-2.82
-3.15
-3.47
-3.78
-4.12
-4.55
-5.09
-5.60
-5.89
-5.79
-5.26
-4.38
-3.31
-2.21
-1.16
-0.20
0.65
1.38
1.98
2.48
2.94
3.40
3.80
4.01
3.91
3.47
2.81
2.18
1.81
1.80
2.08
2.47
2.75
2.80
2.60
2.25
1.88
1.60
1.44
1.38
1.34
1.26
1.08
0.78
0.38
-0.07
-0.53
-0.96
-1.33
-1.65
-1.91
-2.13
-2.32
-2.55
-2.85
-3.26
-3.79
-4.34
-4.79
-4.93
-4.64
-3.86
-2.73
-1.48
-0.36
0.46
0.96
1.26
1.48
1.73
1.97
2.15
2.18
2.10
1.99
2.00
2.20
2.56
2.95
3.20
3.21
3.01
2.76
2.62
2.71
3.01
3.37
3.62
3.64
3.41
3.03
2.61
2.22
1.84
1.43
0.93
0.35
-0.28
-0.93
-1.59
-2.28
-3.00
-3.71
-4.28
-4.59
-4.54
-4.12
-3.40
-2.51
-1.57
-0.65
0.22
1.02
1.71
2.25
2.58
2.67
2.56
2.33
2.11
1.98
1.97
2.05
2.13
2.16
2.11
2.00
1.90
1.85
1.86
1.88
1.83
1.67
1.37
0.97
0.53
0.12
-0.21
-0.46
-0.68
-0.92
-1.24
-1.67
-2.24
-2.94
-3.74
-4.55
-5.23
-5.60
-5.51
-4.94
-4.02
-2.99
-2.07
-1.38
-0.90
-0.47
0.03
0.66
1.38
2.07
2.65
3.11
3.46
3.71
3.84
3.83
3.64
3.30
2.89
2.49
2.16
1.89
1.68
1.51
1.37
1.25
1.09
0.84
0.44
-0.08
-0.63
-1.05
-1.23
-1.17
-1.01
-0.91
-1.00
-1.34
-1.84
-2.39
-2.90
-3.31
-3.63
-3.83
-3.81
-3.48
-2.76
-1.69
-0.40
0.86
1.89
2.55
2.88
3.00
3.08
3.25
3.52
3.84
4.07
4.14
4.04
3.83
3.63
3.50
3.48
3.51
3.53
3.44
3.24
2.95
2.60
2.22
1.82
1.39
0.94
0.49
0.11
-0.16
-0.31
-0.40
-0.47
-0.59
-0.78
-1.04
-1.40
-1.89
-2.56
-3.38
-4.24
-4.92
-5.21
-4.95
-4.20
-3.15
-2.11
-1.34
-0.94
-0.85
-0.91
-0.95
-0.85
-0.55
-0.07
0.58
1.32
2.07
2.69
3.06
3.13
2.90
2.51
2.08
1.77
1.67
1.82
2.21
2.73
3.26
3.63
3.72
3.49
2.97
2.30
1.60
0.98
0.48
0.09
-0.21
-0.43
-0.57
-0.62
-0.62
-0.68
-0.90
-1.36
-2.06
-2.89
-3.66
-4.16
-4.28
-3.99
-3.42
-2.73
-2.04
-1.43
-0.89
-0.40
0.03
0.41
0.72
0.95
1.15
1.32
1.49
1.65
1.77
1.86
1.94
2.02
2.09
2.07
1.91
1.56
1.08
0.61
0.31
0.25
0.37
0.48
0.41
0.04
-0.56
-1.19
-1.68
-1.91
-1.95
-1.96
-2.07
-2.35
-2.75
-3.17
-3.52
-3.77
-3.92
-3.98
-3.88
-3.56
-3.00
-2.26
-1.46
-0.78
-0.31
-0.08
0.01
0.10
0.32
0.70
1.19
1.66
1.99
2.13
2.10
1.94
1.74
1.57
1.48
1.47
1.54
1.68
1.82
1.88
1.79
1.50
0.99
0.33
-0.36
-0.98
-1.44
-1.73
-1.88
-1.99
-2.17
-2.48
-2.92
-3.41
-3.84
-4.06
-3.98
-3.56
-2.81
-1.84
-0.81
0.08
0.69
0.97
0.99
0.93
0.96
1.15
1.48
1.84
2.16
2.45
2.76
3.12
3.42
3.50
3.18
2.48
1.58
0.78
0.34
0.32
0.55
0.78
0.81
0.59
0.22
-0.16
-0.46
-0.67
-0.84
-0.98
-1.09
-1.15
-1.16
-1.20
-1.40
-1.88
-2.67
-3.65
-4.60
-5.25
-5.39
-4.98
-4.10
-2.97
-1.83
-0.89
-0.21
0.23
0.54
0.81
1.11
1.46
1.84
2.22
2.56
2.84
3.01
3.06
2.97
2.74
2.45
2.16
1.95
1.85
1.86
1.90
1.92
1.84
1.67
1.42
1.12
0.81
0.51
0.20
-0.11
-0.39
-0.63
-0.78
-0.86
-0.89
-0.93
-1.08
-1.42
-2.00
-2.77
-3.62
-4.35
-4.76
-4.73
-4.25
-3.45
-2.55
-1.73
-1.09
-0.64
-0.27
0.12
0.57
1.06
1.52
1.91
2.20
2.42
2.55
2.57
2.45
2.18
1.85
1.56
1.44
1.55
1.84
2.15
2.29
2.14
1.67
0.97
0.19
-0.50
-0.99
-1.22
-1.18
-0.95
-0.63
-0.39
-0.37
-0.68
-1.33
-2.24
-3.26
-4.19
-4.92
-5.34
-5.43
-5.18
-4.64
-3.91
-3.13
-2.42
-1.87
-1.46
-1.10
-0.67
-0.08
0.68
1.52
2.33
2.99
3.44
3.66
3.67
3.51
3.24
2.90
2.58
2.31
2.12
2.02
2.00
2.06
2.14
2.20
2.16
1.99
1.72
1.39
1.09
0.85
0.66
0.49
0.28
-0.00
-0.36
-0.77
-1.24
-1.76
-2.36
-3.04
-3.75
-4.42
-4.96
-5.30
-5.42
-5.35
-5.12
-4.73
-4.16
-3.40
-2.48
-1.51
-0.63
0.07
0.56
0.90
1.20
1.54
1.93
2.33
2.65
2.84
2.87
2.75
2.55
2.31
2.12
2.01
1.98
1.98
1.92
1.74
1.45
1.14
0.94
0.94
1.10
1.32
1.43
1.35
1.11
0.77
0.44
0.15
-0.12
-0.44
-0.83
-1.25
-1.64
-1.96
-2.21
-2.48
-2.82
-3.25
-3.69
-4.02
-4.12
-3.92
-3.45
-2.80
-2.05
-1.27
-0.52
0.19
0.86
1.49
2.07
2.57
2.99
3.31
3.50
3.59
3.60
3.56
3.47
3.31
3.06
2.74
2.39
2.12
1.98
1.97
2.01
1.98
1.79
1.39
0.83
0.20
-0.40
-0.91
-1.32
-1.65
-1.93
-2.24
-2.62
-3.09
-3.64
-4.18
-4.62
-4.86
-4.85
-4.58
-4.08
-3.38
-2.55
-1.68
-0.88
-0.25
0.19
0.49
0.79
1.23
1.87
2.66
3.44
4.06
4.39
4.41
4.18
3.80
3.35
2.86
2.37
1.90
1.50
1.22
1.06
0.96
0.81
0.47
-0.13
-0.90
-1.66
-2.14
-2.17
-1.76
-1.10
-0.49
-0.22
-0.42
-1.07
-1.97
-2.91
-3.69
-4.20
-4.40
-4.29
-3.89
-3.29
-2.58
-1.82
-1.06
-0.30
0.45
1.19
1.87
2.41
2.83
3.15
3.44
3.74
4.06
4.34
4.53
4.60
4.57
4.42
4.17
3.79
3.31
2.78
2.32
2.01
1.85
1.74
1.54
1.13
0.51
-0.19
-0.76
-1.04
-0.98
-0.67
-0.33
-0.18
-0.35
-0.85
-1.61
-2.47
-3.31
-4.03
-4.54
-4.79
-4.70
-4.28
-3.58
-2.75
-1.93
-1.24
-0.73
-0.34
0.02
0.45
0.94
1.44
1.90
2.25
2.49
2.66
2.75
2.77
2.70
2.55
2.37
2.24
2.24
2.38
2.59
2.76
2.78
2.57
2.14
1.54
0.87
0.24
-0.23
-0.42
-0.29
0.09
0.53
0.80
0.69
0.13
-0.81
-1.93
-2.99
-3.84
-4.41
-4.71
-4.77
-4.64
-4.34
-3.88
-3.31
-2.65
-1.93
-1.18
-0.45
0.21
0.78
1.28
1.77
2.29
2.88
3.44
3.87
4.05
3.92
3.52
2.94
2.30
1.66
1.10
0.66
0.38
0.27
0.29
0.37
0.40
0.33
0.13
-0.18
-0.55
-0.92
-1.25
-1.51
-1.70
-1.90
-2.19
-2.66
-3.31
-4.03
-4.61
-4.88
-4.72
-4.12
-3.17
-2.01
-0.81
0.29
1.14
1.67
1.88
1.90
1.93
2.14
2.57
3.09
3.50
3.63
3.48
3.16
2.87
2.71
2.64
2.56
2.39
2.10
1.76
1.45
1.19
0.96
0.70
0.36
-0.05
-0.51
-0.98
-1.43
-1.84
-2.20
-2.51
-2.78
-3.07
-3.42
-3.85
-4.31
-4.67
-4.79
-4.57
-4.04
-3.27
-2.39
-1.48
-0.60
0.22
0.95
1.57
2.04
2.38
2.65
2.90
3.16
3.40
3.54
3.52
3.28
2.86
2.32
1.76
1.26
0.89
0.66
0.59
0.61
0.66
0.64
0.47
0.15
-0.28
-0.70
-1.02
-1.17
-1.15
-1.07
-1.03
-1.17
-1.54
-2.12
-2.82
-3.51
-4.06
-4.40
-4.48
-4.33
-3.96
-3.44
-2.77
-1.99
-1.14
-0.27
0.52
1.15
1.56
1.79
1.92
2.07
2.33
2.71
3.12
3.48
3.72
3.88
4.05
4.31
4.65
4.98
5.20
5.21
4.99
4.55
3.88
2.94
1.66
0.08
-1.63
-3.22
-4.40
-5.04
-5.16
-4.95
-4.65
-4.45
-4.41
-4.52
-4.71
-4.93
-5.14
-5.33
-5.45
-5.42
-5.11
-4.43
-3.33
-1.89
-0.29
1.23
2.43
3.17
3.48
3.51
3.48
3.58
3.86
4.23
4.49
4.49
4.18
3.63
3.05
2.62
2.46
2.55
2.76
2.90
2.83
2.51
2.01
1.45
0.99
0.69
0.51
0.35
0.07
-0.37
-0.96
-1.61
-2.22
-2.75
-3.20
-3.63
-4.09
-4.58
-5.08
-5.51
-5.78
-5.81
-5.51
-4.88
-3.97
-2.89
-1.83
-0.93
-0.26
0.19
0.55
0.94
1.44
2.05
2.67
3.18
3.44
3.37
3.00
2.43
1.83
1.35
1.11
1.09
1.22
1.35
1.35
1.20
0.93
0.65
0.41
0.22
-0.00
-0.32
-0.74
-1.23
-1.69
-2.03
-2.27
-2.54
-3.00
-3.77
-4.80
-5.89
-6.77
-7.19
-7.06
-6.47
-5.65
-4.80
-4.03
-3.33
-2.61
-1.82
-0.98
-0.16
0.54
1.10
1.55
1.96
2.34
2.66
2.89
2.95
2.85
2.62
2.37
2.16
2.01
1.88
1.67
1.32
0.82
0.26
-0.21
-0.42
-0.31
0.11
0.69
1.24
1.61
1.70
1.50
1.04
0.39
-0.35
-1.05
-1.56
-1.79
-1.71
-1.39
-0.93
-0.43
0.08
0.59
1.13
1.68
2.19
2.64
3.01
3.31
3.57
3.73
3.70
3.36
2.70
1.81
0.89
0.15
-0.28
-0.41
-0.35
-0.24
-0.19
-0.21
-0.29
-0.41
-0.60
-0.88
-1.32
-1.93
-2.66
-3.40
-4.04
-4.47
-4.68
-4.72
-4.63
-4.44
-4.10
-3.53
-2.68
-1.61
-0.48
0.56
1.40
2.13
2.93
3.99
5.38
6.95
8.38
9.31
9.52
8.98
7.86
6.42
4.92
3.54
2.38
1.47
0.82
0.40
0.14
-0.06
-0.29
-0.59
-0.92
-1.23
-1.47
-1.68
-1.98
-2.50
-3.26
-4.17
-5.01
-5.56
-5.65
-5.30
-4.62
-3.79
-2.94
-2.17
-1.47
-0.81
-0.13
0.58
1.31
1.99
2.52
2.83
2.88
2.72
2.44
2.12
1.84
1.63
1.49
1.42
1.41
1.48
1.63
1.81
1.95
2.01
1.96
1.76
1.45
1.03
0.56
0.10
-0.30
-0.63
-0.92
-1.23
-1.64
-2.15
-2.74
-3.33
-3.85
-4.25
-4.53
-4.72
-4.82
-4.83
-4.66
-4.25
-3.57
-2.67
-1.68
-0.72
0.09
0.77
1.39
2.08
2.85
3.65
4.32
4.72
4.79
4.58
4.24
3.90
3.66
3.50
3.36
3.20
3.02
2.84
2.72
2.65
2.57
2.40
2.07
1.60
1.04
0.46
-0.10
-0.64
-1.19
-1.74
-2.25
-2.66
-2.92
-3.07
-3.20
-3.40
-3.72
-4.14
-4.60
-5.03
-5.36
-5.56
-5.61
-5.49
-5.21
-4.79
-4.27
-3.67
-3.00
-2.23
-1.32
-0.28
0.82
1.89
2.78
3.41
3.75
3.85
3.78
3.67
3.57
3.51
3.50
3.49
3.49
3.51
3.55
3.62
3.62
3.45
3.02
2.34
1.50
0.70
0.11
-0.17
-0.19
-0.08
-0.02
-0.13
-0.47
-1.02
-1.69
-2.38
-2.96
-3.26
-3.20
-2.73
-1.95
-1.02
-0.11
0.67
1.28
1.76
2.12
2.36
2.48
2.47
2.39
2.33
2.39
2.53
2.69
2.74
2.61
2.33
2.00
1.71
1.52
1.38
1.23
1.01
0.73
0.44
0.20
-0.01
-0.23
-0.54
-0.95
-1.42
-1.84
-2.14
-2.27
-2.32
-2.37
-2.56
-2.94
-3.47
-4.01
-4.36
-4.38
-4.02
-3.34
-2.50
-1.68
-0.95
-0.30
0.35
1.08
1.89
2.71
3.38
3.81
3.98
3.97
3.89
3.81
3.76
3.69
3.54
3.32
3.07
2.85
2.68
2.57
2.42
2.15
1.71
1.10
0.41
-0.26
-0.81
-1.19
-1.40
-1.52
-1.66
-1.94
-2.47
-3.23
-4.12
-4.93
-5.47
-5.61
-5.32
-4.71
-3.94
-3.13
-2.34
-1.61
-0.94
-0.34
0.17
0.56
0.85
1.06
1.24
1.40
1.50
1.51
1.40
1.19
0.96
0.78
0.73
0.82
1.00
1.21
1.38
1.49
1.55
1.57
1.56
1.49
1.31
0.97
0.50
-0.06
-0.64
-1.20
-1.72
-2.18
-2.56
-2.83
-3.00
-3.17
-3.41
-3.80
-4.28
-4.65
-4.70
-4.25
-3.30
-2.01
-0.64
0.55
1.40
1.94
2.29
2.61
3.04
3.59
4.20
4.71
5.01
5.03
4.81
4.45
4.03
3.63
3.23
2.84
2.45
2.11
1.86
1.70
1.59
1.42
1.13
0.73
0.25
-0.25
-0.73
-1.20
-1.69
-2.26
-2.90
-3.60
-4.29
-4.88
-5.27
-5.38
-5.16
-4.66
-3.97
-3.21
-2.50
-1.86
-1.27
-0.66
-0.01
0.69
1.39
2.02
2.50
2.80
2.90
2.80
2.53
2.17
1.84
1.62
1.55
1.59
1.63
1.59
1.41
1.15
0.87
0.64
0.44
0.19
-0.16
-0.63
-1.15
-1.61
-1.94
-2.15
-2.33
-2.60
-3.01
-3.49
-3.91
-4.11
-3.98
-3.49
-2.74
-1.84
-0.95
-0.17
0.43
0.89
1.25
1.58
1.91
2.25
2.54
2.76
2.91
3.01
3.10
3.16
3.15
2.98
2.63
2.16
1.69
1.34
1.15
1.03
0.88
0.59
0.16
-0.34
-0.78
-1.06
-1.18
-1.17
-1.12
-1.10
-1.21
-1.51
-2.01
-2.69
-3.42
-4.02
-4.33
-4.25
-3.81
-3.16
-2.44
-1.79
-1.27
-0.90
-0.67
-0.52
-0.38
-0.13
0.32
1.02
1.90
2.80
3.53
3.96
4.06
3.94
3.77
3.69
3.78
4.03
4.37
4.72
5.03
5.26
5.38
5.34
5.09
4.62
3.97
3.22
2.46
1.73
1.05
0.39
-0.25
-0.89
-1.48
-1.99
-2.44
-2.88
-3.44
-4.18
-5.12
-6.19
-7.25
-8.12
-8.66
-8.83
-8.61
-8.03
-7.14
-5.99
-4.65
-3.20
-1.75
-0.40
0.75
1.65
2.29
2.71
2.96
3.09
3.12
3.03
2.76
2.25
1.47
0.43
-0.82
-2.18
-3.50
-4.58
-5.25
-5.42
-5.12
-4.53
-3.89
-3.40
-3.15
-3.11
-3.13
-3.13
-3.09
-3.08
-3.18
-3.40
-3.66
-3.82
-3.78
-3.50
-3.07
-2.55
-2.03
-1.50
-0.94
-0.31
0.40
1.22
2.16
3.24
4.43
5.65
6.77
7.64
8.17
8.40
8.44
8.38
8.28
8.07
7.67
6.98
6.00
4.81
3.54
2.33
1.27
0.40
-0.29
-0.80
-1.18
-1.48
-1.77
-2.11
-2.56
-3.14
-3.81
-4.47
-4.97
-5.18
-5.00
-4.41
-3.46
-2.28
-1.01
0.23
1.35
2.28
3.00
3.54
3.96
4.33
4.70
5.07
5.35
5.40
5.18
4.68
4.04
3.43
2.97
2.68
2.51
2.34
2.10
1.76
1.34
0.89
0.43
-0.04
-0.49
-0.89
-1.19
-1.41
-1.63
-1.93
-2.37
-2.94
-3.58
-4.17
-4.63
-4.91
-5.00
-4.89
-4.57
-4.01
-3.22
-2.24
-1.13
-0.01
1.00
1.79
2.31
2.57
2.63
2.62
2.60
2.62
2.66
2.66
2.62
2.55
2.53
2.61
2.76
2.89
2.91
2.74
2.40
1.96
1.53
1.15
0.80
0.43
-0.02
-0.52
-0.97
-1.27
-1.37
-1.34
-1.34
-1.56
-2.11
-2.96
-3.98
-4.94
-5.65
-5.95
-5.79
-5.20
-4.26
-3.12
-1.95
-0.91
-0.10
0.50
0.96
1.43
2.00
2.68
3.40
4.05
4.49
4.66
4.51
4.08
3.46
2.76
2.12
1.65
1.43
1.44
1.62
1.84
2.00
2.01
1.84
1.52
1.06
0.53
-0.01
-0.52
-0.95
-1.33
-1.68
-2.06
-2.47
-2.88
-3.20
-3.37
-3.37
-3.24
-3.10
-3.05
-3.12
-3.27
-3.38
-3.31
-2.95
-2.27
-1.35
-0.33
0.62
1.38
1.91
2.27
2.57
2.89
3.24
3.52
3.60
3.42
2.96
2.36
1.78
1.39
1.24
1.26
1.33
1.33
1.18
0.92
0.62
0.33
0.06
-0.24
-0.60
-1.03
-1.49
-1.92
-2.30
-2.64
-3.04
-3.54
-4.13
-4.70
-5.07
-5.04
-4.53
-3.62
-2.51
-1.47
-0.71
-0.29
-0.11
0.04
0.31
0.78
1.39
2.00
2.47
2.75
2.83
2.79
2.67
2.51
2.32
2.12
1.94
1.80
1.73
1.71
1.69
1.62
1.44
1.12
0.69
0.23
-0.15
-0.38
-0.46
-0.49
-0.62
-0.99
-1.67
-2.57
-3.49
-4.17
-4.42
-4.16
-3.47
-2.54
-1.58
-0.74
-0.10
0.37
0.77
1.22
1.78
2.44
3.05
3.46
3.56
3.34
2.94
2.55
2.29
2.18
2.12
1.98
1.71
1.39
1.14
1.08
1.20
1.36
1.37
1.11
0.56
-0.13
-0.78
-1.22
-1.37
-1.27
-1.05
-0.93
-1.07
-1.59
-2.43
-3.44
-4.39
-5.05
-5.31
-5.19
-4.77
-4.18
-3.49
-2.73
-1.92
-1.09
-0.30
0.40
1.00
1.53
2.03
2.50
2.88
3.06
2.97
2.64
2.17
1.76
1.56
1.62
1.87
2.15
2.32
2.31
2.13
1.83
1.47
1.06
0.61
0.12
-0.36
-0.73
-0.91
-0.85
-0.63
-0.37
-0.21
-0.24
-0.48
-0.88
-1.38
-1.93
-2.48
-2.95
-3.23
-3.19
-2.80
-2.10
-1.22
-0.32
0.47
1.11
1.58
1.91
2.12
2.19
2.13
1.95
1.73
1.54
1.45
1.46
1.52
1.57
1.56
1.49
1.41
1.35
1.36
1.41
1.44
1.40
1.25
1.02
0.77
0.56
0.40
0.27
0.09
-0.20
-0.63
-1.18
-1.83
-2.47
-3.05
-3.50
-3.80
-3.99
-4.17
-4.45
-4.94
-5.65
-6.49
-7.23
-7.66
-7.59
-7.01
-6.05
-4.93
-3.85
-2.90
-2.02
-1.14
-0.22
0.70
1.53
2.13
2.49
2.66
2.72
2.79
2.88
2.98
3.04
3.06
3.09
3.17
3.33
3.54
3.76
3.93
3.99
3.94
3.79
3.56
3.30
3.05
2.85
2.65
2.43
2.15
1.83
1.52
1.30
1.15
0.98
0.68
0.15
-0.57
-1.31
-1.84
-1.96
-1.64
-1.00
-0.25
0.44
1.01
1.47
1.86
2.21
2.50
2.67
2.70
2.56
2.29
1.95
1.61
1.32
1.12
1.03
1.07
1.21
1.39
1.53
1.53
1.31
0.83
0.09
-0.85
-1.88
-2.87
-3.67
-4.24
-4.61
-4.92
-5.35
-6.04
-6.97
-8.05
-9.04
-9.75
-10.05
-9.90
-9.38
-8.56
-7.54
-6.37
-5.11
-3.81
-2.52
-1.25
-0.03
1.13
2.24
3.26
4.19
5.00
5.67
6.19
6.53
6.70
6.71
6.62
6.50
6.38
6.22
5.98
5.56
4.93
4.13
3.22
2.26
1.26
0.22
-0.85
-1.91
-2.91
-3.81
-4.64
-5.51
-6.51
-7.63
-8.78
-9.79
-10.48
-10.75
-10.55
-9.90
-8.84
-7.42
-5.72
-3.85
-1.92
-0.06
1.63
3.11
4.37
5.43
6.28
6.85
7.11
7.04
6.69
6.18
5.70
5.37
5.25
5.32
5.45
5.49
5.32
4.88
4.20
3.37
2.50
1.73
1.16
0.81
0.65
0.55
0.38
0.01
-0.60
-1.41
-2.32
-3.14
-3.72
-3.96
-3.83
-3.43
-2.86
-2.26
-1.69
-1.17
-0.64
-0.06
0.56
1.15
1.57
1.69
1.49
1.03
0.46
-0.06
-0.45
-0.70
-0.87
-1.02
-1.13
-1.11
-0.92
-0.54
-0.14
0.13
0.12
-0.14
-0.52
-0.82
-0.94
-0.94
-0.97
-1.21
-1.67
-2.23
-2.62
-2.63
-2.18
-1.41
-0.60
0.04
0.39
0.52
0.64
0.95
1.53
2.33
3.20
3.94
4.44
4.66
4.67
4.50
4.17
3.72
3.18
2.63
2.20
1.98
1.98
2.07
2.09
1.85
1.32
0.59
-0.15
-0.72
-1.06
-1.24
-1.40
-1.64
-1.99
-2.39
-2.74
-3.01
-3.18
-3.24
-3.10
-2.71
-2.00
-1.02
0.12
1.21
2.09
2.70
3.09
3.37
3.64
3.93
4.23
4.47
4.61
4.61
4.50
4.31
4.08
3.85
3.63
3.42
3.24
3.06
2.85
2.54
2.09
1.49
0.79
0.09
-0.48
-0.86
-1.04
-1.12
-1.22
-1.42
-1.78
-2.27
-2.89
-3.61
-4.43
-5.28
-6.09
-6.70
-6.99
-6.85
-6.27
-5.32
-4.16
-2.96
-1.87
-0.96
-0.25
0.33
0.85
1.36
1.86
2.34
2.75
3.08
3.30
3.39
3.35
3.13
2.72
2.18
1.62
1.19
0.99
1.05
1.32
1.64
1.82
1.73
1.31
0.63
-0.21
-1.06
-1.79
-2.35
-2.77
-3.14
-3.56
-4.11
-4.75
-5.41
-5.92
-6.12
-5.87
-5.14
-3.96
-2.50
-1.02
0.24
1.09
1.49
1.55
1.46
1.46
1.67
2.08
2.54
2.87
2.94
2.72
2.31
1.85
1.47
1.25
1.18
1.19
1.22
1.22
1.16
1.02
0.78
0.45
0.05
-0.38
-0.78
-1.14
-1.47
-1.83
-2.23
-2.68
-3.16
-3.58
-3.86
-3.92
-3.66
-3.06
-2.14
-1.02
0.14
1.17
1.97
2.57
3.03
3.45
3.84
4.12
4.20
4.01
3.59
3.08
2.60
2.22
1.93
1.63
1.28
0.90
0.55
0.31
0.20
0.18
0.15
0.01
-0.28
-0.70
-1.21
-1.80
-2.45
-3.18
-3.94
-4.62
-5.07
-5.17
-4.84
-4.15
-3.24
-2.29
-1.43
-0.72
-0.10
0.48
1.06
1.63
2.11
2.44
2.57
2.53
2.37
2.13
1.86
1.58
1.32
1.11
1.00
0.98
1.00
0.97
0.81
0.51
0.10
-0.32
-0.66
-0.88
-1.04
-1.22
-1.54
-2.07
-2.81
-3.68
-4.57
-5.34
-5.86
-6.01
-5.71
-4.97
-3.86
-2.52
-1.16
0.06
0.97
1.53
1.80
1.93
2.06
2.30
2.63
2.94
3.09
3.00
2.69
2.31
2.03
1.95
2.02
2.13
2.09
1.82
1.32
0.71
0.14
-0.28
-0.51
-0.62
-0.68
-0.79
-0.95
-1.16
-1.42
-1.75
-2.21
-2.83
-3.55
-4.22
-4.61
-4.51
-3.91
-2.92
-1.80
-0.80
-0.05
0.45
0.83
1.24
1.73
2.25
2.69
2.98
3.10
3.08
2.98
2.81
2.56
2.23
1.84
1.52
1.36
1.41
1.62
1.86
1.95
1.75
1.25
0.53
-0.23
-0.90
-1.39
-1.69
-1.93
-2.22
-2.65
-3.21
-3.79
-4.22
-4.33
-4.04
-3.36
-2.44
-1.42
-0.46
0.36
1.01
1.55
1.99
2.35
2.60
2.75
2.79
2.79
2.77
2.76
2.71
2.52
2.15
1.57
0.87
0.17
-0.39
-0.77
-0.96
-1.04
-1.10
-1.19
-1.36
-1.62
-1.99
-2.46
-3.08
-3.83
-4.66
-5.43
-5.95
-6.03
-5.58
-4.62
-3.35
-2.01
-0.83
0.05
0.63
1.00
1.28
1.58
1.98
2.46
2.97
3.44
3.81
4.04
4.13
4.06
3.83
3.47
3.03
2.59
2.25
2.09
2.08
2.10
1.99
1.63
1.01
0.23
-0.54
-1.16
-1.60
-1.91
-2.24
-2.68
-3.24
-3.85
-4.37
-4.65
-4.57
-4.12
-3.34
-2.34
-1.27
-0.28
0.54
1.16
1.62
2.03
2.50
3.08
3.77
4.46
5.03
5.34
5.35
5.08
4.61
4.06
3.54
3.10
2.77
2.54
2.34
2.15
1.94
1.71
1.47
1.24
1.01
0.78
0.53
0.29
0.09
-0.05
-0.13
-0.20
-0.37
-0.69
-1.19
-1.81
-2.44
-3.03
-3.57
-4.11
-4.71
-5.36
-5.96
-6.32
-6.30
-5.79
-4.85
-3.62
-2.30
-1.07
-0.01
0.85
1.53
2.08
2.53
2.89
3.16
3.33
3.40
3.38
3.26
3.09
2.88
2.68
2.48
2.30
2.12
1.96
1.80
1.63
1.42
1.14
0.78
0.35
-0.13
-0.62
-1.07
-1.43
-1.66
-1.74
-1.70
-1.58
-1.48
-1.53
-1.84
-2.43
-3.25
-4.14
-4.88
-5.25
-5.11
-4.43
-3.33
-2.03
-0.73
0.36
1.17
1.67
1.96
2.12
2.26
2.44
2.67
2.88
3.01
2.98
2.81
2.54
2.31
2.23
2.34
2.55
2.71
2.66
2.32
1.73
1.05
0.40
-0.16
-0.68
-1.24
-1.89
-2.57
-3.17
-3.61
-3.88
-4.11
-4.40
-4.77
-5.10
-5.16
-4.79
-4.00
-2.95
-1.89
-0.98
-0.25
0.39
1.08
1.90
2.78
3.59
4.19
4.48
4.45
4.18
3.76
3.27
2.78
2.30
1.85
1.41
1.02
0.70
0.48
0.34
0.27
0.20
0.07
-0.15
-0.45
-0.82
-1.25
-1.76
-2.37
-3.09
-3.85
-4.55
-5.04
-5.21
-5.00
-4.44
-3.60
-2.60
-1.53
-0.48
0.47
1.24
1.79
2.11
2.25
2.31
2.39
2.55
2.77
3.02
3.22
3.33
3.33
3.28
3.25
3.28
3.36
3.43
3.40
3.20
2.81
2.28
1.70
1.16
0.65
0.16
-0.38
-0.98
-1.58
-2.07
-2.37
-2.52
-2.62
-2.83
-3.23
-3.76
-4.26
-4.53
-4.44
-3.98
-3.27
-2.47
-1.72
-1.07
-0.54
-0.05
0.42
0.94
1.48
1.99
2.39
2.58
2.52
2.22
1.76
1.25
0.82
0.51
0.35
0.30
0.34
0.40
0.45
0.43
0.29
-0.00
-0.42
-0.87
-1.27
-1.56
-1.75
-1.92
-2.18
-2.61
-3.18
-3.77
-4.19
-4.27
-3.94
-3.26
-2.36
-1.37
-0.37
0.66
1.75
2.90
4.05
5.08
5.86
6.29
6.36
6.09
5.57
4.94
4.32
3.80
3.41
3.12
2.85
2.52
2.10
1.57
0.98
0.36
-0.27
-0.88
-1.40
-1.80
-2.06
-2.22
-2.37
-2.62
-3.05
-3.64
-4.26
-4.73
-4.88
-4.62
-3.99
-3.08
-2.06
-1.04
-0.11
0.72
1.44
2.07
2.59
3.01
3.31
3.52
3.62
3.61
3.45
3.13
2.66
2.11
1.58
1.15
0.86
0.67
0.50
0.29
-0.01
-0.33
-0.62
-0.80
-0.90
-1.00
-1.19
-1.58
-2.16
-2.84
-3.47
-3.88
-4.00
-3.80
-3.34
-2.69
-1.94
-1.17
-0.45
0.17
0.68
1.10
1.49
1.88
2.30
2.69
3.00
3.19
3.25
3.20
3.09
2.97
2.85
2.76
2.71
2.69
2.68
2.62
2.41
1.97
1.27
0.34
-0.67
-1.61
-2.34
-2.76
-2.89
-2.79
-2.62
-2.53
-2.66
-3.11
-3.83
-4.70
-5.48
-5.94
-5.88
-5.27
-4.20
-2.84
-1.43
-0.15
0.90
1.71
2.33
2.84
3.29
3.66
3.94
4.09
4.08
3.94
3.70
3.43
3.18
3.00
2.87
2.77
2.66
2.51
2.29
2.02
1.74
1.53
1.42
1.39
1.35
1.19
0.86
0.36
-0.20
-0.71
-1.11
-1.42
-1.74
-2.15
-2.70
-3.35
-4.02
-4.62
-5.12
-5.53
-5.89
-6.26
-6.66
-7.02
-7.20
-7.05
-6.44
-5.39
-4.05
-2.65
-1.42
-0.50
0.15
0.65
1.13
1.66
2.25
2.84
3.35
3.72
3.87
3.78
3.45
2.96
2.44
2.07
1.99
2.22
2.65
3.11
3.37
3.30
2.89
2.20
1.40
0.63
0.02
-0.40
-0.66
-0.82
-0.94
-1.08
-1.29
-1.60
-2.03
-2.55
-3.07
-3.47
-3.61
-3.42
-2.95
-2.32
-1.69
-1.14
-0.70
-0.28
0.17
0.69
1.26
1.80
2.28
2.67
3.00
3.25
3.40
3.37
3.12
2.64
2.02
1.41
0.99
0.83
0.92
1.12
1.24
1.16
0.83
0.33
-0.21
-0.71
-1.13
-1.53
-1.94
-2.41
-2.89
-3.29
-3.55
-3.64
-3.63
-3.57
-3.52
-3.43
-3.24
-2.84
-2.22
-1.44
-0.64
0.06
0.59
0.99
1.33
1.67
2.02
2.32
2.48
2.43
2.17
1.79
1.42
1.18
1.13
1.23
1.38
1.46
1.39
1.18
0.88
0.58
0.31
0.03
-0.32
-0.83
-1.52
-2.35
-3.23
-4.03
-4.61
-4.86
-4.69
-4.09
-3.11
-1.91
-0.65
0.50
1.43
2.14
2.65
3.02
3.32
3.59
3.86
4.18
4.55
4.90
5.14
5.15
4.85
4.24
3.42
2.55
1.77
1.17
0.75
0.44
0.16
-0.13
-0.46
-0.81
-1.17
-1.50
-1.79
-2.05
-2.27
-2.45
-2.57
-2.66
-2.76
-2.93
-3.22
-3.63
-4.06
-4.35
-4.33
-3.93
-3.18
-2.25
-1.32
-0.52
0.16
0.77
1.38
2.01
2.56
2.94
3.07
2.97
2.70
2.38
2.09
1.86
1.64
1.42
1.15
0.86
0.59
0.38
0.25
0.18
0.14
0.09
0.00
-0.18
-0.44
-0.78
-1.14
-1.48
-1.77
-2.04
-2.31
-2.64
-3.00
-3.33
-3.54
-3.54
-3.27
-2.75
-2.05
-1.26
-0.46
0.25
0.84
1.29
1.63
1.94
2.31
2.80
3.40
3.98
4.40
4.52
4.33
3.92
3.45
3.08
2.83
2.63
2.35
1.92
1.36
0.80
0.38
0.15
0.03
-0.12
-0.44
-0.98
-1.64
-2.31
-2.84
-3.19
-3.38
-3.42
-3.33
-3.08
-2.66
-2.11
-1.48
-0.80
-0.11
0.61
1.35
2.08
2.73
3.21
3.48
3.52
3.39
3.14
2.84
2.55
2.29
2.08
1.92
1.79
1.66
1.48
1.23
0.93
0.60
0.29
0.01
-0.26
-0.56
-0.91
-1.32
-1.74
-2.10
-2.38
-2.61
-2.86
-3.25
-3.83
-4.55
-5.29
-5.86
-6.09
-5.93
-5.43
-4.71
-3.92
-3.15
-2.41
-1.64
-0.79
0.12
1.01
1.81
2.44
2.94
3.33
3.68
3.97
4.17
4.26
4.27
4.25
4.25
4.27
4.19
3.93
3.45
2.85
2.34
2.08
2.11
2.25
2.17
1.58
0.37
-1.33
-3.21
-4.86
-5.98
-6.39
-6.09
-5.23
-4.07
-2.99
-2.35
-2.42
-3.20
-4.42
-5.59
-6.18
-5.88
-4.71
-2.96
-1.09
0.58
1.88
2.89
3.74
4.51
5.21
5.74
6.01
5.99
5.73
5.34
4.95
4.63
4.42
4.28
4.18
4.07
3.91
3.71
3.48
3.24
2.95
2.61
2.22
1.80
1.47
1.34
1.50
2.00
2.77
3.69
4.57
5.18
5.35
5.03
4.33
3.49
2.87
2.74
3.22
4.18
5.35
6.39
7.06
7.27
7.06
6.50
5.62
4.35
2.60
0.32
-2.39
-5.26
-7.94
-10.08
-11.49
-12.16
-12.25
-11.93
-11.37
-10.57
-9.50
-8.10
-6.43
-4.65
-2.99
-1.66
-0.78
-0.36
-0.28
-0.45
-0.77
-1.24
-1.89
-2.72
-3.67
-4.59
-5.28
-5.58
-5.44
-4.91
-4.12
-3.17
-2.14
-1.04
0.12
1.28
2.36
3.26
3.92
4.36
4.67
4.93
5.18
5.39
5.48
5.37
5.01
4.38
3.53
2.53
1.49
0.52
-0.30
-0.91
-1.33
-1.63
-1.87
-2.05
-2.15
-2.10
-1.88
-1.53
-1.20
-1.05
-1.22
-1.74
-2.54
-3.52
-4.53
-5.43
-6.12
-6.50
-6.48
-6.05
-5.24
-4.20
-3.08
-2.02
-1.09
-0.27
0.45
1.07
1.57
1.95
2.22
2.47
2.75
3.08
3.42
3.70
3.82
3.77
3.56
3.22
2.78
2.26
1.66
1.04
0.47
0.05
-0.16
-0.19
-0.14
-0.13
-0.27
-0.58
-1.05
-1.64
-2.36
-3.24
-4.28
-5.38
-6.35
-6.92
-6.88
-6.17
-4.94
-3.44
-1.98
-0.74
0.22
0.99
1.69
2.40
3.10
3.73
4.15
4.29
4.13
3.76
3.31
2.90
2.61
2.43
2.29
2.12
1.87
1.54
1.16
0.69
0.09
-0.69
-1.62
-2.54
-3.23
-3.52
-3.42
-3.12
-2.94
-3.14
-3.76
-4.64
-5.46
-5.95
-5.95
-5.46
-4.58
-3.45
-2.21
-0.99
0.11
0.99
1.63
2.02
2.26
2.42
2.60
2.82
3.05
3.27
3.44
3.54
3.61
3.69
3.80
3.94
4.03
3.99
3.71
3.15
2.35
1.41
0.48
-0.34
-0.96
-1.42
-1.77
-2.10
-2.48
-2.94
-3.48
-4.04
-4.56
-4.97
-5.22
-5.25
-5.01
-4.48
-3.66
-2.65
-1.58
-0.63
0.09
0.55
0.86
1.16
1.58
2.17
2.81
3.36
3.66
3.64
3.37
3.01
2.73
2.61
2.68
2.86
3.04
3.15
3.16
3.05
2.84
2.53
2.13
1.66
1.13
0.55
-0.04
-0.62
-1.17
-1.69
-2.21
-2.78
-3.42
-4.13
-4.82
-5.35
-5.56
-5.35
-4.74
-3.87
-2.89
-1.97
-1.18
-0.48
0.15
0.77
1.38
1.95
2.45
2.89
3.32
3.80
4.32
4.83
5.26
5.52
5.61
5.58
5.52
5.51
5.55
5.62
5.68
5.74
5.85
6.06
6.41
6.87
7.29
7.54
7.53
7.28
6.93
6.73
6.93
7.66
8.93
10.62
12.51
14.35
15.90
16.90
17.05
16.09
13.85
10.35
5.90
1.00
-3.73
-7.80
-10.93
-13.09
-14.42
-15.13
-15.39
-15.36
-15.17
-14.99
-15.01
-15.37
-16.13
-17.21
-18.36
-19.34
-19.91
-19.98
-19.63
-19.04
-18.45
-18.00
-17.74
-17.57
-17.38
-17.05
-16.57
-15.96
-15.28
-14.54
-13.70
-12.68
-11.40
-9.85
-8.05
-6.06
-3.93
-1.68
0.70
3.19
5.73
8.21
10.42
12.13
13.13
13.31
12.72
11.61
10.33
9.24
8.59
8.39
8.48
8.63
8.61
8.35
7.85
7.17
6.37
5.49
4.54
3.54
2.52
1.51
0.52
-0.44
-1.36
-2.20
-2.89
-3.38
-3.63
-3.60
-3.24
-2.46
-1.20
0.62
2.92
5.58
8.38
11.09
13.51
15.51
16.96
17.80
17.96
17.43
16.23
14.46
12.24
9.71
7.05
4.43
2.02
-0.06
-1.73
-2.97
-3.84
-4.47
-5.02
-5.63
-6.43
-7.47
-8.69
-9.96
-11.07
-11.77
-11.85
-11.21
-9.93
-8.21
-6.37
-4.74
-3.51
-2.73
-2.31
-2.05
-1.70
-1.13
-0.30
0.69
1.65
2.39
2.79
2.83
2.62
2.29
1.94
1.58
1.14
0.56
-0.14
-0.86
-1.48
-1.92
-2.17
-2.33
-2.50
-2.75
-3.10
-3.53
-4.01
-4.50
-4.95
-5.24
-5.24
-4.89
-4.19
-3.30
-2.43
-1.78
-1.54
-1.75
-2.38
-3.29
-4.27
-5.08
-5.52
-5.49
-5.02
-4.27
-3.45
-2.73
-2.20
-1.84
-1.57
-1.31
-1.01
-0.67
-0.33
-0.06
0.10
0.14
0.11
0.13
0.32
0.74
1.38
2.15
2.91
3.60
4.16
4.63
4.97
5.13
5.00
4.50
3.68
2.71
1.86
1.39
1.42
1.90
2.70
3.64
4.61
5.60
6.62
7.70
8.80
9.85
10.79
11.64
12.49
13.42
14.41
15.29
15.80
15.64
14.70
13.01
10.79
8.29
5.70
3.12
0.58
-1.87
-4.08
-5.85
-6.96
-7.33
-7.05
-6.37
-5.64
-5.15
-5.05
-5.30
-5.74
-6.16
-6.42
-6.43
-6.20
-5.72
-4.96
-3.91
-2.60
-1.15
0.26
1.49
2.50
3.38
4.24
5.10
5.89
6.42
6.57
6.33
5.84
5.30
4.85
4.51
4.20
3.83
3.34
2.75
2.12
1.48
0.85
0.22
-0.41
-1.01
-1.56
-2.06
-2.53
-3.02
-3.57
-4.13
-4.61
-4.92
-4.98
-4.78
-4.34
-3.70
-2.91
-2.01
-1.04
-0.04
0.88
1.66
2.21
2.51
2.59
2.50
2.34
2.19
2.09
2.09
2.17
2.28
2.30
2.12
1.65
0.84
-0.26
-1.57
-2.90
-4.07
-4.90
-5.27
-5.16
-4.65
-3.92
-3.18
-2.61
-2.32
-2.28
-2.38
-2.49
-2.52
-2.43
-2.20
-1.82
-1.23
-0.38
0.72
1.96
3.15
4.08
4.59
4.64
4.34
3.87
3.41
3.08
2.90
2.83
2.82
2.84
2.91
3.07
3.32
3.63
3.88
3.94
3.72
3.21
2.49
1.67
0.88
0.22
-0.30
-0.71
-1.04
-1.35
-1.66
-1.97
-2.32
-2.76
-3.34
-4.10
-5.02
-5.92
-6.55
-6.67
-6.12
-4.93
-3.33
-1.58
0.05
1.44
2.53
3.35
3.91
4.24
4.37
4.40
4.41
4.43
4.46
4.44
4.31
4.13
4.01
4.06
4.29
4.63
4.91
4.98
4.78
4.35
3.75
3.07
2.33
1.54
0.70
-0.14
-0.92
-1.59
-2.12
-2.51
-2.76
-2.84
-2.71
-2.33
-1.70
-0.89
-0.00
0.85
1.56
2.09
2.51
2.91
3.40
4.00
4.59
4.95
4.84
4.12
2.82
1.15
-0.54
-1.91
-2.66
-2.70
-2.07
-0.98
0.32
1.56
2.59
3.44
4.25
5.20
6.34
7.51
8.34
8.42
7.49
5.67
3.40
1.35
0.09
-0.13
0.50
1.43
1.99
1.72
0.52
-1.33
-3.36
-5.13
-6.38
-7.08
-7.34
-7.28
-7.03
-6.69
-6.35
-6.19
-6.35
-6.96
-8.02
-9.47
-11.24
-13.25
-15.49
-17.90
-20.40
-22.83
-24.96
-26.57
-27.52
-27.74
-27.19
-25.84
-23.55
-20.21
-15.81
-10.58
-4.99
0.35
4.86
8.20
10.44
11.93
13.10
14.24
15.30
16.03
16.04
15.09
13.19
10.66
8.04
5.93
4.81
4.88
6.00
7.70
9.38
10.52
10.85
10.44
9.59
8.66
7.87
7.23
6.62
5.86
4.91
3.86
2.81
1.83
0.88
-0.14
-1.26
-2.34
-3.14
-3.44
-3.28
-2.94
-2.84
-3.34
-4.47
-5.93
-7.21
-7.90
-7.84
-7.20
-6.28
-5.34
-4.49
-3.68
-2.86
-2.03
-1.34
-0.93
-0.88
-1.16
-1.71
-2.44
-3.32
-4.35
-5.52
-6.79
-8.16
-9.67
-11.34
-13.08
-14.58
-15.38
-15.02
-13.34
-10.60
-7.38
-4.39
-2.11
-0.66
0.13
0.50
0.59
0.39
-0.16
-1.01
-1.92
-2.55
-2.64
-2.12
-1.16
-0.08
0.82
1.38
1.62
1.75
2.00
2.49
3.21
4.02
4.70
5.10
5.19
5.01
4.61
4.01
3.16
1.99
0.46
-1.36
-3.27
-4.96
-6.09
-6.36
-5.68
-4.19
-2.26
-0.36
1.15
2.14
2.74
3.21
3.74
4.42
5.14
5.76
6.19
6.47
6.69
6.96
7.35
7.80
8.27
8.70
9.05
9.32
9.52
9.68
9.79
9.86
9.87
9.77
9.45
8.76
7.57
5.75
3.29
0.28
-3.07
-6.48
-9.65
-12.31
-14.31
-15.57
-16.07
-15.87
-15.05
-13.73
-12.06
-10.15
-8.08
-5.84
-3.41
-0.79
1.91
4.48
6.62
8.04
8.62
8.42
7.65
6.63
5.60
4.65
3.81
3.03
2.31
1.68
1.18
0.84
0.56
0.21
-0.29
-1.01
-1.91
-2.97
-4.16
-5.53
-7.06
-8.66
-10.16
-11.30
-11.86
-11.75
-11.01
-9.81
-8.32
-6.72
-5.14
-3.61
-2.17
-0.83
0.42
1.56
2.58
3.44
4.10
4.53
4.74
4.79
4.77
4.77
4.87
5.06
5.28
5.43
5.41
5.16
4.72
4.18
3.62
3.10
2.62
2.12
1.54
0.85
0.08
-0.73
-1.48
-2.10
-2.55
-2.79
-2.79
-2.57
-2.12
-1.49
-0.70
0.19
1.15
2.13
3.09
3.96
4.68
5.18
5.44
5.47
5.34
5.14
4.98
4.97
5.17
5.56
6.06
6.50
6.70
6.55
6.03
5.20
4.22
3.21
2.25
1.33
0.42
-0.53
-1.53
-2.49
-3.30
-3.84
-4.01
-3.79
-3.23
-2.44
-1.56
-0.68
0.19
1.06
1.98
2.95
3.92
4.79
5.47
5.89
6.09
6.12
6.04
5.88
5.61
5.20
4.67
4.07
3.51
3.05
2.72
2.49
2.29
2.02
1.63
1.14
0.55
-0.09
-0.77
-1.44
-2.07
-2.64
-3.15
-3.59
-3.92
-4.11
-4.07
-3.75
-3.14
-2.31
-1.37
-0.45
0.36
1.06
1.69
2.33
3.02
3.77
4.47
5.03
5.33
5.34
5.13
4.78
4.43
4.15
3.94
3.78
3.61
3.40
3.12
2.78
2.34
1.84
1.29
0.79
0.37
0.06
-0.17
-0.40
-0.73
-1.23
-1.94
-2.82
-3.77
-4.65
-5.32
-5.65
-5.60
-5.20
-4.53
-3.72
-2.88
-2.09
-1.38
-0.71
-0.02
0.73
1.56
2.42
3.21
3.84
4.24
4.38
4.28
3.99
3.54
3.01
2.43
1.85
1.31
0.87
0.54
0.34
0.22
0.14
0.02
-0.18
-0.53
-1.01
-1.60
-2.25
-2.92
-3.57
-4.18
-4.72
-5.13
-5.36
-5.33
-4.99
-4.33
-3.36
-2.18
-0.91
0.31
1.37
2.22
2.83
3.20
3.35
3.28
3.01
2.61
2.16
1.77
1.50
1.35
1.26
1.13
0.92
0.59
0.19
-0.22
-0.62
-1.03
-1.45
-1.90
-2.36
-2.76
-3.01
-3.06
-2.92
-2.68
-2.48
-2.43
-2.61
-2.99
-3.45
-3.82
-3.91
-3.56
-2.70
-1.42
0.09
1.53
2.67
3.40
3.79
4.02
4.27
4.63
5.06
5.43
5.63
5.64
5.52
5.38
5.27
5.18
5.04
4.79
4.42
4.01
3.70
3.60
3.72
3.95
4.10
3.95
3.39
2.46
1.36
0.33
-0.50
-1.14
-1.73
-2.44
-3.34
-4.35
-5.33
-6.14
-6.68
-6.97
-7.02
-6.86
-6.48
-5.88
-5.07
-4.13
-3.15
-2.23
-1.45
-0.83
-0.38
-0.07
0.14
0.30
0.45
0.60
0.75
0.88
0.97
1.02
0.98
0.82
0.54
0.14
-0.32
-0.76
-1.12
-1.37
-1.52
-1.60
-1.70
-1.83
-2.06
-2.39
-2.83
-3.34
-3.87
-4.38
-4.86
-5.31
-5.72
-6.05
-6.19
-6.00
-5.42
-4.47
-3.29
-2.09
-1.03
-0.21
0.38
0.82
1.16
1.43
1.60
1.67
1.63
1.53
1.42
1.31
1.16
0.94
0.61
0.22
-0.17
-0.46
-0.56
-0.53
-0.44
-0.44
-0.60
-0.95
-1.44
-2.00
-2.62
-3.31
-4.07
-4.87
-5.55
-5.96
-5.96
-5.54
-4.82
-3.98
-3.19
-2.53
-1.98
-1.45
-0.87
-0.25
0.36
0.89
1.28
1.50
1.55
1.45
1.24
0.98
0.72
0.50
0.33
0.21
0.11
-0.00
-0.17
-0.41
-0.70
-0.99
-1.23
-1.39
-1.44
-1.43
-1.43
-1.51
-1.73
-2.09
-2.51
-2.85
-2.97
-2.73
-2.09
-1.09
0.15
1.46
2.67
3.68
4.46
5.05
5.53
5.97
6.39
6.73
6.92
6.89
6.61
6.09
5.39
4.56
3.67
2.81
2.06
1.49
1.12
0.92
0.79
0.62
0.33
-0.10
-0.66
-1.32
-2.02
-2.74
-3.43
-4.03
-4.49
-4.79
-4.94
-4.97
-4.95
-4.87
-4.71
-4.39
-3.85
-3.06
-2.04
-0.90
0.22
1.20
1.95
2.46
2.79
3.01
3.19
3.31
3.36
3.33
3.22
3.09
2.95
2.81
2.60
2.27
1.76
1.09
0.35
-0.36
-0.94
-1.36
-1.62
-1.83
-2.10
-2.54
-3.21
-4.07
-5.04
-5.95
-6.63
-6.98
-6.95
-6.59
-5.96
-5.12
-4.11
-2.94
-1.66
-0.33
0.90
1.90
2.56
2.91
3.07
3.26
3.63
4.22
4.90
5.44
5.65
5.43
4.84
4.02
3.11
2.18
1.25
0.31
-0.62
-1.51
-2.30
-3.03
-3.73
-4.49
-5.33
-6.19
-6.94
-7.44
-7.55
-7.20
-6.38
-5.15
-3.62
-1.98
-0.40
0.98
2.10
2.97
3.65
4.17
4.58
4.88
5.07
5.16
5.13
4.97
4.68
4.30
3.92
3.62
3.47
3.43
3.41
3.28
2.94
2.40
1.73
1.00
0.29
-0.37
-0.99
-1.56
-2.08
-2.55
-2.99
-3.39
-3.75
-4.01
-4.11
-3.96
-3.53
-2.80
-1.79
-0.57
0.78
2.13
3.37
4.39
5.14
5.62
5.85
5.87
5.70
5.39
5.03
4.71
4.48
4.33
4.15
3.84
3.33
2.70
2.09
1.67
1.47
1.39
1.26
0.93
0.41
-0.19
-0.71
-1.08
-1.37
-1.74
-2.31
-3.11
-4.01
-4.84
-5.46
-5.81
-5.90
-5.76
-5.36
-4.67
-3.70
-2.55
-1.39
-0.36
0.46
1.17
1.89
2.75
3.73
4.71
5.49
5.96
6.08
5.94
5.69
5.45
5.25
5.10
4.97
4.82
4.65
4.44
4.15
3.77
3.28
2.68
2.01
1.34
0.73
0.23
-0.19
-0.57
-0.95
-1.40
-1.94
-2.59
-3.32
-4.09
-4.82
-5.42
-5.76
-5.79
-5.48
-4.88
-4.12
-3.33
-2.62
-2.05
-1.61
-1.26
-1.00
-0.84
-0.87
-1.19
-1.89
-2.98
-4.40
-5.98
-7.49
-8.73
-9.55
-9.89
-9.80
-9.40
-8.82
-8.17
-7.49
-6.79
-6.04
-5.27
-4.53
-3.93
-3.54
-3.40
-3.44
-3.53
-3.54
-3.37
-2.99
-2.42
-1.66
-0.70
0.48
1.88
3.46
5.08
6.64
8.05
9.25
10.22
10.91
11.33
11.52
11.64
11.94
12.73
14.21
16.33
18.80
21.07
22.55
22.79
21.65
19.33
16.24
12.87
9.59
6.57
3.81
1.25
-1.19
-3.49
-5.55
-7.29
-8.61
-9.42
-9.64
-9.20
-8.05
-6.22
-3.83
-1.11
1.62
4.03
5.88
7.01
7.47
7.45
7.26
7.22
7.50
8.13
8.92
9.59
9.90
9.73
9.12
8.23
7.26
6.33
5.50
4.70
3.87
2.91
1.79
0.53
-0.81
-2.12
-3.30
-4.30
-5.16
-5.97
-6.85
-7.87
-9.01
-10.14
-11.14
-11.89
-12.36
-12.58
-12.57
-12.34
-11.83
-11.00
-9.87
-8.55
-7.22
-6.08
-5.25
-4.74
-4.44
-4.22
-3.96
-3.61
-3.17
-2.72
-2.31
-1.99
-1.76
-1.60
-1.46
-1.33
-1.20
-1.13
-1.14
-1.28
-1.55
-1.94
-2.44
-3.02
-3.69
-4.43
-5.19
-5.89
-6.44
-6.73
-6.70
-6.34
-5.76
-5.08
-4.45
-3.93
-3.53
-3.13
-2.63
-1.95
-1.12
-0.21
0.65
1.40
2.02
2.50
2.86
3.08
3.16
3.14
3.12
3.18
3.39
3.69
3.97
4.10
4.03
3.78
3.45
3.15
2.95
2.84
2.82
2.87
3.03
3.30
3.68
4.06
4.27
4.18
3.72
2.97
2.09
1.25
0.57
0.09
-0.24
-0.45
-0.54
-0.49
-0.29
-0.03
0.20
0.27
0.16
-0.10
-0.38
-0.57
-0.60
-0.48
-0.26
-0.05
0.06
0.03
-0.16
-0.47
-0.83
-1.16
-1.39
-1.52
-1.63
-1.82
-2.20
-2.80
-3.58
-4.45
-5.25
-5.85
-6.16
-6.16
-5.86
-5.31
-4.54
-3.59
-2.48
-1.28
-0.09
0.98
1.85
2.48
2.92
3.26
3.59
3.93
4.23
4.39
4.33
4.04
3.59
3.13
2.78
2.59
2.50
2.38
2.06
1.32
0.07
-1.72
-3.88
-6.12
-8.09
-9.44
-9.98
-9.68
-8.69
-7.29
-5.76
-4.35
-3.19
-2.30
-1.57
-0.87
-0.11
0.75
1.66
2.56
3.38
4.12
4.81
5.48
6.09
6.56
6.79
6.73
6.41
5.97
5.52
5.13
4.81
4.49
4.11
3.63
3.05
2.40
1.72
0.98
0.17
-0.72
-1.71
-2.74
-3.77
-4.74
-5.57
-6.21
-6.62
-6.80
-6.76
-6.52
-6.12
-5.56
-4.82
-3.90
-2.84
-1.73
-0.71
0.12
0.73
1.16
1.52
1.89
2.29
2.69
2.99
3.14
3.13
3.00
2.79
2.54
2.21
1.79
1.27
0.70
0.18
-0.19
-0.38
-0.46
-0.56
-0.84
-1.40
-2.22
-3.20
-4.16
-4.94
-5.44
-5.59
-5.37
-4.81
-3.96
-2.91
-1.81
-0.81
-0.01
0.56
1.00
1.42
1.95
2.64
3.44
4.22
4.84
5.17
5.17
4.91
4.50
4.09
3.83
3.76
3.85
3.98
3.98
3.72
3.12
2.21
1.08
-0.11
-1.22
-2.13
-2.78
-3.23
-3.55
-3.88
-4.30
-4.85
-5.43
-5.88
-5.95
-5.42
-4.16
-2.20
0.27
2.92
5.39
7.43
8.93
9.91
10.53
10.97
11.35
11.69
11.95
12.00
11.76
11.23
10.54
9.90
9.50
9.45
9.69
10.01
10.13
9.87
9.20
8.21
7.06
5.90
4.79
3.70
2.62
1.58
0.67
0.05
-0.17
0.02
0.51
1.09
1.52
1.60
1.19
0.22
-1.33
-3.41
-5.90
-8.61
-11.28
-13.66
-15.59
-17.04
-18.10
-18.92
-19.55
-19.98
-20.08
-19.75
-18.93
-17.70
-16.23
-14.74
-13.39
-12.27
-11.36
-10.59
-9.81
-8.89
-7.73
-6.24
-4.43
-2.38
-0.26
1.68
3.22
4.18
4.51
4.27
3.62
2.77
1.91
1.18
0.67
0.41
0.42
0.70
1.21
1.87
2.58
3.22
3.71
4.06
4.37
4.76
5.33
6.09
6.95
7.75
8.32
8.58
8.56
8.38
8.18
8.09
8.13
8.16
8.01
7.46
6.44
5.01
3.38
1.77
0.31
-1.00
-2.26
-3.56
-4.91
-6.27
-7.59
-8.84
-10.02
-11.08
-11.85
-12.12
-11.72
-10.68
-9.26
-7.85
-6.75
-6.07
-5.63
-5.15
-4.42
-3.44
-2.39
-1.54
-1.04
-0.90
-0.97
-1.04
-0.98
-0.71
-0.29
0.23
0.73
1.12
1.34
1.35
1.17
0.88
0.58
0.34
0.18
0.05
-0.10
-0.33
-0.59
-0.81
-0.90
-0.77
-0.41
0.19
0.98
1.89
2.80
3.57
4.09
4.28
4.18
3.88
3.55
3.29
3.14
3.01
2.73
2.18
1.33
0.27
-0.86
-1.88
-2.70
-3.32
-3.77
-4.13
-4.43
-4.69
-4.87
-4.98
-5.06
-5.19
-5.43
-5.81
-6.27
-6.70
-6.94
-6.90
-6.56
-5.99
-5.29
-4.51
-3.62
-2.51
-1.08
0.65
2.56
4.46
6.20
7.73
9.09
10.35
11.51
12.50
13.21
13.56
13.58
13.34
12.93
12.38
11.67
10.76
9.64
8.35
6.94
5.51
4.11
2.80
1.66
0.77
0.19
-0.11
-0.23
-0.30
-0.46
-0.79
-1.25
-1.72
-2.11
-2.34
-2.45
-2.50
-2.58
-2.73
-2.89
-2.98
-2.87
-2.49
-1.88
-1.11
-0.32
0.41
1.02
1.49
1.79
1.90
1.83
1.59
1.24
0.86
0.51
0.17
-0.21
-0.72
-1.43
-2.27
-3.11
-3.71
-3.89
-3.57
-2.82
-1.86
-0.93
-0.25
0.06
-0.01
-0.37
-0.92
-1.54
-2.12
-2.54
-2.69
-2.51
-1.97
-1.11
-0.03
1.18
2.44
3.70
4.90
5.99
6.88
7.51
7.84
7.87
7.64
7.19
6.57
5.81
4.97
4.10
3.28
2.59
2.05
1.63
1.28
0.92
0.47
-0.09
-0.77
-1.53
-2.27
-2.92
-3.40
-3.69
-3.79
-3.75
-3.62
-3.43
-3.19
-2.89
-2.50
-2.04
-1.51
-0.94
-0.29
0.45
1.30
2.19
3.05
3.73
4.12
4.16
3.86
3.35
2.78
2.33
2.08
2.03
2.10
2.19
2.23
2.26
2.38
2.63
2.98
3.27
3.28
2.85
1.94
0.68
-0.74
-2.08
-3.19
-3.99
-4.48
-4.71
-4.76
-4.67
-4.44
-4.07
-3.52
-2.77
-1.83
-0.77
0.33
1.40
2.42
3.34
4.12
4.68
4.95
4.91
4.65
4.24
3.78
3.31
2.79
2.23
1.64
1.07
0.57
0.16
-0.20
-0.60
-1.12
-1.80
-2.60
-3.46
-4.28
-5.01
-5.61
-6.07
-6.36
-6.44
-6.25
-5.75
-4.94
-3.89
-2.72
-1.59
-0.62
0.18
0.81
1.36
1.86
2.34
2.78
3.15
3.36
3.36
3.12
2.67
2.15
1.66
1.31
1.07
0.87
0.62
0.28
-0.06
-0.28
-0.29
-0.15
-0.04
-0.18
-0.72
-1.58
-2.55
-3.36
-3.83
-3.96
-3.85
-3.62
-3.33
-2.92
-2.27
-1.34
-0.23
0.85
1.67
2.10
2.19
2.14
2.16
2.35
2.68
2.98
3.10
2.97
2.61
2.13
1.64
1.21
0.82
0.45
0.08
-0.27
-0.57
-0.77
-0.84
-0.77
-0.56
-0.23
0.16
0.55
0.85
0.97
0.83
0.38
-0.35
-1.27
-2.20
-2.89
-3.12
-2.80
-1.95
-0.78
0.43
1.46
2.15
2.47
2.47
2.19
1.66
0.86
-0.22
-1.50
-2.82
-3.97
-4.75
-5.01
-4.72
-3.94
-2.79
-1.45
-0.09
1.12
2.07
2.73
3.13
3.37
3.51
3.61
3.61
3.43
3.00
2.32
1.48
0.63
-0.07
-0.49
-0.57
-0.37
-0.00
0.35
0.54
0.49
0.25
-0.06
-0.26
-0.22
0.08
0.51
0.91
1.16
1.23
1.21
1.24
1.40
1.66
1.86
1.81
1.38
0.56
-0.55
-1.81
-3.15
-4.62
-6.28
-8.18
-10.26
-12.34
-14.22
-15.70
-16.70
-17.21
-17.23
-16.75
-15.72
-14.22
-12.43
-10.63
-9.12
-8.10
-7.51
-7.14
-6.67
-5.88
-4.70
-3.25
-1.75
-0.38
0.76
1.71
2.53
3.31
4.04
4.67
5.14
5.41
5.48
5.41
5.28
5.19
5.15
5.13
5.04
4.79
4.29
3.53
2.56
1.48
0.44
-0.42
-0.97
-1.15
-0.98
-0.55
-0.00
0.51
0.87
1.06
1.14
1.20
1.39
1.75
2.26
2.82
3.25
3.42
3.26
2.84
2.27
1.76
1.43
1.35
1.45
1.62
1.72
1.64
1.34
0.87
0.29
-0.29
-0.76
-1.09
-1.30
-1.49
-1.75
-2.17
-2.69
-3.18
-3.45
-3.40
-2.99
-2.33
-1.57
-0.83
-0.23
0.19
0.41
0.48
0.47
0.50
0.72
1.23
2.03
3.01
3.98
4.75
5.24
5.45
5.49
5.48
5.49
5.56
5.68
5.90
6.27
6.84
7.60
8.48
9.27
9.77
9.82
9.40
8.67
7.83
7.09
6.56
6.26
6.18
6.31
6.74
7.52
8.68
10.07
11.44
12.49
13.01
12.99
12.61
12.10
11.62
11.21
10.75
10.13
9.39
8.76
8.60
9.21
10.68
12.76
14.89
16.43
16.84
15.93
13.87
11.16
8.36
5.90
3.95
2.40
1.02
-0.48
-2.46
-5.29
-9.32
-14.61
-20.72
-26.67
-31.14
-33.01
-31.79
-27.85
-22.23
-16.15
-10.52
-5.79
-1.99
0.95
2.98
3.92
3.62
2.15
-0.19
-2.86
-5.31
-7.10
-8.02
-8.14
-7.71
-7.10
-6.61
-6.39
-6.42
-6.60
-6.84
-7.19
-7.78
-8.78
-10.23
-12.02
-13.88
-15.55
-16.86
-17.75
-18.26
-18.40
-18.18
-17.52
-16.37
-14.77
-12.83
-10.77
-8.77
-6.93
-5.28
-3.81
-2.48
-1.31
-0.32
0.50
1.21
1.88
2.60
3.32
3.94
4.29
4.24
3.77
3.03
2.27
1.75
1.62
1.87
2.32
2.75
2.96
2.85
2.45
1.84
1.13
0.38
-0.37
-1.08
-1.67
-2.01
-1.99
-1.53
-0.69
0.42
1.60
2.71
3.67
4.49
5.19
5.76
6.15
6.23
5.93
5.28
4.39
3.46
2.66
2.09
1.71
1.46
1.27
1.10
0.97
0.91
0.91
0.87
0.68
0.21
-0.56
-1.57
-2.66
-3.64
-4.34
-4.66
-4.62
-4.27
-3.71
-3.02
-2.29
-1.61
-1.06
-0.72
-0.61
-0.67
-0.78
-0.80
-0.64
-0.26
0.29
0.95
1.64
2.32
2.94
3.44
3.78
3.92
3.88
3.68
3.39
3.08
2.80
2.60
2.50
2.51
2.63
2.82
2.97
3.00
2.81
2.41
1.92
1.52
1.41
1.68
2.26
3.00
3.68
4.15
4.37
4.41
4.37
4.36
4.38
4.39
4.36
4.23
4.05
3.86
3.71
3.60
3.53
3.43
3.25
2.94
2.50
1.95
1.35
0.78
0.30
-0.03
-0.24
-0.41
-0.64
-1.04
-1.63
-2.32
-2.93
-3.33
-3.46
-3.37
-3.23
-3.17
-3.23
-3.34
-3.33
-3.08
-2.54
-1.76
-0.83
0.22
1.39
2.67
3.99
5.17
5.97
6.20
5.85
5.06
4.10
3.23
2.59
2.19
1.93
1.74
1.55
1.32
1.01
0.55
-0.10
-0.94
-1.86
-2.71
-3.31
-3.52
-3.29
-2.64
-1.70
-0.67
0.27
1.00
1.50
1.89
2.30
2.83
3.45
4.04
4.44
4.58
4.47
4.23
4.01
3.87
3.83
3.86
3.88
3.84
3.72
3.51
3.22
2.92
2.64
2.40
2.22
2.05
1.88
1.67
1.44
1.18
0.89
0.54
0.08
-0.50
-1.21
-2.02
-2.86
-3.69
-4.45
-5.11
-5.65
-6.08
-6.45
-6.84
-7.28
-7.76
-8.12
-8.10
-7.43
-5.87
-3.43
-0.34
2.92
5.84
7.96
9.11
9.42
9.24
8.95
8.79
8.74
8.50
7.68
6.04
3.60
0.73
-1.99
-3.95
-4.69
-3.97
-1.82
1.46
5.28
8.77
10.90
10.83
8.30
3.78
-1.58
-6.46
-9.85
-11.44
-11.61
-11.11
-10.71
-10.80
-11.29
-11.75
-11.59
-10.32
-7.78
-4.20
-0.18
3.50
6.26
7.85
8.50
8.71
8.94
9.38
9.93
10.37
10.60
10.72
11.03
11.78
13.01
14.49
15.80
16.46
16.16
14.84
12.71
10.18
7.67
5.46
3.63
2.04
0.46
-1.28
-3.21
-5.18
-6.98
-8.39
-9.28
-9.66
-9.59
-9.16
-8.50
-7.74
-6.99
-6.39
-6.02
-5.94
-6.19
-6.78
-7.67
-8.77
-9.95
-11.05
-11.96
-12.58
-12.92
-13.01
-12.91
-12.68
-12.42
-12.24
-12.31
-12.73
-13.51
-14.48
-15.38
-15.96
-16.04
-15.59
-14.70
-13.45
-11.93
-10.20
-8.32
-6.41
-4.64
-3.15
-2.02
-1.25
-0.77
-0.49
-0.34
-0.28
-0.27
-0.32
-0.39
-0.49
-0.62
-0.81
-1.05
-1.37
-1.75
-2.22
-2.77
-3.38
-4.02
-4.61
-5.10
-5.49
-5.82
-6.13
-6.43
-6.61
-6.51
-6.03
-5.18
-4.13
-3.12
-2.40
-2.03
-1.93
-1.90
-1.77
-1.44
-0.98
-0.50
-0.06
0.43
1.15
2.31
3.98
6.07
8.31
10.40
12.05
13.15
13.65
13.61
13.13
12.32
11.36
10.43
9.69
9.18
8.81
8.42
7.85
7.05
6.06
4.94
3.67
2.16
0.34
-1.71
-3.75
-5.35
-6.09
-5.64
-3.92
-1.16
2.21
5.53
8.15
9.61
9.78
8.94
7.64
6.44
5.63
5.15
4.63
3.66
2.00
-0.21
-2.59
-4.71
-6.25
-7.13
-7.46
-7.42
-7.15
-6.75
-6.22
-5.55
-4.74
-3.83
-2.88
-1.99
-1.23
-0.66
-0.25
0.06
0.36
0.73
1.15
1.49
1.60
1.36
0.75
-0.09
-0.93
-1.55
-1.80
-1.62
-1.04
-0.15
0.93
2.13
3.37
4.61
5.80
6.89
7.81
8.42
8.61
8.30
7.50
6.34
5.07
3.96
3.22
2.95
3.14
3.65
4.32
5.00
5.58
6.00
6.26
6.36
6.35
6.29
6.25
6.28
6.37
6.43
6.34
5.98
5.25
4.13
2.59
0.64
-1.67
-4.26
-6.92
-9.39
-11.44
-13.03
-14.32
-15.59
-17.13
-18.97
-20.83
-22.26
-22.79
-22.21
-20.61
-18.34
-15.82
-13.40
-11.26
-9.43
-7.87
-6.49
-5.21
-3.97
-2.69
-1.38
-0.07
1.20
2.40
3.57
4.79
6.11
7.49
8.80
9.86
10.55
10.88
10.99
11.05
11.13
11.17
10.94
10.25
9.01
7.32
5.42
3.63
2.21
1.31
1.00
1.22
1.89
2.82
3.85
4.80
5.56
6.11
6.49
6.76
6.95
7.02
6.93
6.67
6.23
5.66
5.03
4.38
3.71
3.01
2.24
1.42
0.62
-0.12
-0.71
-1.14
-1.50
-1.88
-2.42
-3.17
-4.11
-5.12
-6.08
-6.85
-7.35
-7.47
-7.17
-6.44
-5.36
-4.11
-2.89
-1.83
-0.97
-0.23
0.53
1.39
2.40
3.46
4.46
5.28
5.82
6.04
5.96
5.65
5.24
4.87
4.65
4.64
4.75
4.88
4.91
4.76
4.43
3.93
3.30
2.54
1.71
0.84
0.02
-0.65
-1.07
-1.20
-1.03
-0.57
0.10
0.87
1.65
2.34
2.90
3.33
3.70
4.05
4.38
4.64
4.72
4.57
4.19
3.67
3.16
2.80
2.59
2.46
2.25
1.86
1.29
0.64
0.09
-0.27
-0.47
-0.64
-0.95
-1.46
-2.16
-2.93
-3.61
-4.10
-4.35
-4.34
-4.09
-3.61
-2.94
-2.13
-1.28
-0.47
0.25
0.87
1.40
1.87
2.27
2.58
2.77
2.84
2.79
2.66
2.48
2.28
2.12
1.98
1.85
1.67
1.36
0.88
0.28
-0.34
-0.87
-1.26
-1.58
-1.94
-2.44
-3.05
-3.60
-3.84
-3.62
-2.94
-1.99
-1.03
-0.28
0.20
0.48
0.73
1.10
1.65
2.29
2.89
3.29
3.41
3.23
2.84
2.36
1.92
1.56
1.31
1.11
0.92
0.73
0.56
0.41
0.31
0.21
0.05
-0.23
-0.68
-1.30
-2.06
-2.87
-3.57
-4.01
-4.06
-3.68
-2.95
-2.02
-1.09
-0.30
0.25
0.60
0.79
0.93
1.10
1.36
1.73
2.18
2.61
2.87
2.87
2.59
2.14
1.66
1.33
1.22
1.32
1.52
1.68
1.71
1.58
1.35
1.10
0.91
0.78
0.64
0.42
0.08
-0.36
-0.82
-1.21
-1.53
-1.81
-2.12
-2.50
-2.92
-3.33
-3.67
-3.95
-4.19
-4.42
-4.64
-4.79
-4.78
-4.56
-4.14
-3.58
-2.99
-2.46
-2.05
-1.78
-1.59
-1.45
-1.32
-1.18
-1.06
-0.98
-1.01
-1.16
-1.43
-1.78
-2.19
-2.62
-3.07
-3.54
-4.02
-4.45
-4.73
-4.78
-4.58
-4.20
-3.80
-3.56
-3.61
-3.95
-4.43
-4.88
-5.15
-5.20
-5.10
-4.93
-4.80
-4.75
-4.79
-4.93
-5.17
-5.43
-5.62
-5.59
-5.19
-4.38
-3.23
-1.94
-0.68
0.42
1.34
2.15
2.93
3.72
4.49
5.21
5.83
6.35
6.75
7.02
7.10
6.94
6.52
5.91
5.23
4.64
4.28
4.18
4.29
4.46
4.55
4.40
3.98
3.30
2.47
1.61
0.83
0.13
-0.52
-1.17
-1.86
-2.51
-3.05
-3.40
-3.58
-3.70
-3.93
-4.38
-5.05
-5.83
-6.53
-6.98
-7.09
-6.87
-6.36
-5.59
-4.60
-3.43
-2.17
-0.96
0.05
0.78
1.23
1.50
1.72
1.95
2.16
2.28
2.28
2.16
2.01
1.93
1.96
2.06
2.12
2.04
1.76
1.33
0.82
0.32
-0.14
-0.57
-1.03
-1.54
-2.08
-2.57
-2.93
-3.10
-3.09
-2.98
-2.87
-2.86
-3.01
-3.31
-3.71
-4.13
-4.45
-4.59
-4.46
-4.04
-3.38
-2.55
-1.69
-0.89
-0.21
0.37
0.87
1.31
1.69
1.95
2.10
2.15
2.16
2.21
2.35
2.59
2.85
3.07
3.14
3.05
2.82
2.55
2.33
2.22
2.17
2.08
1.84
1.37
0.74
0.08
-0.43
-0.70
-0.70
-0.50
-0.19
0.11
0.27
0.17
-0.28
-1.10
-2.22
-3.41
-4.38
-4.91
-4.88
-4.34
-3.46
-2.45
-1.48
-0.65
0.03
0.57
1.04
1.52
2.08
2.70
3.33
3.90
4.30
4.52
4.56
4.47
4.29
4.05
3.76
3.43
3.07
2.72
2.46
2.31
2.24
2.20
2.08
1.79
1.31
0.68
0.00
-0.58
-1.00
-1.24
-1.42
-1.66
-2.08
-2.69
-3.44
-4.19
-4.73
-4.91
-4.63
-3.93
-2.95
-1.90
-1.00
-0.35
0.07
0.39
0.74
1.19
1.73
2.24
2.63
2.85
2.93
2.95
2.98
3.05
3.12
3.11
3.00
2.77
2.50
2.28
2.13
2.04
1.92
1.66
1.20
0.57
-0.16
-0.85
-1.39
-1.75
-1.99
-2.24
-2.65
-3.27
-4.03
-4.73
-5.14
-5.05
-4.42
-3.40
-2.26
-1.27
-0.59
-0.21
0.06
0.42
1.02
1.89
2.93
3.93
4.70
5.04
4.89
4.28
3.36
2.36
1.50
0.94
0.73
0.79
0.99
1.18
1.23
1.09
0.76
0.28
-0.30
-0.91
-1.45
-1.86
-2.15
-2.38
-2.68
-3.12
-3.72
-4.36
-4.89
-5.17
-5.10
-4.67
-3.90
-2.87
-1.66
-0.40
0.81
1.87
2.72
3.36
3.81
4.07
4.12
3.91
3.44
2.82
2.20
1.74
1.55
1.62
1.85
2.18
2.58
3.05
3.55
3.98
4.19
4.07
3.59
2.82
1.93
1.05
0.26
-0.45
-1.09
-1.70
-2.28
-2.84
-3.39
-3.96
-4.53
-5.03
-5.36
-5.44
-5.26
-4.84
-4.28
-3.62
-2.90
-2.13
-1.30
-0.43
0.41
1.18
1.82
2.30
2.64
2.86
2.97
3.03
3.06
3.09
3.16
3.27
3.39
3.45
3.38
3.16
2.82
2.48
2.27
2.23
2.32
2.38
2.22
1.78
1.14
0.57
0.32
0.55
1.19
2.00
2.72
3.15
3.28
3.23
3.21
3.45
4.14
5.41
7.25
9.45
11.58
13.08
13.45
12.51
10.48
7.99
5.77
4.39
4.00
4.36
5.01
5.51
5.65
5.48
5.19
5.00
5.00
5.15
5.33
5.42
5.36
5.17
4.90
4.61
4.36
4.21
4.22
4.42
4.80
5.27
5.70
5.90
5.73
5.01
3.64
1.58
-1.11
-4.20
-7.33
-10.06
-12.02
-13.00
-13.08
-12.51
-11.61
-10.65
-9.71
-8.82
-7.91
-6.90
-5.76
-4.47
-3.04
-1.51
0.02
1.43
2.55
3.27
3.56
3.47
3.12
2.66
2.22
1.85
1.56
1.27
0.93
0.51
0.02
-0.48
-0.96
-1.35
-1.62
-1.74
-1.74
-1.68
-1.73
-2.08
-2.85
-4.01
-5.36
-6.57
-7.35
-7.56
-7.28
-6.71
-6.09
-5.55
-5.14
-4.85
-4.67
-4.62
-4.71
-4.93
-5.16
-5.25
-5.11
-4.70
-4.10
-3.48
-2.98
-2.70
-2.60
-2.60
-2.54
-2.36
-2.07
-1.74
-1.53
-1.51
-1.66
-1.91
-2.15
-2.29
-2.32
-2.31
-2.29
-2.24
-2.11
-1.87
-1.56
-1.32
-1.33
-1.68
-2.32
-3.05
-3.62
-3.87
-3.72
-3.27
-2.66
-1.99
-1.32
-0.63
0.14
0.98
1.86
2.68
3.34
3.78
4.00
4.05
4.04
4.07
4.20
4.38
4.56
4.63
4.54
4.32
4.08
3.91
3.86
3.91
3.99
4.03
3.96
3.76
3.41
2.90
2.22
1.40
0.50
-0.39
-1.20
-1.89
-2.51
-3.12
-3.82
-4.61
-5.43
-6.16
-6.66
-6.80
-6.56
-6.02
-5.30
-4.57
-3.94
-3.48
-3.17
-2.98
-2.81
-2.65
-2.51
-2.50
-2.74
-3.25
-3.95
-4.64
-5.08
-5.17
-4.92
-4.47
-3.93
-3.31
-2.53
-1.47
-0.14
1.31
2.62
3.57
4.08
4.24
4.22
4.19
4.17
4.10
3.85
3.30
2.39
1.16
-0.30
-1.84
-3.33
-4.66
-5.75
-6.51
-6.87
-6.79
-6.26
-5.36
-4.27
-3.18
-2.26
-1.55
-0.98
-0.38
0.41
1.49
2.81
4.20
5.43
6.33
6.79
6.85
6.62
6.27
5.92
5.61
5.33
5.06
4.78
4.53
4.35
4.27
4.25
4.22
4.15
3.99
3.75
3.45
3.08
2.60
1.93
1.08
0.08
-0.89
-1.68
-2.14
-2.22
-2.01
-1.66
-1.35
-1.18
-1.16
-1.27
-1.45
-1.69
-2.01
-2.42
-2.88
-3.31
-3.59
-3.66
-3.57
-3.39
-3.19
-2.99
-2.76
-2.43
-1.98
-1.49
-1.06
-0.83
-0.82
-1.01
-1.30
-1.62
-1.92
-2.19
-2.44
-2.70
-2.98
-3.25
-3.47
-3.57
-3.52
-3.37
-3.17
-3.00
-2.86
-2.68
-2.31
-1.65
-0.70
0.39
1.40
2.08
2.33
2.19
1.82
1.40
1.06
0.82
0.67
0.61
0.64
0.76
0.93
1.05
1.04
0.84
0.52
0.19
-0.01
-0.03
0.10
0.29
0.43
0.48
0.44
0.35
0.24
0.09
-0.14
-0.50
-1.02
-1.70
-2.53
-3.42
-4.27
-4.94
-5.30
-5.24
-4.72
-3.81
-2.63
-1.36
-0.16
0.86
1.70
2.39
3.04
3.77
4.62
5.56
6.45
7.14
7.44
7.31
6.80
6.08
5.31
4.60
3.99
3.45
2.92
2.32
1.60
0.71
-0.37
-1.59
-2.84
-3.96
-4.82
-5.38
-5.72
-6.06
-6.60
-7.49
-8.68
-9.94
-10.92
-11.28
-10.75
-9.28
-7.03
-4.31
-1.51
1.04
3.12
4.68
5.79
6.58
7.23
7.88
8.65
9.58
10.66
11.76
12.71
13.32
13.49
13.21
12.64
12.00
11.50
11.30
11.41
11.72
12.09
12.36
12.44
12.33
12.08
11.82
11.68
11.73
11.99
12.42
12.98
13.64
14.42
15.35
16.37
17.36
18.10
18.38
18.06
17.15
15.80
14.27
12.75
11.33
9.95
8.53
7.01
5.47
4.09
3.10
2.60
2.51
2.54
2.38
1.72
0.44
-1.48
-3.98
-7.06
-10.68
-14.77
-19.06
-23.16
-26.64
-29.19
-30.76
-31.52
-31.74
-31.63
-31.23
-30.46
-29.24
-27.56
-25.59
-23.53
-21.58
-19.83
-18.29
-16.93
-15.67
-14.47
-13.32
-12.19
-11.07
-9.97
-8.96
-8.11
-7.46
-6.97
-6.57
-6.12
-5.55
-4.87
-4.17
-3.59
-3.21
-3.03
-2.95
-2.85
-2.60
-2.15
-1.54
-0.86
-0.23
0.24
0.45
0.37
-0.01
-0.61
-1.31
-1.94
-2.30
-2.29
-1.92
-1.37
-0.91
-0.84
-1.32
-2.32
-3.60
-4.79
-5.55
-5.68
-5.13
-4.00
-2.46
-0.75
0.96
2.50
3.81
4.91
5.87
6.79
7.66
8.41
8.86
8.84
8.23
7.05
5.43
3.58
1.69
-0.05
-1.53
-2.66
-3.42
-3.83
-3.95
-3.86
-3.64
-3.35
-2.99
-2.60
-2.20
-1.86
-1.63
-1.53
-1.54
-1.57
-1.49
-1.17
-0.50
0.61
2.15
4.03
6.07
8.08
9.91
11.53
13.00
14.46
16.00
17.56
18.94
19.82
19.91
19.02
17.17
14.60
11.64
8.65
5.93
3.61
1.73
0.21
-1.01
-2.00
-2.78
-3.40
-3.90
-4.36
-4.83
-5.33
-5.83
-6.30
-6.72
-7.06
-7.36
-7.66
-8.05
-8.59
-9.32
-10.19
-11.05
-11.63
-11.66
-10.95
-9.49
-7.46
-5.19
-3.04
-1.27
-0.00
0.83
1.36
1.80
2.30
2.91
3.62
4.30
4.81
5.05
5.01
4.82
4.64
4.61
4.79
5.13
5.51
5.84
6.09
6.24
6.31
6.30
6.22
6.06
5.86
5.64
5.40
5.09
4.62
3.93
3.03
2.02
1.05
0.30
-0.14
-0.22
0.04
0.56
1.25
1.97
2.62
3.10
3.38
3.51
3.60
3.79
4.14
4.64
5.14
5.48
5.53
5.28
4.79
4.20
3.58
2.90
2.05
0.88
-0.71
-2.70
-4.98
-7.36
-9.67
-11.76
-13.52
-14.92
-15.95
-16.60
-16.84
-16.66
-16.06
-15.08
-13.74
-12.07
-10.02
-7.51
-4.52
-1.10
2.57
6.19
9.44
12.09
14.06
15.40
16.26
16.82
17.21
17.50
17.70
17.78
17.68
17.32
16.61
15.55
14.21
12.75
11.38
10.28
9.49
8.94
8.42
7.74
6.78
5.56
4.21
2.83
1.51
0.24
-1.00
-2.19
-3.25
-4.12
-4.75
-5.19
-5.52
-5.78
-5.97
-5.96
-5.64
-4.94
-3.89
-2.68
-1.57
-0.76
-0.39
-0.45
-0.80
-1.26
-1.70
-2.04
-2.27
-2.47
-2.70
-3.04
-3.52
-4.16
-4.92
-5.77
-6.65
-7.52
-8.31
-8.95
-9.38
-9.56
-9.47
-9.20
-8.86
-8.61
-8.57
-8.73
-8.94
-8.98
-8.64
-7.84
-6.66
-5.22
-3.67
-2.01
-0.20
1.80
3.92
5.97
7.69
8.87
9.42
9.42
9.03
8.38
7.53
6.44
5.10
3.59
2.05
0.72
-0.23
-0.76
-0.95
-1.00
-1.10
-1.40
-1.89
-2.47
-2.99
-3.30
-3.36
-3.20
-2.97
-2.82
-2.86
-3.15
-3.60
-4.10
-4.49
-4.65
-4.47
-3.93
-3.04
-1.83
-0.37
1.25
2.93
4.57
6.07
7.35
8.33
9.02
9.42
9.58
9.53
9.32
8.94
8.37
7.59
6.61
5.49
4.34
3.29
2.43
1.81
1.39
1.11
0.91
0.78
0.75
0.86
1.14
1.53
1.93
2.22
2.31
2.17
1.84
1.33
0.64
-0.20
-1.14
-2.00
-2.55
-2.55
-1.86
-0.58
1.01
2.53
3.67
4.27
4.36
4.02
3.33
2.32
0.99
-0.59
-2.26
-3.82
-5.09
-6.02
-6.65
-7.06
-7.30
-7.35
-7.20
-6.88
-6.55
-6.37
-6.48
-6.91
-7.56
-8.26
-8.88
-9.37
-9.79
-10.26
-10.89
-11.66
-12.50
-13.25
-13.77
-14.00
-13.90
-13.49
-12.77
-11.74
-10.38
-8.74
-6.93
-5.08
-3.33
-1.74
-0.33
0.92
1.97
2.81
3.41
3.82
4.15
4.50
4.90
5.33
5.68
5.87
5.85
5.62
5.24
4.75
4.22
3.73
3.35
3.15
3.16
3.32
3.50
3.61
3.56
3.35
3.01
2.59
2.18
1.86
1.74
1.92
2.44
3.27
4.27
5.30
6.24
7.10
7.93
8.79
9.67
10.50
11.12
11.42
11.37
11.06
10.63
10.28
10.15
10.29
10.69
11.27
11.91
12.48
12.86
12.92
12.59
11.81
10.57
8.87
6.74
4.16
1.12
-2.36
-6.19
-10.18
-14.04
-17.47
-20.21
-22.08
-23.04
-23.17
-22.68
-21.79
-20.73
-19.65
-18.58
-17.49
-16.32
-15.03
-13.61
-12.08
-10.49
-8.84
-7.18
-5.55
-4.02
-2.68
-1.57
-0.71
-0.04
0.50
0.93
1.27
1.51
1.66
1.74
1.74
1.60
1.21
0.51
-0.46
-1.51
-2.34
-2.73
-2.63
-2.24
-1.89
-1.84
-2.18
-2.75
-3.31
-3.60
-3.52
-3.06
-2.28
-1.25
-0.04
1.27
2.56
3.73
4.68
5.43
6.07
6.68
7.30
7.89
8.37
8.66
8.74
8.65
8.46
8.24
8.03
7.84
7.65
7.44
7.21
6.99
6.82
6.73
6.72
6.72
6.60
6.26
5.65
4.83
3.95
3.20
2.76
2.66
2.82
3.08
3.26
3.21
2.84
2.21
1.43
0.71
0.30
0.42
1.18
2.56
4.39
6.37
8.18
9.55
10.32
10.50
10.18
9.52
8.65
7.68
6.60
5.41
4.14
2.89
1.81
1.07
0.72
0.65
0.62
0.37
-0.30
-1.42
-2.87
-4.41
-5.74
-6.58
-6.75
-6.19
-5.00
-3.45
-1.87
-0.60
0.18
0.45
0.37
0.18
0.06
0.03
-0.02
-0.33
-1.06
-2.26
-3.74
-5.18
-6.23
-6.61
-6.24
-5.21
-3.77
-2.21
-0.90
-0.19
-0.35
-1.51
-3.60
-6.25
-8.94
-11.15
-12.50
-12.93
-12.61
-11.87
-11.00
-10.13
-9.23
-8.20
-6.91
-5.39
-3.82
-2.47
-1.56
-1.21
-1.36
-1.80
-2.30
-2.63
-2.66
-2.38
-1.79
-0.93
0.14
1.33
2.56
3.70
4.71
5.56
6.26
6.85
7.33
7.74
8.05
8.30
8.49
8.59
8.58
8.36
7.90
7.22
6.37
5.47
4.62
3.86
3.20
2.62
2.11
1.63
1.15
0.58
-0.21
-1.29
-2.68
-4.24
-5.72
-6.90
-7.60
-7.79
-7.52
-6.88
-5.96
-4.82
-3.56
-2.27
-1.09
-0.10
0.69
1.36
2.01
2.65
3.23
3.63
3.76
3.62
3.30
2.93
2.57
2.21
1.81
1.38
0.97
0.69
0.63
0.79
1.07
1.34
1.51
1.57
1.58
1.62
1.72
1.87
2.01
2.12
2.20
2.25
2.29
2.26
2.06
1.56
0.69
-0.53
-1.95
-3.36
-4.55
-5.43
-6.08
-6.71
-7.53
-8.65
-9.94
-11.15
-11.98
-12.32
-12.23
-11.96
-11.72
-11.65
-11.65
-11.49
-10.94
-9.90
-8.42
-6.65
-4.75
-2.77
-0.68
1.55
3.86
6.10
8.12
9.88
11.50
13.20
15.18
17.42
19.67
21.52
22.61
22.79
22.09
20.66
18.61
15.99
12.76
8.93
4.66
0.27
-3.85
-7.32
-9.89
-11.52
-12.32
-12.49
-12.21
-11.59
-10.71
-9.59
-8.32
-7.05
-5.93
-5.08
-4.50
-4.05
-3.57
-2.89
-2.00
-0.95
0.11
1.08
1.92
2.64
3.29
3.87
4.35
4.72
4.94
5.05
5.10
5.11
5.09
4.98
4.78
4.51
4.24
4.07
4.05
4.13
4.23
4.26
4.14
3.92
3.68
3.56
3.67
4.07
4.71
5.49
6.25
6.88
7.36
7.74
8.15
8.69
9.38
10.14
10.80
11.21
11.31
11.17
10.96
10.86
10.93
11.05
10.92
10.25
8.87
6.81
4.26
1.47
-1.38
-4.24
-7.12
-10.03
-12.91
-15.59
-17.84
-19.49
-20.43
-20.69
-20.47
-20.07
-19.82
-19.91
-20.36
-20.99
-21.53
-21.71
-21.42
-20.64
-19.46
-17.96
-16.22
-14.36
-12.51
-10.82
-9.37
-8.13
-6.92
-5.56
-3.95
-2.17
-0.44
1.02
2.13
2.99
3.78
4.65
5.61
6.49
7.05
7.20
7.01
6.70
6.45
6.34
6.25
6.01
5.50
4.74
3.86
3.03
2.32
1.71
1.16
0.61
0.09
-0.37
-0.71
-0.91
-0.97
-0.88
-0.58
-0.06
0.67
1.51
2.31
2.96
3.40
3.68
3.86
4.01
4.10
4.09
3.90
3.53
3.06
2.61
2.28
2.14
2.16
2.26
2.36
2.40
2.33
2.15
1.85
1.45
0.94
0.39
-0.16
-0.68
-1.14
-1.58
-2.03
-2.55
-3.14
-3.73
-4.19
-4.42
-4.31
-3.83
-3.05
-2.07
-1.06
-0.17
0.48
0.90
1.12
1.27
1.46
1.73
2.07
2.40
2.62
2.69
2.64
2.57
2.55
2.62
2.74
2.79
2.71
2.48
2.17
1.88
1.69
1.65
1.71
1.81
1.87
1.86
1.76
1.53
1.17
0.68
0.14
-0.33
-0.57
-0.46
-0.04
0.57
1.14
1.53
1.69
1.73
1.81
2.03
2.38
2.68
2.67
2.15
1.08
-0.45
-2.21
-3.96
-5.56
-6.92
-8.06
-8.99
-9.73
-10.30
-10.72
-11.03
-11.26
-11.40
-11.40
-11.19
-10.69
-9.86
-8.72
-7.31
-5.71
-4.00
-2.31
-0.75
0.61
1.77
2.81
3.89
5.13
6.56
8.04
9.37
10.32
10.75
10.64
10.08
9.23
8.24
7.23
6.29
5.46
4.76
4.14
3.51
2.79
1.93
0.97
0.02
-0.80
-1.39
-1.73
-1.84
-1.75
-1.50
-1.16
-0.80
-0.53
-0.45
-0.61
-1.02
-1.66
-2.47
-3.42
-4.40
-5.26
-5.80
-5.86
-5.38
-4.51
-3.48
-2.56
-1.86
-1.35
-0.85
-0.22
0.61
1.55
2.44
3.12
3.52
3.65
3.56
3.32
3.00
2.65
2.36
2.15
2.04
1.97
1.82
1.51
0.98
0.27
-0.47
-1.10
-1.52
-1.75
-1.93
-2.23
-2.79
-3.61
-4.55
-5.43
-6.05
-6.27
-6.05
-5.39
-4.39
-3.15
-1.82
-0.56
0.56
1.51
2.33
3.10
3.81
4.43
4.90
5.19
5.31
5.34
5.33
5.32
5.29
5.23
5.12
4.95
4.71
4.34
3.82
3.14
2.35
1.53
0.78
0.12
-0.43
-0.92
-1.39
-1.87
-2.42
-3.09
-3.93
-4.90
-5.90
-6.76
-7.27
-7.34
-6.96
-6.25
-5.37
-4.45
-3.55
-2.63
-1.64
-0.54
0.66
1.86
2.92
3.72
4.19
4.35
4.31
4.23
4.28
4.57
5.17
6.02
7.03
8.07
9.04
9.85
10.43
10.74
10.73
10.44
10.00
9.57
9.36
9.45
9.80
10.26
10.61
10.66
10.33
9.70
8.96
8.40
8.25
8.58
9.17
9.61
9.40
8.17
5.96
3.19
0.53
-1.43
-2.36
-2.33
-1.66
-0.70
0.27
1.11
1.65
1.67
0.88
-0.92
-3.70
-7.18
-10.98
-14.75
-18.39
-22.00
-25.74
-29.66
-33.52
-36.90
-39.29
-40.32
-39.87
-38.14
-35.50
-32.36
-29.09
-25.94
-23.05
-20.40
-17.90
-15.35
-12.51
-9.19
-5.41
-1.43
2.30
5.31
7.32
8.36
8.78
9.09
9.73
10.97
12.80
15.10
17.66
20.28
22.78
24.96
26.67
27.84
28.52
28.84
28.98
29.00
28.89
28.54
27.84
26.76
25.33
23.59
21.54
19.14
16.30
13.07
9.62
6.27
3.32
0.99
-0.69
-1.84
-2.64
-3.26
-3.71
-3.98
-3.99
-3.78
-3.50
-3.36
-3.54
-4.11
-5.01
-6.06
-7.12
-8.08
-8.90
-9.61
-10.24
-10.76
-11.12
-11.27
-11.18
-10.86
-10.38
-9.83
-9.25
-8.70
-8.19
-7.74
-7.36
-7.04
-6.75
-6.44
-6.10
-5.80
-5.66
-5.78
-6.18
-6.72
-7.14
-7.16
-6.60
-5.48
-3.95
-2.24
-0.47
1.29
3.04
4.77
6.39
7.82
8.98
9.88
10.60
11.23
11.81
12.32
12.70
12.88
12.80
12.44
11.79
10.86
9.70
8.40
7.16
6.17
5.60
5.47
5.61
5.70
5.36
4.32
2.56
0.30
-2.06
-4.11
-5.62
-6.55
-7.03
-7.29
-7.48
-7.68
-7.88
-8.01
-8.01
-7.85
-7.52
-7.05
-6.46
-5.81
-5.12
-4.42
-3.76
-3.17
-2.76
-2.59
-2.71
-3.10
-3.62
-4.15
-4.58
-4.87
-5.02
-5.04
-4.91
-4.58
-4.02
-3.21
-2.23
-1.23
-0.36
0.27
0.65
0.84
0.93
1.00
1.04
1.01
0.88
0.65
0.36
0.08
-0.15
-0.35
-0.64
-1.13
-1.85
-2.68
-3.41
-3.77
-3.62
-2.97
-1.99
-0.92
0.12
1.10
2.16
3.43
4.94
6.61
8.20
9.49
10.30
10.62
10.54
10.27
10.01
9.95
10.14
10.57
11.13
11.68
12.12
12.37
12.40
12.15
11.60
10.71
9.53
8.20
6.94
5.96
5.30
4.84
4.28
3.35
1.93
0.13
-1.73
-3.35
-4.54
-5.33
-5.88
-6.38
-6.93
-7.50
-8.04
-8.52
-9.00
-9.67
-10.72
-12.31
-14.47
-17.11
-19.97
-22.68
-24.84
-26.12
-26.37
-25.63
-24.11
-22.04
-19.58
-16.78
-13.59
-9.96
-6.01
-2.02
1.63
4.56
6.55
7.61
7.92
7.76
7.35
6.84
6.30
5.73
5.14
4.53
3.94
3.39
2.90
2.43
1.95
1.41
0.79
0.08
-0.74
-1.64
-2.57
-3.42
-4.01
-4.20
-3.88
-3.07
-1.92
-0.60
0.77
2.08
3.32
4.46
5.44
6.21
6.74
7.05
7.20
7.27
7.27
7.18
7.02
6.80
6.54
6.23
5.77
5.05
3.99
2.68
1.36
0.33
-0.17
-0.07
0.52
1.37
2.21
2.85
3.22
3.33
3.32
3.33
3.51
3.95
4.69
5.69
6.85
8.04
9.12
9.95
10.44
10.54
10.26
9.62
8.72
7.65
6.49
5.35
4.30
3.40
2.66
2.07
1.57
1.14
0.77
0.48
0.27
0.07
-0.26
-0.90
-2.02
-3.65
-5.71
-8.02
-10.34
-12.51
-14.40
-15.96
-17.16
-17.96
-18.28
-18.10
-17.41
-16.29
-14.91
-13.46
-12.14
-11.10
-10.39
-10.03
-9.98
-10.20
-10.62
-11.15
-11.68
-12.02
-12.05
-11.68
-10.95
-9.99
-8.92
-7.84
-6.74
-5.60
-4.41
-3.24
-2.14
-1.19
-0.37
0.43
1.30
2.27
3.26
4.12
4.66
4.82
4.65
4.36
4.22
4.45
5.16
6.27
7.60
8.90
9.96
10.70
11.11
11.28
11.30
11.25
11.19
11.14
11.09
11.03
10.89
10.58
10.04
9.23
8.19
7.01
5.81
4.68
3.66
2.76
1.96
1.23
0.55
-0.08
-0.64
-1.14
-1.58
-1.99
-2.43
-2.94
-3.52
-4.12
-4.66
-5.03
-5.15
-4.96
-4.47
-3.69
-2.67
-1.51
-0.30
0.82
1.74
2.39
2.79
2.97
2.99
2.91
2.77
2.63
2.56
2.59
2.71
2.85
2.89
2.72
2.30
1.70
1.06
0.56
0.28
0.18
0.07
-0.26
-0.94
-1.97
-3.17
-4.30
-5.16
-5.63
-5.72
-5.45
-4.85
-3.94
-2.75
-1.43
-0.18
0.84
1.51
1.92
2.21
2.52
2.88
3.21
3.39
3.35
3.12
2.81
2.51
2.29
2.13
2.02
1.98
2.06
2.26
2.55
2.81
2.93
2.86
2.66
2.42
2.20
1.96
1.65
1.19
0.64
0.13
-0.19
-0.22
0.03
0.48
0.98
1.47
1.96
2.47
3.03
3.59
4.02
4.19
4.00
3.48
2.74
1.97
1.35
0.99
0.87
0.89
0.88
0.69
0.27
-0.38
-1.14
-1.91
-2.61
-3.21
-3.76
-4.31
-4.92
-5.60
-6.36
-7.16
-7.95
-8.62
-9.07
-9.12
-8.70
-7.79
-6.53
-5.10
-3.72
-2.51
-1.46
-0.50
0.47
1.46
2.41
3.19
3.72
3.99
4.06
4.05
4.02
4.00
3.96
3.84
3.62
3.32
2.95
2.58
2.22
1.87
1.52
1.13
0.69
0.15
-0.51
-1.32
-2.29
-3.32
-4.28
-4.98
-5.27
-5.11
-4.55
-3.74
-2.80
-1.79
-0.70
0.45
1.62
2.68
3.50
4.05
4.35
4.52
4.64
4.75
4.79
4.72
4.54
4.31
4.10
3.87
3.49
2.82
1.80
0.55
-0.66
-1.55
-2.03
-2.14
-2.14
-2.26
-2.66
-3.34
-4.17
-4.99
-5.66
-6.07
-6.20
-6.01
-5.53
-4.76
-3.79
-2.69
-1.58
-0.53
0.39
1.17
1.85
2.48
3.09
3.69
4.20
4.54
4.64
4.49
4.17
3.76
3.31
2.83
2.26
1.58
0.82
0.12
-0.38
-0.56
-0.43
-0.09
0.29
0.55
0.58
0.38
0.02
-0.42
-0.83
-1.17
-1.39
-1.46
-1.34
-0.99
-0.41
0.31
0.99
1.47
1.65
1.60
1.46
1.44
1.66
2.09
2.59
2.99
3.19
3.18
3.00
2.67
2.20
1.54
0.70
-0.28
-1.29
-2.22
-3.01
-3.65
-4.21
-4.75
-5.33
-5.97
-6.63
-7.24
-7.71
-7.94
-7.88
-7.49
-6.82
-5.91
-4.86
-3.71
-2.54
-1.40
-0.36
0.51
1.18
1.68
2.05
2.36
2.62
2.80
2.82
2.62
2.21
1.67
1.09
0.60
0.23
-0.01
-0.18
-0.32
-0.49
-0.67
-0.84
-1.02
-1.19
-1.40
-1.64
-1.90
-2.15
-2.34
-2.44
-2.43
-2.32
-2.10
-1.75
-1.27
-0.64
0.10
0.88
1.65
2.34
2.94
3.43
3.82
4.12
4.39
4.67
4.99
5.33
5.59
5.66
5.47
5.02
4.48
4.01
3.77
3.76
3.88
3.98
3.92
3.65
3.20
2.64
2.06
1.53
1.12
0.88
0.83
0.92
1.05
1.10
1.00
0.72
0.30
-0.19
-0.66
-1.08
-1.41
-1.63
-1.73
-1.66
-1.39
-0.93
-0.32
0.37
1.03
1.58
1.96
2.17
2.28
2.40
2.61
2.96
3.40
3.77
3.92
3.71
3.09
2.15
1.11
0.20
-0.40
-0.60
-0.47
-0.10
0.44
1.12
1.97
2.96
4.04
5.08
5.96
6.67
7.23
7.69
8.03
8.14
7.84
7.03
5.72
4.04
2.18
0.26
-1.67
-3.58
-5.39
-6.91
-7.89
-8.14
-7.67
-6.68
-5.52
-4.58
-4.10
-4.16
-4.65
-5.31
-5.86
-6.06
-5.78
-5.05
-4.00
-2.82
-1.65
-0.51
0.67
2.05
3.72
5.65
7.71
9.67
11.35
12.61
13.39
13.67
13.43
12.66
11.36
9.64
7.66
5.65
3.81
2.22
0.83
-0.54
-2.11
-4.05
-6.35
-8.85
-11.25
-13.19
-14.44
-14.92
-14.75
-14.16
-13.41
-12.70
-12.13
-11.72
-11.43
-11.25
-11.18
-11.16
-11.10
-10.80
-10.06
-8.74
-6.88
-4.68
-2.45
-0.48
1.08
2.21
3.07
3.82
4.61
5.48
6.43
7.42
8.39
9.30
10.06
10.62
10.91
10.85
10.37
9.46
8.17
6.65
5.11
3.75
2.69
1.91
1.30
0.69
-0.05
-0.97
-2.07
-3.32
-4.69
-6.18
-7.80
-9.55
-11.34
-13.03
-14.41
-15.22
-15.30
-14.58
-13.18
-11.35
-9.40
-7.62
-6.13
-4.98
-4.07
-3.31
-2.62
-1.94
-1.24
-0.51
0.25
0.99
1.62
2.02
2.09
1.86
1.44
1.01
0.74
0.68
0.76
0.83
0.76
0.49
0.07
-0.38
-0.74
-0.99
-1.19
-1.45
-1.85
-2.41
-3.10
-3.84
-4.57
-5.26
-5.85
-6.24
-6.30
-5.91
-5.02
-3.73
-2.24
-0.78
0.50
1.58
2.54
3.47
4.34
5.04
5.42
5.40
5.05
4.56
4.14
3.88
3.77
3.71
3.64
3.55
3.52
3.54
3.56
3.42
3.04
2.45
1.79
1.25
0.92
0.71
0.42
-0.12
-0.99
-2.07
-3.16
-4.05
-4.64
-4.90
-4.88
-4.61
-4.18
-3.64
-3.08
-2.58
-2.14
-1.70
-1.15
-0.39
0.60
1.72
2.81
3.68
4.23
4.42
4.34
4.17
4.04
4.03
4.11
4.12
3.93
3.43
2.65
1.71
0.78
-0.03
-0.66
-1.16
-1.60
-2.07
-2.64
-3.31
-4.05
-4.73
-5.16
-5.18
-4.67
-3.70
-2.46
-1.24
-0.30
0.20
0.29
0.12
-0.09
-0.18
-0.13
-0.05
-0.07
-0.31
-0.75
-1.31
-1.83
-2.23
-2.51
-2.75
-3.03
-3.35
-3.64
-3.78
-3.68
-3.38
-3.00
-2.74
-2.79
-3.18
-3.84
-4.57
-5.14
-5.33
-5.03
-4.23
-3.08
-1.85
-0.88
-0.46
-0.76
-1.74
-3.19
-4.79
-6.19
-7.11
-7.36
-6.89
-5.74
-4.08
-2.20
-0.44
0.90
1.73
2.14
2.44
2.93
3.77
4.88
6.02
6.89
7.33
7.32
6.96
6.38
5.61
4.65
3.47
2.05
0.50
-1.04
-2.42
-3.49
-4.13
-4.27
-3.88
-3.01
-1.78
-0.39
0.94
2.06
2.94
3.60
4.16
4.70
5.25
5.75
6.16
6.40
6.45
6.32
6.05
5.71
5.37
5.07
4.85
4.72
4.65
4.58
4.45
4.17
3.72
3.15
2.56
2.11
1.87
1.84
1.89
1.83
1.49
0.78
-0.19
-1.18
-1.91
-2.14
-1.81
-1.00
0.09
1.26
2.35
3.26
3.98
4.51
4.87
5.13
5.33
5.57
5.89
6.24
6.58
6.80
6.82
6.63
6.25
5.77
5.25
4.77
4.32
3.89
3.39
2.77
2.03
1.23
0.47
-0.12
-0.48
-0.60
-0.52
-0.33
-0.10
0.06
0.05
-0.20
-0.68
-1.28
-1.80
-1.98
-1.63
-0.66
0.85
2.70
4.60
6.28
7.60
8.52
9.17
9.75
10.46
11.41
12.65
14.13
15.76
17.33
18.53
18.86
17.79
14.93
10.24
4.15
-2.51
-8.81
-13.99
-17.77
-20.23
-21.73
-22.59
-22.99
-22.96
-22.52
-21.80
-21.08
-20.69
-20.82
-21.45
-22.35
-23.16
-23.56
-23.30
-22.30
-20.54
-18.12
-15.18
-11.96
-8.75
-5.82
-3.36
-1.40
0.19
1.65
3.19
4.99
7.07
9.37
11.74
14.02
16.02
17.58
18.59
18.99
18.81
18.17
17.19
15.94
14.46
12.68
10.54
7.99
5.06
1.83
-1.55
-4.91
-8.01
-10.63
-12.57
-13.73
-14.13
-13.90
-13.23
-12.30
-11.15
-9.73
-7.87
-5.43
-2.37
1.18
4.99
8.79
12.40
15.70
18.68
21.32
23.55
25.27
26.39
26.87
26.72
26.02
24.84
23.27
21.39
19.33
17.26
15.32
13.59
12.09
10.78
9.61
8.58
7.64
6.74
5.81
4.77
3.58
2.26
0.87
-0.54
-1.91
-3.24
-4.47
-5.56
-6.47
-7.20
-7.84
-8.53
-9.42
-10.61
-12.13
-13.85
-15.57
-16.99
-17.81
-17.76
-16.68
-14.64
-11.88
-8.82
-5.92
-3.60
-2.11
-1.52
-1.71
-2.40
-3.28
-4.04
-4.48
-4.51
-4.12
-3.36
-2.27
-0.93
0.54
1.99
3.21
4.06
4.53
4.73
4.89
5.23
5.89
6.90
8.23
9.79
11.58
13.58
15.74
17.93
19.92
21.54
22.74
23.66
24.51
25.32
25.85
25.52
23.62
19.64
13.53
5.81
-2.59
-10.64
-17.51
-22.76
-26.31
-28.35
-29.18
-29.10
-28.38
-27.29
-26.12
-25.14
-24.60
-24.68
-25.45
-26.84
-28.66
-30.58
-32.21
-33.12
-32.90
-31.31
-28.27
-23.93
-18.62
-12.84
-7.10
-1.85
2.58
6.03
8.47
9.99
10.76
10.95
10.70
10.10
9.17
7.95
6.49
4.93
3.43
2.17
1.19
0.37
-0.51
-1.71
-3.33
-5.31
-7.40
-9.36
-11.01
-12.31
-13.33
-14.17
-14.84
-15.27
-15.37
-15.09
-14.47
-13.65
-12.77
-11.90
-11.06
-10.23
-9.42
-8.67
-8.03
-7.54
-7.16
-6.83
-6.47
-6.05
-5.53
-4.91
-4.14
-3.13
-1.81
-0.17
1.66
3.49
5.09
6.35
7.26
7.90
8.37
8.72
8.98
9.19
9.43
9.75
10.18
10.58
10.73
10.47
9.78
8.88
8.16
7.93
8.35
9.26
10.33
11.22
11.72
11.83
11.68
11.47
11.31
11.23
11.15
10.95
10.49
9.72
8.67
7.46
6.23
5.09
4.06
3.03
1.93
0.72
-0.50
-1.55
-2.24
-2.49
-2.38
-2.05
-1.71
-1.45
-1.31
-1.24
-1.21
-1.24
-1.28
-1.24
-0.93
-0.17
1.19
3.11
5.41
7.80
10.01
11.85
13.21
14.04
14.32
13.96
12.95
11.29
9.11
6.60
4.01
1.62
-0.39
-1.93
-3.07
-3.97
-4.83
-5.73
-6.61
-7.30
-7.68
-7.75
-7.72
-7.85
-8.32
-9.08
-9.88
-10.39
-10.41
-9.98
-9.33
-8.74
-8.36
-8.20
-8.09
-7.80
-7.11
-5.86
-3.95
-1.44
1.47
4.40
6.82
8.18
8.13
6.63
4.07
1.09
-1.58
-3.44
-4.31
-4.43
-4.28
-4.27
-4.60
-5.07
-5.30
-4.89
-3.69
-1.93
-0.07
1.41
2.34
2.88
3.47
4.51
6.17
8.20
10.10
11.30
11.43
10.44
8.59
6.27
3.88
1.71
-0.03
-1.19
-1.61
-1.20
-0.01
1.70
3.48
4.85
5.43
5.10
4.07
2.77
1.72
1.35
1.86
3.19
5.04
6.95
8.41
9.03
8.61
7.22
5.17
2.82
0.48
-1.68
-3.58
-5.23
-6.57
-7.49
-7.88
-7.68
-6.95
-5.84
-4.52
-3.14
-1.78
-0.56
0.39
0.86
0.68
-0.23
-1.75
-3.64
-5.54
-7.15
-8.29
-8.91
-9.14
-9.16
-9.10
-9.03
-8.87
-8.43
-7.55
-6.16
-4.31
-2.25
-0.26
1.42
2.67
3.56
4.25
4.93
5.70
6.53
7.29
7.81
7.97
7.68
6.95
5.84
4.46
2.94
1.44
0.17
-0.72
-1.10
-0.95
-0.39
0.39
1.20
1.93
2.58
3.22
3.90
4.66
5.47
6.32
7.27
8.39
9.71
11.12
12.35
13.05
12.94
11.93
10.17
7.98
5.72
3.69
2.06
0.91
0.20
-0.18
-0.42
-0.79
-1.55
-2.86
-4.71
-6.90
-9.13
-11.06
-12.47
-13.30
-13.63
-13.60
-13.38
-13.13
-12.92
-12.76
-12.59
-12.28
-11.69
-10.75
-9.48
-8.03
-6.58
-5.34
-4.41
-3.78
-3.37
-3.01
-2.57
-1.94
-1.10
-0.05
1.16
2.44
3.67
4.74
5.55
6.07
6.29
6.28
6.11
5.88
5.67
5.52
5.49
5.56
5.65
5.60
5.23
4.42
3.21
1.84
0.66
0.01
0.07
0.77
1.83
2.93
3.85
4.56
5.15
5.72
6.32
6.87
7.24
7.33
7.13
6.68
6.10
5.48
4.89
4.35
3.86
3.39
2.94
2.48
2.02
1.54
1.07
0.61
0.14
-0.37
-0.94
-1.61
-2.37
-3.22
-4.06
-4.81
-5.33
-5.53
-5.34
-4.79
-3.97
-3.05
-2.19
-1.49
-0.93
-0.46
0.04
0.62
1.26
1.86
2.31
2.57
2.68
2.71
2.76
2.86
2.98
3.04
2.98
2.78
2.46
2.03
1.52
0.99
0.51
0.18
0.11
0.31
0.67
0.98
1.01
0.64
-0.12
-1.09
-2.04
-2.79
-3.23
-3.36
-3.23
-2.88
-2.37
-1.74
-1.04
-0.35
0.30
0.88
1.42
1.91
2.37
2.75
3.00
3.08
2.97
2.70
2.34
1.95
1.62
1.35
1.13
0.90
0.61
0.23
-0.24
-0.76
-1.29
-1.82
-2.33
-2.78
-3.16
-3.41
-3.52
-3.55
-3.60
-3.78
-4.11
-4.52
-4.83
-4.84
-4.40
-3.52
-2.37
-1.18
-0.12
0.71
1.37
1.93
2.48
2.96
3.28
3.32
3.07
2.62
2.14
1.80
1.68
1.72
1.78
1.69
1.35
0.82
0.19
-0.37
-0.80
-1.06
-1.25
-1.44
-1.73
-2.17
-2.80
-3.57
-4.42
-5.22
-5.83
-6.15
-6.11
-5.74
-5.13
-4.36
-3.49
-2.53
-1.52
-0.51
0.36
0.98
1.28
1.30
1.20
1.18
1.34
1.69
2.11
2.43
2.54
2.37
1.94
1.29
0.51
-0.31
-1.03
-1.54
-1.76
-1.72
-1.56
-1.50
-1.74
-2.37
-3.32
-4.38
-5.29
-5.83
-5.88
-5.47
-4.71
-3.76
-2.77
-1.85
-1.02
-0.27
0.42
1.10
1.79
2.49
3.20
3.89
4.48
4.91
5.08
4.95
4.54
3.89
3.11
2.31
1.57
0.96
0.49
0.15
-0.10
-0.29
-0.47
-0.70
-1.03
-1.55
-2.29
-3.21
-4.21
-5.15
-5.84
-6.18
-6.12
-5.72
-5.02
-4.08
-2.93
-1.60
-0.18
1.20
2.35
3.15
3.55
3.59
3.43
3.25
3.16
3.25
3.48
3.77
4.01
4.13
4.08
3.84
3.43
2.87
2.19
1.44
0.70
0.07
-0.40
-0.71
-0.94
-1.27
-1.81
-2.61
-3.59
-4.58
-5.41
-5.97
-6.22
-6.16
-5.80
-5.13
-4.15
-2.88
-1.44
0.01
1.34
2.45
3.33
4.01
4.53
4.91
5.13
5.19
5.12
5.00
4.91
4.89
4.88
4.76
4.40
3.70
2.70
1.55
0.44
-0.46
-1.08
-1.47
-1.78
-2.10
-2.50
-2.95
-3.42
-3.92
-4.54
-5.33
-6.28
-7.23
-7.92
-8.08
-7.57
-6.44
-4.93
-3.32
-1.83
-0.56
0.52
1.52
2.51
3.49
4.40
5.15
5.66
5.93
6.02
6.01
5.99
5.97
5.94
5.83
5.60
5.22
4.73
4.18
3.64
3.17
2.78
2.45
2.12
1.75
1.28
0.73
0.11
-0.51
-1.09
-1.63
-2.14
-2.67
-3.18
-3.67
-4.07
-4.34
-4.44
-4.36
-4.08
-3.57
-2.81
-1.85
-0.77
0.26
1.13
1.79
2.29
2.74
3.23
3.74
4.18
4.42
4.41
4.19
3.93
3.74
3.70
3.74
3.72
3.53
3.11
2.53
1.91
1.33
0.83
0.37
-0.11
-0.65
-1.25
-1.93
-2.69
-3.52
-4.42
-5.38
-6.32
-7.16
-7.75
-7.94
-7.61
-6.71
-5.31
-3.58
-1.80
-0.23
0.92
1.62
1.95
2.11
2.25
2.45
2.65
2.79
2.80
2.71
2.56
2.45
2.37
2.27
2.04
1.61
1.02
0.36
-0.20
-0.56
-0.69
-0.70
-0.79
-1.12
-1.80
-2.79
-3.96
-5.12
-6.13
-6.85
-7.19
-7.07
-6.44
-5.34
-3.87
-2.27
-0.75
0.53
1.54
2.37
3.13
3.87
4.56
5.10
5.41
5.49
5.40
5.25
5.08
4.87
4.58
4.18
3.71
3.30
3.06
3.08
3.36
3.79
4.20
4.48
4.58
4.52
4.34
4.09
3.74
3.28
2.73
2.15
1.60
1.14
0.74
0.35
-0.07
-0.47
-0.73
-0.67
-0.19
0.68
1.78
2.85
3.73
4.35
4.82
5.31
6.01
6.98
8.13
9.24
10.06
10.38
10.07
9.16
7.74
5.95
3.94
1.86
-0.11
-1.84
-3.15
-3.94
-4.19
-4.02
-3.63
-3.30
-3.23
-3.53
-4.20
-5.28
-6.90
-9.27
-12.51
-16.52
-20.80
-24.63
-27.33
-28.47
-28.09
-26.55
-24.25
-21.46
-18.20
-14.49
-10.53
-6.81
-3.90
-2.12
-1.18
-0.26
1.61
5.00
9.68
14.68
18.72
20.84
20.82
19.20
16.98
15.09
14.05
13.89
14.22
14.55
14.51
13.95
13.00
11.99
11.28
11.11
11.50
12.25
13.09
13.82
14.46
15.18
16.21
17.61
19.31
21.14
22.96
24.74
26.54
28.36
30.08
31.37
31.81
31.07
29.04
25.92
22.16
18.31
14.88
12.14
10.11
8.54
7.04
5.23
2.85
-0.13
-3.57
-7.20
-10.80
-14.20
-17.30
-20.09
-22.54
-24.61
-26.30
-27.59
-28.52
-29.14
-29.51
-29.65
-29.52
-29.09
-28.33
-27.24
-25.90
-24.46
-23.09
-21.96
-21.16
-20.68
-20.42
-20.25
-20.02
-19.70
-19.35
-19.09
-19.05
-19.27
-19.66
-20.00
-20.01
-19.44
-18.13
-16.14
-13.65
-10.94
-8.34
-6.10
-4.43
-3.44
-3.18
-3.58
-4.56
-6.03
-7.98
-10.43
-13.43
-16.96
-20.73
-24.28
-26.95
-28.18
-27.65
-25.46
-22.09
-18.29
-14.81
-12.29
-11.14
-11.55
-13.45
-16.45
-19.85
-22.69
-23.98
-22.98
-19.51
-13.93
-7.01
0.50
8.14
15.86
23.81
32.00
40.03
47.12
52.44
55.58
56.81
56.99
57.23
58.37
60.66
63.74
66.96
69.67
71.52
72.30
71.86
69.89
65.99
59.80
51.25
40.64
28.51
15.43
1.82
-12.02
-25.74
-38.71
-49.95
-58.28
-62.71
-62.89
-59.30
-53.22
-46.36
-40.33
-36.19
-34.21
-33.97
-34.63
-35.23
-34.94
-33.16
-29.52
-23.93
-16.58
-8.02
0.90
9.18
15.98
20.88
23.95
25.71
26.83
27.85
29.08
30.53
32.02
33.33
34.30
34.77
34.64
33.78
32.08
29.50
26.12
22.15
17.86
13.53
9.35
5.44
1.80
-1.58
-4.72
-7.62
-10.27
-12.66
-14.78
-16.60
-18.07
-19.13
-19.77
-20.00
-19.87
-19.43
-18.62
-17.31
-15.36
-12.74
-9.57
-6.27
-3.33
-1.24
-0.28
-0.45
-1.50
-3.11
-4.95
-6.86
-8.79
-10.75
-12.75
-14.74
-16.62
-18.25
-19.48
-20.16
-20.15
-19.32
-17.63
-15.24
-12.54
-10.24
-9.17
-10.00
-12.97
-17.68
-23.18
-28.25
-31.86
-33.52
-33.35
-31.92
-29.87
-27.66
-25.45
-23.20
-20.91
-18.65
-16.59
-14.83
-13.30
-11.79
-10.01
-7.79
-5.11
-2.15
0.81
3.45
5.53
6.91
7.59
7.75
7.62
7.48
7.49
7.62
7.69
7.48
6.89
6.00
5.01
4.15
3.55
3.21
3.08
3.11
3.32
3.76
4.48
5.46
6.66
8.04
9.55
11.10
12.52
13.60
14.14
14.12
13.69
13.09
12.52
11.99
11.38
10.52
9.36
8.04
6.83
5.96
5.51
5.41
5.50
5.61
5.70
5.72
5.60
5.16
4.20
2.67
0.75
-1.07
-2.23
-2.33
-1.38
0.27
2.05
3.51
4.55
5.40
6.51
8.29
10.91
14.27
18.04
21.78
25.03
27.36
28.40
27.95
26.02
22.83
18.80
14.46
10.32
6.79
4.13
2.40
1.46
1.00
0.64
0.00
-1.11
-2.73
-4.67
-6.69
-8.61
-10.33
-11.85
-13.23
-14.49
-15.54
-16.26
-16.51
-16.24
-15.54
-14.58
-13.58
-12.71
-12.04
-11.57
-11.24
-10.96
-10.58
-9.93
-8.84
-7.27
-5.35
-3.42
-1.94
-1.29
-1.66
-2.90
-4.63
-6.39
-7.83
-8.75
-9.14
-9.03
-8.42
-7.24
-5.43
-3.00
-0.13
2.87
5.58
7.61
8.74
8.99
8.55
7.75
6.94
6.32
5.94
5.77
5.71
5.74
5.92
6.36
7.11
8.12
9.22
10.21
10.96
11.48
11.88
12.31
12.84
13.44
13.99
14.34
14.43
14.30
14.05
13.77
13.49
13.14
12.59
11.72
10.51
9.05
7.52
6.10
4.87
3.85
2.92
1.99
1.01
0.02
-0.90
-1.65
-2.14
-2.36
-2.36
-2.23
-2.10
-2.03
-2.06
-2.16
-2.27
-2.33
-2.32
-2.23
-2.10
-1.99
-1.96
-2.08
-2.42
-3.01
-3.82
-4.76
-5.68
-6.46
-7.04
-7.46
-7.85
-8.40
-9.23
-10.40
-11.85
-13.43
-14.98
-16.38
-17.63
-18.79
-19.93
-21.00
-21.82
-22.13
-21.64
-20.19
-17.78
-14.54
-10.68
-6.46
-2.12
2.09
5.93
9.28
12.08
14.40
16.42
18.26
20.00
21.62
23.04
24.17
25.01
25.59
25.97
26.16
26.13
25.82
25.17
24.11
22.64
20.80
18.69
16.48
14.35
12.47
11.00
10.08
9.80
10.23
11.35
13.05
15.12
17.24
19.02
20.06
19.96
18.40
15.09
9.95
3.12
-4.89
-13.19
-20.73
-26.54
-30.01
-31.05
-30.04
-27.60
-24.43
-21.13
-18.21
-16.10
-15.15
-15.52
-17.00
-19.05
-20.91
-21.87
-21.57
-20.12
-17.96
-15.63
-13.50
-11.62
-9.81
-7.82
-5.51
-2.94
-0.33
2.06
3.99
5.35
6.05
6.02
5.17
3.43
0.76
-2.75
-6.89
-11.34
-15.74
-19.74
-23.09
-25.63
-27.22
-27.70
-26.77
-24.06
-19.35
-12.75
-4.84
3.42
10.96
16.92
20.94
23.11
23.80
23.45
22.36
20.76
18.90
17.08
15.60
14.63
14.10
13.76
13.26
12.41
11.23
9.95
8.86
8.13
7.74
7.51
7.19
6.60
5.72
4.62
3.48
2.46
1.68
1.17
0.89
0.76
0.68
0.62
0.54
0.46
0.37
0.22
-0.07
-0.55
-1.25
-2.15
-3.14
-4.13
-4.98
-5.60
-5.92
-5.94
-5.68
-5.21
-4.62
-4.02
-3.54
-3.22
-3.09
-3.09
-3.11
-3.07
-2.95
-2.79
-2.71
-2.79
-3.08
-3.49
-3.91
-4.20
-4.24
-4.01
-3.51
-2.83
-2.09
-1.43
-1.00
-0.87
-1.04
-1.39
-1.78
-2.10
-2.33
-2.57
-2.94
-3.49
-4.13
-4.66
-4.86
-4.60
-3.90
-2.91
-1.83
-0.85
-0.05
0.52
0.90
1.16
1.41
1.75
2.27
2.92
3.60
4.13
4.41
4.41
4.19
3.84
3.39
2.79
2.00
1.00
-0.07
-1.04
-1.76
-2.18
-2.36
-2.44
-2.51
-2.56
-2.49
-2.21
-1.62
-0.69
0.54
1.97
3.45
4.78
5.78
6.36
6.51
6.36
6.09
5.89
5.85
5.95
6.06
5.99
5.61
4.88
3.89
2.79
1.72
0.84
0.26
0.03
0.13
0.45
0.73
0.68
0.06
-1.16
-2.76
-4.31
-5.35
-5.55
-4.84
-3.36
-1.40
0.69
2.61
4.09
4.94
5.11
4.65
3.80
2.90
2.30
2.19
2.58
3.24
3.88
4.18
3.99
3.30
2.25
1.00
-0.27
-1.40
-2.19
-2.48
-2.19
-1.48
-0.66
-0.09
0.04
-0.21
-0.59
-0.88
-1.03
-1.27
-1.97
-3.37
-5.41
-7.69
-9.64
-10.74
-10.76
-9.85
-8.46
-7.14
-6.32
-6.15
-6.43
-6.78
-6.80
-6.31
-5.38
-4.20
-2.95
-1.68
-0.26
1.40
3.31
5.30
7.08
8.43
9.23
9.55
9.54
9.41
9.24
9.01
8.56
7.70
6.30
4.40
2.22
0.11
-1.55
-2.47
-2.55
-1.82
-0.36
1.71
4.32
7.34
10.58
13.73
16.37
18.12
18.68
17.94
15.95
12.89
9.05
4.76
0.45
-3.45
-6.51
-8.46
-9.31
-9.29
-8.84
-8.42
-8.36
-8.70
-9.30
-9.81
-9.91
-9.38
-8.20
-6.54
-4.70
-2.99
-1.67
-0.87
-0.58
-0.68
-0.95
-1.16
-1.17
-0.91
-0.47
-0.01
0.33
0.47
0.47
0.44
0.51
0.74
1.11
1.56
2.01
2.42
2.76
3.00
3.12
3.10
2.96
2.76
2.59
2.49
2.46
2.39
2.15
1.63
0.76
-0.43
-1.85
-3.34
-4.79
-6.09
-7.25
-8.28
-9.21
-9.99
-10.48
-10.49
-9.90
-8.69
-7.02
-5.16
-3.38
-1.92
-0.92
-0.45
-0.52
-1.09
-2.04
-3.19
-4.31
-5.27
-5.99
-6.52
-6.92
-7.21
-7.33
-7.15
-6.56
-5.53
-4.09
-2.31
-0.33
1.69
3.59
5.16
6.22
6.64
6.44
5.74
4.80
3.94
3.45
3.55
4.28
5.46
6.74
7.67
7.88
7.20
5.73
3.81
1.85
0.22
-0.85
-1.28
-1.10
-0.39
0.78
2.25
3.84
5.27
6.26
6.63
6.34
5.52
4.42
3.26
2.22
1.37
0.77
0.44
0.43
0.77
1.42
2.32
3.38
4.52
5.76
7.12
8.59
10.05
11.30
12.11
12.38
12.18
11.75
11.38
11.29
11.49
11.83
12.07
12.05
11.73
11.22
10.74
10.48
10.53
10.86
11.32
11.67
11.67
11.12
9.97
8.31
6.36
4.35
2.44
0.63
-1.22
-3.28
-5.63
-8.18
-10.69
-12.89
-14.58
-15.70
-16.30
-16.47
-16.28
-15.74
-14.85
-13.65
-12.24
-10.79
-9.50
-8.52
-7.88
-7.51
-7.24
-6.90
-6.37
-5.66
-4.88
-4.22
-3.83
-3.80
-4.10
-4.62
-5.28
-6.05
-6.90
-7.83
-8.78
-9.65
-10.38
-10.97
-11.53
-12.21
-13.10
-14.13
-15.08
-15.64
-15.53
-14.65
-13.14
-11.34
-9.65
-8.39
-7.64
-7.29
-7.08
-6.73
-6.09
-5.23
-4.37
-3.78
-3.67
-4.06
-4.75
-5.40
-5.63
-5.17
-3.95
-2.08
0.22
2.72
5.23
7.72
10.17
12.57
14.83
16.82
18.39
19.40
19.86
19.84
19.52
19.16
19.04
19.39
20.31
21.70
23.20
24.24
24.27
22.86
19.94
15.79
10.98
6.16
1.88
-1.56
-4.06
-5.73
-6.75
-7.32
-7.64
-7.94
-8.40
-9.19
-10.40
-12.01
-13.92
-15.94
-17.91
-19.69
-21.17
-22.26
-22.90
-23.04
-22.71
-21.99
-21.02
-19.94
-18.81
-17.58
-16.14
-14.33
-12.07
-9.35
-6.30
-3.11
-0.03
2.70
4.87
6.37
7.18
7.43
7.35
7.25
7.39
7.96
8.98
10.36
11.95
13.60
15.25
16.84
18.32
19.54
20.23
20.11
19.00
16.89
13.96
10.52
6.83
3.06
-0.71
-4.43
-7.95
-11.02
-13.33
-14.56
-14.56
-13.37
-11.25
-8.59
-5.82
-3.27
-1.06
0.86
2.68
4.57
6.55
8.49
10.09
11.08
11.34
10.93
10.09
9.11
8.22
7.53
7.00
6.55
6.16
5.88
5.83
6.11
6.71
7.43
7.98
8.08
7.62
6.70
5.65
4.88
4.72
5.31
6.58
8.33
10.31
12.31
14.24
16.07
17.75
19.19
20.26
20.79
20.65
19.81
18.27
16.03
13.01
9.10
4.14
-1.90
-8.96
-16.85
-25.28
-33.92
-42.43
-50.39
-57.37
-62.93
-66.67
-68.37
-67.95
-65.54
-61.38
-55.82
-49.26
-42.16
-34.94
-28.01
-21.65
-16.03
-11.20
-7.11
-3.63
-0.64
2.01
4.42
6.61
8.57
10.22
11.48
12.33
12.84
13.13
13.34
13.57
13.84
14.10
14.27
14.29
14.14
13.87
13.52
13.14
12.74
12.28
11.72
11.02
10.19
9.25
8.26
7.25
6.23
5.21
4.20
3.23
2.42
1.89
1.77
2.12
2.88
3.95
5.13
6.26
7.22
7.98
8.61
9.24
9.96
10.80
11.66
12.37
12.76
12.74
12.40
11.91
11.51
11.34
11.44
11.66
11.77
11.48
10.62
9.14
7.17
4.96
2.79
0.88
-0.67
-1.88
-2.85
-3.62
-4.17
-4.41
-4.19
-3.47
-2.30
-0.85
0.66
1.96
2.85
3.18
2.91
2.07
0.80
-0.72
-2.30
-3.72
-4.85
-5.60
-6.00
-6.16
-6.24
-6.39
-6.63
-6.88
-6.96
-6.70
-6.02
-4.99
-3.84
-2.77
-1.93
-1.31
-0.85
-0.45
-0.10
0.13
0.15
-0.06
-0.46
-0.90
-1.26
-1.46
-1.49
-1.38
-1.20
-1.02
-0.88
-0.84
-0.97
-1.36
-2.09
-3.18
-4.60
-6.20
-7.75
-8.93
-9.43
-9.11
-8.00
-6.38
-4.66
-3.24
-2.35
-2.06
-2.24
-2.70
-3.25
-3.75
-4.14
-4.37
-4.45
-4.40
-4.29
-4.20
-4.20
-4.31
-4.46
-4.51
-4.22
-3.34
-1.67
0.82
3.93
7.22
10.15
12.29
13.43
13.69
13.35
12.75
12.06
11.37
10.67
10.06
9.72
9.88
10.75
12.33
14.54
17.14
19.98
22.93
25.91
28.83
31.51
33.64
34.84
34.71
33.04
29.87
25.61
21.08
17.29
15.22
15.45
17.93
21.88
25.95
28.63
28.64
25.30
18.72
9.66
-0.65
-10.84
-19.70
-26.46
-30.82
-33.05
-33.80
-33.93
-34.22
-35.18
-36.90
-39.11
-41.22
-42.53
-42.39
-40.38
-36.39
-30.72
-23.95
-16.86
-10.15
-4.27
0.70
5.01
9.03
13.08
17.21
21.27
24.93
27.96
30.31
32.21
34.04
36.08
38.33
40.37
41.50
40.92
38.12
33.00
25.96
17.71
9.14
1.06
-5.78
-10.83
-13.75
-14.48
-13.31
-10.88
-7.97
-5.31
-3.38
-2.32
-2.00
-2.14
-2.52
-3.02
-3.63
-4.42
-5.41
-6.63
-8.03
-9.58
-11.19
-12.81
-14.36
-15.74
-16.91
-17.87
-18.74
-19.70
-20.99
-22.80
-25.22
-28.17
-31.45
-34.81
-38.06
-41.09
-43.82
-46.15
-47.86
-48.73
-48.57
-47.37
-45.30
-42.68
-39.84
-37.05
-34.48
-32.24
-30.39
-28.95
-27.83
-26.80
-25.56
-23.78
-21.27
-18.08
-14.39
-10.47
-6.57
-2.80
0.79
4.18
7.36
10.28
12.94
15.34
17.51
19.47
21.23
22.76
24.01
24.92
25.45
25.59
25.35
24.81
24.20
23.91
24.42
26.07
28.83
32.13
35.05
36.66
36.46
34.52
31.46
28.00
24.68
21.62
18.62
15.41
11.89
8.11
4.18
0.11
-4.20
-8.89
-13.97
-19.15
-23.91
-27.67
-29.91
-30.46
-29.51
-27.58
-25.33
-23.22
-21.40
-19.61
-17.38
-14.32
-10.41
-6.10
-2.12
0.77
2.10
1.83
0.28
-2.04
-4.52
-6.55
-7.53
-6.98
-4.65
-0.71
4.23
9.26
13.49
16.32
17.62
17.64
16.86
15.79
14.89
14.51
14.84
15.91
17.51
19.28
20.78
21.73
22.08
21.97
21.60
21.14
20.65
20.18
19.72
19.25
18.68
17.89
16.83
15.59
14.43
13.65
13.39
13.44
13.33
12.54
10.78
8.17
5.15
2.23
-0.27
-2.34
-4.22
-6.25
-8.66
-11.49
-14.61
-17.83
-20.94
-23.79
-26.28
-28.32
-29.80
-30.55
-30.32
-28.82
-25.85
-21.42
-15.86
-9.81
-4.10
0.49
3.48
4.79
4.74
3.86
2.64
1.36
-0.02
-1.68
-3.79
-6.29
-8.90
-11.21
-12.91
-13.95
-14.52
-14.98
-15.55
-16.21
-16.68
-16.47
-15.17
-12.53
-8.63
-3.79
1.51
6.73
11.41
15.26
18.20
20.37
22.00
23.33
24.48
25.40
25.98
26.15
25.91
25.43
24.89
24.40
23.95
23.40
22.48
20.96
18.73
15.84
12.51
9.04
5.70
2.69
0.04
-2.27
-4.30
-5.96
-7.07
-7.39
-6.72
-5.07
-2.68
-0.01
2.36
3.84
3.99
2.60
-0.24
-4.08
-8.23
-11.89
-14.45
-15.61
-15.51
-14.59
-13.43
-12.50
-12.00
-11.90
-11.99
-12.05
-11.88
-11.33
-10.30
-8.68
-6.45
-3.67
-0.55
2.60
5.48
7.85
9.67
11.07
12.28
13.55
15.04
16.69
18.26
19.36
19.56
18.47
15.95
12.20
7.76
3.36
-0.27
-2.70
-3.90
-4.22
-4.14
-4.09
-4.16
-4.22
-4.02
-3.40
-2.37
-1.15
0.02
0.93
1.57
2.02
2.39
2.73
3.00
3.05
2.75
1.99
0.77
-0.86
-2.78
-4.91
-7.17
-9.48
-11.74
-13.75
-15.31
-16.20
-16.38
-15.92
-15.07
-14.12
-13.28
-12.66
-12.23
-11.88
-11.47
-10.87
-10.04
-8.97
-7.73
-6.43
-5.19
-4.11
-3.21
-2.46
-1.80
-1.16
-0.55
-0.03
0.39
0.74
1.16
1.74
2.55
3.51
4.48
5.29
5.82
6.10
6.17
6.11
5.96
5.78
5.68
5.81
6.31
7.22
8.39
9.59
10.57
11.23
11.66
12.05
12.57
13.23
13.86
14.27
14.36
14.24
14.22
14.63
15.66
17.25
19.08
20.69
21.62
21.50
20.23
17.94
15.00
11.90
9.12
6.93
5.38
4.25
3.28
2.23
1.06
-0.13
-1.18
-2.03
-2.75
-3.51
-4.50
-5.75
-7.12
-8.34
-9.18
-9.55
-9.57
-9.55
-9.79
-10.40
-11.31
-12.20
-12.74
-12.78
-12.37
-11.84
-11.54
-11.72
-12.43
-13.51
-14.71
-15.84
-16.81
-17.66
-18.39
-18.95
-19.20
-18.95
-18.13
-16.85
-15.38
-14.01
-12.94
-12.15
-11.47
-10.66
-9.53
-8.09
-6.45
-4.82
-3.35
-2.10
-1.07
-0.13
0.88
2.15
3.81
5.90
8.31
10.80
13.09
14.95
16.27
17.09
17.52
17.76
17.96
18.29
18.84
19.62
20.58
21.48
22.04
21.98
21.17
19.65
17.61
15.33
13.03
10.86
8.85
6.98
5.20
3.52
1.98
0.61
-0.57
-1.62
-2.64
-3.72
-4.88
-6.00
-6.93
-7.44
-7.44
-6.99
-6.32
-5.73
-5.49
-5.67
-6.16
-6.74
-7.21
-7.49
-7.66
-7.83
-8.09
-8.41
-8.66
-8.74
-8.61
-8.39
-8.26
-8.37
-8.74
-9.23
-9.62
-9.72
-9.44
-8.87
-8.16
-7.47
-6.86
-6.29
-5.65
-4.82
-3.70
-2.22
-0.44
1.54
3.47
5.04
5.97
6.08
5.38
4.08
2.49
0.90
-0.51
-1.66
-2.50
-3.02
-3.14
-2.84
-2.22
-1.55
-1.18
-1.45
-2.42
-3.88
-5.38
-6.43
-6.72
-6.23
-5.18
-3.84
-2.41
-0.90
0.74
2.60
4.63
6.70
8.61
10.23
11.51
12.44
13.01
13.18
12.95
12.37
11.55
10.67
9.88
9.22
8.67
8.12
7.52
6.91
6.35
5.91
5.55
5.14
4.50
3.49
2.04
0.20
-1.84
-3.85
-5.53
-6.65
-7.12
-7.02
-6.61
-6.26
-6.34
-7.04
-8.35
-10.05
-11.76
-13.18
-14.05
-14.28
-13.90
-13.02
-11.75
-10.21
-8.51
-6.70
-4.89
-3.20
-1.77
-0.72
-0.03
0.39
0.76
1.28
2.05
2.94
3.66
3.93
3.57
2.67
1.51
0.50
-0.02
0.24
1.42
3.64
6.93
11.23
16.31
21.74
26.95
31.39
34.64
36.53
37.13
36.65
35.33
33.34
30.72
27.41
23.37
18.58
13.19
7.47
1.68
-3.96
-9.38
-14.64
-19.78
-24.73
-29.26
-33.04
-35.82
-37.56
-38.41
-38.64
-38.46
-37.82
-36.57
-34.48
-31.56
-28.08
-24.50
-21.29
-18.65
-16.52
-14.57
-12.44
-9.90
-6.97
-3.88
-0.93
1.60
3.53
4.83
5.53
5.75
5.59
5.19
4.68
4.21
3.92
3.93
4.25
4.84
5.54
6.21
6.66
6.75
6.36
5.45
4.05
2.25
0.22
-1.87
-3.80
-5.44
-6.64
-7.29
-7.28
-6.57
-5.21
-3.43
-1.53
0.11
1.20
1.61
1.42
0.90
0.48
0.54
1.37
2.97
5.02
6.99
8.24
8.35
7.20
5.11
2.62
0.35
-1.28
-2.15
-2.42
-2.39
-2.36
-2.51
-2.87
-3.38
-3.89
-4.29
-4.49
-4.43
-4.09
-3.44
-2.45
-1.15
0.38
1.98
3.44
4.60
5.39
5.89
6.22
6.55
6.92
7.29
7.58
7.67
7.53
7.21
6.79
6.37
6.05
5.82
5.68
5.58
5.46
5.32
5.11
4.83
4.46
3.97
3.36
2.60
1.72
0.75
-0.28
-1.26
-2.04
-2.45
-2.35
-1.72
-0.68
0.58
1.84
2.94
3.85
4.59
5.17
5.57
5.67
5.39
4.70
3.61
2.22
0.65
-0.95
-2.44
-3.67
-4.53
-4.95
-4.97
-4.70
-4.30
-3.91
-3.66
-3.61
-3.75
-4.05
-4.48
-5.02
-5.66
-6.41
-7.28
-8.26
-9.27
-10.19
-10.86
-11.13
-10.93
-10.28
-9.29
-8.16
-7.08
-6.23
-5.70
-5.46
-5.39
-5.29
-4.99
-4.37
-3.48
-2.48
-1.57
-0.97
-0.72
-0.76
-0.90
-0.98
-0.90
-0.69
-0.45
-0.27
-0.17
-0.07
0.17
0.63
1.34
2.27
3.40
4.75
6.39
8.32
10.32
12.04
13.04
13.06
12.15
10.70
9.21
8.09
7.45
7.13
6.80
6.23
5.41
4.52
3.84
3.58
3.81
4.44
5.27
6.04
6.60
6.87
6.96
7.03
7.22
7.56
7.88
7.91
7.47
6.52
5.32
4.19
3.39
2.92
2.49
1.70
0.26
-1.77
-4.01
-5.89
-6.94
-6.98
-6.19
-4.96
-3.69
-2.64
-1.87
-1.25
-0.64
0.05
0.78
1.45
1.94
2.18
2.18
2.01
1.74
1.44
1.17
0.95
0.79
0.70
0.66
0.65
0.66
0.68
0.68
0.66
0.57
0.37
0.02
-0.50
-1.15
-1.86
-2.53
-3.05
-3.34
-3.39
-3.22
-2.88
-2.43
-1.91
-1.32
-0.65
0.09
0.86
1.57
2.15
2.54
2.75
2.83
2.84
2.80
2.71
2.55
2.30
1.97
1.56
1.13
0.71
0.34
0.05
-0.11
-0.13
-0.00
0.24
0.50
0.68
0.67
0.40
-0.12
-0.80
-1.48
-1.93
-1.93
-1.34
-0.14
1.49
3.25
4.82
5.91
6.43
6.45
6.20
5.92
5.75
5.68
5.54
5.16
4.45
3.50
2.56
1.92
1.78
2.14
2.83
3.65
4.46
5.24
5.99
6.65
7.01
6.85
6.08
4.85
3.56
2.64
2.32
2.54
2.99
3.36
3.53
3.63
3.91
4.56
5.56
6.65
7.52
7.98
7.97
7.57
6.80
5.61
3.78
1.09
-2.52
-6.86
-11.50
-15.84
-19.34
-21.61
-22.56
-22.36
-21.44
-20.25
-19.19
-18.46
-18.02
-17.66
-17.12
-16.16
-14.68
-12.71
-10.41
-8.08
-5.98
-4.35
-3.29
-2.73
-2.46
-2.19
-1.67
-0.76
0.52
2.03
3.59
5.08
6.41
7.57
8.54
9.26
9.67
9.70
9.33
8.60
7.52
6.19
4.67
3.09
1.57
0.22
-0.87
-1.72
-2.38
-2.92
-3.33
-3.56
-3.53
-3.22
-2.73
-2.27
-2.05
-2.23
-2.87
-3.90
-5.18
-6.50
-7.65
-8.41
-8.63
-8.21
-7.17
-5.63
-3.79
-1.88
-0.06
1.53
2.81
3.73
4.25
4.37
4.13
3.62
2.94
2.21
1.51
0.85
0.23
-0.39
-1.03
-1.70
-2.40
-3.12
-3.88
-4.71
-5.60
-6.53
-7.43
-8.21
-8.77
-9.06
-9.07
-8.79
-8.23
-7.33
-6.08
-4.47
-2.60
-0.61
1.30
3.01
4.47
5.75
6.95
8.12
9.21
10.08
10.56
10.56
10.06
9.20
8.11
6.94
5.75
4.53
3.24
1.87
0.53
-0.63
-1.43
-1.74
-1.53
-0.92
-0.03
0.94
1.84
2.59
3.10
3.35
3.39
3.30
3.27
3.49
4.05
4.92
5.93
6.82
7.39
7.54
7.36
6.96
6.47
5.91
5.23
4.36
3.27
2.05
0.81
-0.31
-1.22
-1.93
-2.50
-2.99
-3.45
-3.88
-4.30
-4.72
-5.12
-5.51
-5.89
-6.28
-6.69
-7.17
-7.71
-8.28
-8.81
-9.14
-9.17
-8.81
-8.09
-7.09
-5.92
-4.68
-3.44
-2.20
-0.95
0.28
1.48
2.60
3.61
4.53
5.34
6.03
6.54
6.81
6.80
6.52
6.09
5.65
5.31
5.11
5.06
5.10
5.20
5.34
5.47
5.51
5.36
4.98
4.36
3.63
2.92
2.36
2.00
1.80
1.69
1.60
1.54
1.58
1.83
2.34
3.14
4.15
5.26
6.29
7.08
7.51
7.49
6.97
5.98
4.56
2.84
0.96
-0.90
-2.61
-4.08
-5.29
-6.26
-7.03
-7.61
-8.03
-8.30
-8.45
-8.50
-8.47
-8.41
-8.41
-8.61
-9.14
-10.09
-11.40
-12.89
-14.24
-15.19
-15.61
-15.55
-15.17
-14.65
-14.09
-13.45
-12.56
-11.24
-9.28
-6.56
-3.04
1.20
5.96
10.90
15.63
19.77
23.07
25.49
27.17
28.33
29.13
29.65
29.82
29.53
28.73
27.47
25.93
24.33
22.87
21.64
20.62
19.67
18.61
17.25
15.44
13.11
10.25
6.94
3.31
-0.46
-4.21
-7.78
-11.07
-14.01
-16.59
-18.81
-20.69
-22.29
-23.65
-24.76
-25.55
-25.90
-25.71
-25.00
-23.90
-22.69
-21.60
-20.71
-19.96
-19.16
-18.20
-17.07
-15.88
-14.73
-13.62
-12.42
-10.94
-9.09
-6.91
-4.63
-2.58
-1.02
-0.12
0.11
-0.16
-0.71
-1.29
-1.68
-1.75
-1.52
-1.14
-0.77
-0.54
-0.41
-0.26
0.10
0.80
1.89
3.30
4.99
6.99
9.46
12.55
16.27
20.40
24.44
27.85
30.24
31.57
32.06
32.15
32.17
32.31
32.55
32.75
32.80
32.62
32.15
31.24
29.65
27.10
23.42
18.67
13.23
7.63
2.44
-1.98
-5.58
-8.53
-11.16
-13.70
-16.22
-18.64
-20.79
-22.59
-24.08
-25.37
-26.60
-27.80
-28.84
-29.50
-29.59
-29.03
-27.94
-26.55
-25.14
-23.91
-22.94
-22.18
-21.54
-20.96
-20.43
-19.97
-19.61
-19.36
-19.16
-18.93
-18.56
-17.93
-16.87
-15.20
-12.82
-9.70
-6.00
-1.99
1.99
5.68
8.93
11.73
14.19
16.39
18.42
20.31
22.06
23.61
24.90
25.78
26.11
25.75
24.65
22.87
20.58
17.98
15.29
12.67
10.20
7.92
5.86
4.02
2.44
1.12
0.01
-1.03
-2.14
-3.42
-4.81
-6.15
-7.23
-7.91
-8.22
-8.31
-8.38
-8.56
-8.80
-9.00
-9.02
-8.87
-8.65
-8.54
-8.64
-8.92
-9.30
-9.69
-10.09
-10.57
-11.20
-12.01
-12.90
-13.74
-14.36
-14.71
-14.80
-14.70
-14.48
-14.18
-13.76
-13.18
-12.42
-11.48
-10.44
-9.40
-8.48
-7.74
-7.21
-6.83
-6.51
-6.17
-5.75
-5.23
-4.60
-3.86
-2.96
-1.86
-0.51
1.13
3.10
5.41
8.03
10.80
13.49
15.81
17.51
18.50
18.81
18.64
18.17
17.54
16.83
16.08
15.34
14.73
14.34
14.20
14.22
14.22
14.00
13.45
12.56
11.45
10.30
9.30
8.59
8.20
8.06
8.04
8.04
8.03
8.06
8.25
8.72
9.44
10.24
10.84
10.93
10.26
8.75
6.44
3.50
0.17
-3.23
-6.35
-8.87
-10.56
-11.36
-11.43
-11.01
-10.38
-9.76
-9.25
-8.87
-8.58
-8.33
-8.09
-7.84
-7.58
-7.36
-7.27
-7.41
-7.86
-8.68
-9.80
-11.12
-12.48
-13.78
-15.00
-16.17
-17.34
-18.52
-19.61
-20.45
-20.87
-20.79
-20.28
-19.50
-18.62
-17.65
-16.46
-14.82
-12.50
-9.47
-5.88
-2.00
1.90
5.58
8.94
11.91
14.44
16.48
18.02
19.09
19.73
19.99
19.89
19.45
18.72
17.76
16.67
15.52
14.32
13.05
11.65
10.16
8.67
7.37
6.41
5.93
5.92
6.33
7.00
7.73
8.33
8.65
8.57
8.08
7.26
6.21
5.05
3.89
2.87
2.11
1.75
1.90
2.60
3.71
4.99
6.13
6.84
6.99
6.59
5.76
4.64
3.28
1.72
-0.05
-1.99
-3.99
-5.91
-7.66
-9.20
-10.53
-11.67
-12.61
-13.30
-13.74
-13.96
-14.05
-14.16
-14.36
-14.67
-15.06
-15.45
-15.78
-15.98
-15.98
-15.69
-14.96
-13.70
-11.92
-9.73
-7.35
-4.97
-2.66
-0.32
2.29
5.41
9.16
13.46
18.07
22.69
27.04
30.91
34.14
36.54
37.91
38.06
36.89
34.45
30.96
26.77
22.28
17.84
13.74
10.13
7.02
4.34
1.98
-0.16
-2.14
-3.95
-5.57
-6.97
-8.16
-9.17
-9.98
-10.59
-10.95
-11.06
-10.96
-10.71
-10.40
-10.08
-9.79
-9.53
-9.35
-9.28
-9.36
-9.59
-9.87
-10.09
-10.14
-9.99
-9.74
-9.56
-9.56
-9.75
-10.03
-10.19
-10.10
-9.71
-9.10
-8.40
-7.75
-7.20
-6.74
-6.30
-5.88
-5.46
-5.11
-4.79
-4.42
-3.89
-3.04
-1.87
-0.49
0.86
1.94
2.64
2.98
3.11
3.18
3.21
3.09
2.66
1.81
0.63
-0.69
-1.91
-2.89
-3.63
-4.23
-4.81
-5.40
-5.95
-6.36
-6.54
-6.48
-6.25
-5.99
-5.80
-5.76
-5.84
-5.99
-6.12
-6.22
-6.27
-6.31
-6.40
-6.57
-6.85
-7.25
-7.72
-8.19
-8.54
-8.63
-8.35
-7.64
-6.57
-5.27
-3.91
-2.61
-1.44
-0.36
0.69
1.75
2.83
3.91
4.97
6.03
7.17
8.46
9.93
11.59
13.37
15.14
16.78
18.13
19.07
19.53
19.51
19.10
18.42
17.55
16.55
15.38
14.00
12.37
10.48
8.35
6.04
3.60
1.10
-1.36
-3.63
-5.53
-6.88
-7.49
-7.29
-6.35
-4.92
-3.41
-2.27
-1.82
-2.16
-3.07
-4.12
-4.87
-5.06
-4.69
-4.02
-3.42
-3.19
-3.41
-4.00
-4.67
-5.09
-4.95
-4.05
-2.33
0.12
3.07
6.20
9.15
11.61
13.36
14.35
14.64
14.35
13.64
12.59
11.25
9.59
7.56
5.16
2.44
-0.43
-3.21
-5.65
-7.49
-8.58
-8.93
-8.66
-8.02
-7.28
-6.67
-6.34
-6.28
-6.41
-6.56
-6.57
-6.36
-5.96
-5.51
-5.21
-5.20
-5.45
-5.77
-5.87
-5.55
-4.74
-3.62
-2.46
-1.51
-0.84
-0.38
0.07
0.64
1.37
2.19
3.00
3.71
4.22
4.45
4.25
3.48
2.09
0.20
-1.89
-3.80
-5.19
-5.91
-6.01
-5.65
-4.99
-4.14
-3.16
-2.10
-1.06
-0.17
0.45
0.78
0.94
1.11
1.50
2.17
3.07
4.01
4.81
5.36
5.65
5.76
5.81
5.88
6.00
6.18
6.38
6.59
6.78
6.88
6.84
6.57
6.08
5.47
4.89
4.52
4.45
4.64
4.95
5.21
5.33
5.29
5.17
5.04
4.97
4.95
4.91
4.77
4.46
3.99
3.51
3.15
3.08
3.35
3.88
4.47
4.84
4.81
4.33
3.49
2.50
1.52
0.63
-0.19
-1.06
-2.09
-3.32
-4.71
-6.14
-7.50
-8.72
-9.76
-10.61
-11.25
-11.61
-11.62
-11.22
-10.42
-9.32
-8.09
-6.89
-5.85
-4.96
-4.17
-3.35
-2.45
-1.48
-0.51
0.31
0.82
0.91
0.61
0.06
-0.51
-0.83
-0.78
-0.41
0.05
0.34
0.22
-0.35
-1.30
-2.45
-3.59
-4.59
-5.32
-5.73
-5.79
-5.54
-5.08
-4.53
-3.98
-3.42
-2.78
-2.00
-1.08
-0.12
0.67
1.17
1.37
1.43
1.61
2.13
3.02
4.12
5.16
5.89
6.20
6.18
6.04
6.04
6.35
6.93
7.57
7.94
7.80
7.08
5.94
4.59
3.19
1.79
0.35
-1.06
-2.13
-2.40
-1.52
0.41
2.81
4.79
5.65
5.23
3.97
2.62
1.78
1.60
1.79
1.92
1.69
1.14
0.51
0.08
-0.05
0.03
0.16
0.24
0.27
0.31
0.39
0.46
0.43
0.16
-0.43
-1.37
-2.56
-3.80
-4.77
-5.10
-4.45
-2.69
0.08
3.48
7.00
10.17
12.70
14.55
15.88
16.88
17.67
18.26
18.60
18.68
18.61
18.56
18.71
19.17
19.95
21.02
22.32
23.77
25.22
26.50
27.42
27.81
27.63
26.82
25.28
22.71
18.68
12.84
5.15
-3.92
-13.47
-22.41
-29.80
-35.14
-38.46
-40.22
-41.06
-41.58
-42.14
-42.78
-43.34
-43.52
-43.06
-41.84
-39.88
-37.31
-34.23
-30.73
-26.84
-22.65
-18.44
-14.63
-11.65
-9.82
-9.14
-9.30
-9.81
-10.15
-9.98
-9.16
-7.76
-5.98
-4.06
-2.19
-0.59
0.64
1.41
1.77
1.81
1.68
1.53
1.44
1.47
1.60
1.84
2.17
2.52
2.83
3.00
2.95
2.73
2.43
2.19
2.15
2.36
2.79
3.33
3.82
4.14
4.24
4.14
3.89
3.61
3.35
3.16
3.03
2.91
2.77
2.59
2.44
2.38
2.47
2.76
3.23
3.86
4.62
5.48
6.42
7.36
8.10
8.41
8.00
6.67
4.45
1.60
-1.46
-4.23
-6.32
-7.54
-7.87
-7.48
-6.58
-5.40
-4.08
-2.71
-1.34
0.06
1.50
2.99
4.52
6.01
7.37
8.45
9.07
9.07
8.41
7.19
5.74
4.44
3.60
3.30
3.37
3.46
3.23
2.52
1.42
0.07
-1.35
-2.78
-4.27
-5.85
-7.52
-9.19
-10.74
-12.05
-13.06
-13.76
-14.12
-14.11
-13.66
-12.75
-11.38
-9.62
-7.58
-5.40
-3.20
-1.07
0.93
2.75
4.36
5.73
6.88
7.81
8.55
9.12
9.54
9.81
9.91
9.83
9.56
9.12
8.53
7.85
7.08
6.25
5.35
4.39
3.40
2.43
1.55
0.79
0.14
-0.44
-1.02
-1.66
-2.31
-2.89
-3.26
-3.28
-2.88
-2.07
-0.95
0.37
1.75
3.08
4.29
5.33
6.18
6.83
7.25
7.45
7.43
7.24
6.93
6.56
6.17
5.78
5.35
4.87
4.28
3.58
2.78
1.94
1.16
0.51
0.02
-0.34
-0.63
-0.95
-1.32
-1.73
-2.13
-2.49
-2.82
-3.16
-3.58
-4.09
-4.62
-5.02
-5.12
-4.82
-4.11
-3.11
-2.04
-1.14
-0.56
-0.37
-0.48
-0.71
-0.87
-0.83
-0.57
-0.19
0.15
0.34
0.35
0.23
0.11
0.08
0.18
0.42
0.81
1.35
2.04
2.85
3.66
4.33
4.77
5.00
5.15
5.36
5.69
6.07
6.31
6.24
5.75
4.90
3.85
2.75
1.71
0.80
0.12
-0.23
-0.09
0.59
1.67
2.84
3.72
3.99
3.61
2.79
1.85
1.08
0.58
0.28
-0.01
-0.42
-0.97
-1.55
-2.03
-2.32
-2.41
-2.34
-2.17
-1.95
-1.71
-1.49
-1.29
-1.13
-1.03
-1.03
-1.19
-1.57
-2.18
-2.95
-3.79
-4.58
-5.25
-5.83
-6.34
-6.78
-7.06
-7.02
-6.55
-5.66
-4.49
-3.28
-2.25
-1.49
-0.97
-0.59
-0.21
0.23
0.72
1.24
1.74
2.20
2.65
3.09
3.55
4.03
4.60
5.27
6.05
6.89
7.73
8.52
9.24
9.94
10.68
11.45
12.21
12.92
13.54
14.09
14.61
15.09
15.44
15.54
15.28
14.69
13.93
13.24
12.84
12.79
13.00
13.24
13.29
12.95
12.21
11.06
9.54
7.64
5.24
2.23
-1.42
-5.56
-9.91
-14.09
-17.79
-20.85
-23.24
-24.99
-26.07
-26.38
-25.83
-24.46
-22.55
-20.62
-19.20
-18.66
-19.06
-20.09
-21.30
-22.24
-22.68
-22.62
-22.25
-21.72
-21.10
-20.30
-19.14
-17.49
-15.37
-12.99
-10.62
-8.53
-6.88
-5.64
-4.68
-3.86
-3.07
-2.30
-1.57
-0.87
-0.17
0.61
1.51
2.50
3.53
4.49
5.34
6.08
6.70
7.24
7.66
7.95
8.10
8.13
8.02
7.80
7.44
6.95
6.36
5.70
5.06
4.50
4.06
3.81
3.75
3.90
4.23
4.62
4.96
5.14
5.10
4.87
4.50
4.06
3.58
3.07
2.53
1.97
1.46
1.06
0.80
0.67
0.61
0.52
0.31
-0.06
-0.57
-1.13
-1.63
-1.99
-2.16
-2.19
-2.15
-2.13
-2.16
-2.20
-2.16
-1.93
-1.39
-0.50
0.73
2.22
3.79
5.21
6.22
6.62
6.31
5.33
3.86
2.12
0.36
-1.25
-2.56
-3.50
-4.04
-4.21
-4.09
-3.75
-3.28
-2.71
-1.97
-1.00
0.28
1.85
3.62
5.46
7.16
8.55
9.49
9.95
9.99
9.85
9.79
10.08
10.85
12.06
13.47
14.74
15.54
15.63
14.96
13.61
11.77
9.63
7.36
5.14
3.11
1.40
0.13
-0.63
-0.90
-0.77
-0.35
0.22
0.82
1.35
1.66
1.60
1.03
-0.11
-1.79
-3.82
-5.98
-8.01
-9.67
-10.80
-11.31
-11.21
-10.61
-9.69
-8.65
-7.68
-6.82
-6.01
-5.12
-4.06
-2.82
-1.53
-0.34
0.59
1.17
1.38
1.29
0.97
0.50
0.03
-0.35
-0.54
-0.58
-0.60
-0.79
-1.30
-2.13
-3.14
-4.06
-4.68
-4.91
-4.84
-4.70
-4.73
-5.10
-5.83
-6.83
-7.97
-9.09
-10.09
-10.88
-11.40
-11.63
-11.57
-11.29
-10.90
-10.47
-10.02
-9.49
-8.82
-7.96
-6.93
-5.83
-4.78
-3.86
-3.08
-2.40
-1.76
-1.17
-0.66
-0.29
-0.06
0.08
0.21
0.40
0.62
0.79
0.80
0.59
0.21
-0.21
-0.51
-0.61
-0.49
-0.23
0.08
0.44
0.88
1.47
2.26
3.18
4.11
4.87
5.37
5.62
5.71
5.79
5.94
6.18
6.43
6.65
6.81
6.93
7.05
7.18
7.24
7.17
6.90
6.49
6.00
5.55
5.22
5.03
4.93
4.88
4.83
4.74
4.58
4.34
4.02
3.62
3.15
2.64
2.10
1.57
1.12
0.87
0.94
1.39
2.22
3.37
4.74
6.23
7.80
9.36
10.85
12.18
13.31
14.23
15.05
15.94
17.02
18.36
19.84
21.25
22.29
22.72
22.41
21.37
19.77
17.88
16.02
14.41
13.08
11.82
10.26
7.99
4.81
0.83
-3.55
-7.77
-11.36
-14.06
-15.87
-16.91
-17.31
-17.07
-16.18
-14.65
-12.67
-10.61
-8.86
-7.75
-7.34
-7.50
-7.89
-8.17
-8.13
-7.73
-7.08
-6.36
-5.68
-5.10
-4.60
-4.15
-3.79
-3.61
-3.74
-4.24
-5.07
-6.14
-7.32
-8.52
-9.73
-11.02
-12.42
-13.96
-15.61
-17.28
-18.84
-20.07
-20.78
-20.81
-20.08
-18.58
-16.42
-13.72
-10.67
-7.44
-4.24
-1.28
1.26
3.25
4.68
5.67
6.40
7.03
7.66
8.26
8.70
8.85
8.63
8.04
7.13
6.05
4.94
3.88
2.90
1.98
1.06
0.09
-0.97
-2.14
-3.41
-4.77
-6.20
-7.68
-9.15
-10.52
-11.67
-12.48
-12.82
-12.60
-11.79
-10.40
-8.53
-6.32
-3.97
-1.63
0.57
2.60
4.42
6.03
7.34
8.29
8.84
9.02
8.95
8.77
8.63
8.62
8.75
8.98
9.28
9.64
10.12
10.80
11.72
12.81
13.89
14.73
15.10
14.97
14.48
13.94
13.63
13.62
13.76
13.75
13.34
12.51
11.47
10.59
10.10
9.97
9.89
9.35
7.93
5.31
1.46
-3.46
-9.03
-14.62
-19.43
-22.70
-23.91
-23.05
-20.63
-17.56
-14.82
-13.18
-12.88
-13.70
-15.02
-16.15
-16.53
-15.88
-14.31
-12.26
-10.34
-9.17
-9.09
-10.05
-11.67
-13.33
-14.44
-14.57
-13.52
-11.35
-8.21
-4.39
-0.15
4.19
8.34
12.00
15.02
17.35
19.11
20.47
21.62
22.62
23.38
23.70
23.32
22.07
19.86
16.79
13.08
9.06
5.07
1.41
-1.76
-4.41
-6.63
-8.53
-10.22
-11.69
-12.89
-13.75
-14.23
-14.42
-14.46
-14.52
-14.73
-15.07
-15.36
-15.32
-14.67
-13.28
-11.18
-8.62
-5.85
-3.09
-0.43
2.15
4.66
7.06
9.23
10.98
12.22
12.92
13.17
13.12
12.92
12.65
12.30
11.82
11.11
10.10
8.76
7.12
5.24
3.20
1.11
-0.92
-2.68
-3.88
-4.09
-2.92
-0.13
4.09
9.14
14.12
18.08
20.38
20.80
19.57
17.13
13.87
10.05
5.71
0.86
-4.39
-9.76
-14.88
-19.34
-22.94
-25.64
-27.57
-28.91
-29.77
-30.15
-29.98
-29.16
-27.69
-25.66
-23.20
-20.36
-17.14
-13.51
-9.59
-5.69
-2.30
0.13
1.38
1.58
1.16
0.68
0.56
0.95
1.77
2.79
3.82
4.75
5.60
6.41
7.16
7.82
8.31
8.61
8.75
8.80
8.78
8.68
8.43
8.01
7.41
6.70
5.96
5.24
4.60
4.10
3.77
3.66
3.72
3.80
3.70
3.27
2.50
1.51
0.58
-0.09
-0.37
-0.29
0.04
0.51
1.07
1.75
2.54
3.45
4.40
5.26
5.93
6.32
6.41
6.23
5.84
5.30
4.70
4.09
3.51
2.98
2.51
2.11
1.77
1.47
1.19
0.91
0.60
0.22
-0.25
-0.88
-1.68
-2.64
-3.63
-4.51
-5.15
-5.46
-5.44
-5.14
-4.64
-4.00
-3.27
-2.52
-1.79
-1.12
-0.54
-0.03
0.44
0.85
1.17
1.31
1.20
0.83
0.27
-0.33
-0.90
-1.38
-1.82
-2.29
-2.81
-3.32
-3.76
-4.07
-4.31
-4.62
-5.11
-5.84
-6.67
-7.32
-7.50
-7.07
-6.11
-4.86
-3.65
-2.69
-2.02
-1.56
-1.12
-0.58
0.07
0.81
1.53
2.18
2.70
3.05
3.20
3.13
2.86
2.48
2.09
1.79
1.63
1.60
1.63
1.64
1.56
1.32
0.91
0.35
-0.29
-0.91
-1.40
-1.68
-1.68
-1.31
-0.53
0.69
2.27
4.08
5.90
7.52
8.79
9.70
10.32
10.78
11.18
11.55
11.88
12.07
12.04
11.74
11.20
10.51
9.80
9.20
8.78
8.52
8.27
7.88
7.26
6.38
5.31
4.16
3.02
1.92
0.89
-0.00
-0.70
-1.11
-1.23
-1.15
-1.02
-1.04
-1.29
-1.79
-2.48
-3.31
-4.31
-5.53
-6.99
-8.57
-9.97
-10.88
-11.02
-10.32
-8.91
-7.08
-5.10
-3.16
-1.38
0.25
1.69
2.93
3.89
4.48
4.62
4.23
3.30
1.86
0.00
-2.14
-4.36
-6.47
-8.25
-9.52
-10.15
-10.05
-9.26
-7.86
-6.07
-4.10
-2.16
-0.38
1.20
2.63
3.97
5.31
6.66
8.04
9.40
10.65
11.73
12.58
13.19
13.60
13.90
14.14
14.31
14.28
13.85
12.80
11.02
8.53
5.61
2.67
0.13
-1.73
-2.85
-3.49
-4.02
-4.84
-6.17
-7.99
-10.03
-11.96
-13.44
-14.33
-14.64
-14.50
-14.09
-13.53
-12.91
-12.26
-11.64
-11.09
-10.67
-10.36
-10.10
-9.78
-9.31
-8.65
-7.85
-7.00
-6.22
-5.60
-5.16
-4.83
-4.52
-4.09
-3.42
-2.42
-1.13
0.34
1.78
2.97
3.74
4.01
3.85
3.45
3.10
3.06
3.51
4.48
5.80
7.17
8.23
8.71
8.52
7.78
6.79
5.96
5.68
6.19
7.48
9.32
11.29
12.90
13.79
13.79
12.98
11.62
10.01
8.42
7.05
5.92
5.03
4.32
3.71
3.14
2.52
1.75
0.71
-0.67
-2.37
-4.19
-5.86
-7.01
-7.36
-6.82
-5.50
-3.76
-2.03
-0.67
0.13
0.44
0.51
0.61
0.89
1.26
1.46
1.19
0.30
-1.06
-2.58
-3.86
-4.71
-5.17
-5.48
-5.92
-6.62
-7.53
-8.46
-9.22
-9.66
-9.75
-9.55
-9.15
-8.65
-8.14
-7.71
-7.42
-7.25
-7.15
-7.07
-6.97
-6.87
-6.75
-6.56
-6.18
-5.47
-4.34
-2.77
-0.93
0.92
2.46
3.41
3.64
3.19
2.28
1.26
0.43
-0.02
-0.11
-0.01
0.00
-0.28
-0.96
-1.95
-3.07
-4.13
-4.96
-5.48
-5.69
-5.62
-5.35
-4.95
-4.48
-4.02
-3.60
-3.26
-2.95
-2.62
-2.15
-1.46
-0.56
0.42
1.31
1.92
2.20
2.29
2.44
2.87
3.64
4.52
5.16
5.22
4.58
3.44
2.23
1.36
1.06
1.24
1.62
1.89
1.86
1.56
1.12
0.72
0.43
0.19
-0.07
-0.42
-0.84
-1.26
-1.63
-1.92
-2.20
-2.53
-2.96
-3.43
-3.83
-4.04
-3.95
-3.55
-2.86
-1.97
-0.94
0.19
1.36
2.50
3.53
4.34
4.88
5.14
5.19
5.10
4.95
4.73
4.40
3.91
3.25
2.49
1.76
1.23
1.00
1.03
1.18
1.24
1.03
0.50
-0.28
-1.20
-2.14
-3.01
-3.76
-4.32
-4.60
-4.48
-3.91
-2.98
-1.83
-0.64
0.50
1.58
2.65
3.79
4.99
6.23
7.47
8.73
10.01
11.31
12.58
13.71
14.54
15.00
15.09
14.88
14.48
13.99
13.46
12.95
12.47
12.07
11.78
11.59
11.41
11.09
10.43
9.24
7.43
5.04
2.27
-0.63
-3.38
-5.77
-7.67
-8.99
-9.71
-9.82
-9.35
-8.43
-7.21
-5.88
-4.59
-3.42
-2.40
-1.59
-1.06
-0.94
-1.38
-2.42
-4.01
-6.00
-8.15
-10.25
-12.09
-13.50
-14.39
-14.71
-14.50
-13.84
-12.87
-11.77
-10.73
-9.90
-9.33
-8.95
-8.57
-7.97
-6.98
-5.56
-3.83
-1.96
-0.10
1.72
3.56
5.52
7.54
9.41
10.78
11.37
11.11
10.25
9.22
8.50
8.36
8.78
9.51
10.19
10.54
10.48
10.10
9.59
9.18
9.06
9.30
9.87
10.54
11.00
10.95
10.19
8.70
6.64
4.28
1.86
-0.46
-2.60
-4.52
-6.25
-7.83
-9.35
-10.88
-12.53
-14.31
-16.18
-17.98
-19.49
-20.54
-21.01
-20.88
-20.19
-19.04
-17.49
-15.60
-13.40
-10.96
-8.38
-5.85
-3.61
-1.84
-0.68
-0.12
-0.02
-0.15
-0.22
0.05
0.91
2.54
4.93
7.95
11.30
14.63
17.63
20.09
21.82
22.61
22.19
20.28
16.78
11.91
6.33
0.92
-3.51
-6.54
-8.26
-9.24
-10.16
-11.54
-13.50
-15.80
-17.99
-19.60
-20.30
-19.98
-18.72
-16.76
-14.41
-12.06
-10.06
-8.69
-8.17
-8.55
-9.73
-11.44
-13.22
-14.58
-15.07
-14.45
-12.74
-10.25
-7.43
-4.79
-2.74
-1.52
-1.13
-1.37
-1.87
-2.22
-2.07
-1.25
0.17
1.93
3.77
5.53
7.21
8.93
10.76
12.66
14.46
15.89
16.72
16.90
16.56
16.00
15.52
15.30
15.32
15.36
15.17
14.60
13.74
12.85
12.25
12.16
12.50
12.95
13.11
12.62
11.38
9.52
7.29
4.93
2.54
0.09
-2.48
-5.12
-7.60
-9.54
-10.57
-10.48
-9.36
-7.50
-5.33
-3.25
-1.48
-0.12
0.89
1.64
2.24
2.77
3.22
3.55
3.69
3.61
3.37
3.10
2.92
2.90
2.99
3.07
3.00
2.75
2.39
2.01
1.69
1.40
1.06
0.60
-0.01
-0.73
-1.49
-2.23
-2.92
-3.50
-3.92
-4.07
-3.85
-3.22
-2.25
-1.09
0.02
0.91
1.47
1.70
1.72
1.61
1.46
1.27
1.03
0.70
0.33
0.01
-0.16
-0.08
0.22
0.61
0.93
1.02
0.81
0.37
-0.19
-0.76
-1.26
-1.69
-2.08
-2.47
-2.90
-3.39
-3.93
-4.43
-4.78
-4.83
-4.51
-3.81
-2.84
-1.78
-0.81
-0.05
0.49
0.83
1.02
1.11
1.10
1.06
1.04
1.12
1.33
1.66
2.00
2.22
2.21
1.95
1.49
0.94
0.42
0.01
-0.30
-0.54
-0.77
-1.01
-1.25
-1.50
-1.77
-2.07
-2.42
-2.75
-2.94
-2.88
-2.46
-1.70
-0.67
0.45
1.50
2.39
3.12
3.75
4.37
4.98
5.56
5.99
6.19
6.14
5.90
5.61
5.34
5.14
4.99
4.84
4.67
4.48
4.27
4.03
3.76
3.42
3.04
2.69
2.46
2.43
2.62
2.98
3.39
3.71
3.81
3.58
3.02
2.23
1.39
0.76
0.56
0.87
1.53
2.21
2.54
2.26
1.29
-0.18
-1.87
-3.41
-4.54
-5.12
-5.13
-4.71
-4.10
-3.64
-3.63
-4.23
-5.35
-6.69
-7.80
-8.34
-8.21
-7.62
-6.97
-6.68
-7.00
-7.95
-9.34
-10.84
-12.17
-13.09
-13.48
-13.31
-12.62
-11.53
-10.23
-8.94
-7.83
-6.96
-6.29
-5.68
-4.98
-4.14
-3.21
-2.34
-1.64
-1.17
-0.85
-0.58
-0.23
0.30
1.04
1.99
3.12
4.37
5.65
6.86
7.94
8.90
9.79
10.72
11.79
13.02
14.36
15.66
16.77
17.58
18.04
18.12
17.82
17.13
16.04
14.60
12.97
11.39
10.10
9.23
8.72
8.35
7.84
7.06
6.08
5.14
4.54
4.49
5.00
5.87
6.72
7.02
6.15
3.56
-1.06
-7.53
-15.11
-22.63
-28.82
-32.71
-33.99
-33.02
-30.66
-27.86
-25.37
-23.52
-22.25
-21.34
-20.49
-19.52
-18.33
-16.88
-15.15
-13.18
-11.07
-8.99
-7.15
-5.68
-4.50
-3.26
-1.47
1.34
5.38
10.47
16.08
21.51
26.10
29.46
31.48
32.29
32.16
31.38
30.21
28.87
27.53
26.29
25.12
23.93
22.57
21.02
19.36
17.77
16.39
15.21
14.01
12.39
9.95
6.55
2.39
-1.97
-5.79
-8.40
-9.35
-8.51
-6.00
-2.09
2.91
8.61
14.50
19.97
24.34
27.04
27.79
26.69
24.06
20.27
15.57
10.06
3.86
-2.78
-9.40
-15.52
-20.78
-25.09
-28.57
-31.39
-33.58
-34.99
-35.40
-34.69
-32.93
-30.41
-27.48
-24.44
-21.48
-18.71
-16.18
-13.96
-12.13
-10.75
-9.83
-9.24
-8.83
-8.35
-7.61
-6.48
-4.96
-3.17
-1.32
0.36
1.74
2.77
3.54
4.16
4.77
5.43
6.16
6.94
7.72
8.41
8.97
9.33
9.43
9.23
8.71
7.90
6.86
5.69
4.42
3.10
1.72
0.28
-1.23
-2.74
-4.16
-5.39
-6.33
-6.95
-7.27
-7.33
-7.24
-7.10
-7.02
-7.06
-7.27
-7.62
-8.03
-8.43
-8.76
-9.04
-9.32
-9.71
-10.27
-11.02
-11.91
-12.86
-13.79
-14.68
-15.54
-16.44
-17.46
-18.65
-19.96
-21.28
-22.42
-23.20
-23.43
-23.01
-21.87
-20.03
-17.62
-14.80
-11.83
-8.95
-6.35
-4.10
-2.10
-0.10
2.25
5.24
8.97
13.27
17.71
21.77
25.00
27.16
28.23
28.40
27.90
26.98
25.81
24.54
23.28
22.14
21.13
20.19
19.13
17.76
15.96
13.73
11.20
8.58
6.10
3.89
2.04
0.59
-0.45
-1.04
-1.13
-0.76
-0.03
0.85
1.66
2.24
2.59
2.81
3.04
3.34
3.67
3.91
3.91
3.62
3.10
2.48
1.92
1.53
1.32
1.24
1.17
1.03
0.71
0.15
-0.64
-1.61
-2.65
-3.63
-4.46
-5.10
-5.60
-6.07
-6.59
-7.21
-7.88
-8.50
-8.93
-9.05
-8.78
-8.09
-7.00
-5.61
-4.04
-2.46
-1.06
0.06
0.86
1.44
1.90
2.32
2.67
2.87
2.81
2.48
1.97
1.45
1.07
0.88
0.84
0.87
0.91
0.93
0.97
1.01
0.99
0.86
0.55
0.08
-0.51
-1.15
-1.81
-2.52
-3.29
-4.14
-4.99
-5.73
-6.22
-6.29
-5.89
-5.03
-3.79
-2.39
-1.05
0.03
0.76
1.16
1.39
1.62
1.98
2.49
3.05
3.54
3.85
3.99
4.04
4.11
4.25
4.43
4.49
4.33
3.89
3.28
2.65
2.17
1.89
1.74
1.57
1.24
0.69
-0.07
-0.98
-1.98
-3.02
-4.00
-4.80
-5.24
-5.15
-4.50
-3.35
-1.91
-0.43
0.91
2.03
2.92
3.64
4.24
4.72
5.10
5.39
5.61
5.74
5.79
5.73
5.58
5.39
5.23
5.17
5.16
5.12
4.95
4.55
3.93
3.15
2.34
1.60
0.97
0.45
-0.03
-0.51
-1.04
-1.64
-2.30
-2.97
-3.58
-3.99
-4.05
-3.67
-2.84
-1.69
-0.45
0.60
1.28
1.54
1.45
1.15
0.78
0.38
-0.02
-0.41
-0.71
-0.82
-0.69
-0.31
0.24
0.84
1.38
1.81
2.13
2.34
2.48
2.57
2.62
2.65
2.66
2.65
2.61
2.50
2.28
1.91
1.29
0.35
-0.99
-2.75
-4.87
-7.14
-9.25
-10.86
-11.74
-11.82
-11.26
-10.36
-9.38
-8.52
-7.78
-7.04
-6.20
-5.23
-4.21
-3.28
-2.57
-2.05
-1.58
-0.99
-0.20
0.75
1.68
2.39
2.70
2.56
2.04
1.27
0.41
-0.43
-1.18
-1.84
-2.43
-3.00
-3.60
-4.25
-4.93
-5.57
-6.04
-6.22
-6.02
-5.44
-4.54
-3.45
-2.31
-1.24
-0.30
0.47
1.06
1.44
1.59
1.53
1.32
1.08
0.96
1.04
1.30
1.62
1.84
1.81
1.51
1.04
0.56
0.23
0.09
0.05
-0.03
-0.26
-0.71
-1.32
-2.05
-2.83
-3.61
-4.29
-4.76
-4.86
-4.52
-3.75
-2.70
-1.57
-0.55
0.27
0.90
1.38
1.76
2.03
2.15
2.14
2.01
1.85
1.67
1.51
1.35
1.20
1.07
0.99
1.00
1.15
1.40
1.70
1.98
2.11
1.97
1.41
0.40
-1.03
-2.67
-4.22
-5.36
-5.85
-5.62
-4.81
-3.66
-2.42
-1.27
-0.29
0.53
1.22
1.78
2.22
2.52
2.69
2.75
2.75
2.67
2.50
2.21
1.80
1.29
0.77
0.36
0.12
0.08
0.21
0.43
0.60
0.64
0.47
0.06
-0.55
-1.28
-2.03
-2.65
-3.06
-3.18
-3.00
-2.58
-1.99
-1.34
-0.69
-0.07
0.51
1.05
1.54
1.98
2.39
2.79
3.21
3.63
3.99
4.23
4.30
4.22
4.05
3.86
3.70
3.58
3.48
3.36
3.21
3.06
2.94
2.84
2.75
2.62
2.42
2.15
1.82
1.48
1.17
0.92
0.73
0.54
0.29
-0.11
-0.74
-1.61
-2.64
-3.69
-4.58
-5.16
-5.34
-5.09
-4.52
-3.74
-2.88
-2.03
-1.24
-0.51
0.18
0.89
1.63
2.40
3.12
3.70
4.03
4.07
3.85
3.52
3.20
3.06
3.13
3.38
3.66
3.85
3.85
3.66
3.35
3.06
2.84
2.70
2.57
2.33
1.90
1.29
0.60
-0.02
-0.43
-0.58
-0.54
-0.47
-0.54
-0.90
-1.60
-2.58
-3.73
-4.90
-5.92
-6.64
-6.93
-6.68
-5.86
-4.52
-2.80
-0.88
1.03
2.80
4.32
5.58
6.60
7.44
8.16
8.76
9.26
9.58
9.70
9.57
9.21
8.68
8.08
7.52
7.14
7.00
7.11
7.36
7.58
7.54
7.11
6.26
5.09
3.78
2.49
1.32
0.29
-0.62
-1.47
-2.27
-3.03
-3.73
-4.35
-4.89
-5.36
-5.77
-6.12
-6.37
-6.45
-6.30
-5.85
-5.09
-4.05
-2.79
-1.41
-0.00
1.32
2.44
3.27
3.76
3.92
3.82
3.57
3.20
2.71
2.05
1.19
0.13
-1.05
-2.24
-3.32
-4.25
-5.02
-5.65
-6.21
-6.68
-6.99
-7.06
-6.78
-6.18
-5.37
-4.54
-3.86
-3.42
-3.18
-3.02
-2.82
-2.57
-2.35
-2.30
-2.50
-2.95
-3.56
-4.21
-4.76
-5.12
-5.22
-5.05
-4.65
-4.09
-3.49
-2.90
-2.32
-1.68
-0.89
0.05
1.01
1.81
2.25
2.27
1.95
1.49
1.06
0.74
0.49
0.21
-0.17
-0.62
-1.02
-1.25
-1.25
-1.11
-1.04
-1.23
-1.79
-2.70
-3.74
-4.68
-5.33
-5.67
-5.76
-5.77
-5.80
-5.89
-5.99
-6.00
-5.79
-5.27
-4.35
-2.99
-1.23
0.76
2.66
4.08
4.72
4.49
3.64
2.64
2.03
2.20
3.21
4.83
6.62
8.15
9.11
9.38
9.02
8.16
6.95
5.53
4.03
2.57
1.22
0.00
-1.17
-2.41
-3.77
-5.18
-6.38
-6.98
-6.54
-4.81
-1.78
2.21
6.56
10.59
13.69
15.59
16.37
16.37
16.03
15.72
15.57
15.53
15.41
15.02
14.26
13.08
11.53
9.70
7.78
6.00
4.66
3.95
3.91
4.39
5.07
5.70
6.15
6.48
6.83
7.33
7.96
8.63
9.26
9.78
10.18
10.44
10.45
10.01
8.91
6.96
4.14
0.60
-3.38
-7.45
-11.27
-14.58
-17.25
-19.20
-20.46
-21.05
-21.00
-20.37
-19.21
-17.66
-15.95
-14.31
-13.01
-12.26
-12.22
-13.00
-14.65
-17.19
-20.56
-24.61
-29.11
-33.72
-38.04
-41.57
-43.81
-44.36
-43.03
-39.88
-35.31
-29.86
-24.18
-18.84
-14.25
-10.59
-7.79
-5.62
-3.68
-1.60
0.82
3.56
6.38
8.94
11.02
12.59
13.84
15.03
16.36
17.86
19.46
21.05
22.54
23.82
24.83
25.45
25.61
25.25
24.46
23.40
22.28
21.27
20.47
19.80
19.07
17.98
16.25
13.71
10.42
6.67
2.85
-0.68
-3.69
-6.13
-8.06
-9.57
-10.71
-11.48
-11.91
-12.10
-12.15
-12.11
-11.96
-11.57
-10.80
-9.52
-7.74
-5.57
-3.18
-0.70
1.82
4.42
7.13
9.92
12.62
14.96
16.62
17.32
16.97
15.67
13.63
11.16
8.51
5.87
3.29
0.79
-1.64
-3.96
-6.06
-7.85
-9.29
-10.43
-11.34
-12.10
-12.70
-13.05
-13.04
-12.60
-11.79
-10.72
-9.52
-8.29
-7.07
-5.90
-4.87
-4.10
-3.73
-3.75
-4.03
-4.35
-4.47
-4.25
-3.67
-2.79
-1.74
-0.60
0.50
1.51
2.38
3.15
3.92
4.85
6.01
7.39
8.85
10.17
11.15
11.70
11.80
11.49
10.79
9.71
8.22
6.34
4.15
1.84
-0.35
-2.19
-3.52
-4.30
-4.60
-4.52
-4.17
-3.63
-2.96
-2.23
-1.48
-0.74
0.01
0.84
1.82
2.99
4.33
5.74
7.17
8.59
10.06
11.65
13.35
15.08
16.63
17.75
18.24
18.02
17.17
15.89
14.50
13.27
12.36
11.72
11.06
9.90
7.71
4.12
-0.92
-7.09
-13.76
-20.16
-25.60
-29.61
-32.03
-32.93
-32.47
-30.86
-28.30
-25.00
-21.19
-17.20
-13.35
-9.92
-7.02
-4.60
-2.39
-0.09
2.55
5.56
8.70
11.55
13.71
14.95
15.43
15.61
16.07
17.19
18.99
21.03
22.69
23.45
23.24
22.50
22.02
22.64
24.90
28.86
34.03
39.41
43.64
45.21
42.86
36.02
25.25
12.22
-0.63
-10.83
-16.71
-17.87
-15.18
-10.34
-5.20
-1.18
1.03
1.37
0.26
-1.74
-4.07
-6.28
-8.06
-9.19
-9.53
-9.07
-7.92
-6.43
-5.12
-4.50
-4.95
-6.49
-8.76
-11.17
-13.16
-14.35
-14.66
-14.37
-13.95
-14.09
-15.41
-18.35
-22.79
-28.03
-32.84
-35.95
-36.58
-34.78
-31.44
-27.83
-24.95
-23.06
-21.66
-19.86
-16.96
-12.90
-8.24
-3.84
-0.43
1.69
2.70
3.04
3.10
3.05
2.83
2.24
1.14
-0.38
-2.09
-3.72
-5.11
-6.32
-7.53
-8.90
-10.41
-11.79
-12.59
-12.42
-11.12
-8.90
-6.20
-3.52
-1.21
0.67
2.29
3.90
5.66
7.56
9.43
11.04
12.17
12.78
12.93
12.80
12.55
12.28
12.03
11.80
11.67
11.80
12.38
13.53
15.16
16.98
18.59
19.63
20.02
19.94
19.71
19.59
19.67
19.81
19.79
19.40
18.52
17.05
14.92
12.06
8.47
4.32
-0.03
-4.08
-7.34
-9.54
-10.66
-10.90
-10.65
-10.27
-10.04
-10.12
-10.53
-11.19
-11.98
-12.79
-13.55
-14.25
-14.90
-15.50
-16.04
-16.47
-16.80
-17.02
-17.16
-17.17
-16.93
-16.25
-14.94
-12.95
-10.40
-7.63
-5.04
-2.95
-1.48
-0.52
0.14
0.74
1.40
2.07
2.63
2.95
3.02
2.95
2.95
3.23
3.87
4.81
5.86
6.78
7.38
7.64
7.70
7.79
8.14
8.85
9.84
10.91
11.87
12.59
13.14
13.69
14.44
15.55
17.10
19.11
21.50
24.14
26.65
28.41
28.66
26.75
22.44
16.17
8.93
1.99
-3.61
-7.34
-9.35
-10.19
-10.52
-10.77
-11.06
-11.27
-11.27
-11.05
-10.79
-10.72
-11.02
-11.65
-12.43
-13.08
-13.42
-13.49
-13.51
-13.78
-14.51
-15.66
-16.92
-17.90
-18.20
-17.65
-16.33
-14.53
-12.61
-10.84
-9.39
-8.26
-7.41
-6.79
-6.38
-6.18
-6.18
-6.32
-6.49
-6.57
-6.44
-6.01
-5.30
-4.39
-3.45
-2.62
-1.95
-1.41
-0.88
-0.26
0.46
1.18
1.73
1.98
1.89
1.57
1.20
0.92
0.81
0.82
0.84
0.79
0.66
0.57
0.71
1.24
2.19
3.42
4.63
5.52
5.86
5.66
5.07
4.34
3.67
3.15
2.81
2.62
2.62
2.86
3.41
4.26
5.31
6.40
7.34
7.95
8.15
7.93
7.39
6.67
5.94
5.31
4.85
4.56
4.39
4.33
4.34
4.40
4.43
4.36
4.13
3.73
3.24
2.74
2.33
2.03
1.83
1.70
1.68
1.82
2.16
2.63
3.09
3.34
3.21
2.70
1.95
1.25
0.86
0.96
1.57
2.60
3.83
5.02
5.95
6.48
6.51
6.05
5.20
4.23
3.47
3.32
4.06
5.75
8.20
11.01
13.73
15.93
17.34
17.90
17.65
16.73
15.26
13.39
11.30
9.21
7.34
5.84
4.78
4.10
3.65
3.23
2.69
1.96
1.13
0.40
0.01
0.11
0.70
1.62
2.62
3.41
3.80
3.77
3.38
2.77
2.02
1.18
0.26
-0.72
-1.68
-2.57
-3.40
-4.18
-5.00
-5.91
-6.89
-7.92
-8.99
-10.07
-11.11
-11.95
-12.35
-12.01
-10.72
-8.53
-5.77
-3.02
-0.97
-0.20
-1.02
-3.33
-6.72
-10.52
-14.10
-17.00
-19.05
-20.25
-20.64
-20.13
-18.47
-15.41
-10.88
-5.20
0.98
6.80
11.54
14.83
16.69
17.44
17.41
16.80
15.64
13.87
11.52
8.79
6.01
3.50
1.45
-0.14
-1.38
-2.40
-3.28
-4.09
-4.97
-6.10
-7.67
-9.75
-12.16
-14.54
-16.41
-17.36
-17.17
-15.92
-13.85
-11.33
-8.75
-6.47
-4.81
-4.01
-4.20
-5.38
-7.37
-9.82
-12.29
-14.39
-15.91
-16.93
-17.75
-18.71
-19.98
-21.44
-22.69
-23.27
-22.89
-21.56
-19.56
-17.29
-15.08
-13.15
-11.53
-10.21
-9.16
-8.34
-7.68
-7.05
-6.32
-5.42
-4.46
-3.64
-3.16
-3.11
-3.33
-3.46
-3.08
-1.84
0.39
3.51
7.19
11.06
14.78
18.24
21.54
25.02
29.07
33.94
39.49
45.07
49.61
51.97
51.35
47.66
41.60
34.34
27.12
20.83
15.85
12.01
8.94
6.22
3.55
0.75
-2.30
-5.72
-9.54
-13.68
-17.86
-21.67
-24.74
-26.83
-27.92
-28.20
-27.93
-27.42
-26.81
-26.19
-25.47
-24.45
-22.91
-20.61
-17.49
-13.72
-9.67
-5.80
-2.49
0.14
2.21
4.01
5.79
7.63
9.42
10.95
12.03
12.53
12.42
11.75
10.61
9.18
7.69
6.43
5.66
5.48
5.82
6.45
7.10
7.52
7.63
7.44
7.04
6.52
5.95
5.36
4.78
4.23
3.74
3.35
2.99
2.62
2.10
1.37
0.43
-0.63
-1.60
-2.31
-2.65
-2.64
-2.45
-2.31
-2.38
-2.74
-3.34
-4.06
-4.75
-5.30
-5.57
-5.46
-4.90
-3.93
-2.67
-1.34
-0.17
0.72
1.34
1.84
2.39
3.12
4.02
4.97
5.81
6.43
6.82
7.08
7.36
7.80
8.44
9.23
10.00
10.58
10.81
10.61
9.96
8.87
7.38
5.51
3.35
0.99
-1.40
-3.69
-5.76
-7.51
-8.87
-9.74
-9.97
-9.48
-8.30
-6.65
-4.90
-3.44
-2.47
-1.98
-1.71
-1.36
-0.74
0.15
1.11
1.88
2.34
2.50
2.53
2.60
2.82
3.15
3.51
3.85
4.19
4.60
5.14
5.81
6.54
7.17
7.59
7.70
7.47
6.90
6.09
5.16
4.26
3.53
3.03
2.69
2.41
2.05
1.55
0.96
0.40
0.01
-0.15
-0.06
0.21
0.60
1.02
1.37
1.53
1.42
1.01
0.38
-0.30
-0.81
-1.02
-0.93
-0.68
-0.43
-0.30
-0.26
-0.17
0.11
0.70
1.58
2.60
3.57
4.30
4.67
4.70
4.44
4.02
3.61
3.39
3.51
4.08
5.10
6.46
7.97
9.44
10.76
11.88
12.82
13.63
14.33
14.90
15.29
15.43
15.19
14.45
13.03
10.75
7.58
3.64
-0.79
-5.30
-9.48
-13.02
-15.74
-17.56
-18.54
-18.78
-18.46
-17.77
-16.89
-15.92
-14.83
-13.47
-11.66
-9.28
-6.42
-3.40
-0.75
0.98
1.37
0.30
-1.99
-4.98
-8.01
-10.57
-12.35
-13.31
-13.60
-13.39
-12.79
-11.90
-10.81
-9.65
-8.64
-7.90
-7.44
-7.06
-6.42
-5.20
-3.29
-0.79
1.95
4.46
6.26
7.00
6.54
4.95
2.54
-0.24
-2.93
-5.10
-6.54
-7.23
-7.31
-6.96
-6.34
-5.48
-4.38
-2.95
-1.18
0.85
3.03
5.18
7.10
8.60
9.48
9.60
8.85
7.25
4.92
2.13
-0.74
-3.30
-5.27
-6.53
-7.18
-7.43
-7.56
-7.81
-8.28
-8.98
-9.79
-10.52
-10.98
-11.04
-10.61
-9.72
-8.44
-6.92
-5.33
-3.79
-2.45
-1.37
-0.55
0.06
0.56
1.03
1.49
1.88
2.12
2.16
2.05
1.94
2.05
2.53
3.45
4.74
6.28
8.00
9.92
12.17
14.84
17.87
21.01
23.83
25.87
26.75
26.26
24.35
21.13
16.82
11.78
6.49
1.52
-2.63
-5.62
-7.43
-8.33
-8.70
-8.89
-9.08
-9.28
-9.37
-9.25
-8.88
-8.34
-7.71
-7.07
-6.42
-5.72
-4.87
-3.80
-2.46
-0.94
0.63
2.01
3.03
3.55
3.59
3.28
2.84
2.53
2.61
3.21
4.32
5.70
6.85
7.16
6.08
3.33
-0.90
-6.00
-11.05
-15.14
-17.57
-18.09
-16.81
-14.16
-10.69
-6.95
-3.41
-0.43
1.74
3.01
3.40
3.08
2.24
1.14
-0.07
-1.32
-2.59
-3.91
-5.24
-6.49
-7.51
-8.11
-8.18
-7.67
-6.58
-5.00
-3.04
-0.90
1.18
2.89
3.94
4.13
3.47
2.24
0.92
0.11
0.29
1.67
4.14
7.29
10.58
13.47
15.60
16.79
17.09
16.68
15.79
14.65
13.41
12.09
10.57
8.61
5.93
2.35
-2.15
-7.25
-12.35
-16.66
-19.41
-20.17
-18.99
-16.40
-13.19
-10.17
-7.86
-6.44
-5.81
-5.78
-6.13
-6.71
-7.35
-7.81
-7.80
-7.08
-5.57
-3.39
-0.81
1.86
4.37
6.59
8.43
9.88
10.90
11.44
11.47
11.04
10.20
9.05
7.63
5.90
3.79
1.20
-1.82
-5.03
-8.03
-10.37
-11.68
-11.86
-11.05
-9.58
-7.78
-5.88
-3.99
-2.09
-0.22
1.54
3.07
4.25
5.06
5.55
5.79
5.84
5.68
5.27
4.54
3.49
2.23
0.93
-0.25
-1.17
-1.81
-2.21
-2.46
-2.59
-2.64
-2.59
-2.46
-2.29
-2.13
-2.01
-1.89
-1.69
-1.36
-0.91
-0.44
-0.09
0.07
0.06
0.06
0.27
0.88
1.92
3.32
4.89
6.38
7.58
8.32
8.59
8.47
8.21
8.16
8.63
9.80
11.62
13.75
15.73
17.15
17.83
17.78
17.15
15.95
14.07
11.30
7.62
3.30
-1.05
-4.72
-7.13
-8.05
-7.60
-6.14
-4.09
-1.87
0.15
1.61
2.17
1.60
-0.08
-2.58
-5.39
-7.91
-9.66
-10.41
-10.27
-9.55
-8.64
-7.85
-7.26
-6.77
-6.18
-5.36
-4.31
-3.16
-2.10
-1.28
-0.72
-0.38
-0.18
-0.04
0.10
0.31
0.68
1.30
2.20
3.31
4.44
5.44
6.17
6.64
6.97
7.25
7.49
7.57
7.29
6.45
5.03
3.13
1.01
-1.03
-2.75
-3.95
-4.53
-4.44
-3.71
-2.48
-0.96
0.57
1.86
2.77
3.26
3.37
3.16
2.65
1.83
0.66
-0.80
-2.43
-4.07
-5.57
-6.83
-7.83
-8.62
-9.25
-9.72
-10.01
-10.06
-9.88
-9.47
-8.93
-8.33
-7.75
-7.24
-6.76
-6.32
-5.91
-5.57
-5.36
-5.33
-5.45
-5.60
-5.63
-5.44
-5.02
-4.49
-4.05
-3.84
-3.89
-4.11
-4.31
-4.36
-4.18
-3.81
-3.32
-2.74
-2.09
-1.35
-0.53
0.36
1.24
2.06
2.76
3.30
3.61
3.61
3.24
2.54
1.61
0.59
-0.36
-1.19
-1.91
-2.55
-3.17
-3.76
-4.33
-4.88
-5.42
-5.93
-6.33
-6.49
-6.28
-5.63
-4.62
-3.42
-2.24
-1.22
-0.40
0.29
0.93
1.56
2.12
2.56
2.83
2.95
3.02
3.15
3.45
3.97
4.72
5.64
6.63
7.59
8.47
9.32
10.28
11.58
13.43
15.95
19.05
22.41
25.58
28.05
29.48
29.77
29.07
27.71
26.07
24.44
23.01
21.86
21.02
20.49
20.24
20.24
20.48
20.97
21.78
22.89
24.19
25.25
25.41
23.85
19.95
13.52
5.02
-4.59
-14.15
-22.69
-29.68
-35.09
-39.12
-41.98
-43.71
-44.20
-43.37
-41.32
-38.38
-34.95
-31.37
-27.74
-24.03
-20.24
-16.48
-13.12
-10.52
-8.97
-8.49
-8.80
-9.55
-10.37
-10.99
-11.27
-11.08
-10.36
-9.08
-7.35
-5.44
-3.70
-2.41
-1.70
-1.41
-1.27
-0.97
-0.40
0.38
1.15
1.71
2.00
2.14
2.35
2.82
3.58
4.50
5.29
5.72
5.69
5.28
4.68
4.08
3.60
3.25
3.01
2.85
2.79
2.81
2.88
2.94
2.95
2.95
3.03
3.32
3.86
4.60
5.38
6.07
6.60
7.05
7.50
8.01
8.56
9.01
9.27
9.27
9.07
8.76
8.43
8.08
7.63
6.94
5.95
4.65
3.11
1.47
-0.18
-1.81
-3.46
-5.21
-7.11
-9.11
-11.00
-12.49
-13.25
-13.08
-11.97
-10.18
-8.07
-6.00
-4.17
-2.58
-1.12
0.35
1.88
3.38
4.69
5.67
6.30
6.68
6.95
7.23
7.51
7.64
7.44
6.75
5.59
4.11
2.51
0.96
-0.51
-1.99
-3.64
-5.54
-7.59
-9.48
-10.78
-11.01
-9.76
-6.82
-2.29
3.42
9.52
15.05
18.97
20.48
19.23
15.41
9.82
3.59
-2.07
-6.29
-8.77
-9.87
-10.36
-11.12
-12.70
-15.18
-18.16
-21.00
-23.07
-23.99
-23.67
-22.24
-19.92
-16.98
-13.69
-10.34
-7.22
-4.61
-2.64
-1.33
-0.55
-0.03
0.50
1.24
2.27
3.50
4.73
5.74
6.38
6.64
6.60
6.39
6.19
6.10
6.16
6.34
6.53
6.61
6.48
6.05
5.33
4.44
3.53
2.77
2.31
2.19
2.38
2.79
3.32
3.89
4.47
5.01
5.51
5.96
6.36
6.73
7.11
7.57
8.13
8.78
9.45
10.04
10.50
10.84
11.13
11.44
11.80
12.20
12.51
12.58
12.28
11.52
10.33
8.83
7.17
5.52
4.00
2.71
1.68
0.97
0.57
0.46
0.50
0.53
0.38
-0.07
-0.76
-1.57
-2.29
-2.75
-2.89
-2.77
-2.53
-2.35
-2.35
-2.58
-3.03
-3.60
-4.24
-4.87
-5.46
-6.04
-6.64
-7.39
-8.42
-9.89
-11.84
-14.17
-16.62
-18.83
-20.47
-21.29
-21.25
-20.42
-18.97
-17.03
-14.71
-12.09
-9.28
-6.38
-3.57
-0.98
1.28
3.13
4.55
5.48
5.87
5.71
4.99
3.77
2.20
0.49
-1.16
-2.59
-3.72
-4.53
-5.01
-5.17
-5.00
-4.52
-3.78
-2.87
-1.90
-0.93
0.02
1.01
2.06
3.12
4.06
4.71
4.93
4.71
4.14
3.38
2.56
1.76
0.97
0.14
-0.77
-1.79
-2.89
-4.00
-5.06
-6.00
-6.78
-7.36
-7.71
-7.82
-7.70
-7.36
-6.83
-6.20
-5.61
-5.14
-4.82
-4.51
-4.04
-3.25
-2.16
-0.97
0.09
0.84
1.38
1.99
2.98
4.47
6.26
7.95
9.11
9.58
9.58
9.58
10.12
11.47
13.56
15.96
18.11
19.51
19.90
19.24
17.72
15.59
13.09
10.45
7.89
5.64
3.92
2.87
2.48
2.55
2.79
2.89
2.67
2.12
1.33
0.49
-0.32
-1.12
-2.06
-3.29
-4.90
-6.81
-8.81
-10.61
-11.99
-12.87
-13.28
-13.34
-13.15
-12.74
-12.05
-11.06
-9.75
-8.19
-6.50
-4.77
-3.08
-1.47
0.01
1.37
2.58
3.68
4.69
5.61
6.44
7.14
7.68
8.04
8.24
8.28
8.20
7.98
7.66
7.30
6.98
6.75
6.59
6.37
5.95
5.27
4.39
3.53
2.89
2.61
2.66
2.85
3.02
3.07
3.06
3.15
3.44
3.93
4.44
4.69
4.50
3.80
2.73
1.54
0.49
-0.26
-0.67
-0.80
-0.72
-0.51
-0.18
0.23
0.67
1.01
1.13
1.00
0.67
0.28
-0.05
-0.27
-0.43
-0.63
-0.88
-1.14
-1.28
-1.25
-1.03
-0.72
-0.44
-0.19
0.08
0.47
1.03
1.69
2.28
2.61
2.54
1.99
0.97
-0.48
-2.26
-4.25
-6.22
-7.95
-9.23
-9.95
-10.15
-9.96
-9.59
-9.19
-8.81
-8.47
-8.14
-7.87
-7.79
-8.03
-8.69
-9.73
-10.94
-12.03
-12.70
-12.79
-12.36
-11.60
-10.78
-10.09
-9.56
-9.11
-8.55
-7.74
-6.65
-5.37
-4.03
-2.73
-1.44
-0.05
1.51
3.26
5.02
6.56
7.69
8.30
8.49
8.45
8.39
8.49
8.81
9.27
9.73
9.99
9.90
9.41
8.67
7.99
7.76
8.31
9.72
11.82
14.15
16.13
17.26
17.26
16.12
14.05
11.37
8.40
5.47
2.87
0.87
-0.30
-0.54
0.04
1.16
2.47
3.69
4.70
5.56
6.35
7.06
7.53
7.50
6.75
5.24
3.11
0.58
-2.15
-5.03
-8.10
-11.40
-14.86
-18.23
-21.17
-23.28
-24.32
-24.21
-23.08
-21.21
-18.88
-16.39
-13.97
-11.75
-9.84
-8.28
-7.10
-6.25
-5.69
-5.33
-5.06
-4.79
-4.47
-4.02
-3.39
-2.47
-1.20
0.53
2.73
5.34
8.18
11.00
13.51
15.43
16.54
16.77
16.19
15.05
13.70
12.51
11.73
11.36
11.18
10.79
9.84
8.09
5.64
2.81
0.11
-1.99
-3.15
-3.30
-2.57
-1.21
0.49
2.28
4.03
5.70
7.34
9.00
10.76
12.67
14.73
16.90
19.08
21.04
22.50
23.15
22.75
21.29
18.95
16.11
13.21
10.56
8.29
6.32
4.42
2.37
0.06
-2.48
-5.06
-7.40
-9.26
-10.46
-10.98
-10.92
-10.43
-9.68
-8.81
-7.91
-7.08
-6.40
-5.93
-5.67
-5.52
-5.34
-5.01
-4.53
-4.01
-3.61
-3.49
-3.69
-4.12
-4.66
-5.16
-5.56
-5.85
-6.07
-6.23
-6.36
-6.48
-6.60
-6.80
-7.10
-7.50
-7.98
-8.53
-9.14
-9.87
-10.73
-11.69
-12.65
-13.49
-14.11
-14.47
-14.64
-14.77
-14.97
-15.32
-15.81
-16.34
-16.78
-16.96
-16.76
-16.12
-15.08
-13.71
-12.14
-10.51
-8.90
-7.42
-6.13
-5.05
-4.19
-3.54
-3.15
-3.09
-3.47
-4.34
-5.52
-6.62
-7.05
-6.26
-3.97
-0.33
4.05
8.37
11.87
14.10
14.99
14.80
13.91
12.75
11.67
10.96
10.76
11.01
11.43
11.53
10.85
9.22
6.92
4.61
3.03
2.63
3.39
4.85
6.36
7.41
7.80
7.60
7.01
6.18
5.25
4.30
3.42
2.70
2.13
1.56
0.73
-0.56
-2.30
-4.25
-5.95
-6.85
-6.55
-4.91
-2.15
1.23
4.56
7.23
8.81
9.19
8.51
7.06
5.18
3.17
1.23
-0.53
-2.14
-3.74
-5.59
-7.98
-11.07
-14.69
-18.27
-20.93
-21.73
-20.08
-15.94
-9.97
-3.26
2.96
7.70
10.45
11.21
10.35
8.41
5.99
3.56
1.50
0.01
-0.87
-1.23
-1.29
-1.29
-1.43
-1.78
-2.24
-2.63
-2.74
-2.43
-1.69
-0.65
0.45
1.41
2.10
2.57
2.94
3.39
4.04
4.87
5.79
6.66
7.37
7.87
8.12
8.15
7.91
7.39
6.57
5.48
4.20
2.80
1.30
-0.30
-2.05
-3.92
-5.77
-7.40
-8.62
-9.35
-9.69
-9.84
-10.03
-10.34
-10.70
-10.87
-10.58
-9.69
-8.18
-6.23
-4.06
-1.91
0.10
1.91
3.55
5.01
6.27
7.25
7.91
8.28
8.52
8.78
9.17
9.64
10.02
10.08
9.70
8.95
8.06
7.28
6.73
6.33
5.88
5.15
4.03
2.54
0.81
-1.06
-3.01
-5.01
-6.98
-8.75
-10.09
-10.81
-10.83
-10.30
-9.49
-8.70
-8.17
-7.92
-7.86
-7.75
-7.40
-6.67
-5.59
-4.26
-2.85
-1.52
-0.39
0.47
1.03
1.28
1.25
0.99
0.63
0.29
0.08
0.00
-0.03
-0.20
-0.67
-1.51
-2.60
-3.73
-4.60
-5.04
-4.99
-4.54
-3.85
-3.08
-2.31
-1.57
-0.89
-0.27
0.23
0.57
0.73
0.72
0.63
0.48
0.31
0.08
-0.25
-0.70
-1.26
-1.85
-2.42
-2.94
-3.41
-3.89
-4.41
-4.94
-5.40
-5.75
-5.99
-6.18
-6.41
-6.70
-6.94
-6.91
-6.42
-5.39
-3.94
-2.33
-0.84
0.33
1.21
1.94
2.74
3.72
4.86
6.01
7.05
7.91
8.66
9.40
10.18
10.97
11.69
12.24
12.62
12.90
13.15
13.43
13.71
13.89
13.88
13.66
13.24
12.64
11.84
10.79
9.42
7.74
5.86
3.98
2.32
1.01
0.13
-0.41
-0.72
-0.88
-0.94
-0.90
-0.74
-0.49
-0.28
-0.23
-0.46
-0.99
-1.72
-2.46
-3.00
-3.23
-3.13
-2.79
-2.36
-1.99
-1.78
-1.74
-1.86
-2.10
-2.43
-2.85
-3.37
-3.95
-4.55
-5.09
-5.50
-5.74
-5.81
-5.71
-5.47
-5.11
-4.66
-4.17
-3.67
-3.18
-2.63
-1.96
-1.10
-0.09
0.98
1.91
2.57
2.89
2.89
2.63
2.22
1.73
1.17
0.56
-0.10
-0.80
-1.50
-2.15
-2.69
-3.10
-3.37
-3.53
-3.67
-3.88
-4.21
-4.68
-5.20
-5.61
-5.77
-5.55
-4.91
-3.92
-2.72
-1.50
-0.42
0.44
1.04
1.44
1.70
1.91
2.13
2.38
2.66
2.91
3.11
3.19
3.14
2.96
2.69
2.39
2.16
2.07
2.18
2.47
2.85
3.18
3.28
3.05
2.45
1.57
0.58
-0.29
-0.84
-0.96
-0.62
0.05
0.86
1.60
2.09
2.29
2.28
2.21
2.29
2.64
3.24
3.95
4.55
4.85
4.77
4.40
3.94
3.61
3.65
4.18
5.24
6.81
8.75
10.79
12.57
13.65
13.67
12.46
10.07
6.84
3.19
-0.37
-3.44
-5.70
-7.01
-7.36
-6.91
-5.96
-4.82
-3.78
-2.96
-2.35
-1.83
-1.26
-0.60
0.12
0.80
1.37
1.82
2.18
2.49
2.72
2.83
2.75
2.47
2.06
1.64
1.34
1.17
1.10
1.04
0.90
0.65
0.31
-0.07
-0.46
-0.89
-1.40
-2.04
-2.84
-3.78
-4.82
-5.82
-6.62
-7.08
-7.12
-6.77
-6.17
-5.46
-4.80
-4.23
-3.73
-3.25
-2.77
-2.28
-1.83
-1.46
-1.18
-0.98
-0.86
-0.83
-0.90
-1.10
-1.40
-1.78
-2.17
-2.53
-2.78
-2.89
-2.87
-2.77
-2.70
-2.76
-3.02
-3.44
-3.93
-4.36
-4.65
-4.78
-4.78
-4.70
-4.53
-4.22
-3.71
-2.94
-1.93
-0.70
0.69
2.16
3.64
5.03
6.26
7.32
8.24
9.07
9.85
10.53
11.00
11.17
11.02
10.61
10.11
9.66
9.34
9.11
8.88
8.57
8.10
7.52
6.85
6.10
5.24
4.25
3.14
1.95
0.76
-0.37
-1.46
-2.54
-3.66
-4.81
-5.91
-6.83
-7.45
-7.72
-7.66
-7.32
-6.78
-6.11
-5.40
-4.72
-4.13
-3.67
-3.32
-3.08
-2.89
-2.76
-2.68
-2.63
-2.61
-2.58
-2.54
-2.49
-2.45
-2.45
-2.50
-2.57
-2.65
-2.75
-2.87
-3.01
-3.16
-3.32
-3.46
-3.61
-3.81
-4.09
-4.44
-4.81
-5.10
-5.24
-5.20
-5.00
-4.66
-4.18
-3.50
-2.64
-1.63
-0.62
0.26
0.95
1.50
2.02
2.61
3.26
3.85
4.26
4.42
4.40
4.33
4.30
4.32
4.29
4.13
3.84
3.50
3.24
3.12
3.12
3.16
3.16
3.09
2.94
2.71
2.38
1.87
1.15
0.23
-0.82
-1.87
-2.77
-3.36
-3.52
-3.18
-2.46
-1.56
-0.75
-0.21
0.09
0.29
0.63
1.20
1.94
2.62
3.03
3.09
2.87
2.55
2.28
2.07
1.85
1.48
0.95
0.34
-0.16
-0.41
-0.35
-0.10
0.14
0.16
-0.13
-0.67
-1.31
-1.89
-2.33
-2.63
-2.87
-3.08
-3.24
-3.30
-3.20
-2.96
-2.63
-2.31
-2.03
-1.81
-1.59
-1.33
-1.03
-0.68
-0.33
-0.01
0.25
0.39
0.41
0.29
0.07
-0.20
-0.47
-0.72
-0.97
-1.23
-1.53
-1.85
-2.15
-2.42
-2.65
-2.88
-3.16
-3.48
-3.83
-4.16
-4.40
-4.51
-4.47
-4.25
-3.84
-3.24
-2.48
-1.60
-0.67
0.24
1.08
1.84
2.51
3.08
3.54
3.82
3.87
3.65
3.17
2.55
1.90
1.39
1.07
0.95
0.91
0.85
0.69
0.42
0.08
-0.31
-0.72
-1.15
-1.63
-2.16
-2.73
-3.27
-3.70
-3.91
-3.85
-3.49
-2.85
-1.99
-0.99
0.10
1.24
2.43
3.61
4.72
5.62
6.17
6.28
5.96
5.31
4.51
3.73
3.09
2.60
2.19
1.74
1.23
0.68
0.21
-0.11
-0.26
-0.39
-0.67
-1.26
-2.19
-3.35
-4.52
-5.52
-6.25
-6.65
-6.74
-6.51
-5.97
-5.16
-4.17
-3.09
-2.01
-0.96
0.10
1.20
2.31
3.33
4.13
4.64
4.84
4.83
4.72
4.61
4.53
4.47
4.39
4.23
3.97
3.60
3.14
2.67
2.23
1.82
1.40
0.87
0.13
-0.81
-1.85
-2.80
-3.48
-3.80
-3.77
-3.51
-3.14
-2.76
-2.39
-1.98
-1.51
-0.99
-0.47
-0.02
0.28
0.42
0.42
0.34
0.26
0.26
0.38
0.62
0.93
1.24
1.50
1.67
1.77
1.84
1.92
1.99
2.01
1.90
1.60
1.12
0.50
-0.13
-0.68
-1.07
-1.28
-1.33
-1.25
-1.04
-0.67
-0.09
0.72
1.72
2.77
3.73
4.42
4.76
4.74
4.44
4.01
3.59
3.26
3.07
2.96
2.86
2.70
2.49
2.29
2.16
2.13
2.18
2.21
2.08
1.74
1.20
0.51
-0.22
-0.94
-1.60
-2.16
-2.60
-2.84
-2.85
-2.62
-2.22
-1.75
-1.28
-0.82
-0.30
0.36
1.15
1.96
2.60
2.89
2.78
2.34
1.75
1.19
0.75
0.40
0.06
-0.34
-0.83
-1.40
-2.03
-2.71
-3.42
-4.16
-4.89
-5.58
-6.19
-6.75
-7.28
-7.80
-8.24
-8.47
-8.37
-7.90
-7.14
-6.24
-5.34
-4.50
-3.66
-2.76
-1.76
-0.72
0.21
0.87
1.19
1.20
0.98
0.67
0.34
0.04
-0.20
-0.35
-0.37
-0.24
0.05
0.49
1.10
1.92
2.98
4.26
5.69
7.08
8.26
9.03
9.30
9.05
8.38
7.44
6.45
5.57
4.91
4.50
4.29
4.18
4.10
3.97
3.76
3.44
3.04
2.54
1.99
1.39
0.81
0.30
-0.08
-0.27
-0.29
-0.25
-0.31
-0.63
-1.29
-2.18
-3.08
-3.77
-4.10
-4.15
-4.07
-4.06
-4.18
-4.36
-4.44
-4.31
-3.95
-3.43
-2.78
-1.99
-0.97
0.36
1.97
3.71
5.34
6.64
7.47
7.83
7.84
7.63
7.27
6.80
6.20
5.46
4.62
3.73
2.80
1.88
0.99
0.21
-0.31
-0.40
0.05
1.04
2.44
3.96
5.30
6.27
6.77
6.85
6.58
6.04
5.22
4.13
2.80
1.37
0.04
-0.99
-1.56
-1.66
-1.39
-0.94
-0.45
0.01
0.49
1.01
1.56
2.00
2.15
1.89
1.25
0.42
-0.32
-0.78
-0.89
-0.77
-0.62
-0.63
-0.91
-1.49
-2.35
-3.47
-4.84
-6.45
-8.22
-10.03
-11.79
-13.40
-14.86
-16.17
-17.35
-18.37
-19.19
-19.77
-20.06
-20.03
-19.59
-18.64
-17.12
-15.03
-12.52
-9.84
-7.30
-5.09
-3.24
-1.64
-0.11
1.50
3.19
4.86
6.38
7.65
8.68
9.61
10.59
11.76
13.11
14.52
15.81
16.74
17.17
16.99
16.21
14.90
13.18
11.15
8.90
6.55
4.19
1.97
-0.02
-1.67
-2.91
-3.67
-3.90
-3.56
-2.69
-1.39
0.17
1.80
3.28
4.50
5.38
5.97
6.31
6.47
6.47
6.32
6.03
5.63
5.22
4.93
4.89
5.17
5.69
6.27
6.68
6.71
6.33
5.63
4.78
3.96
3.18
2.36
1.35
0.07
-1.45
-3.01
-4.38
-5.39
-5.96
-6.18
-6.18
-6.06
-5.89
-5.64
-5.32
-4.91
-4.47
-4.01
-3.57
-3.15
-2.74
-2.38
-2.12
-2.02
-2.13
-2.41
-2.77
-3.09
-3.27
-3.26
-3.10
-2.81
-2.44
-2.05
-1.69
-1.42
-1.32
-1.47
-1.91
-2.61
-3.47
-4.33
-5.07
-5.62
-6.03
-6.41
-6.88
-7.47
-8.09
-8.57
-8.74
-8.49
-7.85
-6.90
-5.74
-4.42
-2.94
-1.31
0.40
2.09
3.61
4.82
5.63
6.02
6.03
5.73
5.25
4.73
4.29
4.02
3.91
3.91
3.91
3.84
3.65
3.35
2.95
2.49
2.00
1.53
1.14
0.86
0.69
0.62
0.61
0.60
0.60
0.57
0.51
0.34
0.02
-0.49
-1.16
-1.91
-2.66
-3.38
-4.11
-4.95
-5.91
-6.88
-7.60
-7.82
-7.34
-6.21
-4.68
-3.08
-1.73
-0.76
-0.12
0.36
0.84
1.41
2.03
2.58
2.92
2.98
2.79
2.45
2.15
2.02
2.16
2.50
2.96
3.37
3.65
3.81
3.92
4.07
4.29
4.53
4.66
4.59
4.31
3.89
3.47
3.16
2.97
2.80
2.50
1.92
0.99
-0.23
-1.62
-3.00
-4.21
-5.11
-5.62
-5.71
-5.46
-5.02
-4.57
-4.30
-4.30
-4.51
-4.78
-4.90
-4.76
-4.33
-3.76
-3.27
-3.05
-3.20
-3.66
-4.23
-4.70
-4.90
-4.81
-4.50
-4.11
-3.72
-3.33
-2.87
-2.24
-1.43
-0.47
0.51
1.47
2.43
3.56
5.00
6.89
9.20
11.76
14.37
16.84
19.04
20.91
22.34
23.24
23.42
22.80
21.40
19.37
16.99
14.53
12.17
9.97
7.91
5.94
4.02
2.15
0.29
-1.63
-3.70
-6.00
-8.50
-11.06
-13.49
-15.60
-17.30
-18.58
-19.55
-20.32
-20.99
-21.58
-22.10
-22.51
-22.77
-22.83
-22.62
-22.04
-21.06
-19.66
-17.89
-15.87
-13.70
-11.48
-9.25
-7.06
-4.93
-2.95
-1.19
0.24
1.30
2.02
2.52
2.89
3.20
3.47
3.64
3.70
3.67
3.62
3.61
3.61
3.50
3.14
2.44
1.48
0.50
-0.21
-0.43
-0.15
0.47
1.19
1.86
2.42
2.90
3.36
3.82
4.21
4.52
4.74
4.93
5.17
5.43
5.61
5.56
5.17
4.43
3.43
2.34
1.33
0.52
-0.02
-0.28
-0.26
0.07
0.79
2.02
3.84
6.20
8.82
11.25
13.00
13.70
13.28
11.97
10.13
8.09
6.02
3.98
2.00
0.23
-1.02
-1.46
-0.95
0.34
1.97
3.41
4.29
4.45
4.06
3.39
2.74
2.25
1.91
1.64
1.34
0.98
0.63
0.36
0.22
0.19
0.17
0.02
-0.37
-1.09
-2.11
-3.34
-4.59
-5.73
-6.62
-7.29
-7.80
-8.29
-8.82
-9.39
-9.87
-10.16
-10.14
-9.79
-9.10
-8.05
-6.58
-4.66
-2.35
0.15
2.56
4.58
6.02
6.84
7.14
7.06
6.68
6.06
5.28
4.45
3.80
3.51
3.64
4.07
4.55
4.77
4.59
4.05
3.37
2.79
2.45
2.34
2.29
2.16
1.82
1.28
0.56
-0.31
-1.32
-2.48
-3.68
-4.79
-5.60
-5.94
-5.74
-5.07
-4.06
-2.89
-1.70
-0.54
0.56
1.57
2.44
3.14
3.64
3.98
4.26
4.54
4.85
5.14
5.34
5.36
5.23
5.02
4.82
4.68
4.51
4.25
3.81
3.20
2.46
1.62
0.66
-0.48
-1.82
-3.31
-4.79
-6.02
-6.83
-7.12
-6.96
-6.45
-5.75
-4.94
-4.07
-3.17
-2.25
-1.37
-0.52
0.25
0.97
1.63
2.23
2.76
3.20
3.55
3.82
4.02
4.15
4.17
4.03
3.70
3.20
2.59
1.95
1.35
0.83
0.35
-0.12
-0.64
-1.23
-1.94
-2.76
-3.62
-4.40
-4.92
-5.03
-4.67
-3.89
-2.84
-1.70
-0.61
0.33
1.08
1.62
1.90
1.90
1.65
1.21
0.72
0.31
0.05
-0.06
-0.06
-0.02
-0.03
-0.17
-0.51
-1.09
-1.92
-2.92
-3.89
-4.66
-5.09
-5.21
-5.18
-5.26
-5.65
-6.41
-7.43
-8.45
-9.22
-9.55
-9.39
-8.79
-7.92
-6.95
-6.07
-5.38
-4.90
-4.56
-4.24
-3.82
-3.28
-2.68
-2.13
-1.74
-1.58
-1.59
-1.68
-1.74
-1.69
-1.51
-1.21
-0.85
-0.48
-0.11
0.22
0.47
0.58
0.53
0.30
-0.05
-0.40
-0.66
-0.80
-0.84
-0.93
-1.16
-1.60
-2.17
-2.75
-3.16
-3.30
-3.12
-2.68
-2.06
-1.35
-0.61
0.14
0.86
1.53
2.13
2.61
2.93
3.09
3.08
2.94
2.71
2.45
2.19
1.97
1.86
1.93
2.25
2.89
3.84
5.05
6.35
7.56
8.54
9.22
9.62
9.82
9.87
9.74
9.36
8.61
7.45
5.89
4.11
2.31
0.74
-0.44
-1.12
-1.30
-1.10
-0.64
-0.05
0.57
1.22
1.91
2.64
3.37
4.01
4.45
4.63
4.54
4.26
3.91
3.63
3.46
3.41
3.41
3.37
3.24
3.01
2.71
2.39
2.07
1.76
1.42
1.05
0.68
0.36
0.14
0.01
-0.13
-0.44
-1.01
-1.84
-2.77
-3.58
-4.05
-4.09
-3.78
-3.29
-2.85
-2.58
-2.52
-2.58
-2.63
-2.56
-2.34
-2.03
-1.74
-1.57
-1.53
-1.61
-1.72
-1.81
-1.83
-1.79
-1.69
-1.54
-1.32
-1.01
-0.60
-0.16
0.25
0.57
0.77
0.86
0.89
0.91
0.92
0.90
0.84
0.71
0.52
0.28
0.03
-0.19
-0.29
-0.16
0.28
1.09
2.23
3.57
4.90
6.03
6.84
7.32
7.55
7.66
7.74
7.86
8.01
8.14
8.22
8.15
7.84
7.17
6.02
4.37
2.33
0.17
-1.78
-3.24
-4.09
-4.46
-4.64
-4.94
-5.54
-6.41
-7.35
-8.11
-8.50
-8.46
-8.06
-7.40
-6.56
-5.55
-4.35
-2.95
-1.40
0.12
1.44
2.39
2.92
3.07
3.01
2.94
3.00
3.26
3.64
3.96
4.00
3.62
2.85
1.87
0.93
0.22
-0.21
-0.46
-0.71
-1.08
-1.57
-2.09
-2.48
-2.62
-2.42
-1.80
-0.68
1.04
3.40
6.21
9.13
11.62
13.14
13.34
12.17
9.90
7.01
4.01
1.30
-0.94
-2.69
-4.01
-4.97
-5.59
-5.86
-5.78
-5.44
-4.99
-4.59
-4.41
-4.51
-4.86
-5.38
-5.98
-6.63
-7.36
-8.18
-9.09
-9.98
-10.71
-11.14
-11.16
-10.74
-9.91
-8.70
-7.16
-5.37
-3.44
-1.47
0.44
2.28
4.05
5.77
7.39
8.78
9.81
10.38
10.54
10.43
10.26
10.15
10.12
10.01
9.64
8.88
7.71
6.22
4.56
2.82
1.05
-0.81
-2.83
-5.11
-7.64
-10.34
-13.03
-15.48
-17.47
-18.83
-19.49
-19.49
-18.94
-17.97
-16.69
-15.22
-13.66
-12.15
-10.82
-9.78
-9.07
-8.64
-8.32
-7.99
-7.54
-7.02
-6.52
-6.19
-6.08
-6.18
-6.37
-6.51
-6.47
-6.12
-5.41
-4.34
-2.95
-1.41
0.10
1.40
2.38
3.02
3.41
3.68
3.92
4.21
4.60
5.10
5.73
6.50
7.39
8.41
9.55
10.78
12.04
13.18
14.02
14.42
14.35
13.91
13.31
12.74
12.30
11.93
11.49
10.84
9.90
8.70
7.31
5.88
4.49
3.26
2.22
1.42
0.82
0.33
-0.17
-0.83
-1.72
-2.81
-3.93
-4.84
-5.28
-5.13
-4.40
-3.27
-2.02
-0.92
-0.16
0.21
0.26
0.15
0.05
0.10
0.35
0.75
1.23
1.74
2.25
2.76
3.26
3.68
3.95
4.03
3.94
3.74
3.56
3.41
3.22
2.86
2.17
1.09
-0.31
-1.87
-3.40
-4.72
-5.69
-6.21
-6.22
-5.67
-4.60
-3.09
-1.28
0.71
2.74
4.71
6.54
8.12
9.36
10.20
10.64
10.73
10.58
10.26
9.81
9.23
8.47
7.50
6.25
4.58
2.33
-0.65
-4.33
-8.52
-12.78
-16.62
-19.60
-21.51
-22.42
-22.59
-22.33
-21.87
-21.29
-20.57
-19.68
-18.59
-17.39
-16.14
-14.86
-13.53
-12.05
-10.31
-8.33
-6.19
-4.08
-2.20
-0.70
0.40
1.19
1.82
2.42
3.07
3.74
4.36
4.82
5.07
5.10
4.98
4.79
4.59
4.42
4.26
4.05
3.72
3.21
2.52
1.71
0.88
0.17
-0.31
-0.52
-0.47
-0.24
0.09
0.50
1.01
1.67
2.50
3.42
4.33
5.07
5.57
5.82
5.84
5.68
5.32
4.72
3.86
2.81
1.72
0.73
-0.04
-0.59
-1.00
-1.39
-1.87
-2.46
-3.15
-3.89
-4.65
-5.42
-6.19
-6.91
-7.50
-7.87
-7.91
-7.56
-6.82
-5.74
-4.45
-3.03
-1.53
0.08
1.85
3.81
5.92
8.05
10.04
11.72
13.03
13.97
14.60
15.01
15.26
15.43
15.53
15.58
15.55
15.34
14.86
14.05
12.91
11.51
9.93
8.24
6.43
4.45
2.27
-0.03
-2.26
-4.15
-5.46
-6.06
-5.99
-5.43
-4.59
-3.67
-2.80
-2.00
-1.22
-0.40
0.50
1.43
2.27
2.87
3.10
2.91
2.33
1.41
0.28
-0.94
-2.13
-3.20
-4.10
-4.90
-5.77
-6.89
-8.38
-10.17
-12.00
-13.53
-14.46
-14.62
-14.03
-12.86
-11.36
-9.83
-8.51
-7.54
-6.94
-6.53
-6.04
-5.21
-3.98
-2.56
-1.35
-0.77
-1.02
-1.97
-3.19
-4.16
-4.43
-3.82
-2.35
-0.25
2.28
5.08
8.04
11.13
14.24
17.17
19.67
21.43
22.27
22.25
21.70
21.16
21.20
22.12
23.78
25.64
26.97
27.24
26.30
24.46
22.29
20.30
18.73
17.45
16.14
14.46
12.23
9.47
6.34
3.07
-0.06
-2.79
-4.88
-6.15
-6.58
-6.29
-5.57
-4.76
-4.14
-3.92
-4.20
-4.94
-6.07
-7.46
-9.00
-10.54
-11.93
-13.03
-13.74
-14.05
-14.07
-13.96
-13.91
-13.96
-14.01
-13.86
-13.32
-12.33
-11.05
-9.77
-8.77
-8.22
-8.04
-7.96
-7.66
-6.91
-5.64
-3.97
-2.14
-0.41
1.02
2.02
2.57
2.67
2.33
1.56
0.40
-1.05
-2.63
-4.13
-5.38
-6.33
-7.05
-7.64
-8.13
-8.40
-8.19
-7.24
-5.43
-2.90
-0.00
2.80
5.11
6.76
7.79
8.39
8.77
9.09
9.37
9.56
9.57
9.30
8.71
7.79
6.57
5.08
3.39
1.57
-0.23
-1.83
-3.00
-3.59
-3.56
-3.02
-2.19
-1.21
-0.16
1.06
2.59
4.50
6.77
9.20
11.60
13.85
15.96
17.97
19.93
21.80
23.43
24.63
25.17
24.83
23.43
20.86
17.15
12.49
7.13
1.35
-4.62
-10.62
-16.44
-21.80
-26.26
-29.42
-30.97
-30.94
-29.59
-27.41
-24.89
-22.48
-20.49
-19.17
-18.63
-18.86
-19.68
-20.77
-21.81
-22.57
-23.02
-23.29
-23.62
-24.20
-25.14
-26.36
-27.67
-28.70
-29.01
-28.12
-25.70
-21.72
-16.46
-10.53
-4.64
0.53
4.49
7.01
8.18
8.37
8.22
8.50
9.78
12.27
15.59
18.96
21.45
22.47
21.95
20.34
18.37
16.65
15.48
14.80
14.36
13.88
13.23
12.41
11.52
10.61
9.73
8.88
8.12
7.55
7.30
7.46
8.02
8.84
9.65
10.16
10.18
9.67
8.72
7.50
6.21
5.09
4.36
4.20
4.69
5.74
7.06
8.23
8.85
8.66
7.60
5.85
3.63
1.17
-1.40
-4.01
-6.54
-8.85
-10.78
-12.23
-13.21
-13.87
-14.40
-14.93
-15.47
-15.88
-16.00
-15.68
-14.90
-13.74
-12.35
-10.90
-9.48
-8.17
-6.99
-5.95
-5.08
-4.46
-4.11
-4.05
-4.21
-4.48
-4.71
-4.88
-5.01
-5.27
-5.78
-6.61
-7.68
-8.85
-9.91
-10.70
-11.18
-11.39
-11.39
-11.21
-10.84
-10.21
-9.26
-7.94
-6.23
-4.13
-1.60
1.36
4.71
8.29
11.80
14.86
17.14
18.46
18.92
18.81
18.56
18.51
18.83
19.44
20.12
20.56
20.52
19.79
18.32
16.15
13.47
10.57
7.77
5.38
3.60
2.47
1.95
1.86
1.98
2.08
1.90
1.23
-0.02
-1.78
-3.80
-5.70
-7.16
-8.02
-8.28
-8.08
-7.56
-6.82
-5.95
-5.10
-4.41
-4.05
-4.06
-4.35
-4.68
-4.81
-4.58
-3.98
-3.10
-2.11
-1.15
-0.35
0.19
0.42
0.38
0.16
-0.05
-0.13
-0.02
0.16
0.21
-0.13
-0.96
-2.20
-3.58
-4.70
-5.26
-5.11
-4.36
-3.25
-2.04
-0.85
0.32
1.55
2.87
4.20
5.37
6.25
6.79
7.09
7.26
7.36
7.32
7.04
6.43
5.51
4.39
3.26
2.24
1.43
0.81
0.38
0.12
-0.01
-0.04
-0.05
-0.12
-0.29
-0.57
-0.86
-1.07
-1.07
-0.82
-0.28
0.55
1.65
2.94
4.34
5.68
6.81
7.62
8.14
8.52
8.96
9.67
10.68
11.90
13.09
13.98
14.38
14.22
13.57
12.57
11.39
10.15
8.91
7.69
6.50
5.39
4.37
3.43
2.51
1.46
0.13
-1.56
-3.53
-5.59
-7.45
-8.82
-9.56
-9.69
-9.34
-8.71
-8.02
-7.40
-6.97
-6.76
-6.74
-6.83
-6.90
-6.86
-6.64
-6.24
-5.71
-5.15
-4.59
-4.08
-3.66
-3.37
-3.22
-3.22
-3.28
-3.25
-2.91
-2.10
-0.75
1.07
3.19
5.38
7.46
9.33
10.88
12.02
12.66
12.66
12.00
10.81
9.32
7.82
6.55
5.58
4.83
4.10
3.20
1.99
0.41
-1.53
-3.77
-6.20
-8.69
-11.01
-12.91
-14.22
-14.82
-14.73
-14.09
-13.08
-11.90
-10.70
-9.55
-8.45
-7.38
-6.34
-5.39
-4.66
-4.25
-4.19
-4.36
-4.51
-4.34
-3.67
-2.44
-0.79
1.03
2.76
4.21
5.30
6.04
6.50
6.72
6.77
6.70
6.55
6.39
6.28
6.26
6.33
6.43
6.49
6.43
6.23
5.89
5.48
5.00
4.48
3.89
3.23
2.51
1.78
1.09
0.48
-0.05
-0.46
-0.67
-0.60
-0.19
0.49
1.23
1.80
2.05
1.96
1.69
1.44
1.41
1.68
2.20
2.88
3.66
4.48
5.33
6.19
6.96
7.58
7.95
8.05
7.90
7.52
6.89
5.93
4.53
2.63
0.26
-2.39
-5.05
-7.45
-9.42
-10.95
-12.09
-12.99
-13.71
-14.25
-14.57
-14.60
-14.28
-13.62
-12.61
-11.24
-9.52
-7.46
-5.15
-2.74
-0.42
1.63
3.27
4.49
5.31
5.79
5.97
5.86
5.44
4.70
3.64
2.31
0.78
-0.86
-2.52
-4.10
-5.52
-6.69
-7.57
-8.19
-8.61
-8.95
-9.27
-9.61
-9.93
-10.11
-10.00
-9.46
-8.41
-6.88
-4.99
-2.96
-1.06
0.50
1.57
2.17
2.41
2.51
2.62
2.80
3.02
3.22
3.40
3.61
3.95
4.46
5.07
5.66
6.11
6.42
6.70
7.14
7.86
8.84
9.88
10.70
11.01
10.69
9.83
8.72
7.77
7.33
7.57
8.35
9.30
9.93
9.79
8.65
6.50
3.51
-0.06
-3.91
-7.77
-11.33
-14.32
-16.54
-17.87
-18.32
-18.03
-17.16
-15.89
-14.33
-12.54
-10.54
-8.37
-6.11
-3.87
-1.80
0.01
1.57
3.05
4.68
6.65
9.00
11.50
13.79
15.46
16.26
16.25
15.79
15.37
15.40
15.96
16.71
16.94
15.78
12.41
6.38
-2.31
-13.09
-24.87
-36.13
-45.26
-50.90
-52.33
-49.70
-43.99
-36.67
-29.23
-22.76
-17.72
-14.12
-11.65
-10.06
-9.13
-8.73
-8.67
-8.68
-8.47
-7.87
-6.91
-5.82
-4.89
-4.34
-4.16
-4.18
-4.09
-3.60
-2.53
-0.84
1.33
3.72
6.01
7.90
9.17
9.72
9.63
9.10
8.39
7.72
7.25
7.00
6.92
6.93
6.96
7.01
7.09
7.23
7.39
7.51
7.48
7.18
6.58
5.67
4.53
3.26
1.99
0.85
-0.01
-0.50
-0.57
-0.23
0.39
1.16
1.92
2.55
3.00
3.30
3.51
3.69
3.86
4.03
4.16
4.24
4.27
4.27
4.27
4.27
4.24
4.14
3.93
3.64
3.31
3.01
2.80
2.72
2.73
2.79
2.84
2.81
2.65
2.32
1.80
1.17
0.59
0.21
0.16
0.44
0.96
1.54
2.03
2.37
2.62
2.89
3.26
3.69
4.11
4.39
4.50
4.50
4.49
4.53
4.63
4.67
4.56
4.26
3.83
3.36
2.95
2.65
2.44
2.24
1.99
1.67
1.28
0.82
0.35
-0.10
-0.48
-0.73
-0.82
-0.72
-0.41
0.12
0.85
1.73
2.66
3.50
4.16
4.60
4.88
5.11
5.38
5.68
5.93
5.99
5.79
5.33
4.71
4.06
3.48
2.99
2.57
2.13
1.61
0.96
0.23
-0.49
-1.10
-1.52
-1.75
-1.83
-1.85
-1.88
-1.98
-2.17
-2.43
-2.75
-3.03
-3.20
-3.14
-2.79
-2.17
-1.37
-0.57
0.07
0.48
0.68
0.78
0.93
1.23
1.68
2.19
2.62
2.81
2.68
2.29
1.76
1.24
0.83
0.53
0.27
0.02
-0.23
-0.42
-0.49
-0.45
-0.37
-0.33
-0.40
-0.56
-0.76
-0.95
-1.12
-1.31
-1.56
-1.83
-2.06
-2.16
-2.08
-1.82
-1.42
-0.95
-0.49
-0.07
0.27
0.51
0.66
0.73
0.77
0.81
0.89
0.98
1.08
1.16
1.24
1.32
1.42
1.50
1.49
1.32
0.95
0.44
-0.13
-0.62
-0.96
-1.13
-1.20
-1.19
-1.14
-1.06
-0.99
-1.00
-1.17
-1.54
-2.08
-2.65
-3.07
-3.16
-2.85
-2.23
-1.45
-0.71
-0.12
0.26
0.46
0.53
0.51
0.42
0.30
0.19
0.16
0.24
0.37
0.45
0.37
0.08
-0.39
-0.88
-1.25
-1.40
-1.36
-1.22
-1.09
-1.02
-0.99
-0.99
-1.01
-1.12
-1.36
-1.72
-2.09
-2.28
-2.15
-1.68
-0.99
-0.29
0.25
0.60
0.85
1.12
1.50
1.97
2.41
2.67
2.68
2.43
2.03
1.61
1.24
0.98
0.78
0.56
0.23
-0.29
-0.95
-1.66
-2.26
-2.63
-2.75
-2.74
-2.84
-3.31
-4.36
-6.06
-8.38
-11.15
-14.16
-17.19
-20.03
-22.52
-24.48
-25.75
-26.20
-25.74
-24.34
-22.03
-18.89
-15.04
-10.64
-5.89
-1.05
3.54
7.57
10.71
12.80
13.83
13.98
13.57
12.91
12.25
11.70
11.28
10.96
10.70
10.49
10.29
10.04
9.64
9.03
8.25
7.38
6.56
5.90
5.41
5.00
4.57
4.09
3.58
3.11
2.77
2.62
2.69
2.97
3.43
3.96
4.41
4.57
4.29
3.55
2.48
1.33
0.38
-0.18
-0.27
0.07
0.72
1.56
2.46
3.28
3.87
4.13
4.07
3.75
3.31
2.89
2.57
2.33
2.15
1.96
1.73
1.38
0.87
0.16
-0.74
-1.71
-2.58
-3.17
-3.36
-3.18
-2.77
-2.27
-1.82
-1.47
-1.20
-0.98
-0.76
-0.52
-0.25
0.07
0.45
0.85
1.20
1.40
1.41
1.21
0.93
0.68
0.58
0.64
0.77
0.87
0.86
0.74
0.57
0.46
0.43
0.44
0.37
0.15
-0.26
-0.77
-1.27
-1.67
-1.91
-2.00
-1.98
-1.86
-1.59
-1.15
-0.52
0.23
0.97
1.59
2.00
2.20
2.25
2.18
2.03
1.81
1.51
1.20
0.93
0.80
0.84
1.02
1.20
1.23
1.02
0.55
-0.09
-0.75
-1.27
-1.59
-1.72
-1.70
-1.62
-1.50
-1.38
-1.24
-1.13
-1.09
-1.17
-1.37
-1.61
-1.77
-1.72
-1.41
-0.88
-0.25
0.37
0.89
1.29
1.62
1.89
2.13
2.32
2.41
2.40
2.31
2.23
2.24
2.39
2.70
3.12
3.54
3.87
4.03
3.98
3.75
3.43
3.17
3.08
3.29
3.78
4.49
5.22
5.82
6.18
6.34
6.45
6.74
7.39
8.46
9.84
11.32
12.64
13.58
14.02
14.02
13.74
13.40
13.20
13.16
13.14
12.89
12.20
11.01
9.50
8.05
7.06
6.76
7.15
8.03
9.11
10.18
11.18
12.20
13.41
15.09
17.50
20.89
25.33
30.62
36.09
40.67
43.12
42.43
38.24
31.04
21.99
12.56
4.00
-3.05
-8.66
-13.34
-17.72
-22.22
-26.85
-31.27
-35.05
-37.89
-39.80
-41.06
-42.09
-43.16
-44.23
-45.01
-45.06
-44.12
-42.24
-39.79
-37.26
-35.07
-33.31
-31.78
-30.17
-28.18
-25.70
-22.83
-19.75
-16.69
-13.77
-11.00
-8.33
-5.68
-3.01
-0.38
2.09
4.26
6.00
7.30
8.25
9.05
9.85
10.75
11.66
12.38
12.72
12.52
11.79
10.68
9.38
8.08
6.91
5.91
5.04
4.23
3.39
2.42
1.24
-0.21
-1.92
-3.75
-5.51
-6.89
-7.69
-7.83
-7.47
-6.95
-6.70
-7.04
-8.02
-9.47
-11.03
-12.33
-13.09
-13.12
-12.34
-10.76
-8.43
-5.51
-2.22
1.13
4.27
7.04
9.48
11.84
14.49
17.76
21.77
26.36
31.11
35.44
38.85
41.01
41.78
41.19
39.29
36.17
32.03
27.22
22.25
17.68
13.87
10.87
8.39
6.01
3.41
0.52
-2.50
-5.40
-8.03
-10.45
-12.88
-15.55
-18.61
-22.00
-25.47
-28.69
-31.35
-33.27
-34.47
-35.13
-35.53
-36.00
-36.80
-38.06
-39.66
-41.25
-42.20
-41.70
-38.95
-33.45
-25.30
-15.24
-4.57
5.34
13.47
19.51
23.83
27.24
30.51
34.05
37.78
41.32
44.30
46.54
48.13
49.28
50.08
50.31
49.42
46.80
42.04
35.20
26.84
17.90
9.28
1.54
-5.24
-11.42
-17.49
-23.76
-30.17
-36.33
-41.69
-45.80
-48.46
-49.81
-50.16
-49.91
-49.44
-49.00
-48.71
-48.51
-48.24
-47.60
-46.25
-43.87
-40.26
-35.34
-29.17
-21.94
-13.92
-5.43
3.17
11.48
19.08
25.47
30.16
32.74
33.00
31.11
27.58
23.28
19.14
16.02
14.48
14.75
16.73
19.97
23.79
27.33
29.79
30.66
29.90
27.94
25.52
23.37
21.92
21.22
21.00
20.88
20.57
19.98
19.19
18.40
17.79
17.53
17.70
18.31
19.33
20.68
22.26
23.84
25.11
25.59
24.80
22.36
18.17
12.46
5.75
-1.31
-8.14
-14.34
-19.68
-24.08
-27.46
-29.78
-31.00
-31.18
-30.47
-29.17
-27.66
-26.36
-25.59
-25.57
-26.32
-27.67
-29.36
-31.06
-32.50
-33.50
-33.99
-33.98
-33.55
-32.80
-31.83
-30.66
-29.33
-27.79
-26.00
-23.91
-21.51
-18.79
-15.82
-12.73
-9.73
-7.15
-5.29
-4.38
-4.41
-5.16
-6.27
-7.36
-8.26
-8.94
-9.53
-10.17
-10.82
-11.34
-11.54
-11.27
-10.53
-9.41
-7.98
-6.25
-4.16
-1.67
1.13
4.02
6.69
8.98
10.91
12.72
14.74
17.13
19.79
22.36
24.41
25.64
26.07
25.98
25.81
25.91
26.37
27.06
27.69
28.03
27.97
27.52
26.78
25.79
24.50
22.78
20.55
17.88
14.99
12.22
9.87
8.08
6.79
5.78
4.74
3.49
1.98
0.28
-1.47
-3.20
-4.96
-6.83
-8.95
-11.39
-14.06
-16.76
-19.21
-21.11
-22.30
-22.83
-22.96
-23.08
-23.59
-24.65
-26.10
-27.47
-28.08
-27.39
-25.18
-21.67
-17.50
-13.43
-10.08
-7.74
-6.32
-5.48
-4.83
-4.09
-3.13
-2.00
-0.86
0.00
0.24
-0.43
-2.15
-4.68
-7.42
-9.50
-10.02
-8.43
-4.63
0.98
7.66
14.58
20.89
25.88
28.98
29.86
28.53
25.41
21.31
17.20
13.94
12.03
11.43
11.68
12.16
12.35
12.02
11.24
10.33
9.68
9.59
10.27
11.70
13.73
16.04
18.26
19.99
20.88
20.75
19.58
17.52
14.83
11.78
8.60
5.43
2.42
-0.32
-2.62
-4.38
-5.59
-6.34
-6.81
-7.20
-7.68
-8.30
-9.04
-9.88
-10.87
-12.08
-13.59
-15.39
-17.33
-19.15
-20.53
-21.21
-21.04
-20.05
-18.37
-16.24
-13.91
-11.61
-9.55
-7.90
-6.77
-6.17
-6.00
-6.07
-6.16
-6.11
-5.91
-5.65
-5.50
-5.58
-5.90
-6.40
-6.93
-7.42
-7.89
-8.37
-8.93
-9.53
-10.09
-10.55
-10.92
-11.33
-11.97
-13.01
-14.49
-16.31
-18.24
-20.00
-21.37
-22.14
-22.14
-21.18
-19.09
-15.81
-11.48
-6.50
-1.44
3.17
6.97
9.88
12.07
13.75
15.10
16.18
16.93
17.32
17.38
17.21
16.95
16.66
16.37
16.01
15.52
14.84
13.93
12.82
11.59
10.36
9.25
8.34
7.66
7.14
6.73
6.40
6.20
6.19
6.42
6.85
7.38
7.87
8.21
8.36
8.36
8.29
8.21
8.14
8.01
7.74
7.26
6.54
5.64
4.70
3.85
3.18
2.69
2.32
1.98
1.59
1.10
0.51
-0.18
-0.94
-1.72
-2.46
-3.07
-3.46
-3.57
-3.37
-2.85
-2.03
-0.97
0.27
1.58
2.87
4.04
5.03
5.80
6.31
6.56
6.51
6.16
5.56
4.79
3.91
2.99
2.07
1.14
0.18
-0.82
-1.85
-2.90
-3.98
-5.07
-6.16
-7.18
-8.05
-8.67
-9.01
-9.06
-8.88
-8.51
-7.95
-7.14
-6.02
-4.59
-2.95
-1.30
0.11
1.15
1.80
2.17
2.41
2.65
2.88
3.02
2.97
2.69
2.23
1.73
1.28
0.95
0.70
0.43
0.07
-0.42
-1.03
-1.73
-2.47
-3.18
-3.80
-4.20
-4.29
-4.04
-3.51
-2.83
-2.16
-1.57
-1.10
-0.71
-0.34
0.06
0.51
1.03
1.67
2.41
3.24
4.05
4.74
5.21
5.44
5.50
5.46
5.41
5.38
5.36
5.34
5.31
5.29
5.28
5.26
5.17
4.94
4.54
3.99
3.39
2.84
2.48
2.40
2.68
3.30
4.18
5.16
6.06
6.72
7.08
7.16
7.06
6.89
6.67
6.32
5.72
4.78
3.51
1.99
0.35
-1.28
-2.81
-4.19
-5.39
-6.36
-7.05
-7.42
-7.49
-7.35
-7.06
-6.70
-6.30
-5.90
-5.53
-5.24
-5.10
-5.16
-5.37
-5.63
-5.79
-5.70
-5.28
-4.53
-3.56
-2.51
-1.53
-0.72
-0.09
0.42
0.92
1.51
2.27
3.19
4.19
5.14
5.91
6.39
6.57
6.49
6.25
6.00
5.84
5.87
6.09
6.43
6.78
6.99
6.93
6.58
5.98
5.31
4.74
4.40
4.32
4.38
4.38
4.12
3.46
2.37
0.98
-0.53
-1.99
-3.27
-4.36
-5.33
-6.25
-7.17
-8.09
-8.91
-9.54
-9.85
-9.80
-9.42
-8.80
-8.08
-7.35
-6.66
-5.99
-5.29
-4.52
-3.68
-2.82
-2.00
-1.30
-0.77
-0.39
-0.16
-0.01
0.07
0.10
0.08
0.01
-0.06
-0.07
0.07
0.37
0.77
1.11
1.19
0.87
0.18
-0.76
-1.73
-2.54
-3.11
-3.43
-3.52
-3.38
-2.99
-2.36
-1.54
-0.69
0.00
0.43
0.58
0.57
0.55
0.65
0.87
1.19
1.52
1.82
2.05
2.20
2.28
2.30
2.32
2.43
2.65
2.95
3.19
3.21
2.94
2.41
1.79
1.26
0.92
0.74
0.61
0.36
-0.12
-0.86
-1.82
-2.91
-4.04
-5.06
-5.81
-6.10
-5.78
-4.76
-3.10
-0.97
1.35
3.54
5.37
6.65
7.37
7.57
7.35
6.81
6.02
5.06
4.00
2.95
2.01
1.26
0.70
0.30
-0.03
-0.37
-0.73
-1.07
-1.35
-1.52
-1.58
-1.59
-1.56
-1.48
-1.30
-0.94
-0.42
0.17
0.69
0.97
0.97
0.73
0.40
0.11
-0.06
-0.09
-0.03
0.11
0.30
0.55
0.87
1.18
1.42
1.46
1.24
0.75
0.07
-0.70
-1.43
-2.01
-2.36
-2.43
-2.23
-1.80
-1.27
-0.78
-0.48
-0.44
-0.59
-0.75
-0.73
-0.40
0.19
0.85
1.32
1.40
1.04
0.34
-0.51
-1.31
-1.91
-2.24
-2.26
-2.02
-1.54
-0.89
-0.14
0.67
1.49
2.31
3.11
3.87
4.53
5.04
5.34
5.42
5.29
5.01
4.62
4.20
3.83
3.56
3.44
3.48
3.62
3.77
3.82
3.69
3.33
2.80
2.18
1.58
1.06
0.64
0.24
-0.19
-0.70
-1.27
-1.82
-2.28
-2.60
-2.73
-2.68
-2.45
-2.07
-1.54
-0.87
-0.10
0.72
1.50
2.20
2.86
3.54
4.30
5.20
6.18
7.12
7.86
8.33
8.54
8.62
8.77
9.16
9.83
10.64
11.37
11.75
11.56
10.73
9.33
7.52
5.53
3.57
1.82
0.40
-0.68
-1.48
-2.18
-2.97
-3.97
-5.22
-6.61
-7.98
-9.17
-10.08
-10.76
-11.29
-11.76
-12.20
-12.57
-12.74
-12.60
-12.04
-11.05
-9.67
-8.01
-6.19
-4.30
-2.41
-0.60
1.08
2.52
3.63
4.33
4.64
4.61
4.39
4.11
3.91
3.92
4.18
4.71
5.42
6.17
6.78
7.10
7.04
6.63
5.96
5.15
4.29
3.41
2.49
1.51
0.45
-0.67
-1.79
-2.84
-3.72
-4.36
-4.71
-4.75
-4.52
-4.10
-3.63
-3.24
-3.04
-3.05
-3.22
-3.41
-3.43
-3.13
-2.44
-1.41
-0.18
1.05
2.13
2.96
3.54
3.90
4.08
4.11
3.97
3.68
3.26
2.77
2.33
2.00
1.79
1.66
1.54
1.36
1.07
0.67
0.16
-0.41
-0.99
-1.52
-1.94
-2.19
-2.26
-2.12
-1.80
-1.30
-0.62
0.20
1.13
2.06
2.88
3.47
3.75
3.69
3.41
3.08
2.88
2.91
3.15
3.46
3.65
3.59
3.26
2.80
2.36
2.05
1.83
1.56
1.11
0.46
-0.27
-0.89
-1.23
-1.29
-1.20
-1.22
-1.56
-2.29
-3.31
-4.41
-5.36
-5.98
-6.22
-6.11
-5.76
-5.28
-4.77
-4.30
-3.91
-3.63
-3.45
-3.35
-3.30
-3.26
-3.19
-3.04
-2.78
-2.37
-1.82
-1.15
-0.47
0.12
0.52
0.72
0.74
0.69
0.65
0.63
0.62
0.54
0.33
-0.06
-0.60
-1.26
-1.94
-2.59
-3.15
-3.59
-3.93
-4.20
-4.43
-4.60
-4.65
-4.53
-4.24
-3.83
-3.38
-2.96
-2.53
-2.01
-1.33
-0.49
0.39
1.17
1.69
1.93
1.96
1.90
1.84
1.82
1.77
1.64
1.41
1.11
0.82
0.59
0.39
0.13
-0.28
-0.84
-1.48
-2.07
-2.47
-2.67
-2.76
-2.94
-3.33
-3.94
-4.62
-5.14
-5.25
-4.85
-3.99
-2.84
-1.62
-0.51
0.45
1.24
1.90
2.46
2.91
3.22
3.40
3.46
3.49
3.52
3.57
3.61
3.62
3.57
3.50
3.44
3.42
3.43
3.43
3.36
3.19
2.91
2.53
2.06
1.54
1.00
0.50
0.11
-0.12
-0.18
-0.12
-0.03
-0.03
-0.19
-0.51
-0.89
-1.19
-1.24
-0.95
-0.28
0.67
1.77
2.86
3.79
4.45
4.79
4.80
4.54
4.12
3.69
3.35
3.15
3.02
2.84
2.50
1.95
1.25
0.55
0.02
-0.25
-0.29
-0.22
-0.20
-0.34
-0.69
-1.19
-1.77
-2.34
-2.83
-3.26
-3.71
-4.26
-5.00
-5.91
-6.91
-7.80
-8.39
-8.53
-8.19
-7.45
-6.47
-5.35
-4.13
-2.78
-1.26
0.36
1.94
3.26
4.08
4.27
3.89
3.10
2.16
1.33
0.74
0.39
0.24
0.22
0.30
0.51
0.78
1.01
0.98
0.52
-0.41
-1.66
-2.95
-3.96
-4.51
-4.61
-4.45
-4.28
-4.28
-4.52
-4.95
-5.43
-5.81
-5.95
-5.71
-5.01
-3.88
-2.41
-0.75
0.91
2.48
3.90
5.18
6.31
7.23
7.86
8.15
8.13
7.97
7.83
7.83
7.97
8.14
8.18
8.00
7.64
7.15
6.64
6.18
5.81
5.62
5.69
6.09
6.74
7.39
7.66
7.17
5.76
3.55
0.95
-1.49
-3.28
-4.18
-4.20
-3.61
-2.72
-1.84
-1.12
-0.62
-0.27
0.00
0.29
0.63
1.06
1.64
2.48
3.68
5.32
7.31
9.40
11.24
12.43
12.72
12.01
10.45
8.30
5.87
3.45
1.25
-0.62
-2.12
-3.27
-4.14
-4.81
-5.37
-5.90
-6.46
-7.09
-7.83
-8.65
-9.49
-10.24
-10.77
-11.01
-10.89
-10.43
-9.72
-8.86
-7.97
-7.14
-6.38
-5.65
-4.87
-3.94
-2.87
-1.71
-0.60
0.34
1.00
1.36
1.49
1.49
1.46
1.46
1.49
1.48
1.39
1.17
0.82
0.41
-0.01
-0.39
-0.72
-1.02
-1.32
-1.65
-2.00
-2.37
-2.79
-3.31
-3.97
-4.76
-5.58
-6.28
-6.66
-6.58
-6.01
-5.05
-3.92
-2.87
-2.04
-1.47
-1.03
-0.58
-0.03
0.61
1.24
1.74
2.06
2.25
2.39
2.52
2.61
2.58
2.32
1.85
1.24
0.65
0.20
-0.07
-0.20
-0.26
-0.28
-0.24
-0.13
0.04
0.15
0.06
-0.35
-1.09
-2.02
-2.92
-3.58
-3.90
-3.90
-3.71
-3.44
-3.17
-2.92
-2.68
-2.41
-2.07
-1.61
-0.94
0.00
1.26
2.76
4.30
5.65
6.58
6.99
6.88
6.37
5.61
4.76
3.96
3.32
2.99
3.05
3.53
4.31
5.19
5.90
6.25
6.16
5.65
4.85
3.89
2.89
1.96
1.20
0.67
0.38
0.22
0.05
-0.31
-0.95
-1.83
-2.81
-3.70
-4.31
-4.57
-4.45
-4.03
-3.39
-2.60
-1.71
-0.73
0.33
1.41
2.39
3.11
3.47
3.44
3.11
2.70
2.38
2.26
2.32
2.45
2.55
2.58
2.58
2.59
2.57
2.43
2.02
1.25
0.18
-0.96
-1.90
-2.42
-2.45
-2.11
-1.64
-1.23
-1.00
-0.99
-1.19
-1.58
-2.19
-3.03
-4.09
-5.30
-6.58
-7.81
-8.94
-9.89
-10.56
-10.83
-10.61
-9.85
-8.59
-6.98
-5.19
-3.36
-1.60
0.01
1.42
2.56
3.45
4.15
4.76
5.36
5.96
6.50
6.81
6.77
6.35
5.64
4.79
3.97
3.23
2.58
1.96
1.32
0.71
0.21
-0.13
-0.33
-0.51
-0.82
-1.41
-2.32
-3.48
-4.72
-5.85
-6.74
-7.29
-7.44
-7.18
-6.53
-5.60
-4.56
-3.65
-3.02
-2.73
-2.70
-2.74
-2.66
-2.34
-1.80
-1.16
-0.53
-0.02
0.32
0.48
0.48
0.37
0.20
0.08
0.07
0.19
0.38
0.51
0.44
0.12
-0.43
-1.11
-1.81
-2.46
-3.10
-3.78
-4.51
-5.23
-5.80
-6.05
-5.89
-5.35
-4.53
-3.57
-2.61
-1.73
-0.94
-0.22
0.43
1.01
1.52
1.93
2.20
2.33
2.31
2.19
2.03
1.87
1.75
1.65
1.51
1.31
1.02
0.65
0.25
-0.16
-0.57
-0.98
-1.42
-1.92
-2.47
-3.09
-3.75
-4.41
-4.98
-5.39
-5.54
-5.44
-5.14
-4.77
-4.42
-4.10
-3.73
-3.18
-2.37
-1.31
-0.18
0.81
1.47
1.70
1.55
1.15
0.63
0.15
-0.19
-0.35
-0.31
-0.10
0.19
0.47
0.66
0.69
0.58
0.33
-0.04
-0.52
-1.09
-1.67
-2.12
-2.33
-2.20
-1.79
-1.23
-0.70
-0.29
0.00
0.32
0.81
1.58
2.61
3.78
4.92
5.86
6.51
6.84
6.85
6.61
6.16
5.57
4.89
4.17
3.48
2.87
2.41
2.17
2.14
2.26
2.39
2.34
1.97
1.19
0.04
-1.36
-2.83
-4.21
-5.32
-5.99
-6.12
-5.64
-4.60
-3.15
-1.53
-0.03
1.16
1.92
2.32
2.55
2.82
3.30
3.98
4.72
5.29
5.49
5.28
4.78
4.23
3.87
3.79
3.94
4.14
4.18
3.96
3.51
2.94
2.39
1.95
1.59
1.22
0.73
0.07
-0.73
-1.56
-2.36
-3.08
-3.73
-4.31
-4.80
-5.11
-5.12
-4.77
-4.11
-3.27
-2.37
-1.50
-0.65
0.26
1.29
2.44
3.62
4.66
5.42
5.82
5.87
5.66
5.35
5.05
4.88
4.91
5.14
5.52
5.93
6.20
6.19
5.83
5.18
4.36
3.57
2.90
2.40
2.02
1.66
1.33
1.00
0.73
0.51
0.29
0.01
-0.38
-0.86
-1.38
-1.87
-2.38
-3.03
-3.89
-4.99
-6.16
-7.13
-7.65
-7.59
-6.99
-6.02
-4.87
-3.67
-2.51
-1.42
-0.45
0.37
0.99
1.46
1.87
2.31
2.81
3.33
3.75
3.98
3.95
3.76
3.51
3.35
3.35
3.51
3.78
4.01
4.08
3.92
3.51
2.98
2.47
2.11
1.95
1.95
1.97
1.89
1.62
1.19
0.65
0.06
-0.58
-1.32
-2.20
-3.18
-4.13
-4.84
-5.17
-5.02
-4.45
-3.60
-2.66
-1.78
-1.05
-0.46
0.05
0.53
0.99
1.37
1.58
1.53
1.26
0.84
0.42
0.13
0.03
0.08
0.22
0.41
0.59
0.76
0.92
1.06
1.24
1.48
1.83
2.24
2.60
2.76
2.62
2.20
1.63
1.14
0.91
0.97
1.19
1.34
1.26
0.89
0.31
-0.32
-0.81
-1.07
-1.06
-0.84
-0.47
-0.04
0.39
0.78
1.09
1.30
1.40
1.42
1.40
1.36
1.33
1.32
1.29
1.22
1.04
0.71
0.22
-0.41
-1.05
-1.58
-1.86
-1.85
-1.61
-1.27
-1.02
-0.99
-1.23
-1.65
-2.12
-2.50
-2.70
-2.72
-2.62
-2.47
-2.36
-2.30
-2.31
-2.37
-2.48
-2.61
-2.73
-2.81
-2.78
-2.59
-2.20
-1.61
-0.89
-0.14
0.55
1.08
1.40
1.51
1.40
1.11
0.67
0.15
-0.37
-0.81
-1.12
-1.24
-1.19
-0.97
-0.63
-0.20
0.26
0.66
0.91
0.94
0.76
0.44
0.10
-0.15
-0.25
-0.22
-0.15
-0.14
-0.26
-0.57
-1.05
-1.71
-2.51
-3.42
-4.42
-5.40
-6.22
-6.71
-6.75
-6.31
-5.45
-4.34
-3.11
-1.91
-0.81
0.16
0.93
1.46
1.69
1.64
1.37
1.03
0.76
0.63
0.66
0.76
0.80
0.67
0.38
0.00
-0.31
-0.47
-0.46
-0.36
-0.27
-0.20
-0.14
0.02
0.27
0.55
0.71
0.59
0.14
-0.61
-1.51
-2.40
-3.15
-3.70
-3.99
-4.02
-3.79
-3.33
-2.72
-2.05
-1.38
-0.75
-0.16
0.38
0.86
1.22
1.42
1.43
1.27
1.02
0.76
0.59
0.55
0.64
0.81
1.03
1.19
1.22
1.00
0.48
-0.30
-1.20
-2.00
-2.50
-2.63
-2.51
-2.37
-2.44
-2.83
-3.47
-4.17
-4.75
-5.15
-5.45
-5.76
-6.13
-6.43
-6.46
-6.00
-4.99
-3.59
-2.07
-0.70
0.37
1.19
1.92
2.71
3.63
4.59
5.39
5.87
5.95
5.69
5.22
4.75
4.39
4.18
4.08
3.99
3.83
3.55
3.18
2.76
2.32
1.89
1.45
1.00
0.55
0.13
-0.24
-0.58
-0.92
-1.31
-1.78
-2.31
-2.81
-3.19
-3.33
-3.16
-2.66
-1.89
-0.97
-0.03
0.80
1.49
2.08
2.62
3.16
3.67
4.10
4.35
4.39
4.26
4.02
3.78
3.63
3.62
3.74
3.98
4.30
4.61
4.81
4.77
4.40
3.69
2.73
1.66
0.69
-0.05
-0.46
-0.56
-0.45
-0.30
-0.32
-0.65
-1.37
-2.41
-3.57
-4.62
-5.35
-5.61
-5.38
-4.72
-3.75
-2.62
-1.44
-0.28
0.85
1.93
2.95
3.85
4.53
4.90
4.92
4.64
4.21
3.76
3.39
3.11
2.85
2.58
2.26
1.94
1.64
1.35
1.03
0.64
0.16
-0.36
-0.85
-1.30
-1.73
-2.22
-2.82
-3.52
-4.22
-4.81
-5.19
-5.30
-5.16
-4.77
-4.17
-3.39
-2.49
-1.55
-0.65
0.13
0.76
1.29
1.76
2.23
2.67
3.05
3.29
3.37
3.32
3.21
3.07
2.94
2.79
2.56
2.22
1.74
1.15
0.52
-0.09
-0.60
-0.97
-1.20
-1.32
-1.41
-1.54
-1.79
-2.17
-2.63
-3.08
-3.40
-3.51
-3.36
-2.94
-2.28
-1.45
-0.54
0.36
1.12
1.69
2.02
2.13
2.09
1.97
1.85
1.75
1.68
1.62
1.52
1.37
1.18
0.96
0.70
0.36
-0.13
-0.77
-1.52
-2.27
-2.87
-3.28
-3.53
-3.77
-4.11
-4.59
-5.07
-5.30
-5.06
-4.28
-3.03
-1.59
-0.24
0.86
1.66
2.24
2.72
3.13
3.44
3.58
3.54
3.37
3.19
3.13
3.27
3.56
3.93
4.24
4.43
4.45
4.33
4.10
3.80
3.46
3.06
2.58
1.95
1.15
0.21
-0.73
-1.49
-1.90
-1.92
-1.64
-1.23
-0.86
-0.63
-0.55
-0.53
-0.51
-0.42
-0.25
0.02
0.39
0.90
1.52
2.15
2.64
2.88
2.80
2.46
1.98
1.50
1.13
0.87
0.71
0.60
0.48
0.34
0.18
0.01
-0.17
-0.36
-0.58
-0.86
-1.18
-1.53
-1.88
-2.22
-2.58
-2.96
-3.38
-3.79
-4.10
-4.19
-3.97
-3.41
-2.60
-1.69
-0.88
-0.28
0.04
0.14
0.13
0.11
0.17
0.28
0.38
0.39
0.22
-0.12
-0.61
-1.17
-1.73
-2.22
-2.61
-2.85
-2.93
-2.86
-2.64
-2.32
-1.97
-1.66
-1.47
-1.45
-1.65
-2.04
-2.59
-3.18
-3.71
-4.10
-4.25
-4.15
-3.79
-3.22
-2.50
-1.71
-0.91
-0.15
0.57
1.27
2.00
2.82
3.72
4.65
5.49
6.14
6.50
6.57
6.41
6.12
5.82
5.53
5.26
4.93
4.49
3.91
3.21
2.45
1.70
1.02
0.45
-0.01
-0.42
-0.90
-1.56
-2.46
-3.55
-4.72
-5.77
-6.54
-6.94
-6.96
-6.66
-6.10
-5.34
-4.43
-3.45
-2.46
-1.53
-0.67
0.16
1.00
1.85
2.66
3.33
3.77
3.96
3.95
3.81
3.61
3.38
3.12
2.86
2.63
2.50
2.49
2.58
2.69
2.68
2.48
2.05
1.42
0.72
0.05
-0.49
-0.86
-1.07
-1.20
-1.31
-1.46
-1.60
-1.68
-1.61
-1.35
-0.90
-0.28
0.48
1.32
2.20
3.03
3.72
4.18
4.36
4.27
3.98
3.56
3.13
2.77
2.53
2.47
2.53
2.62
2.61
2.39
1.95
1.38
0.80
0.35
0.02
-0.27
-0.63
-1.12
-1.67
-2.14
-2.40
-2.47
-2.44
-2.53
-2.84
-3.41
-4.12
-4.84
-5.48
-6.00
-6.40
-6.64
-6.63
-6.28
-5.56
-4.53
-3.33
-2.14
-1.08
-0.19
0.56
1.21
1.81
2.33
2.74
2.96
2.98
2.81
2.50
2.11
1.70
1.30
0.93
0.60
0.32
0.10
-0.11
-0.36
-0.68
-1.09
-1.52
-1.90
-2.17
-2.34
-2.45
-2.55
-2.68
-2.83
-3.03
-3.29
-3.68
-4.17
-4.67
-4.95
-4.75
-3.87
-2.31
-0.26
1.90
3.77
5.03
5.55
5.41
4.86
4.23
3.82
3.79
4.12
4.61
5.04
5.24
5.13
4.80
4.36
3.89
3.44
2.97
2.47
1.91
1.31
0.69
0.06
-0.59
-1.26
-1.96
-2.63
-3.22
-3.68
-4.04
-4.38
-4.78
-5.31
-5.94
-6.51
-6.83
-6.72
-6.15
-5.20
-4.05
-2.86
-1.74
-0.70
0.26
1.15
1.95
2.63
3.18
3.59
3.84
3.91
3.80
3.53
3.22
2.95
2.82
2.82
2.91
3.01
3.06
3.01
2.81
2.43
1.87
1.17
0.45
-0.18
-0.67
-1.10
-1.62
-2.35
-3.30
-4.37
-5.38
-6.18
-6.72
-7.02
-7.10
-6.98
-6.68
-6.21
-5.66
-5.15
-4.79
-4.68
-4.80
-5.14
-5.64
-6.24
-6.84
-7.33
-7.59
-7.55
-7.19
-6.59
-5.87
-5.14
-4.43
-3.70
-2.91
-2.02
-1.00
0.13
1.39
2.79
4.31
5.87
7.36
8.65
9.73
10.70
11.77
13.11
14.70
16.32
17.65
18.47
18.82
19.02
19.58
20.94
23.26
26.33
29.67
32.64
34.67
35.42
34.88
33.24
30.86
28.04
24.99
21.88
18.91
16.34
14.29
12.51
10.26
6.45
0.13
-9.04
-20.49
-32.97
-45.03
-55.62
-64.33
-71.26
-76.60
-80.26
-81.92
-81.29
-78.46
-74.01
-68.79
-63.46
-58.26
-52.89
-46.95
-40.25
-33.06
-26.03
-19.82
-14.77
-10.74
-7.19
-3.55
0.55
5.07
9.74
14.17
18.08
21.34
23.97
26.04
27.64
28.83
29.66
30.11
30.16
29.75
28.88
27.64
26.22
24.86
23.75
22.95
22.43
22.07
21.80
21.60
21.52
21.62
21.88
22.19
22.38
22.32
21.92
21.19
20.19
19.01
17.77
16.62
15.69
15.05
14.67
14.41
14.08
13.53
12.72
11.74
10.71
9.70
8.64
7.35
5.61
3.17
-0.08
-4.12
-8.76
-13.57
-17.99
-21.38
-23.21
-23.16
-21.31
-18.10
-14.19
-10.30
-6.96
-4.42
-2.63
-1.38
-0.42
0.38
1.06
1.51
1.61
1.30
0.53
-0.62
-2.04
-3.55
-4.91
-5.90
-6.35
-6.17
-5.34
-3.92
-2.01
0.23
2.54
4.63
6.24
7.24
7.75
8.10
8.64
9.64
11.12
12.90
14.68
16.20
17.29
17.90
18.06
17.81
17.20
16.31
15.18
13.80
11.99
9.44
5.80
0.87
-5.23
-11.93
-18.35
-23.49
-26.62
-27.40
-25.98
-22.78
-18.31
-13.13
-7.76
-2.76
1.36
4.28
5.90
6.42
6.14
5.31
3.99
2.14
-0.20
-2.77
-5.15
-6.93
-8.00
-8.57
-9.02
-9.67
-10.50
-11.21
-11.48
-11.15
-10.45
-9.87
-9.90
-10.74
-12.20
-13.75
-14.77
-14.80
-13.74
-11.88
-9.66
-7.60
-6.00
-4.97
-4.40
-4.09
-3.90
-3.74
-3.63
-3.60
-3.65
-3.73
-3.78
-3.81
-3.88
-4.08
-4.47
-5.00
-5.51
-5.77
-5.59
-4.92
-3.90
-2.74
-1.72
-0.96
-0.47
-0.14
0.14
0.45
0.78
1.04
1.13
1.06
0.91
0.82
0.91
1.21
1.66
2.10
2.39
2.48
2.46
2.52
2.91
3.78
5.14
6.84
8.62
10.17
11.30
11.91
12.02
11.73
11.18
10.51
9.85
9.30
8.88
8.52
8.10
7.53
6.78
5.94
5.14
4.51
4.05
3.69
3.36
3.03
2.78
2.69
2.75
2.88
2.86
2.50
1.73
0.60
-0.67
-1.85
-2.75
-3.28
-3.48
-3.48
-3.44
-3.49
-3.71
-4.10
-4.56
-4.98
-5.24
-5.20
-4.77
-3.87
-2.51
-0.76
1.21
3.22
5.09
6.72
8.09
9.24
10.26
11.22
12.12
12.96
13.70
14.28
14.63
14.60
14.02
12.71
10.58
7.73
4.44
1.12
-1.83
-4.16
-5.81
-6.94
-7.71
-8.26
-8.57
-8.56
-8.18
-7.48
-6.59
-5.69
-4.91
-4.23
-3.53
-2.64
-1.43
0.11
1.91
3.84
5.71
7.38
8.74
9.78
10.53
11.09
11.53
11.88
12.08
12.05
11.75
11.21
10.57
10.04
9.76
9.74
9.87
10.00
9.98
9.79
9.49
9.14
8.74
8.22
7.49
6.52
5.42
4.36
3.56
3.09
2.89
2.83
2.75
2.64
2.54
2.54
2.63
2.65
2.40
1.63
0.20
-1.85
-4.40
-7.20
-10.01
-12.56
-14.67
-16.21
-17.14
-17.51
-17.42
-16.95
-16.19
-15.20
-14.04
-12.79
-11.56
-10.41
-9.43
-8.65
-8.10
-7.79
-7.63
-7.51
-7.32
-6.94
-6.35
-5.64
-4.90
-4.24
-3.70
-3.27
-2.90
-2.57
-2.32
-2.24
-2.35
-2.63
-2.94
-3.11
-3.04
-2.70
-2.19
-1.64
-1.15
-0.71
-0.20
0.51
1.52
2.80
4.23
5.59
6.67
7.32
7.47
7.15
6.51
5.74
5.03
4.48
4.14
3.99
4.01
4.21
4.59
5.13
5.76
6.41
6.99
7.53
8.07
8.72
9.51
10.43
11.41
12.37
13.27
14.14
15.03
15.96
16.91
17.84
18.64
19.27
19.67
19.82
19.68
19.22
18.44
17.36
16.05
14.58
12.99
11.25
9.20
6.69
3.62
0.03
-3.82
-7.56
-10.74
-13.04
-14.30
-14.66
-14.41
-13.99
-13.75
-13.96
-14.65
-15.70
-16.91
-18.07
-19.08
-19.96
-20.77
-21.58
-22.40
-23.14
-23.71
-24.00
-24.00
-23.74
-23.32
-22.80
-22.18
-21.41
-20.41
-19.10
-17.43
-15.41
-13.10
-10.58
-7.98
-5.50
-3.32
-1.62
-0.52
-0.02
0.02
-0.24
-0.58
-0.86
-1.03
-1.11
-1.12
-1.12
-1.12
-1.12
-1.14
-1.24
-1.42
-1.67
-1.92
-2.04
-1.93
-1.57
-1.05
-0.54
-0.19
-0.10
-0.20
-0.34
-0.31
0.01
0.64
1.50
2.47
3.45
4.40
5.28
6.03
6.54
6.74
6.61
6.25
5.83
5.49
5.32
5.30
5.32
5.28
5.12
4.87
4.56
4.22
3.86
3.48
3.04
2.55
2.03
1.52
1.03
0.57
0.12
-0.33
-0.83
-1.38
-1.98
-2.59
-3.10
-3.42
-3.47
-3.24
-2.82
-2.29
-1.74
-1.17
-0.57
0.06
0.69
1.18
1.42
1.34
0.99
0.53
0.14
-0.07
-0.08
0.01
0.07
0.01
-0.17
-0.38
-0.52
-0.52
-0.41
-0.29
-0.24
-0.33
-0.58
-0.94
-1.36
-1.78
-2.17
-2.49
-2.67
-2.66
-2.37
-1.82
-1.06
-0.20
0.67
1.46
2.17
2.84
3.48
4.14
4.75
5.27
5.62
5.78
5.72
5.49
5.13
4.71
4.32
4.05
3.94
4.01
4.24
4.56
4.88
5.15
5.29
5.26
5.03
4.60
4.09
3.68
3.59
4.01
5.00
6.43
8.07
9.65
10.93
11.85
12.43
12.82
13.17
13.60
14.20
14.96
15.81
16.61
17.13
17.13
16.44
14.99
12.91
10.46
7.99
5.78
3.99
2.52
1.15
-0.43
-2.41
-4.83
-7.55
-10.36
-13.04
-15.42
-17.43
-19.01
-20.12
-20.71
-20.75
-20.33
-19.60
-18.79
-18.06
-17.46
-16.91
-16.29
-15.50
-14.54
-13.49
-12.44
-11.43
-10.41
-9.34
-8.22
-7.13
-6.19
-5.53
-5.16
-5.03
-4.99
-4.95
-4.84
-4.68
-4.48
-4.29
-4.10
-3.95
-3.83
-3.75
-3.66
-3.49
-3.11
-2.43
-1.40
-0.08
1.38
2.81
4.02
4.92
5.51
5.86
6.08
6.21
6.28
6.23
6.07
5.85
5.69
5.65
5.72
5.78
5.69
5.40
4.96
4.51
4.17
3.92
3.61
3.03
2.07
0.78
-0.62
-1.88
-2.76
-3.20
-3.22
-2.93
-2.43
-1.79
-1.10
-0.45
0.08
0.39
0.45
0.27
-0.05
-0.38
-0.59
-0.58
-0.32
0.10
0.55
0.90
1.06
1.07
1.00
0.96
1.05
1.26
1.55
1.86
2.11
2.24
2.20
1.98
1.58
1.08
0.59
0.31
0.40
0.98
2.03
3.41
4.89
6.24
7.31
8.05
8.51
8.75
8.75
8.48
7.87
6.97
5.89
4.87
4.11
3.66
3.46
3.28
2.92
2.23
1.22
-0.01
-1.32
-2.59
-3.69
-4.54
-5.10
-5.35
-5.31
-5.02
-4.48
-3.72
-2.69
-1.43
0.02
1.51
2.85
3.89
4.55
4.86
4.93
4.87
4.81
4.83
4.97
5.31
5.91
6.80
8.01
9.49
11.16
12.85
14.45
15.86
17.03
17.98
18.77
19.51
20.30
21.27
22.48
23.97
25.70
27.57
29.44
31.08
32.23
32.54
31.66
29.25
25.05
18.86
10.70
0.76
-10.54
-22.60
-34.65
-45.78
-55.11
-61.88
-65.67
-66.50
-64.77
-61.11
-56.14
-50.30
-43.76
-36.63
-29.11
-21.65
-14.90
-9.55
-6.05
-4.40
-4.19
-4.76
-5.40
-5.62
-5.14
-3.98
-2.25
-0.02
2.74
6.13
10.21
14.75
19.25
22.96
25.12
25.31
23.57
20.44
16.68
13.01
9.95
7.74
6.44
6.05
6.62
8.18
10.71
14.04
17.89
21.93
25.90
29.60
32.85
35.34
36.61
36.17
33.75
29.49
24.05
18.37
13.34
9.52
6.95
5.30
4.11
3.10
2.20
1.50
1.11
0.94
0.74
0.13
-1.23
-3.53
-6.67
-10.25
-13.62
-16.04
-16.86
-15.75
-12.67
-7.95
-2.16
3.97
9.60
13.89
16.11
15.84
13.13
8.55
2.99
-2.67
-7.83
-12.32
-16.27
-19.85
-23.09
-25.77
-27.64
-28.57
-28.70
-28.35
-27.85
-27.34
-26.70
-25.71
-24.23
-22.37
-20.47
-18.98
-18.19
-18.11
-18.42
-18.68
-18.46
-17.61
-16.22
-14.57
-12.95
-11.57
-10.50
-9.67
-8.98
-8.36
-7.78
-7.29
-6.94
-6.76
-6.70
-6.65
-6.49
-6.10
-5.42
-4.50
-3.43
-2.33
-1.35
-0.58
-0.11
0.01
-0.27
-0.90
-1.63
-1.98
-1.38
0.63
4.10
8.63
13.40
17.59
20.60
22.19
22.43
21.42
19.23
15.92
11.62
6.67
1.52
-3.39
-7.78
-11.48
-14.34
-16.10
-16.36
-14.91
-11.85
-7.72
-3.40
0.21
2.52
3.35
2.93
1.72
0.17
-1.31
-2.50
-3.28
-3.64
-3.57
-3.17
-2.56
-1.95
-1.56
-1.56
-2.00
-2.80
-3.73
-4.52
-4.93
-4.87
-4.39
-3.67
-2.96
-2.48
-2.41
-2.89
-3.99
-5.68
-7.81
-10.01
-11.82
-12.76
-12.49
-10.96
-8.41
-5.31
-2.16
0.61
2.73
4.13
4.80
4.79
4.19
3.12
1.76
0.38
-0.75
-1.36
-1.28
-0.51
0.83
2.44
4.02
5.30
6.13
6.55
6.70
6.79
6.98
7.30
7.68
7.96
8.02
7.75
7.19
6.37
5.38
4.25
3.02
1.80
0.68
-0.14
-0.50
-0.29
0.51
1.82
3.51
5.49
7.70
10.10
12.56
14.85
16.59
17.40
16.96
15.17
12.18
8.32
4.04
-0.23
-4.20
-7.69
-10.64
-13.08
-15.01
-16.45
-17.39
-17.80
-17.69
-17.10
-16.14
-14.94
-13.65
-12.37
-11.19
-10.17
-9.37
-8.82
-8.54
-8.47
-8.51
-8.49
-8.24
-7.65
-6.67
-5.35
-3.80
-2.14
-0.48
1.10
2.55
3.87
5.07
6.17
7.16
8.00
8.62
8.97
9.02
8.77
8.29
7.67
7.01
6.38
5.84
5.40
5.04
4.75
4.48
4.23
4.01
3.82
3.70
3.62
3.56
3.49
3.37
3.18
2.92
2.58
2.22
1.93
1.83
2.09
2.81
3.97
5.38
6.70
7.62
7.89
7.51
6.66
5.66
4.80
4.24
4.02
4.00
4.05
4.00
3.74
3.20
2.34
1.18
-0.24
-1.81
-3.38
-4.79
-5.88
-6.54
-6.72
-6.48
-5.92
-5.19
-4.45
-3.80
-3.31
-2.96
-2.72
-2.58
-2.57
-2.69
-2.90
-3.08
-3.01
-2.49
-1.40
0.18
2.01
3.77
5.18
6.09
6.49
6.49
6.22
5.82
5.39
4.99
4.68
4.44
4.20
3.84
3.22
2.15
0.51
-1.75
-4.48
-7.39
-10.09
-12.17
-13.37
-13.60
-12.98
-11.72
-10.09
-8.28
-6.46
-4.71
-3.08
-1.58
-0.15
1.31
2.89
4.65
6.59
8.64
10.68
12.58
14.19
15.39
16.10
16.29
16.00
15.29
14.24
12.88
11.24
9.32
7.22
5.09
3.15
1.59
0.52
-0.05
-0.30
-0.49
-0.93
-1.87
-3.44
-5.59
-8.08
-10.55
-12.60
-13.90
-14.32
-13.93
-12.99
-11.82
-10.66
-9.52
-8.25
-6.58
-4.35
-1.60
1.49
4.62
7.58
10.26
12.61
14.52
15.77
16.12
15.47
14.00
12.22
10.78
10.18
10.57
11.65
12.87
13.72
13.94
13.58
12.88
12.11
11.37
10.61
9.76
8.80
7.88
7.22
6.97
7.05
7.27
7.42
7.45
7.56
8.03
9.00
10.22
11.09
10.86
8.98
5.45
0.83
-3.94
-7.86
-10.31
-11.15
-10.76
-9.85
-9.17
-9.24
-10.18
-11.80
-13.74
-15.76
-17.80
-19.87
-21.93
-23.67
-24.59
-24.21
-22.38
-19.35
-15.67
-11.88
-8.16
-4.35
-0.05
5.01
10.81
17.06
23.36
29.27
34.42
38.42
40.90
41.58
40.44
37.78
34.23
30.49
27.07
24.15
21.53
18.84
15.77
12.25
8.39
4.41
0.48
-3.33
-6.94
-10.23
-13.02
-15.12
-16.45
-17.12
-17.42
-17.70
-18.23
-19.12
-20.33
-21.66
-22.88
-23.73
-23.98
-23.54
-22.46
-20.97
-19.38
-17.96
-16.80
-15.80
-14.76
-13.49
-11.97
-10.38
-8.95
-7.91
-7.36
-7.24
-7.42
-7.77
-8.21
-8.76
-9.51
-10.47
-11.63
-12.86
-14.02
-14.97
-15.69
-16.22
-16.64
-16.97
-17.10
-16.89
-16.22
-15.08
-13.58
-11.88
-10.15
-8.45
-6.79
-5.11
-3.40
-1.67
-0.05
1.31
2.29
2.85
3.07
3.12
3.16
3.20
3.13
2.78
2.07
1.16
0.48
0.58
1.80
4.13
7.07
9.91
11.95
12.89
12.86
12.36
11.94
11.87
12.01
11.82
10.70
8.34
4.97
1.32
-1.65
-3.21
-3.15
-1.86
-0.09
1.45
2.45
3.00
3.45
4.12
5.05
6.01
6.74
7.16
7.51
8.24
9.70
11.88
14.31
16.20
16.80
15.78
13.37
10.28
7.30
5.04
3.66
3.00
2.73
2.62
2.60
2.70
2.91
3.06
2.91
2.25
1.10
-0.29
-1.54
-2.41
-2.90
-3.30
-3.94
-4.99
-6.31
-7.47
-8.05
-7.82
-6.88
-5.55
-4.17
-2.97
-1.99
-1.18
-0.53
-0.06
0.20
0.31
0.36
0.52
0.92
1.65
2.76
4.31
6.27
8.48
10.57
12.09
12.65
12.16
10.93
9.59
8.84
9.18
10.70
13.03
15.37
16.75
16.26
13.31
7.84
0.41
-8.00
-16.24
-23.30
-28.43
-31.17
-31.34
-29.03
-24.64
-18.98
-13.17
-8.38
-5.44
-4.55
-5.25
-6.69
-8.07
-8.90
-9.13
-9.00
-8.73
-8.38
-7.88
-7.10
-6.07
-4.97
-4.10
-3.70
-3.89
-4.59
-5.61
-6.77
-7.92
-9.01
-10.05
-11.06
-12.04
-12.98
-13.88
-14.73
-15.49
-16.06
-16.27
-15.96
-15.02
-13.49
-11.54
-9.39
-7.21
-5.08
-2.95
-0.80
1.34
3.32
4.97
6.13
6.82
7.17
7.41
7.72
8.16
8.69
9.19
9.53
9.68
9.72
9.75
9.87
10.12
10.44
10.73
10.87
10.83
10.66
10.45
10.30
10.27
10.39
10.69
11.25
12.17
13.57
15.52
18.03
21.07
24.61
28.59
32.98
37.70
42.62
47.62
52.56
57.29
61.56
64.96
66.90
66.85
64.52
60.07
54.07
47.19
39.92
32.31
24.17
15.31
5.81
-3.91
-13.28
-21.79
-29.25
-35.62
-40.95
-45.16
-48.10
-49.71
-50.08
-49.52
-48.43
-47.06
-45.45
-43.41
-40.74
-37.36
-33.41
-29.22
-25.20
-21.72
-19.06
-17.33
-16.47
-16.32
-16.61
-17.03
-17.28
-17.14
-16.44
-15.09
-13.08
-10.47
-7.44
-4.30
-1.42
0.82
2.19
2.66
2.42
1.78
1.08
0.56
0.36
0.54
1.02
1.71
2.50
3.25
3.85
4.26
4.47
4.51
4.46
4.35
4.22
4.12
4.10
4.20
4.44
4.79
5.14
5.37
5.35
5.03
4.50
3.95
3.66
3.91
4.84
6.37
8.19
9.77
10.54
10.08
8.29
5.48
2.21
-0.85
-3.20
-4.63
-5.26
-5.39
-5.33
-5.25
-5.13
-4.76
-3.90
-2.38
-0.23
2.30
4.79
6.80
7.99
8.22
7.60
6.33
4.66
2.77
0.76
-1.32
-3.41
-5.43
-7.27
-8.81
-9.89
-10.38
-10.21
-9.44
-8.28
-7.05
-6.06
-5.44
-5.12
-4.83
-4.27
-3.26
-1.82
-0.17
1.40
2.68
3.58
4.17
4.54
4.76
4.82
4.67
4.28
3.64
2.84
1.96
1.09
0.28
-0.47
-1.17
-1.83
-2.44
-2.96
-3.36
-3.63
-3.73
-3.67
-3.45
-3.10
-2.67
-2.20
-1.72
-1.20
-0.60
0.14
1.02
2.00
2.96
3.76
4.32
4.65
4.79
4.83
4.82
4.80
4.76
4.72
4.74
4.84
5.03
5.22
5.25
4.90
4.01
2.54
0.56
-1.76
-4.25
-6.84
-9.51
-12.24
-14.85
-16.96
-18.13
-17.95
-16.29
-13.37
-9.71
-5.94
-2.61
-0.05
1.64
2.48
2.56
2.10
1.41
0.97
1.25
2.54
4.74
7.36
9.69
11.06
11.10
9.75
7.18
3.64
-0.65
-5.40
-10.22
-14.53
-17.70
-19.28
-19.12
-17.44
-14.78
-11.82
-9.25
-7.59
-7.08
-7.59
-8.61
-9.36
-9.07
-7.22
-3.72
1.08
6.56
12.03
16.88
20.70
23.27
24.56
24.67
23.73
21.85
19.05
15.39
10.99
6.11
1.16
-3.47
-7.52
-10.88
-13.61
-15.82
-17.58
-18.91
-19.89
-20.70
-21.52
-22.48
-23.54
-24.44
-24.88
-24.62
-23.62
-22.00
-19.93
-17.51
-14.71
-11.46
-7.66
-3.32
1.48
6.61
11.88
17.07
21.81
25.68
28.23
29.25
28.88
27.62
26.08
24.70
23.56
22.43
21.05
19.42
17.91
17.06
17.22
18.18
19.19
19.25
17.70
14.59
10.68
7.05
4.58
3.55
3.57
3.89
3.76
2.81
1.03
-1.37
-4.25
-7.68
-11.80
-16.58
-21.66
-26.28
-29.60
-30.89
-29.79
-26.34
-20.98
-14.46
-7.70
-1.72
2.59
4.71
4.64
3.03
0.87
-0.85
-1.52
-1.13
-0.11
0.90
1.34
0.88
-0.58
-2.89
-5.68
-8.36
-10.22
-10.62
-9.26
-6.29
-2.36
1.59
4.70
6.51
7.02
6.62
5.84
5.11
4.60
4.29
4.01
3.72
3.53
3.71
4.57
6.17
8.28
10.42
12.03
12.78
12.72
12.24
11.83
11.89
12.45
13.26
13.85
13.85
13.09
11.69
10.02
8.53
7.64
7.59
8.34
9.56
10.78
11.58
11.70
11.16
10.14
8.87
7.49
6.03
4.44
2.73
0.98
-0.59
-1.75
-2.33
-2.33
-1.86
-1.16
-0.49
-0.10
-0.21
-1.07
-2.91
-5.95
-10.20
-15.35
-20.63
-25.02
-27.49
-27.46
-25.06
-21.07
-16.58
-12.55
-9.42
-7.05
-4.93
-2.61
-0.01
2.55
4.51
5.44
5.18
3.93
2.03
-0.27
-2.85
-5.74
-8.91
-12.06
-14.64
-16.03
-15.82
-14.08
-11.43
-8.84
-7.30
-7.45
-9.39
-12.64
-16.28
-19.21
-20.55
-19.84
-17.22
-13.35
-9.16
-5.41
-2.44
-0.02
2.39
5.32
9.00
13.20
17.39
20.91
23.21
23.95
23.01
20.59
17.16
13.43
10.22
8.11
7.25
7.28
7.53
7.34
6.40
4.85
3.13
1.69
0.75
0.26
0.01
-0.18
-0.34
-0.39
-0.19
0.27
0.89
1.48
1.89
2.05
2.05
2.07
2.31
2.89
3.85
5.05
6.31
7.42
8.26
8.86
9.35
9.87
10.47
11.03
11.33
11.16
10.49
9.53
8.64
8.17
8.34
9.15
10.41
11.87
13.32
14.60
15.58
16.16
16.23
15.72
14.59
12.86
10.56
7.70
4.32
0.48
-3.65
-7.78
-11.51
-14.50
-16.46
-17.34
-17.30
-16.61
-15.64
-14.63
-13.70
-12.78
-11.69
-10.21
-8.18
-5.54
-2.37
1.05
4.34
7.02
8.64
8.88
7.64
5.08
1.60
-2.26
-5.90
-8.80
-10.64
-11.37
-11.26
-10.85
-10.76
-11.49
-13.25
-15.93
-19.15
-22.47
-25.60
-28.43
-31.05
-33.61
-36.18
-38.73
-41.07
-42.97
-44.19
-44.51
-43.75
-41.81
-38.70
-34.58
-29.63
-23.94
-17.38
-9.71
-0.76
9.25
19.55
28.93
36.15
40.35
41.41
39.84
36.53
32.36
27.97
23.74
19.95
16.86
14.74
13.68
13.57
14.04
14.64
15.00
14.97
14.57
14.01
13.47
13.11
12.97
12.97
12.93
12.66
12.01
10.95
9.66
8.40
7.41
6.81
6.54
6.41
6.23
5.94
5.60
5.32
5.13
4.95
4.54
3.67
2.26
0.39
-1.74
-3.87
-5.85
-7.62
-9.19
-10.52
-11.55
-12.16
-12.29
-11.97
-11.30
-10.40
-9.38
-8.28
-7.11
-5.89
-4.67
-3.50
-2.46
-1.60
-0.90
-0.29
0.33
1.12
2.24
3.77
5.73
8.06
10.64
13.36
16.14
18.94
21.75
24.55
27.24
29.74
31.89
33.45
34.17
33.75
32.08
29.24
25.63
21.77
18.21
15.25
12.89
10.97
9.31
7.88
6.82
6.34
6.49
7.14
7.96
8.58
8.70
8.15
6.89
4.83
1.87
-2.12
-7.16
-13.16
-19.85
-26.88
-33.87
-40.49
-46.39
-51.17
-54.36
-55.54
-54.46
-51.24
-46.35
-40.47
-34.30
-28.31
-22.69
-17.42
-12.46
-7.82
-3.64
-0.08
2.80
5.07
6.94
8.65
10.36
12.10
13.74
15.08
15.94
16.20
15.88
15.14
14.17
13.12
12.08
11.04
9.95
8.85
7.80
6.92
6.25
5.67
4.90
3.58
1.38
-1.92
-6.40
-11.96
-18.33
-25.00
-31.23
-36.08
-38.68
-38.48
-35.49
-30.34
-24.09
-17.89
-12.58
-8.54
-5.72
-3.86
-2.72
-2.13
-2.01
-2.20
-2.41
-2.29
-1.50
0.06
2.27
4.78
7.17
9.04
10.14
10.33
9.66
8.25
6.33
4.18
2.05
0.09
-1.63
-3.07
-4.20
-4.98
-5.38
-5.44
-5.31
-5.19
-5.24
-5.44
-5.63
-5.53
-4.92
-3.75
-2.17
-0.45
1.09
2.24
2.93
3.25
3.41
3.60
3.98
4.57
5.27
5.88
6.24
6.23
5.86
5.24
4.48
3.70
2.92
2.14
1.32
0.44
-0.47
-1.37
-2.21
-2.94
-3.55
-4.07
-4.54
-5.03
-5.59
-6.24
-6.90
-7.42
-7.58
-7.13
-5.91
-3.91
-1.33
1.41
3.89
5.76
6.89
7.43
7.66
7.84
8.11
8.39
8.50
8.29
7.71
6.91
6.06
5.32
4.74
4.28
3.89
3.55
3.25
3.01
2.79
2.53
2.15
1.62
0.96
0.26
-0.40
-0.95
-1.35
-1.64
-1.82
-1.90
-1.88
-1.70
-1.27
-0.51
0.59
1.98
3.47
4.81
5.76
6.18
6.05
5.47
4.59
3.59
2.61
1.77
1.13
0.72
0.53
0.43
0.28
-0.05
-0.61
-1.31
-1.95
-2.27
-2.13
-1.52
-0.59
0.44
1.38
2.15
2.74
3.18
3.51
3.75
3.94
4.23
4.79
5.77
7.18
8.93
10.78
12.57
14.21
15.71
17.15
18.57
19.97
21.29
22.48
23.50
24.36
25.03
25.48
25.57
25.13
23.98
21.97
19.10
15.49
11.40
7.10
2.77
-1.54
-5.86
-10.25
-14.65
-18.83
-22.47
-25.23
-26.89
-27.37
-26.73
-25.10
-22.64
-19.52
-15.96
-12.22
-8.51
-5.03
-1.91
0.79
2.99
4.63
5.69
6.26
6.48
6.52
6.49
6.36
6.03
5.37
4.37
3.09
1.65
0.13
-1.49
-3.26
-5.15
-7.04
-8.68
-9.84
-10.39
-10.42
-10.12
-9.72
-9.37
-9.08
-8.75
-8.27
-7.56
-6.61
-5.48
-4.21
-2.85
-1.42
0.03
1.41
2.61
3.47
3.88
3.81
3.33
2.66
2.06
1.82
2.07
2.78
3.74
4.65
5.21
5.23
4.71
3.73
2.49
1.17
-0.06
-1.05
-1.70
-1.97
-1.97
-1.88
-1.96
-2.38
-3.14
-4.06
-4.82
-5.11
-4.72
-3.63
-1.96
0.02
2.10
4.09
5.91
7.55
9.01
10.33
11.51
12.53
13.30
13.68
13.48
12.53
10.81
8.48
5.86
3.34
1.26
-0.22
-1.17
-1.75
-2.13
-2.45
-2.75
-3.09
-3.56
-4.28
-5.35
-6.76
-8.36
-9.88
-11.01
-11.53
-11.37
-10.63
-9.55
-8.39
-7.38
-6.61
-6.07
-5.66
-5.23
-4.67
-3.92
-2.99
-1.92
-0.81
0.25
1.17
1.88
2.38
2.65
2.73
2.70
2.61
2.54
2.50
2.50
2.44
2.27
1.90
1.35
0.70
0.06
-0.48
-0.92
-1.37
-1.94
-2.71
-3.67
-4.66
-5.44
-5.78
-5.54
-4.72
-3.46
-2.03
-0.72
0.26
0.82
1.04
1.07
1.07
1.11
1.14
1.05
0.73
0.19
-0.50
-1.20
-1.83
-2.33
-2.75
-3.13
-3.52
-3.97
-4.48
-5.04
-5.61
-6.18
-6.76
-7.38
-8.13
-9.06
-10.22
-11.57
-13.02
-14.41
-15.54
-16.13
-15.91
-14.65
-12.36
-9.31
-6.04
-3.13
-0.97
0.43
1.43
2.60
4.36
6.82
9.67
12.42
14.64
16.21
17.37
18.52
20.03
21.94
24.00
25.75
26.71
26.64
25.59
23.84
21.75
19.66
17.74
16.04
14.49
12.99
11.43
9.71
7.75
5.49
2.88
-0.08
-3.29
-6.50
-9.27
-11.10
-11.54
-10.43
-8.03
-4.97
-2.10
-0.18
0.30
-0.79
-3.27
-6.76
-10.72
-14.55
-17.65
-19.53
-19.99
-19.25
-17.80
-16.27
-15.15
-14.58
-14.42
-14.34
-14.08
-13.47
-12.48
-11.08
-9.19
-6.72
-3.62
0.03
3.99
7.89
11.34
14.03
15.82
16.70
16.74
16.06
14.80
13.15
11.32
9.62
8.30
7.54
7.34
7.49
7.69
7.65
7.15
6.18
4.88
3.47
2.17
1.16
0.53
0.29
0.32
0.44
0.43
0.10
-0.64
-1.69
-2.81
-3.70
-4.10
-3.90
-3.17
-2.15
-1.10
-0.23
0.36
0.69
0.82
0.83
0.80
0.79
0.84
1.05
1.46
2.07
2.69
3.07
2.92
2.05
0.52
-1.40
-3.30
-4.83
-5.82
-6.28
-6.35
-6.22
-6.07
-6.01
-6.18
-6.67
-7.59
-8.88
-10.39
-11.84
-12.93
-13.43
-13.26
-12.47
-11.23
-9.80
-8.42
-7.33
-6.70
-6.56
-6.88
-7.47
-8.08
-8.43
-8.29
-7.47
-5.95
-3.85
-1.51
0.60
2.05
2.57
2.20
1.28
0.34
-0.10
0.30
1.61
3.65
6.10
8.62
10.98
13.06
14.87
16.41
17.58
18.02
17.21
14.65
10.14
4.05
-2.75
-9.04
-13.70
-16.06
-16.05
-14.13
-11.07
-7.81
-5.32
-4.50
-6.00
-9.98
-15.92
-22.62
-28.52
-32.19
-32.79
-30.35
-25.65
-19.82
-13.95
-8.80
-4.52
-0.87
2.76
7.03
12.40
18.84
25.74
32.06
36.68
38.72
37.68
33.53
26.58
17.41
6.91
-3.71
-13.04
-19.78
-23.23
-23.53
-21.66
-19.04
-16.89
-15.76
-15.48
-15.41
-14.85
-13.47
-11.35
-8.87
-6.44
-4.32
-2.53
-0.96
0.50
1.83
2.94
3.72
4.11
4.19
4.11
4.06
4.15
4.44
4.86
5.31
5.67
5.85
5.83
5.69
5.56
5.63
6.00
6.66
7.46
8.18
8.66
8.84
8.83
8.74
8.59
8.32
7.75
6.80
5.52
4.10
2.84
1.95
1.48
1.31
1.29
1.28
1.23
1.13
1.00
0.83
0.60
0.41
0.42
0.87
1.99
3.86
6.43
9.50
12.76
15.84
18.37
20.05
20.74
20.54
19.84
19.23
19.19
19.92
21.26
22.81
24.19
25.29
26.27
27.38
28.78
30.37
31.90
33.15
34.02
34.57
34.85
34.75
33.99
32.18
28.95
24.04
17.39
9.12
-0.34
-10.29
-19.77
-27.84
-33.82
-37.53
-39.26
-39.58
-39.07
-37.99
-36.38
-34.16
-31.36
-28.18
-24.97
-22.03
-19.46
-17.13
-14.78
-12.23
-9.49
-6.81
-4.53
-2.93
-2.04
-1.67
-1.49
-1.21
-0.77
-0.34
-0.21
-0.63
-1.67
-3.16
-4.75
-6.13
-7.10
-7.69
-8.07
-8.43
-8.91
-9.49
-10.09
-10.59
-10.92
-11.11
-11.26
-11.45
-11.68
-11.90
-11.96
-11.75
-11.23
-10.39
-9.31
-8.10
-6.82
-5.53
-4.29
-3.13
-2.10
-1.22
-0.48
0.17
0.77
1.35
1.90
2.34
2.64
2.80
2.87
2.93
3.03
3.17
3.32
3.41
3.36
3.10
2.58
1.79
0.81
-0.16
-0.88
-1.17
-0.96
-0.34
0.47
1.31
2.06
2.75
3.43
4.12
4.77
5.27
5.54
5.56
5.39
5.11
4.80
4.46
4.05
3.56
2.99
2.40
1.82
1.32
0.90
0.56
0.30
0.09
-0.07
-0.22
-0.37
-0.53
-0.68
-0.77
-0.78
-0.69
-0.53
-0.34
-0.10
0.22
0.71
1.34
2.03
2.60
2.89
2.86
2.61
2.32
2.18
2.23
2.41
2.53
2.47
2.13
1.53
0.73
-0.16
-1.07
-1.89
-2.55
-2.98
-3.20
-3.27
-3.31
-3.40
-3.61
-3.94
-4.32
-4.67
-4.92
-4.98
-4.86
-4.59
-4.22
-3.78
-3.24
-2.50
-1.40
0.15
2.11
4.24
6.21
7.63
8.18
7.70
6.18
3.78
0.77
-2.44
-5.35
-7.47
-8.42
-8.01
-6.31
-3.61
-0.34
3.13
6.51
9.62
12.32
14.46
15.88
16.45
16.16
15.09
13.47
11.55
9.61
7.86
6.48
5.51
4.91
4.50
4.04
3.35
2.39
1.32
0.40
-0.10
-0.08
0.38
1.06
1.72
2.17
2.33
2.22
1.88
1.39
0.86
0.42
0.20
0.29
0.60
0.95
1.06
0.72
-0.17
-1.49
-3.05
-4.58
-5.91
-6.94
-7.67
-8.13
-8.37
-8.41
-8.30
-8.02
-7.55
-6.83
-5.78
-4.42
-2.83
-1.14
0.47
1.89
3.08
4.05
4.82
5.39
5.72
5.81
5.65
5.31
4.86
4.34
3.77
3.13
2.39
1.54
0.64
-0.24
-1.00
-1.61
-2.09
-2.54
-3.08
-3.77
-4.66
-5.73
-6.95
-8.29
-9.68
-11.02
-12.15
-12.89
-13.07
-12.66
-11.75
-10.56
-9.30
-8.17
-7.25
-6.57
-6.11
-5.81
-5.66
-5.58
-5.49
-5.30
-4.95
-4.43
-3.82
-3.24
-2.77
-2.45
-2.25
-2.12
-1.99
-1.83
-1.66
-1.49
-1.37
-1.32
-1.37
-1.53
-1.78
-2.08
-2.34
-2.44
-2.26
-1.66
-0.56
1.05
3.02
5.12
7.04
8.56
9.56
10.13
10.45
10.69
10.94
11.18
11.37
11.47
11.52
11.60
11.77
12.03
12.28
12.45
12.48
12.39
12.26
12.17
12.12
12.03
11.80
11.27
10.36
9.07
7.47
5.73
4.03
2.55
1.43
0.67
0.21
-0.10
-0.43
-0.91
-1.60
-2.53
-3.64
-4.90
-6.22
-7.50
-8.66
-9.64
-10.42
-11.03
-11.55
-12.06
-12.61
-13.18
-13.74
-14.23
-14.61
-14.85
-14.95
-14.92
-14.79
-14.62
-14.52
-14.57
-14.85
-15.35
-15.95
-16.41
-16.46
-15.83
-14.45
-12.40
-9.98
-7.52
-5.29
-3.40
-1.80
-0.38
0.94
2.15
3.20
4.03
4.67
5.22
5.79
6.42
7.13
7.86
8.63
9.52
10.66
12.19
14.12
16.39
18.83
21.19
23.24
24.79
25.75
26.12
25.94
25.23
23.94
22.01
19.45
16.49
13.52
11.06
9.46
8.82
8.89
9.20
9.20
8.47
6.77
4.10
0.62
-3.41
-7.71
-12.08
-16.45
-20.80
-25.10
-29.12
-32.37
-34.28
-34.44
-32.92
-30.27
-27.34
-24.88
-23.21
-22.20
-21.35
-20.13
-18.24
-15.61
-12.30
-8.48
-4.51
-1.18
0.42
-0.69
-4.67
-10.42
-15.79
-18.40
-16.80
-11.15
-3.11
5.08
11.63
15.92
18.38
19.90
21.08
21.98
22.30
21.82
20.72
19.46
18.58
18.28
18.41
18.47
17.93
16.49
14.22
11.55
9.03
7.13
6.03
5.52
5.15
4.43
3.06
1.03
-1.43
-3.98
-6.28
-8.09
-9.31
-9.94
-10.04
-9.71
-9.05
-8.13
-7.07
-5.93
-4.79
-3.69
-2.67
-1.79
-1.09
-0.57
-0.26
-0.12
-0.11
-0.17
-0.25
-0.33
-0.41
-0.48
-0.52
-0.51
-0.43
-0.33
-0.29
-0.39
-0.71
-1.19
-1.77
-2.34
-2.88
-3.41
-3.97
-4.58
-5.13
-5.46
-5.43
-4.97
-4.13
-3.06
-1.95
-0.94
-0.09
0.61
1.24
1.85
2.48
3.08
3.56
3.78
3.65
3.15
2.38
1.53
0.82
0.48
0.70
1.57
3.11
5.25
7.75
10.32
12.57
14.19
15.04
15.14
14.69
13.93
13.02
12.03
10.92
9.61
8.07
6.33
4.49
2.71
1.08
-0.31
-1.44
-2.34
-3.01
-3.47
-3.69
-3.71
-3.55
-3.36
-3.33
-3.64
-4.43
-5.68
-7.19
-8.65
-9.74
-10.27
-10.24
-9.81
-9.30
-8.98
-9.05
-9.57
-10.46
-11.57
-12.71
-13.71
-14.40
-14.63
-14.35
-13.63
-12.67
-11.72
-10.99
-10.52
-10.20
-9.82
-9.21
-8.32
-7.31
-6.40
-5.76
-5.40
-5.17
-4.82
-4.14
-3.06
-1.64
-0.03
1.58
3.02
4.14
4.85
5.12
5.02
4.71
4.42
4.36
4.66
5.30
6.19
7.27
8.56
10.11
11.94
13.89
15.69
17.02
17.69
17.72
17.32
16.76
16.20
15.62
14.91
13.92
12.60
10.96
9.06
6.97
4.74
2.55
0.62
-0.79
-1.46
-1.37
-0.65
0.48
1.77
3.01
4.04
4.72
4.93
4.64
3.99
3.28
2.91
3.23
4.37
6.16
8.25
10.20
11.73
12.76
13.40
13.77
13.88
13.58
12.66
10.98
8.61
5.85
3.16
0.91
-0.73
-1.86
-2.73
-3.66
-4.85
-6.31
-7.86
-9.27
-10.32
-10.87
-10.90
-10.46
-9.64
-8.61
-7.57
-6.67
-6.00
-5.51
-5.08
-4.53
-3.82
-3.04
-2.35
-1.93
-1.77
-1.73
-1.58
-1.14
-0.43
0.36
0.97
1.23
1.11
0.76
0.39
0.16
0.11
0.16
0.18
0.06
-0.27
-0.75
-1.32
-1.92
-2.52
-3.18
-4.00
-5.04
-6.25
-7.47
-8.52
-9.23
-9.52
-9.44
-9.12
-8.68
-8.23
-7.83
-7.51
-7.32
-7.27
-7.33
-7.42
-7.42
-7.24
-6.86
-6.37
-5.89
-5.54
-5.32
-5.16
-5.01
-4.85
-4.73
-4.73
-4.88
-5.14
-5.41
-5.60
-5.72
-5.83
-6.01
-6.26
-6.47
-6.47
-6.08
-5.25
-4.01
-2.49
-0.86
0.74
2.15
3.29
4.11
4.66
5.07
5.52
6.14
6.97
7.94
8.93
9.82
10.58
11.20
11.68
11.93
11.87
11.40
10.55
9.46
8.30
7.20
6.17
5.12
3.99
2.78
1.63
0.77
0.40
0.57
1.17
1.94
2.61
2.99
3.01
2.72
2.19
1.47
0.62
-0.33
-1.27
-2.09
-2.64
-2.85
-2.71
-2.33
-1.88
-1.51
-1.31
-1.24
-1.23
-1.16
-0.98
-0.69
-0.35
-0.05
0.13
0.16
0.03
-0.20
-0.44
-0.54
-0.38
0.14
1.01
2.10
3.19
4.04
4.52
4.69
4.75
4.96
5.57
6.70
8.27
10.08
11.87
13.35
14.35
14.77
14.66
14.17
13.52
12.87
12.36
11.99
11.64
11.12
10.19
8.63
6.35
3.35
-0.23
-4.10
-7.98
-11.64
-14.91
-17.73
-20.08
-21.88
-23.00
-23.30
-22.72
-21.37
-19.53
-17.58
-15.87
-14.66
-14.02
-13.91
-14.22
-14.81
-15.55
-16.27
-16.83
-17.15
-17.22
-17.12
-16.97
-16.82
-16.63
-16.26
-15.53
-14.29
-12.54
-10.33
-7.86
-5.36
-3.04
-1.12
0.30
1.25
1.92
2.60
3.64
5.28
7.55
10.29
13.18
15.92
18.36
20.52
22.55
24.58
26.58
28.32
29.47
29.68
28.72
26.58
23.38
19.36
14.75
9.75
4.54
-0.71
-5.76
-10.34
-14.22
-17.26
-19.46
-21.00
-22.13
-23.01
-23.64
-23.83
-23.33
-21.96
-19.76
-16.98
-14.01
-11.20
-8.73
-6.61
-4.76
-3.10
-1.66
-0.55
0.16
0.50
0.66
0.90
1.48
2.46
3.77
5.17
6.42
7.36
7.94
8.24
8.36
8.37
8.33
8.24
8.14
8.02
7.81
7.43
6.80
5.89
4.85
3.90
3.33
3.31
3.85
4.77
5.79
6.61
7.04
7.05
6.74
6.31
5.96
5.80
5.83
5.94
5.97
5.80
5.41
4.86
4.26
3.66
3.06
2.40
1.65
0.81
-0.06
-0.87
-1.58
-2.21
-2.80
-3.42
-4.03
-4.54
-4.82
-4.74
-4.24
-3.31
-1.99
-0.39
1.40
3.30
5.22
7.02
8.60
9.84
10.69
11.18
11.40
11.45
11.42
11.32
11.15
10.90
10.60
10.30
10.06
9.85
9.58
9.09
8.25
6.96
5.31
3.53
1.97
1.04
1.07
2.21
4.39
7.32
10.60
13.82
16.67
18.99
20.67
21.66
21.91
21.37
20.02
17.86
14.92
11.24
6.87
1.91
-3.47
-9.03
-14.42
-19.30
-23.38
-26.45
-28.45
-29.41
-29.45
-28.78
-27.65
-26.32
-24.97
-23.70
-22.47
-21.14
-19.57
-17.63
-15.31
-12.63
-9.66
-6.48
-3.25
-0.14
2.57
4.69
6.07
6.72
6.74
6.30
5.58
4.71
3.82
2.99
2.26
1.63
1.02
0.39
-0.27
-0.87
-1.31
-1.46
-1.27
-0.77
-0.09
0.56
0.90
0.69
-0.22
-1.80
-3.75
-5.56
-6.66
-6.57
-5.17
-2.68
0.38
3.40
5.89
7.64
8.69
9.30
9.70
10.02
10.20
10.02
9.23
7.62
5.12
1.86
-1.90
-5.83
-9.55
-12.71
-15.04
-16.39
-16.73
-16.18
-15.03
-13.64
-12.33
-11.32
-10.57
-9.86
-8.88
-7.40
-5.42
-3.11
-0.73
1.52
3.55
5.34
6.84
7.93
8.46
8.37
7.70
6.58
5.15
3.47
1.52
-0.70
-3.09
-5.39
-7.22
-8.26
-8.35
-7.57
-6.19
-4.59
-3.15
-2.09
-1.51
-1.30
-1.31
-1.40
-1.52
-1.70
-2.01
-2.44
-2.89
-3.21
-3.27
-3.05
-2.64
-2.22
-1.97
-1.97
-2.17
-2.39
-2.41
-2.03
-1.13
0.29
2.14
4.28
6.54
8.82
11.01
13.04
14.83
16.23
17.10
17.33
16.90
15.89
14.52
13.04
11.65
10.42
9.30
8.13
6.75
5.06
3.05
0.85
-1.36
-3.31
-4.71
-5.35
-5.12
-4.09
-2.53
-0.82
0.68
1.73
2.33
2.67
2.99
3.48
4.13
4.76
5.08
4.84
3.94
2.42
0.45
-1.78
-4.05
-6.15
-7.82
-8.79
-8.79
-7.71
-5.72
-3.29
-0.94
0.99
2.67
4.62
7.46
11.44
16.16
20.70
24.07
25.70
25.73
24.82
23.83
23.30
23.27
23.50
23.64
23.61
23.55
23.71
24.23
24.99
25.63
25.59
24.20
20.84
15.20
7.34
-2.23
-12.59
-22.68
-31.61
-38.82
-44.10
-47.39
-48.62
-47.67
-44.55
-39.61
-33.61
-27.68
-22.96
-20.16
-19.38
-20.08
-21.40
-22.46
-22.61
-21.50
-18.96
-14.98
-9.66
-3.37
3.19
9.05
13.19
14.92
14.14
11.37
7.59
3.77
0.56
-1.91
-3.90
-5.76
-7.64
-9.42
-10.77
-11.35
-11.08
-10.11
-8.75
-7.30
-5.85
-4.21
-2.07
0.88
4.77
9.36
14.15
18.48
21.75
23.62
24.07
23.38
21.99
20.29
18.48
16.59
14.56
12.39
10.19
8.18
6.57
5.50
4.93
4.76
4.84
5.07
5.38
5.61
5.57
5.03
3.84
1.99
-0.44
-3.37
-6.86
-11.08
-16.08
-21.63
-27.03
-31.32
-33.59
-33.41
-31.05
-27.32
-23.26
-19.70
-16.96
-14.91
-13.14
-11.27
-9.19
-7.07
-5.17
-3.72
-2.71
-1.93
-1.09
0.02
1.43
2.98
4.43
5.61
6.48
7.10
7.62
8.12
8.61
8.96
9.01
8.61
7.70
6.36
4.74
3.01
1.29
-0.43
-2.24
-4.23
-6.35
-8.43
-10.18
-11.38
-11.95
-12.05
-11.95
-11.90
-12.01
-12.22
-12.37
-12.28
-11.82
-10.93
-9.60
-7.89
-5.87
-3.75
-1.77
-0.16
0.95
1.59
1.92
2.20
2.57
3.11
3.68
4.05
3.91
3.03
1.29
-1.23
-4.23
-7.33
-10.11
-12.29
-13.72
-14.38
-14.30
-13.55
-12.14
-10.11
-7.54
-4.52
-1.17
2.38
6.00
9.57
12.93
15.92
18.39
20.20
21.35
21.86
21.80
21.24
20.20
18.63
16.47
13.69
10.31
6.47
2.41
-1.53
-5.04
-7.86
-9.87
-11.12
-11.85
-12.38
-13.03
-13.98
-15.20
-16.44
-17.33
-17.48
-16.66
-14.84
-12.22
-9.14
-6.01
-3.12
-0.64
1.43
3.13
4.50
5.55
6.30
6.83
7.34
8.05
9.10
10.50
12.12
13.75
15.31
16.85
18.51
20.45
22.76
25.42
28.29
31.12
33.47
34.81
34.58
32.42
28.37
22.87
16.69
10.60
5.24
0.99
-2.02
-3.77
-4.41
-4.23
-3.68
-3.32
-3.63
-4.91
-7.19
-10.26
-13.79
-17.42
-20.82
-23.74
-26.06
-27.77
-29.03
-30.02
-30.85
-31.51
-31.76
-31.35
-30.03
-27.78
-24.74
-21.25
-17.66
-14.34
-11.50
-9.22
-7.45
-6.05
-4.85
-3.65
-2.33
-0.78
0.99
2.92
4.85
6.55
7.79
8.43
8.43
7.92
7.13
6.33
5.73
5.40
5.33
5.37
5.42
5.37
5.26
5.16
5.19
5.41
5.82
6.30
6.69
6.84
6.65
6.13
5.34
4.40
3.47
2.72
2.34
2.43
3.05
4.07
5.32
6.55
7.54
8.20
8.53
8.63
8.60
8.52
8.38
8.16
7.83
7.41
7.00
6.68
6.47
6.29
5.98
5.32
4.22
2.73
1.06
-0.57
-1.95
-3.04
-3.92
-4.73
-5.59
-6.51
-7.45
-8.30
-8.99
-9.46
-9.67
-9.54
-9.07
-8.27
-7.21
-6.01
-4.81
-3.70
-2.72
-1.88
-1.15
-0.50
0.07
0.55
0.96
1.28
1.56
1.80
2.01
2.17
2.28
2.33
2.32
2.26
2.15
1.99
1.81
1.64
1.51
1.39
1.24
1.00
0.65
0.22
-0.15
-0.27
0.06
0.94
2.32
3.99
5.65
7.04
8.02
8.62
9.02
9.40
9.92
10.60
11.37
12.12
12.75
13.20
13.43
13.43
13.21
12.83
12.48
12.37
12.75
13.66
14.98
16.36
17.39
17.76
17.37
16.34
15.00
13.72
12.81
12.43
12.54
12.89
13.12
12.81
11.63
9.45
6.40
2.81
-0.89
-4.34
-7.33
-9.81
-11.87
-13.63
-15.17
-16.54
-17.76
-18.85
-19.80
-20.58
-21.12
-21.28
-20.95
-20.06
-18.64
-16.82
-14.85
-12.94
-11.29
-9.99
-9.02
-8.27
-7.57
-6.74
-5.64
-4.14
-2.21
0.12
2.74
5.46
8.05
10.23
11.76
12.52
12.48
11.78
10.65
9.33
8.03
6.84
5.78
4.86
4.05
3.36
2.80
2.33
1.89
1.34
0.57
-0.47
-1.75
-3.17
-4.57
-5.83
-6.88
-7.70
-8.37
-8.98
-9.58
-10.17
-10.66
-10.93
-10.85
-10.35
-9.41
-8.05
-6.41
-4.66
-3.01
-1.69
-0.81
-0.36
-0.18
-0.04
0.21
0.62
1.08
1.45
1.65
1.72
1.81
2.02
2.41
2.85
3.19
3.24
2.93
2.30
1.46
0.55
-0.35
-1.26
-2.26
-3.44
-4.84
-6.34
-7.74
-8.75
-9.17
-8.91
-8.05
-6.81
-5.42
-4.09
-2.91
-1.94
-1.16
-0.55
-0.07
0.34
0.75
1.22
1.78
2.40
2.98
3.43
3.67
3.72
3.66
3.60
3.61
3.68
3.72
3.65
3.45
3.18
2.92
2.78
2.76
2.79
2.77
2.64
2.41
2.20
2.14
2.34
2.83
3.60
4.64
5.97
7.67
9.79
12.34
15.17
18.04
20.64
22.70
24.03
24.56
24.29
23.30
21.64
19.42
16.74
13.76
10.61
7.45
4.37
1.48
-1.15
-3.45
-5.37
-6.90
-8.04
-8.83
-9.30
-9.50
-9.47
-9.33
-9.20
-9.25
-9.59
-10.23
-11.07
-11.85
-12.30
-12.16
-11.24
-9.50
-7.03
-4.05
-0.88
2.11
4.60
6.36
7.31
7.51
7.16
6.48
5.71
5.00
4.45
4.06
3.83
3.70
3.66
3.65
3.65
3.59
3.43
3.15
2.83
2.55
2.35
2.19
1.90
1.24
0.07
-1.59
-3.48
-5.18
-6.33
-6.69
-6.29
-5.35
-4.19
-3.10
-2.26
-1.73
-1.49
-1.50
-1.69
-2.00
-2.38
-2.76
-3.09
-3.36
-3.60
-3.87
-4.21
-4.59
-4.94
-5.14
-5.11
-4.84
-4.42
-3.97
-3.64
-3.53
-3.68
-4.09
-4.70
-5.44
-6.20
-6.87
-7.28
-7.30
-6.85
-5.98
-4.81
-3.53
-2.30
-1.24
-0.40
0.27
0.79
1.18
1.43
1.50
1.40
1.14
0.76
0.30
-0.15
-0.55
-0.82
-0.92
-0.87
-0.73
-0.63
-0.70
-1.05
-1.68
-2.57
-3.67
-4.91
-6.24
-7.56
-8.71
-9.47
-9.65
-9.16
-8.07
-6.56
-4.90
-3.29
-1.87
-0.66
0.33
1.14
1.79
2.30
2.74
3.21
3.79
4.54
5.40
6.27
6.95
7.28
7.19
6.70
5.96
5.21
4.72
4.64
5.00
5.67
6.43
7.03
7.30
7.16
6.67
5.94
5.18
4.58
4.34
4.61
5.39
6.53
7.74
8.67
9.03
8.75
7.95
6.91
5.89
5.04
4.32
3.54
2.57
1.33
-0.06
-1.44
-2.64
-3.63
-4.46
-5.29
-6.25
-7.42
-8.78
-10.25
-11.72
-13.08
-14.27
-15.29
-16.17
-17.00
-17.85
-18.71
-19.52
-20.14
-20.38
-20.12
-19.28
-17.87
-16.00
-13.79
-11.41
-9.01
-6.68
-4.48
-2.40
-0.47
1.25
2.62
3.46
3.65
3.22
2.38
1.43
0.63
0.08
-0.30
-0.67
-1.18
-1.83
-2.52
-3.09
-3.43
-3.54
-3.50
-3.38
-3.23
-3.07
-2.92
-2.83
-2.89
-3.14
-3.55
-3.95
-4.15
-3.98
-3.41
-2.56
-1.68
-0.97
-0.52
-0.26
-0.00
0.47
1.26
2.33
3.54
4.66
5.54
6.06
6.19
5.99
5.53
4.95
4.48
4.33
4.70
5.66
7.09
8.75
10.30
11.44
12.01
11.99
11.48
10.64
9.58
8.39
7.10
5.77
4.51
3.44
2.66
2.17
1.92
1.79
1.66
1.50
1.35
1.30
1.48
2.05
3.11
4.70
6.70
8.84
10.72
11.98
12.47
12.30
11.82
11.41
11.30
11.48
11.77
11.90
11.74
11.27
10.54
9.58
8.30
6.60
4.43
1.91
-0.66
-2.94
-4.70
-5.91
-6.75
-7.44
-8.17
-8.93
-9.58
-9.95
-9.99
-9.78
-9.50
-9.31
-9.21
-9.11
-8.87
-8.41
-7.75
-7.02
-6.31
-5.64
-4.94
-4.11
-3.11
-1.99
-0.89
-0.02
0.50
0.61
0.37
-0.08
-0.61
-1.06
-1.30
-1.28
-0.97
-0.46
0.12
0.58
0.83
0.82
0.63
0.33
-0.02
-0.45
-1.05
-1.87
-2.89
-3.98
-5.02
-5.93
-6.74
-7.55
-8.43
-9.35
-10.21
-10.85
-11.22
-11.37
-11.45
-11.64
-12.05
-12.68
-13.40
-14.02
-14.30
-14.07
-13.20
-11.68
-9.55
-6.87
-3.71
-0.11
3.91
8.21
12.61
16.81
20.42
23.10
24.55
24.69
23.69
22.01
20.28
19.08
18.75
19.18
19.86
20.03
19.01
16.45
12.44
7.50
2.37
-2.32
-6.21
-9.29
-11.80
-14.05
-16.17
-18.07
-19.49
-20.19
-20.13
-19.46
-18.40
-17.10
-15.55
-13.63
-11.21
-8.25
-4.83
-1.06
2.94
7.00
10.88
14.19
16.53
17.67
17.69
16.90
15.72
14.41
12.99
11.28
9.17
6.71
4.15
1.81
-0.17
-1.91
-3.68
-5.76
-8.20
-10.79
-13.15
-14.95
-16.04
-16.51
-16.60
-16.49
-16.26
-15.85
-15.08
-13.82
-12.04
-9.79
-7.24
-4.54
-1.87
0.67
3.02
5.13
7.02
8.71
10.26
11.71
13.15
14.61
16.13
17.74
19.46
21.33
23.40
25.62
27.81
29.69
30.88
31.10
30.26
28.52
26.19
23.60
20.94
18.26
15.51
12.71
10.02
7.74
6.18
5.39
5.07
4.62
3.37
0.97
-2.46
-6.34
-9.94
-12.66
-14.32
-15.07
-15.23
-15.09
-14.81
-14.48
-14.21
-14.19
-14.55
-15.27
-16.10
-16.63
-16.46
-15.40
-13.52
-11.10
-8.53
-6.20
-4.38
-3.27
-2.96
-3.44
-4.58
-6.13
-7.75
-9.08
-9.89
-10.18
-10.19
-10.27
-10.70
-11.57
-12.69
-13.73
-14.33
-14.29
-13.70
-12.83
-12.07
-11.69
-11.75
-12.08
-12.41
-12.48
-12.20
-11.67
-11.12
-10.72
-10.46
-10.11
-9.27
-7.63
-5.17
-2.20
0.73
3.15
4.81
5.81
6.44
6.99
7.61
8.26
8.86
9.44
10.18
11.37
13.18
15.57
18.24
20.73
22.63
23.72
23.96
23.49
22.51
21.19
19.66
18.04
16.40
14.79
13.25
11.70
10.03
8.13
5.96
3.65
1.44
-0.39
-1.63
-2.25
-2.44
-2.52
-2.82
-3.59
-4.92
-6.74
-8.83
-10.93
-12.74
-13.98
-14.43
-13.99
-12.72
-10.86
-8.77
-6.83
-5.30
-4.22
-3.44
-2.65
-1.58
-0.07
1.78
3.72
5.41
6.57
7.10
7.05
6.59
5.91
5.19
4.56
4.11
3.84
3.64
3.28
2.47
0.96
-1.33
-4.24
-7.45
-10.55
-13.26
-15.47
-17.23
-18.66
-19.80
-20.60
-20.98
-20.86
-20.29
-19.35
-18.13
-16.69
-14.99
-13.07
-11.05
-9.14
-7.60
-6.51
-5.75
-4.95
-3.67
-1.59
1.33
4.78
8.18
10.79
12.00
11.50
9.45
6.46
3.47
1.41
0.88
1.95
4.22
7.00
9.63
11.75
13.19
13.93
13.87
12.89
10.93
8.27
5.57
3.77
3.77
6.12
10.74
17.01
23.98
30.65
36.19
40.09
42.08
42.13
40.34
37.03
32.60
27.57
22.46
17.68
13.54
10.22
7.76
6.09
5.04
4.31
3.57
2.56
1.15
-0.62
-2.62
-4.74
-7.03
-9.64
-12.72
-16.30
-20.14
-23.83
-26.87
-28.91
-29.78
-29.55
-28.38
-26.43
-23.77
-20.42
-16.46
-12.07
-7.52
-3.19
0.59
3.55
5.52
6.45
6.43
5.71
4.76
4.09
4.18
5.33
7.51
10.43
13.59
16.41
18.38
19.10
18.36
16.22
12.97
9.15
5.33
1.94
-0.90
-3.37
-5.77
-8.25
-10.68
-12.64
-13.60
-13.19
-11.37
-8.45
-4.96
-1.44
1.72
4.27
6.02
6.81
6.47
4.92
2.28
-1.05
-4.57
-7.79
-10.43
-12.48
-14.12
-15.53
-16.69
-17.37
-17.26
-16.18
-14.23
-11.85
-9.56
-7.84
-6.87
-6.55
-6.58
-6.63
-6.45
-5.96
-5.19
-4.27
-3.27
-2.28
-1.38
-0.68
-0.34
-0.51
-1.24
-2.49
-4.04
-5.57
-6.72
-7.23
-7.03
-6.24
-5.11
-3.90
-2.77
-1.76
-0.80
0.17
1.17
2.15
3.04
3.80
4.43
5.00
5.56
6.14
6.71
7.21
7.59
7.81
7.91
7.96
8.03
8.13
8.25
8.29
8.17
7.85
7.38
6.89
6.53
6.43
6.65
7.23
8.13
9.27
10.48
11.48
12.01
11.92
11.32
10.59
10.25
10.71
12.09
14.11
16.23
17.80
18.30
17.42
15.14
11.71
7.57
3.26
-0.71
-3.96
-6.29
-7.66
-8.11
-7.69
-6.51
-4.83
-3.08
-1.78
-1.42
-2.18
-3.91
-6.14
-8.37
-10.29
-11.87
-13.34
-14.93
-16.65
-18.30
-19.46
-19.78
-19.09
-17.52
-15.41
-13.16
-11.11
-9.40
-8.04
-6.87
-5.73
-4.46
-2.98
-1.32
0.42
2.09
3.55
4.72
5.57
6.17
6.58
6.88
7.12
7.33
7.50
7.67
7.83
8.05
8.33
8.68
9.02
9.24
9.16
8.69
7.82
6.69
5.57
4.71
4.30
4.33
4.66
5.04
5.29
5.33
5.20
4.97
4.71
4.41
4.00
3.39
2.54
1.48
0.29
-0.90
-2.03
-3.05
-3.97
-4.83
-5.64
-6.39
-6.99
-7.37
-7.46
-7.29
-6.95
-6.57
-6.31
-6.26
-6.45
-6.84
-7.36
-7.95
-8.55
-9.09
-9.50
-9.69
-9.58
-9.18
-8.53
-7.73
-6.92
-6.17
-5.51
-4.91
-4.34
-3.76
-3.18
-2.65
-2.26
-2.10
-2.15
-2.34
-2.54
-2.64
-2.61
-2.54
-2.54
-2.72
-3.06
-3.42
-3.64
-3.61
-3.36
-3.03
-2.83
-2.88
-3.20
-3.66
-4.08
-4.33
-4.35
-4.17
-3.82
-3.35
-2.79
-2.15
-1.45
-0.76
-0.16
0.27
0.48
0.46
0.24
-0.12
-0.50
-0.77
-0.80
-0.54
-0.03
0.60
1.22
1.70
2.01
2.17
2.22
2.15
1.92
1.50
0.91
0.24
-0.44
-1.11
-1.84
-2.73
-3.81
-4.96
-5.96
-6.53
-6.51
-5.85
-4.69
-3.22
-1.65
-0.09
1.39
2.75
3.97
4.98
5.69
6.06
6.08
5.81
5.37
4.87
4.39
3.95
3.51
3.03
2.47
1.83
1.13
0.45
-0.16
-0.68
-1.11
-1.46
-1.79
-2.14
-2.54
-3.06
-3.73
-4.59
-5.62
-6.75
-7.84
-8.72
-9.22
-9.27
-8.86
-8.07
-6.97
-5.66
-4.19
-2.62
-1.02
0.56
2.03
3.32
4.33
5.01
5.35
5.38
5.18
4.87
4.52
4.14
3.68
3.02
2.06
0.74
-0.90
-2.73
-4.60
-6.34
-7.86
-9.16
-10.32
-11.48
-12.76
-14.21
-15.78
-17.32
-18.64
-19.54
-19.88
-19.63
-18.91
-17.94
-17.05
-16.53
-16.57
-17.14
-18.11
-19.30
-20.69
-22.42
-24.80
-28.06
-32.15
-36.62
-40.57
-42.96
-42.77
-39.30
-32.26
-21.87
-8.91
5.34
19.27
31.33
40.46
46.36
49.54
50.97
51.52
51.59
51.03
49.37
46.28
41.85
36.59
31.19
26.24
22.03
18.65
16.03
14.10
12.86
12.26
12.21
12.54
12.97
13.16
12.88
12.05
10.81
9.50
8.52
8.11
8.16
8.30
8.03
7.05
5.38
3.35
1.38
-0.24
-1.44
-2.35
-3.05
-3.52
-3.56
-2.98
-1.73
-0.02
1.74
3.12
3.76
3.56
2.66
1.40
0.19
-0.53
-0.40
0.79
3.13
6.45
10.45
14.70
18.74
22.21
24.92
26.83
27.99
28.45
28.23
27.31
25.74
23.72
21.55
19.50
17.68
15.97
14.09
11.79
9.02
5.96
2.90
0.11
-2.28
-4.24
-5.76
-6.71
-6.99
-6.64
-5.97
-5.58
-6.08
-7.83
-10.76
-14.38
-18.03
-21.16
-23.53
-25.16
-26.21
-26.82
-26.94
-26.38
-24.89
-22.34
-18.78
-14.56
-10.13
-5.99
-2.47
0.36
2.70
4.92
7.34
10.13
13.17
16.14
18.63
20.34
21.21
21.38
21.12
20.64
19.98
19.02
17.50
15.22
12.09
8.14
3.52
-1.53
-6.76
-11.83
-16.35
-19.96
-22.41
-23.65
-23.84
-23.27
-22.24
-20.96
-19.50
-17.78
-15.68
-13.13
-10.18
-7.03
-3.94
-1.13
1.28
3.30
5.02
6.52
7.82
8.85
9.53
9.81
9.72
9.36
8.79
7.97
6.79
5.16
3.02
0.44
-2.39
-5.19
-7.63
-9.42
-10.34
-10.36
-9.61
-8.37
-7.02
-5.86
-5.04
-4.53
-4.16
-3.76
-3.25
-2.68
-2.19
-1.91
-1.92
-2.19
-2.63
-3.14
-3.61
-3.98
-4.24
-4.39
-4.49
-4.58
-4.69
-4.88
-5.13
-5.43
-5.75
-6.05
-6.35
-6.68
-7.15
-7.81
-8.68
-9.64
-10.51
-11.08
-11.26
-11.09
-10.77
-10.53
-10.54
-10.80
-11.19
-11.43
-11.27
-10.53
-9.13
-7.22
-5.04
-2.96
-1.25
-0.05
0.71
1.30
1.97
2.97
4.46
6.50
9.13
12.26
15.61
18.62
20.60
20.97
19.61
16.97
13.92
11.29
9.47
8.22
6.96
5.13
2.69
0.11
-1.91
-2.84
-2.69
-1.92
-1.19
-0.96
-1.29
-1.89
-2.36
-2.48
-2.28
-2.01
-1.94
-2.18
-2.62
-3.01
-3.11
-2.83
-2.29
-1.72
-1.38
-1.43
-1.80
-2.33
-2.79
-3.02
-3.04
-3.03
-3.21
-3.79
-4.78
-5.99
-7.09
-7.72
-7.69
-7.03
-6.01
-4.93
-4.02
-3.34
-2.74
-2.01
-1.00
0.27
1.64
2.87
3.75
4.23
4.36
4.31
4.27
4.38
4.77
5.51
6.57
7.86
9.12
9.99
10.09
9.16
7.14
4.29
1.07
-1.95
-4.33
-5.82
-6.44
-6.39
-5.97
-5.41
-4.84
-4.24
-3.54
-2.64
-1.55
-0.36
0.81
1.82
2.60
3.17
3.56
3.79
3.85
3.68
3.28
2.69
2.03
1.43
0.94
0.51
0.04
-0.57
-1.36
-2.28
-3.19
-3.97
-4.53
-4.88
-5.14
-5.43
-5.80
-6.21
-6.51
-6.49
-6.03
-5.17
-4.05
-2.88
-1.83
-0.88
0.07
1.18
2.51
3.98
5.44
6.69
7.65
8.37
8.97
9.57
10.25
10.94
11.54
11.91
11.97
11.68
11.08
10.20
9.13
7.90
6.54
5.10
3.61
2.15
0.76
-0.50
-1.65
-2.69
-3.65
-4.50
-5.21
-5.64
-5.69
-5.25
-4.29
-2.89
-1.19
0.66
2.47
4.16
5.68
7.06
8.29
9.40
10.37
11.15
11.74
12.15
12.44
12.69
12.93
13.17
13.36
13.39
13.20
12.76
12.12
11.37
10.56
9.66
8.61
7.34
5.83
4.10
2.19
0.16
-1.91
-3.83
-5.34
-6.17
-6.19
-5.54
-4.65
-4.07
-4.24
-5.24
-6.75
-8.32
-9.59
-10.55
-11.51
-12.90
-14.96
-17.54
-20.14
-22.09
-22.86
-22.22
-20.25
-17.20
-13.34
-8.84
-3.91
1.20
6.04
10.11
13.04
14.74
15.42
15.46
15.24
14.89
14.32
13.36
11.91
10.06
8.02
5.93
3.77
1.33
-1.63
-5.23
-9.36
-13.71
-17.87
-21.47
-24.25
-26.14
-27.14
-27.32
-26.77
-25.60
-23.91
-21.83
-19.48
-17.00
-14.53
-12.23
-10.19
-8.48
-7.06
-5.83
-4.63
-3.33
-1.91
-0.40
1.08
2.40
3.48
4.27
4.79
5.07
5.15
5.10
5.01
4.95
4.95
4.98
4.95
4.75
4.33
3.72
3.02
2.33
1.74
1.34
1.15
1.25
1.70
2.51
3.65
4.98
6.34
7.58
8.60
9.40
9.99
10.40
10.66
10.76
10.75
10.64
10.50
10.37
10.28
10.21
10.13
10.00
9.85
9.70
9.62
9.63
9.65
9.56
9.20
8.48
7.41
6.15
4.86
3.72
2.77
1.98
1.31
0.77
0.47
0.50
0.90
1.55
2.23
2.76
3.07
3.25
3.50
3.93
4.49
5.01
5.27
5.12
4.60
3.87
3.10
2.40
1.74
1.02
0.18
-0.75
-1.63
-2.37
-2.93
-3.45
-4.10
-5.03
-6.32
-7.92
-9.74
-11.69
-13.67
-15.63
-17.45
-18.97
-20.01
-20.43
-20.23
-19.55
-18.58
-17.53
-16.50
-15.52
-14.53
-13.44
-12.22
-10.92
-9.62
-8.37
-7.17
-5.94
-4.56
-2.96
-1.18
0.69
2.50
4.20
5.76
7.25
8.71
10.18
11.67
13.15
14.59
15.91
16.96
17.59
17.62
17.00
15.79
14.13
12.16
9.93
7.38
4.48
1.27
-2.04
-5.21
-8.01
-10.40
-12.48
-14.38
-16.12
-17.55
-18.42
-18.54
-17.93
-16.80
-15.50
-14.37
-13.57
-13.14
-12.97
-12.87
-12.64
-12.07
-11.07
-9.63
-7.90
-6.12
-4.56
-3.41
-2.73
-2.46
-2.49
-2.68
-2.94
-3.17
-3.26
-3.15
-2.78
-2.20
-1.52
-0.95
-0.67
-0.86
-1.55
-2.66
-3.98
-5.17
-5.93
-5.98
-5.23
-3.74
-1.71
0.59
2.94
5.19
7.28
9.22
11.03
12.72
14.30
15.80
17.30
18.91
20.58
22.14
23.26
23.58
22.90
21.29
19.05
16.63
14.45
12.79
11.70
11.09
10.79
10.63
10.51
10.34
10.07
9.64
8.98
8.02
6.72
5.11
3.27
1.30
-0.65
-2.50
-4.14
-5.47
-6.36
-6.69
-6.44
-5.69
-4.61
-3.41
-2.25
-1.21
-0.29
0.54
1.27
1.90
2.43
2.92
3.42
4.01
4.66
5.27
5.72
5.86
5.66
5.19
4.55
3.88
3.28
2.79
2.44
2.22
2.15
2.22
2.34
2.38
2.18
1.66
0.80
-0.29
-1.48
-2.62
-3.61
-4.39
-4.92
-5.18
-5.21
-5.09
-4.98
-5.03
-5.30
-5.74
-6.18
-6.41
-6.27
-5.73
-4.84
-3.76
-2.63
-1.59
-0.73
-0.11
0.23
0.31
0.16
-0.17
-0.59
-1.04
-1.42
-1.67
-1.76
-1.72
-1.65
-1.66
-1.89
-2.39
-3.19
-4.21
-5.37
-6.55
-7.63
-8.48
-8.96
-9.00
-8.60
-7.79
-6.70
-5.44
-4.14
-2.92
-1.87
-1.06
-0.51
-0.19
-0.00
0.16
0.41
0.79
1.26
1.77
2.26
2.66
3.00
3.28
3.53
3.73
3.87
3.94
3.93
3.85
3.74
3.62
3.47
3.24
2.89
2.40
1.78
1.12
0.51
0.05
-0.25
-0.44
-0.58
-0.76
-1.03
-1.40
-1.85
-2.30
-2.69
-2.91
-2.88
-2.56
-1.94
-1.13
-0.30
0.40
0.85
1.03
1.01
0.90
0.76
0.64
0.53
0.44
0.39
0.42
0.56
0.78
1.01
1.17
1.22
1.18
1.14
1.20
1.38
1.66
1.94
2.13
2.17
2.09
1.95
1.85
1.89
2.17
2.77
3.71
4.90
6.18
7.29
8.00
8.19
7.85
7.08
6.04
4.85
3.64
2.50
1.56
0.95
0.75
0.94
1.38
1.82
2.02
1.87
1.36
0.63
-0.15
-0.83
-1.35
-1.71
-1.90
-1.89
-1.64
-1.15
-0.41
0.51
1.53
2.61
3.73
4.88
6.01
7.04
7.85
8.32
8.42
8.17
7.62
6.83
5.82
4.60
3.18
1.65
0.13
-1.24
-2.34
-3.08
-3.49
-3.63
-3.56
-3.40
-3.21
-3.06
-2.98
-2.99
-3.09
-3.26
-3.48
-3.75
-4.13
-4.67
-5.40
-6.31
-7.29
-8.22
-8.98
-9.51
-9.82
-9.97
-9.99
-9.85
-9.45
-8.62
-7.26
-5.30
-2.77
0.24
3.53
6.84
9.87
12.31
13.96
14.81
15.07
15.12
15.34
15.98
17.07
18.42
19.71
20.64
21.01
20.79
20.04
18.89
17.51
16.12
14.87
13.88
13.08
12.29
11.26
9.74
7.61
4.85
1.53
-2.29
-6.55
-11.18
-15.97
-20.61
-24.68
-27.85
-29.96
-31.09
-31.45
-31.24
-30.55
-29.37
-27.64
-25.40
-22.79
-20.01
-17.25
-14.56
-11.90
-9.16
-6.28
-3.29
-0.32
2.41
4.71
6.42
7.52
8.15
8.53
8.89
9.36
9.90
10.32
10.43
10.12
9.41
8.48
7.49
6.56
5.69
4.80
3.80
2.64
1.34
-0.08
-1.56
-3.05
-4.49
-5.80
-6.93
-7.80
-8.44
-8.84
-9.04
-9.05
-8.91
-8.67
-8.43
-8.29
-8.30
-8.48
-8.75
-9.01
-9.14
-9.07
-8.78
-8.23
-7.44
-6.41
-5.20
-3.86
-2.48
-1.13
0.17
1.41
2.58
3.67
4.60
5.33
5.81
6.07
6.14
6.04
5.81
5.46
5.06
4.67
4.37
4.17
4.03
3.88
3.64
3.25
2.74
2.15
1.51
0.83
0.05
-0.85
-1.84
-2.82
-3.65
-4.21
-4.44
-4.40
-4.25
-4.14
-4.21
-4.50
-5.00
-5.65
-6.32
-6.88
-7.18
-7.08
-6.49
-5.42
-4.00
-2.42
-0.89
0.40
1.36
2.00
2.39
2.63
2.82
3.02
3.25
3.49
3.72
3.91
4.07
4.20
4.34
4.51
4.69
4.83
4.88
4.80
4.59
4.29
3.94
3.56
3.14
2.64
2.08
1.49
0.96
0.56
0.33
0.18
0.01
-0.31
-0.81
-1.44
-2.13
-2.79
-3.38
-3.86
-4.18
-4.25
-3.98
-3.32
-2.32
-1.14
0.04
1.05
1.81
2.33
2.66
2.88
3.01
3.06
3.01
2.85
2.60
2.29
1.99
1.72
1.52
1.38
1.30
1.27
1.30
1.35
1.37
1.27
0.98
0.49
-0.16
-0.87
-1.59
-2.24
-2.83
-3.35
-3.79
-4.17
-4.48
-4.74
-4.93
-4.99
-4.83
-4.34
-3.46
-2.27
-0.93
0.31
1.26
1.86
2.14
2.19
2.09
1.86
1.48
0.96
0.36
-0.16
-0.43
-0.36
0.01
0.49
0.87
0.99
0.83
0.48
0.12
-0.13
-0.26
-0.36
-0.58
-1.04
-1.77
-2.68
-3.60
-4.38
-4.89
-5.05
-4.85
-4.30
-3.42
-2.33
-1.14
-0.03
0.85
1.44
1.77
1.96
2.12
2.28
2.43
2.48
2.41
2.27
2.17
2.20
2.39
2.65
2.83
2.76
2.40
1.77
1.01
0.31
-0.21
-0.49
-0.54
-0.48
-0.47
-0.62
-1.01
-1.59
-2.21
-2.70
-2.92
-2.80
-2.38
-1.75
-1.00
-0.21
0.54
1.21
1.75
2.15
2.45
2.75
3.12
3.58
4.04
4.34
4.37
4.11
3.69
3.27
3.00
2.86
2.77
2.59
2.24
1.78
1.31
0.91
0.62
0.37
0.08
-0.33
-0.86
-1.44
-2.01
-2.53
-3.03
-3.57
-4.19
-4.84
-5.42
-5.74
-5.68
-5.17
-4.27
-3.14
-1.96
-0.87
0.05
0.81
1.46
2.03
2.53
2.93
3.20
3.33
3.34
3.31
3.34
3.52
3.86
4.27
4.60
4.69
4.49
4.06
3.55
3.10
2.74
2.41
2.01
1.46
0.80
0.13
-0.42
-0.76
-0.91
-0.93
-0.94
-1.01
-1.17
-1.44
-1.81
-2.26
-2.79
-3.36
-3.88
-4.24
-4.29
-3.95
-3.19
-2.14
-0.98
0.05
0.81
1.26
1.49
1.65
1.90
2.31
2.86
3.44
3.89
4.11
4.04
3.74
3.36
3.05
2.93
2.99
3.16
3.30
3.31
3.19
2.99
2.76
2.48
2.10
1.50
0.67
-0.31
-1.23
-1.87
-2.09
-1.96
-1.67
-1.48
-1.58
-2.03
-2.69
-3.40
-3.97
-4.32
-4.38
-4.15
-3.59
-2.71
-1.60
-0.45
0.52
1.12
1.31
1.21
1.03
0.96
1.14
1.57
2.16
2.78
3.29
3.54
3.48
3.14
2.63
2.14
1.82
1.76
1.92
2.18
2.37
2.38
2.15
1.70
1.14
0.60
0.19
-0.08
-0.26
-0.50
-0.90
-1.48
-2.14
-2.71
-3.08
-3.22
-3.24
-3.31
-3.53
-3.87
-4.20
-4.35
-4.16
-3.58
-2.68
-1.57
-0.42
0.67
1.60
2.35
2.90
3.28
3.47
3.50
3.40
3.21
3.01
2.85
2.73
2.62
2.50
2.35
2.24
2.24
2.35
2.48
2.48
2.22
1.70
1.03
0.40
-0.01
-0.17
-0.14
-0.06
-0.08
-0.27
-0.64
-1.14
-1.72
-2.33
-2.83
-3.12
-3.09
-2.72
-2.06
-1.24
-0.39
0.35
0.92
1.27
1.42
1.42
1.36
1.37
1.53
1.86
2.29
2.67
2.83
2.66
2.19
1.54
0.92
0.49
0.36
0.48
0.73
0.91
0.83
0.41
-0.31
-1.17
-1.96
-2.50
-2.71
-2.68
-2.54
-2.45
-2.49
-2.67
-2.94
-3.21
-3.46
-3.67
-3.83
-3.88
-3.73
-3.36
-2.77
-2.06
-1.35
-0.75
-0.28
0.07
0.37
0.64
0.85
1.00
1.05
0.98
0.82
0.60
0.37
0.17
0.06
0.06
0.15
0.27
0.35
0.35
0.25
0.08
-0.10
-0.26
-0.40
-0.58
-0.83
-1.21
-1.68
-2.23
-2.78
-3.29
-3.69
-3.92
-3.93
-3.68
-3.18
-2.48
-1.68
-0.88
-0.18
0.35
0.69
0.89
1.03
1.17
1.39
1.64
1.90
2.06
2.10
2.01
1.83
1.64
1.48
1.35
1.24
1.14
1.04
0.93
0.79
0.61
0.36
0.04
-0.34
-0.80
-1.33
-1.93
-2.52
-2.98
-3.19
-3.09
-2.73
-2.20
-1.65
-1.18
-0.79
-0.44
-0.07
0.37
0.89
1.43
1.97
2.44
2.81
3.07
3.26
3.46
3.74
4.11
4.52
4.82
4.88
4.61
4.04
3.29
2.50
1.79
1.18
0.62
0.02
-0.66
-1.45
-2.31
-3.20
-4.06
-4.81
-5.37
-5.61
-5.47
-4.95
-4.18
-3.34
-2.62
-2.10
-1.74
-1.41
-0.98
-0.41
0.25
0.89
1.39
1.72
1.88
1.90
1.81
1.65
1.45
1.29
1.24
1.34
1.57
1.83
2.02
2.04
1.88
1.59
1.22
0.83
0.42
0.02
-0.35
-0.68
-0.93
-1.13
-1.30
-1.48
-1.70
-1.95
-2.21
-2.46
-2.68
-2.83
-2.92
-2.96
-3.06
-3.34
-3.86
-4.61
-5.43
-6.04
-6.19
-5.77
-4.84
-3.65
-2.45
-1.44
-0.69
-0.15
0.25
0.57
0.85
1.10
1.33
1.57
1.84
2.15
2.45
2.71
2.89
2.98
2.98
2.93
2.85
2.76
2.66
2.51
2.31
2.04
1.74
1.45
1.25
1.18
1.22
1.32
1.39
1.34
1.12
0.73
0.23
-0.34
-0.90
-1.43
-1.90
-2.31
-2.69
-3.05
-3.41
-3.79
-4.19
-4.55
-4.79
-4.79
-4.47
-3.82
-2.87
-1.77
-0.63
0.42
1.33
2.07
2.63
3.03
3.27
3.36
3.33
3.24
3.14
3.04
2.96
2.87
2.78
2.69
2.62
2.56
2.47
2.32
2.11
1.87
1.65
1.48
1.33
1.14
0.82
0.38
-0.13
-0.60
-0.97
-1.23
-1.46
-1.75
-2.12
-2.51
-2.83
-3.02
-3.10
-3.19
-3.39
-3.74
-4.17
-4.49
-4.52
-4.19
-3.53
-2.71
-1.90
-1.20
-0.66
-0.21
0.17
0.54
0.88
1.21
1.56
1.92
2.28
2.57
2.72
2.68
2.45
2.13
1.82
1.62
1.55
1.54
1.55
1.52
1.47
1.40
1.32
1.16
0.85
0.37
-0.24
-0.86
-1.35
-1.65
-1.76
-1.81
-1.91
-2.16
-2.51
-2.89
-3.18
-3.31
-3.26
-3.04
-2.67
-2.18
-1.58
-0.92
-0.24
0.45
1.14
1.83
2.50
3.07
3.47
3.60
3.46
3.12
2.70
2.32
2.05
1.91
1.83
1.76
1.68
1.62
1.64
1.75
1.91
2.02
1.95
1.65
1.12
0.46
-0.22
-0.81
-1.27
-1.63
-1.96
-2.31
-2.74
-3.23
-3.71
-4.09
-4.23
-4.08
-3.60
-2.88
-2.05
-1.26
-0.58
0.00
0.56
1.16
1.83
2.50
3.06
3.42
3.55
3.51
3.41
3.33
3.32
3.33
3.32
3.22
3.04
2.81
2.60
2.43
2.29
2.13
1.91
1.55
1.05
0.45
-0.18
-0.75
-1.16
-1.38
-1.44
-1.43
-1.47
-1.70
-2.18
-2.88
-3.70
-4.44
-4.94
-5.03
-4.66
-3.85
-2.75
-1.52
-0.36
0.61
1.30
1.73
1.96
2.10
2.21
2.34
2.52
2.75
3.04
3.38
3.76
4.13
4.41
4.54
4.48
4.24
3.84
3.33
2.74
2.14
1.60
1.19
0.94
0.82
0.73
0.59
0.35
0.02
-0.32
-0.59
-0.78
-0.97
-1.27
-1.79
-2.54
-3.44
-4.33
-5.11
-5.75
-6.29
-6.74
-7.08
-7.17
-6.87
-6.10
-4.89
-3.47
-2.11
-1.04
-0.37
-0.02
0.21
0.50
0.97
1.60
2.27
2.86
3.32
3.65
3.91
4.13
4.30
4.36
4.26
4.03
3.75
3.51
3.33
3.14
2.85
2.39
1.82
1.30
0.97
0.88
0.95
0.98
0.81
0.36
-0.33
-1.11
-1.86
-2.51
-3.08
-3.58
-4.05
-4.46
-4.81
-5.08
-5.28
-5.38
-5.34
-5.05
-4.47
-3.58
-2.52
-1.45
-0.53
0.18
0.68
1.09
1.46
1.79
2.04
2.16
2.14
2.06
2.03
2.11
2.27
2.38
2.33
2.08
1.71
1.36
1.18
1.17
1.22
1.15
0.82
0.20
-0.60
-1.36
-1.92
-2.17
-2.16
-2.01
-1.84
-1.76
-1.85
-2.14
-2.67
-3.41
-4.25
-4.98
-5.37
-5.20
-4.45
-3.25
-1.89
-0.67
0.20
0.66
0.80
0.80
0.82
0.95
1.21
1.58
2.00
2.39
2.71
2.90
2.94
2.84
2.62
2.35
2.12
2.03
2.17
2.53
3.01
3.43
3.59
3.32
2.61
1.61
0.58
-0.24
-0.69
-0.76
-0.62
-0.50
-0.62
-1.14
-2.05
-3.17
-4.25
-4.99
-5.19
-4.81
-3.96
-2.87
-1.78
-0.85
-0.12
0.50
1.07
1.64
2.16
2.58
2.88
3.14
3.42
3.74
4.06
4.23
4.14
3.80
3.31
2.87
2.61
2.57
2.65
2.75
2.77
2.69
2.48
2.14
1.60
0.84
-0.09
-1.05
-1.83
-2.32
-2.50
-2.50
-2.48
-2.59
-2.87
-3.32
-3.90
-4.55
-5.19
-5.69
-5.92
-5.75
-5.15
-4.20
-3.05
-1.90
-0.85
0.07
0.90
1.68
2.42
3.05
3.53
3.78
3.81
3.66
3.40
3.11
2.82
2.56
2.32
2.10
1.90
1.74
1.62
1.54
1.49
1.42
1.33
1.17
0.89
0.48
-0.09
-0.79
-1.53
-2.19
-2.67
-2.95
-3.11
-3.30
-3.64
-4.20
-4.91
-5.66
-6.32
-6.82
-7.15
-7.31
-7.23
-6.82
-6.01
-4.80
-3.33
-1.85
-0.62
0.25
0.79
1.20
1.66
2.27
2.97
3.61
4.07
4.32
4.42
4.48
4.59
4.77
4.98
5.17
5.32
5.39
5.36
5.19
4.82
4.25
3.55
2.83
2.19
1.65
1.20
0.79
0.39
0.05
-0.18
-0.30
-0.36
-0.45
-0.65
-0.94
-1.25
-1.48
-1.61
-1.73
-1.99
-2.50
-3.24
-4.06
-4.70
-4.92
-4.62
-3.83
-2.73
-1.53
-0.40
0.52
1.17
1.55
1.74
1.89
2.13
2.56
3.16
3.81
4.31
4.51
4.38
3.99
3.49
3.03
2.67
2.43
2.29
2.25
2.32
2.47
2.66
2.77
2.67
2.31
1.69
0.98
0.33
-0.10
-0.28
-0.24
-0.12
-0.05
-0.16
-0.46
-0.95
-1.54
-2.16
-2.74
-3.25
-3.67
-4.01
-4.23
-4.29
-4.14
-3.74
-3.16
-2.48
-1.84
-1.31
-0.91
-0.57
-0.18
0.31
0.94
1.62
2.24
2.73
3.00
3.04
2.91
2.68
2.44
2.28
2.24
2.29
2.36
2.39
2.32
2.15
1.95
1.80
1.70
1.62
1.45
1.14
0.69
0.17
-0.26
-0.55
-0.72
-0.84
-1.04
-1.33
-1.69
-2.01
-2.20
-2.25
-2.25
-2.30
-2.47
-2.78
-3.13
-3.40
-3.47
-3.22
-2.65
-1.83
-0.93
-0.10
0.53
0.93
1.21
1.48
1.84
2.31
2.83
3.32
3.76
4.13
4.49
4.81
5.03
5.07
4.88
4.53
4.14
3.86
3.74
3.76
3.79
3.72
3.46
3.01
2.44
1.83
1.26
0.76
0.31
-0.12
-0.63
-1.25
-2.01
-2.89
-3.80
-4.68
-5.42
-5.96
-6.20
-6.09
-5.61
-4.81
-3.80
-2.75
-1.80
-1.04
-0.49
-0.12
0.14
0.38
0.65
0.96
1.30
1.58
1.69
1.58
1.26
0.85
0.50
0.30
0.27
0.33
0.33
0.22
-0.02
-0.30
-0.57
-0.79
-0.99
-1.23
-1.54
-1.87
-2.15
-2.28
-2.27
-2.19
-2.19
-2.41
-2.92
-3.63
-4.32
-4.76
-4.78
-4.35
-3.59
-2.71
-1.90
-1.28
-0.83
-0.49
-0.17
0.17
0.55
0.92
1.24
1.50
1.70
1.86
1.98
2.05
2.03
1.93
1.75
1.56
1.40
1.32
1.33
1.40
1.47
1.50
1.45
1.28
1.00
0.63
0.19
-0.33
-0.92
-1.59
-2.32
-3.04
-3.65
-4.05
-4.14
-3.95
-3.54
-3.03
-2.52
-2.07
-1.65
-1.20
-0.67
-0.06
0.56
1.15
1.66
2.07
2.43
2.75
3.03
3.25
3.35
3.33
3.21
3.08
3.01
3.01
3.03
2.99
2.79
2.40
1.85
1.25
0.73
0.42
0.35
0.50
0.73
0.88
0.81
0.48
-0.04
-0.61
-1.07
-1.33
-1.41
-1.45
-1.58
-1.93
-2.52
-3.30
-4.15
-4.94
-5.51
-5.77
-5.62
-5.05
-4.17
-3.11
-2.07
-1.20
-0.53
-0.02
0.45
0.99
1.62
2.28
2.87
3.29
3.47
3.40
3.16
2.83
2.52
2.31
2.25
2.30
2.42
2.52
2.54
2.44
2.23
1.94
1.57
1.16
0.75
0.43
0.24
0.21
0.27
0.31
0.22
-0.07
-0.55
-1.13
-1.70
-2.17
-2.51
-2.74
-2.94
-3.16
-3.47
-3.90
-4.44
-5.03
-5.56
-5.87
-5.84
-5.38
-4.50
-3.32
-2.05
-0.87
0.05
0.65
0.94
1.02
1.02
1.10
1.36
1.83
2.44
3.04
3.48
3.66
3.61
3.46
3.33
3.29
3.28
3.21
3.00
2.68
2.32
2.07
2.00
2.08
2.24
2.34
2.27
2.00
1.54
0.98
0.42
-0.05
-0.41
-0.70
-0.98
-1.35
-1.80
-2.26
-2.61
-2.79
-2.85
-2.93
-3.17
-3.64
-4.25
-4.78
-5.03
-4.85
-4.28
-3.46
-2.57
-1.78
-1.16
-0.70
-0.40
-0.23
-0.12
0.00
0.22
0.62
1.18
1.82
2.42
2.84
3.06
3.07
2.96
2.77
2.54
2.30
2.06
1.86
1.71
1.66
1.63
1.55
1.29
0.83
0.22
-0.40
-0.87
-1.12
-1.16
-1.13
-1.16
-1.35
-1.66
-2.01
-2.30
-2.51
-2.74
-3.11
-3.69
-4.44
-5.20
-5.74
-5.88
-5.56
-4.84
-3.91
-2.93
-2.07
-1.37
-0.84
-0.44
-0.10
0.22
0.58
1.02
1.52
2.03
2.45
2.68
2.65
2.41
2.06
1.74
1.58
1.61
1.79
2.02
2.20
2.27
2.20
1.99
1.70
1.37
1.04
0.70
0.29
-0.23
-0.87
-1.55
-2.14
-2.50
-2.63
-2.64
-2.73
-3.08
-3.72
-4.52
-5.21
-5.53
-5.33
-4.62
-3.56
-2.37
-1.21
-0.21
0.59
1.20
1.66
2.02
2.33
2.63
2.91
3.14
3.29
3.36
3.37
3.38
3.42
3.46
3.42
3.24
2.90
2.50
2.22
2.21
2.49
2.94
3.29
3.27
2.75
1.77
0.56
-0.62
-1.52
-2.05
-2.25
-2.27
-2.28
-2.45
-2.83
-3.44
-4.16
-4.82
-5.22
-5.21
-4.72
-3.84
-2.75
-1.67
-0.76
-0.08
0.43
0.87
1.34
1.89
2.47
3.01
3.41
3.62
3.62
3.44
3.14
2.79
2.52
2.41
2.50
2.78
3.18
3.58
3.84
3.89
3.69
3.29
2.79
2.29
1.87
1.53
1.23
0.91
0.54
0.13
-0.25
-0.57
-0.83
-1.12
-1.56
-2.23
-3.09
-4.05
-4.96
-5.68
-6.12
-6.22
-5.97
-5.35
-4.42
-3.30
-2.14
-1.11
-0.27
0.38
0.92
1.45
2.02
2.63
3.22
3.72
4.08
4.29
4.33
4.22
3.97
3.63
3.23
2.83
2.48
2.23
2.10
2.09
2.16
2.23
2.20
2.01
1.68
1.29
1.00
0.90
0.99
1.13
1.09
0.68
-0.12
-1.17
-2.21
-2.97
-3.34
-3.39
-3.34
-3.44
-3.84
-4.52
-5.29
-5.91
-6.17
-5.95
-5.27
-4.25
-3.07
-1.89
-0.84
0.03
0.68
1.18
1.54
1.83
2.07
2.26
2.43
2.62
2.85
3.15
3.48
3.75
3.89
3.84
3.60
3.25
2.88
2.58
2.37
2.25
2.17
2.09
2.01
1.88
1.69
1.40
1.03
0.62
0.22
-0.15
-0.46
-0.77
-1.11
-1.52
-2.01
-2.56
-3.16
-3.75
-4.29
-4.72
-4.96
-4.95
-4.67
-4.13
-3.40
-2.56
-1.69
-0.83
0.01
0.86
1.72
2.55
3.28
3.81
4.10
4.20
4.21
4.29
4.48
4.79
5.16
5.54
5.91
6.28
6.66
7.04
7.39
7.69
7.97
8.25
8.52
8.72
8.72
8.43
7.85
7.06
6.22
5.42
4.74
4.12
3.52
2.85
2.10
1.28
0.43
-0.37
-1.05
-1.54
-1.81
-1.88
-1.82
-1.70
-1.59
-1.51
-1.46
-1.46
-1.53
-1.76
-2.20
-2.86
-3.66
-4.48
-5.23
-5.84
-6.34
-6.78
-7.19
-7.62
-8.04
-8.46
-8.89
-9.38
-9.91
-10.46
-10.92
-11.20
-11.19
-10.88
-10.30
-9.54
-8.74
-7.96
-7.28
-6.69
-6.24
-5.92
-5.75
-5.72
-5.77
-5.79
-5.71
-5.48
-5.16
-4.84
-4.61
-4.47
-4.38
-4.25
-4.01
-3.66
-3.29
-2.99
-2.79
-2.63
-2.41
-2.00
-1.36
-0.53
0.34
1.12
1.72
2.13
2.47
2.86
3.38
4.03
4.71
5.27
5.55
5.52
5.21
4.76
4.35
4.15
4.28
4.77
5.57
6.55
7.52
8.33
8.87
9.13
9.18
9.10
8.96
8.78
8.54
8.21
7.79
7.31
6.80
6.32
5.87
5.42
4.95
4.42
3.80
3.10
2.36
1.65
1.05
0.61
0.32
0.09
-0.21
-0.74
-1.53
-2.55
-3.64
-4.62
-5.33
-5.70
-5.73
-5.46
-4.92
-4.17
-3.31
-2.44
-1.64
-0.91
-0.15
0.76
1.88
3.14
4.35
5.29
5.81
5.93
5.74
5.39
4.97
4.53
4.07
3.62
3.21
2.90
2.66
2.43
2.12
1.69
1.13
0.48
-0.20
-0.86
-1.46
-1.94
-2.29
-2.49
-2.61
-2.74
-2.97
-3.36
-3.93
-4.61
-5.31
-5.94
-6.42
-6.72
-6.84
-6.82
-6.72
-6.63
-6.67
-6.92
-7.40
-8.09
-8.86
-9.52
-9.83
-9.57
-8.62
-7.05
-5.07
-3.04
-1.28
-0.01
0.75
1.16
1.49
1.96
2.68
3.61
4.57
5.40
5.91
6.06
5.86
5.43
4.93
4.50
4.26
4.27
4.49
4.81
5.13
5.33
5.33
5.11
4.67
4.03
3.27
2.46
1.71
1.16
0.90
0.95
1.26
1.65
1.93
1.96
1.70
1.23
0.66
0.13
-0.34
-0.75
-1.17
-1.63
-2.11
-2.62
-3.16
-3.74
-4.42
-5.19
-6.01
-6.78
-7.37
-7.67
-7.59
-7.11
-6.28
-5.22
-4.11
-3.15
-2.43
-1.95
-1.57
-1.14
-0.55
0.17
0.91
1.52
1.90
2.04
2.04
1.99
1.98
2.05
2.18
2.34
2.44
2.42
2.25
1.96
1.62
1.29
1.01
0.75
0.45
0.09
-0.30
-0.60
-0.70
-0.56
-0.22
0.17
0.43
0.44
0.21
-0.14
-0.43
-0.55
-0.52
-0.47
-0.59
-1.03
-1.77
-2.67
-3.47
-3.94
-3.94
-3.50
-2.76
-1.89
-1.01
-0.22
0.50
1.14
1.68
2.10
2.37
2.48
2.52
2.59
2.77
3.07
3.36
3.48
3.32
2.88
2.32
1.89
1.77
2.01
2.47
2.94
3.16
3.05
2.65
2.14
1.74
1.59
1.67
1.85
1.96
1.83
1.44
0.84
0.16
-0.47
-0.98
-1.35
-1.57
-1.68
-1.72
-1.78
-2.01
-2.50
-3.31
-4.36
-5.42
-6.20
-6.44
-5.97
-4.84
-3.26
-1.56
-0.06
1.01
1.58
1.76
1.75
1.77
1.92
2.22
2.56
2.86
3.08
3.23
3.34
3.40
3.37
3.19
2.83
2.38
1.94
1.64
1.52
1.53
1.59
1.60
1.53
1.40
1.22
1.01
0.72
0.33
-0.17
-0.74
-1.30
-1.79
-2.17
-2.44
-2.64
-2.85
-3.14
-3.55
-4.05
-4.56
-4.99
-5.20
-5.13
-4.77
-4.15
-3.31
-2.34
-1.33
-0.38
0.42
1.01
1.37
1.60
1.82
2.16
2.69
3.36
4.05
4.56
4.72
4.50
3.98
3.34
2.79
2.45
2.33
2.35
2.40
2.41
2.35
2.29
2.25
2.21
2.13
1.94
1.59
1.13
0.60
0.07
-0.42
-0.85
-1.26
-1.69
-2.16
-2.68
-3.23
-3.84
-4.52
-5.29
-6.12
-6.91
-7.50
-7.75
-7.54
-6.90
-5.94
-4.84
-3.77
-2.83
-2.02
-1.26
-0.48
0.42
1.45
2.56
3.63
4.50
5.03
5.16
4.91
4.42
3.85
3.40
3.16
3.14
3.28
3.47
3.62
3.70
3.74
3.73
3.66
3.46
3.06
2.43
1.62
0.77
0.03
-0.50
-0.84
-1.06
-1.29
-1.58
-1.90
-2.19
-2.38
-2.54
-2.76
-3.18
-3.89
-4.83
-5.85
-6.67
-7.05
-6.84
-6.06
-4.89
-3.54
-2.27
-1.16
-0.23
0.62
1.47
2.32
3.13
3.81
4.29
4.58
4.75
4.83
4.85
4.81
4.66
4.41
4.12
3.86
3.68
3.60
3.59
3.56
3.45
3.20
2.84
2.41
2.01
1.70
1.52
1.44
1.40
1.29
1.02
0.55
-0.13
-0.93
-1.74
-2.42
-2.88
-3.15
-3.31
-3.50
-3.82
-4.29
-4.86
-5.41
-5.82
-6.00
-5.86
-5.35
-4.48
-3.34
-2.14
-1.07
-0.29
0.20
0.50
0.81
1.24
1.80
2.38
2.83
3.03
2.97
2.72
2.39
2.07
1.82
1.64
1.52
1.41
1.30
1.16
0.99
0.80
0.56
0.25
-0.19
-0.73
-1.31
-1.80
-2.09
-2.13
-1.98
-1.80
-1.80
-2.14
-2.87
-3.91
-5.03
-6.01
-6.63
-6.78
-6.45
-5.74
-4.81
-3.80
-2.84
-2.02
-1.36
-0.84
-0.41
-0.00
0.43
0.86
1.25
1.54
1.72
1.83
1.92
2.04
2.14
2.16
2.04
1.79
1.50
1.29
1.24
1.30
1.33
1.15
0.68
-0.03
-0.84
-1.54
-1.99
-2.13
-2.02
-1.82
-1.69
-1.75
-2.05
-2.53
-3.03
-3.35
-3.32
-2.86
-2.02
-0.97
0.08
0.95
1.56
1.93
2.16
2.37
2.65
3.03
3.47
3.89
4.21
4.35
4.27
3.96
3.46
2.84
2.20
1.65
1.27
1.08
1.03
1.04
1.02
0.88
0.58
0.11
-0.48
-1.12
-1.73
-2.25
-2.66
-2.98
-3.25
-3.52
-3.86
-4.30
-4.86
-5.54
-6.24
-6.84
-7.13
-6.95
-6.21
-4.98
-3.45
-1.92
-0.65
0.23
0.73
1.03
1.35
1.87
2.64
3.59
4.49
5.13
5.36
5.14
4.57
3.83
3.11
2.54
2.20
2.11
2.23
2.50
2.84
3.15
3.38
3.50
3.50
3.43
3.34
3.25
3.19
3.15
3.15
3.18
3.25
3.32
3.35
3.33
3.22
3.05
2.79
2.41
1.86
1.15
0.33
-0.47
-1.07
-1.33
-1.18
-0.66
0.08
0.84
1.50
2.00
2.38
2.77
3.22
3.75
4.27
4.66
4.84
4.77
4.51
4.14
3.71
3.26
2.81
2.37
2.02
1.82
1.81
1.96
2.18
2.34
2.31
2.00
1.42
0.63
-0.25
-1.07
-1.75
-2.24
-2.56
-2.80
-3.04
-3.35
-3.74
-4.19
-4.64
-5.03
-5.33
-5.55
-5.74
-5.99
-6.33
-6.73
-7.08
-7.22
-7.01
-6.40
-5.44
-4.27
-3.07
-1.94
-0.95
-0.16
0.44
0.87
1.19
1.46
1.80
2.21
2.67
3.07
3.30
3.33
3.19
3.00
2.85
2.78
2.76
2.75
2.71
2.67
2.70
2.82
3.01
3.21
3.30
3.20
2.92
2.52
2.09
1.73
1.46
1.27
1.05
0.75
0.29
-0.32
-1.04
-1.75
-2.35
-2.79
-3.09
-3.38
-3.80
-4.41
-5.18
-5.90
-6.33
-6.28
-5.72
-4.78
-3.70
-2.65
-1.74
-0.95
-0.24
0.43
1.01
1.47
1.83
2.15
2.52
2.97
3.46
3.86
4.06
4.02
3.81
3.53
3.29
3.12
3.01
2.92
2.84
2.81
2.83
2.87
2.82
2.59
2.09
1.40
0.63
-0.02
-0.44
-0.59
-0.56
-0.48
-0.50
-0.71
-1.14
-1.74
-2.42
-3.10
-3.72
-4.29
-4.84
-5.40
-5.93
-6.34
-6.48
-6.21
-5.48
-4.37
-3.08
-1.83
-0.79
-0.03
0.46
0.78
1.05
1.35
1.72
2.15
2.58
2.93
3.13
3.13
2.97
2.71
2.44
2.24
2.13
2.08
2.03
1.95
1.81
1.61
1.33
0.97
0.52
-0.01
-0.62
-1.29
-2.00
-2.70
-3.31
-3.75
-3.94
-3.92
-3.81
-3.79
-4.01
-4.52
-5.25
-5.99
-6.52
-6.63
-6.24
-5.40
-4.23
-2.91
-1.59
-0.39
0.66
1.55
2.32
2.99
3.58
4.08
4.47
4.77
4.95
5.01
4.96
4.81
4.63
4.47
4.37
4.28
4.16
3.93
3.59
3.18
2.81
2.53
2.35
2.17
1.92
1.55
1.10
0.61
0.14
-0.33
-0.84
-1.39
-1.94
-2.42
-2.77
-3.07
-3.46
-4.09
-4.96
-5.90
-6.62
-6.80
-6.27
-5.12
-3.61
-2.11
-0.89
-0.07
0.39
0.69
0.96
1.30
1.71
2.16
2.61
3.02
3.38
3.68
3.89
3.99
4.00
3.96
3.91
3.86
3.80
3.68
3.47
3.16
2.80
2.41
2.02
1.63
1.25
0.89
0.53
0.19
-0.16
-0.52
-0.91
-1.31
-1.69
-2.02
-2.26
-2.44
-2.60
-2.82
-3.16
-3.65
-4.30
-5.01
-5.70
-6.23
-6.47
-6.34
-5.79
-4.84
-3.57
-2.14
-0.78
0.32
1.09
1.58
1.98
2.47
3.11
3.84
4.45
4.75
4.65
4.26
3.78
3.42
3.27
3.30
3.39
3.42
3.38
3.34
3.40
3.59
3.84
3.97
3.80
3.26
2.45
1.59
0.91
0.53
0.41
0.39
0.27
-0.06
-0.58
-1.20
-1.77
-2.20
-2.45
-2.57
-2.65
-2.81
-3.13
-3.62
-4.26
-4.92
-5.45
-5.69
-5.54
-5.01
-4.20
-3.24
-2.28
-1.41
-0.66
-0.01
0.58
1.14
1.66
2.11
2.47
2.69
2.78
2.70
2.49
2.20
1.92
1.73
1.69
1.79
1.97
2.15
2.31
2.46
2.72
3.18
3.88
4.73
5.60
6.27
6.62
6.58
6.20
5.59
4.86
4.07
3.20
2.19
1.01
-0.34
-1.78
-3.18
-4.42
-5.45
-6.22
-6.69
-6.80
-6.53
-5.87
-4.94
-3.87
-2.83
-1.90
-1.10
-0.37
0.33
1.01
1.60
2.03
2.29
2.45
2.63
2.97
3.53
4.27
5.11
5.93
6.64
7.19
7.59
7.86
8.05
8.18
8.27
8.35
8.42
8.46
8.42
8.23
7.82
7.16
6.26
5.17
3.95
2.66
1.34
0.00
-1.30
-2.50
-3.52
-4.35
-4.98
-5.49
-5.91
-6.28
-6.57
-6.74
-6.76
-6.65
-6.48
-6.33
-6.27
-6.30
-6.38
-6.44
-6.44
-6.35
-6.20
-6.00
-5.78
-5.55
-5.33
-5.14
-4.96
-4.76
-4.47
-3.99
-3.32
-2.49
-1.69
-1.09
-0.83
-0.92
-1.25
-1.68
-2.10
-2.48
-2.90
-3.47
-4.25
-5.28
-6.50
-7.84
-9.18
-10.37
-11.24
-11.65
-11.49
-10.80
-9.69
-8.35
-6.94
-5.54
-4.10
-2.55
-0.83
1.03
2.85
4.39
5.42
5.86
5.74
5.24
4.56
3.92
3.42
3.13
3.02
3.05
3.15
3.26
3.31
3.27
3.14
2.95
2.76
2.58
2.42
2.26
2.05
1.77
1.42
1.01
0.57
0.09
-0.45
-1.10
-1.86
-2.69
-3.50
-4.19
-4.74
-5.21
-5.68
-6.20
-6.69
-6.98
-6.86
-6.23
-5.14
-3.78
-2.43
-1.27
-0.38
0.34
1.02
1.81
2.75
3.78
4.77
5.58
6.13
6.38
6.40
6.25
6.01
5.74
5.46
5.19
4.97
4.83
4.81
4.88
4.97
4.94
4.69
4.17
3.40
2.49
1.62
0.91
0.43
0.17
0.06
0.01
-0.07
-0.20
-0.41
-0.70
-1.11
-1.67
-2.42
-3.36
-4.43
-5.51
-6.47
-7.15
-7.41
-7.22
-6.62
-5.75
-4.77
-3.81
-2.97
-2.24
-1.56
-0.84
-0.04
0.84
1.74
2.57
3.27
3.79
4.12
4.25
4.20
4.00
3.70
3.40
3.18
3.11
3.20
3.37
3.49
3.46
3.24
2.87
2.46
2.11
1.87
1.72
1.60
1.43
1.14
0.70
0.13
-0.54
-1.22
-1.84
-2.33
-2.67
-2.93
-3.24
-3.72
-4.45
-5.42
-6.48
-7.41
-7.94
-7.90
-7.20
-5.92
-4.28
-2.55
-1.01
0.15
0.89
1.30
1.56
1.87
2.32
2.91
3.52
4.01
4.30
4.39
4.36
4.29
4.24
4.19
4.08
3.84
3.53
3.22
2.98
2.83
2.70
2.49
2.14
1.67
1.18
0.75
0.38
0.03
-0.39
-0.91
-1.50
-2.05
-2.48
-2.80
-3.12
-3.56
-4.21
-5.02
-5.83
-6.45
-6.72
-6.56
-5.98
-5.09
-4.01
-2.89
-1.80
-0.84
-0.03
0.60
1.05
1.36
1.59
1.77
1.95
2.12
2.26
2.34
2.33
2.27
2.21
2.22
2.32
2.49
2.69
2.85
2.91
2.82
2.56
2.08
1.41
0.60
-0.22
-0.94
-1.44
-1.70
-1.78
-1.82
-1.99
-2.43
-3.18
-4.17
-5.21
-6.06
-6.51
-6.43
-5.80
-4.74
-3.42
-2.06
-0.84
0.14
0.82
1.27
1.58
1.86
2.21
2.64
3.12
3.63
4.12
4.58
5.01
5.37
5.59
5.60
5.33
4.80
4.08
3.32
2.64
2.14
1.83
1.60
1.37
1.03
0.56
-0.02
-0.60
-1.12
-1.53
-1.85
-2.15
-2.52
-3.01
-3.66
-4.48
-5.40
-6.30
-7.01
-7.35
-7.20
-6.55
-5.53
-4.30
-3.04
-1.87
-0.80
0.17
1.08
1.93
2.68
3.29
3.75
4.08
4.29
4.41
4.44
4.38
4.23
4.03
3.85
3.75
3.75
3.84
3.93
3.93
3.75
3.34
2.75
2.10
1.52
1.15
1.01
1.04
1.08
0.96
0.58
-0.06
-0.87
-1.71
-2.50
-3.20
-3.86
-4.52
-5.22
-5.91
-6.49
-6.81
-6.76
-6.26
-5.35
-4.14
-2.81
-1.53
-0.44
0.44
1.13
1.72
2.31
2.94
3.62
4.31
4.96
5.47
5.79
5.88
5.81
5.66
5.56
5.56
5.63
5.69
5.59
5.27
4.75
4.16
3.61
3.21
2.96
2.80
2.63
2.36
1.97
1.46
0.88
0.27
-0.34
-0.90
-1.39
-1.81
-2.12
-2.37
-2.59
-2.85
-3.22
-3.78
-4.57
-5.54
-6.53
-7.27
-7.45
-6.88
-5.54
-3.70
-1.77
-0.18
0.78
1.13
1.10
1.03
1.22
1.77
2.63
3.61
4.52
5.23
5.70
5.89
5.82
5.49
4.95
4.32
3.76
3.39
3.26
3.30
3.34
3.23
2.87
2.35
1.81
1.41
1.20
1.11
1.01
0.77
0.33
-0.28
-1.01
-1.80
-2.58
-3.32
-3.93
-4.38
-4.65
-4.81
-5.01
-5.37
-5.93
-6.59
-7.16
-7.45
-7.31
-6.71
-5.74
-4.54
-3.27
-2.08
-1.08
-0.30
0.25
0.62
0.91
1.19
1.51
1.86
2.26
2.67
3.11
3.52
3.86
4.05
4.03
3.80
3.41
2.97
2.55
2.18
1.87
1.55
1.19
0.82
0.45
0.12
-0.18
-0.45
-0.70
-0.93
-1.10
-1.26
-1.48
-1.87
-2.50
-3.36
-4.31
-5.14
-5.66
-5.73
-5.37
-4.66
-3.78
-2.87
-2.04
-1.33
-0.71
-0.12
0.50
1.21
1.99
2.81
3.58
4.21
4.66
4.88
4.92
4.83
4.68
4.53
4.42
4.33
4.22
4.08
3.90
3.68
3.43
3.13
2.78
2.34
1.86
1.38
0.96
0.66
0.49
0.41
0.36
0.27
0.10
-0.18
-0.58
-1.05
-1.59
-2.18
-2.82
-3.52
-4.24
-4.91
-5.40
-5.56
-5.31
-4.68
-3.82
-2.98
-2.31
-1.86
-1.56
-1.23
-0.76
-0.14
0.55
1.16
1.61
1.89
2.08
2.27
2.54
2.86
3.19
3.45
3.54
3.43
3.10
2.57
1.94
1.33
0.85
0.54
0.39
0.26
0.03
-0.40
-1.02
-1.74
-2.41
-2.89
-3.11
-3.08
-2.91
-2.77
-2.84
-3.22
-3.91
-4.80
-5.66
-6.27
-6.51
-6.38
-6.03
-5.64
-5.36
-5.22
-5.12
-4.90
-4.42
-3.64
-2.63
-1.48
-0.31
0.82
1.86
2.78
3.49
3.94
4.09
3.98
3.73
3.46
3.27
3.17
3.05
2.80
2.34
1.70
0.99
0.34
-0.16
-0.50
-0.77
-1.07
-1.47
-1.93
-2.38
-2.74
-2.97
-3.14
-3.34
-3.64
-4.05
-4.54
-5.03
-5.45
-5.71
-5.74
-5.49
-5.00
-4.34
-3.65
-3.03
-2.52
-2.08
-1.59
-0.97
-0.19
0.71
1.64
2.51
3.29
3.96
4.53
5.01
5.42
5.85
6.42
7.21
8.23
9.28
10.07
10.25
9.63
8.26
6.44
4.59
3.11
2.21
1.86
1.85
1.93
1.93
1.77
1.53
1.28
1.07
0.85
0.50
-0.12
-1.05
-2.26
-3.61
-4.98
-6.29
-7.55
-8.76
-9.89
-10.78
-11.20
-10.96
-10.03
-8.56
-6.82
-5.05
-3.35
-1.68
0.05
1.91
3.84
5.67
7.25
8.47
9.32
9.87
10.18
10.31
10.26
10.04
9.69
9.26
8.82
8.42
8.11
7.88
7.67
7.42
7.07
6.61
6.12
5.72
5.53
5.57
5.76
5.90
5.83
5.42
4.69
3.73
2.68
1.64
0.64
-0.35
-1.45
-2.80
-4.48
-6.50
-8.72
-10.89
-12.70
-13.89
-14.35
-14.13
-13.38
-12.30
-11.02
-9.57
-7.94
-6.10
-4.09
-1.98
0.16
2.32
4.53
6.77
8.99
11.04
12.76
14.07
15.00
15.67
16.18
16.55
16.67
16.37
15.63
14.53
13.28
12.08
10.94
9.71
8.16
6.08
3.45
0.42
-2.75
-5.83
-8.66
-11.20
-13.45
-15.42
-17.05
-18.28
-18.99
-19.16
-18.80
-17.97
-16.77
-15.29
-13.58
-11.68
-9.64
-7.54
-5.51
-3.68
-2.18
-1.11
-0.48
-0.25
-0.34
-0.64
-1.03
-1.43
-1.82
-2.22
-2.63
-3.04
-3.38
-3.54
-3.45
-3.13
-2.70
-2.36
-2.30
-2.62
-3.27
-4.10
-4.89
-5.51
-5.86
-5.97
-5.91
-5.80
-5.72
-5.77
-6.01
-6.39
-6.81
-7.02
-6.76
-5.83
-4.17
-1.93
0.60
3.06
5.19
6.84
8.04
8.88
9.46
9.82
9.94
9.79
9.36
8.74
8.07
7.53
7.19
7.04
6.98
6.87
6.62
6.23
5.74
5.19
4.58
3.88
3.06
2.17
1.34
0.70
0.31
0.10
-0.13
-0.57
-1.39
-2.54
-3.82
-4.90
-5.48
-5.41
-4.74
-3.70
-2.56
-1.56
-0.80
-0.22
0.26
0.71
1.15
1.53
1.80
1.96
2.08
2.21
2.39
2.55
2.60
2.46
2.12
1.68
1.29
1.08
1.09
1.22
1.31
1.25
0.94
0.46
-0.09
-0.61
-1.01
-1.32
-1.62
-1.98
-2.49
-3.15
-3.96
-4.87
-5.79
-6.60
-7.14
-7.27
-6.87
-5.95
-4.62
-3.12
-1.69
-0.56
0.21
0.66
0.96
1.28
1.73
2.30
2.87
3.30
3.45
3.29
2.90
2.40
1.96
1.67
1.57
1.61
1.73
1.88
2.05
2.23
2.40
2.51
2.45
2.16
1.58
0.72
-0.32
-1.38
-2.27
-2.87
-3.16
-3.24
-3.26
-3.39
-3.74
-4.31
-5.05
-5.85
-6.54
-6.96
-6.95
-6.38
-5.24
-3.66
-1.88
-0.22
1.12
2.04
2.64
3.11
3.61
4.19
4.76
5.21
5.46
5.52
5.53
5.63
5.84
6.14
6.35
6.36
6.10
5.62
5.04
4.46
3.94
3.41
2.81
2.07
1.16
0.17
-0.83
-1.72
-2.47
-3.09
-3.72
-4.49
-5.51
-6.79
-8.19
-9.46
-10.30
-10.46
-9.83
-8.46
-6.59
-4.50
-2.51
-0.81
0.50
1.46
2.22
2.91
3.65
4.44
5.19
5.74
5.93
5.73
5.23
4.61
4.06
3.72
3.55
3.43
3.22
2.87
2.43
2.08
1.93
2.00
2.12
2.05
1.58
0.61
-0.75
-2.29
-3.74
-4.90
-5.73
-6.27
-6.67
-7.08
-7.56
-8.13
-8.72
-9.22
-9.49
-9.40
-8.86
-7.82
-6.34
-4.55
-2.59
-0.62
1.25
2.95
4.43
5.61
6.44
6.91
7.07
7.06
7.06
7.18
7.43
7.66
7.69
7.37
6.71
5.85
5.05
4.55
4.48
4.78
5.25
5.60
5.62
5.25
4.52
3.55
2.45
1.27
0.02
-1.29
-2.62
-3.86
-4.94
-5.84
-6.61
-7.32
-8.00
-8.56
-8.80
-8.58
-7.87
-6.81
-5.70
-4.87
-4.49
-4.51
-4.73
-4.83
-4.62
-4.04
-3.18
-2.17
-1.13
-0.12
0.82
1.66
2.33
2.79
3.03
3.13
3.22
3.43
3.83
4.37
4.97
5.47
5.75
5.78
5.55
5.16
4.71
4.28
3.90
3.55
3.16
2.74
2.31
1.93
1.65
1.45
1.28
1.07
0.77
0.43
0.08
-0.20
-0.43
-0.68
-1.04
-1.52
-2.06
-2.49
-2.68
-2.57
-2.21
-1.78
-1.40
-1.15
-1.00
-0.84
-0.54
-0.09
0.44
0.93
1.27
1.42
1.42
1.35
1.28
1.21
1.10
0.89
0.54
0.10
-0.39
-0.86
-1.34
-1.84
-2.44
-3.14
-3.88
-4.58
-5.16
-5.55
-5.75
-5.75
-5.49
-4.94
-4.07
-2.90
-1.57
-0.26
0.84
1.65
2.19
2.61
3.04
3.58
4.19
4.78
5.21
5.40
5.35
5.12
4.82
4.54
4.31
4.14
4.01
3.87
3.71
3.52
3.30
3.01
2.60
2.03
1.28
0.42
-0.46
-1.24
-1.87
-2.38
-2.89
-3.46
-4.12
-4.72
-5.08
-5.04
-4.54
-3.64
-2.47
-1.14
0.26
1.64
2.93
4.02
4.79
5.21
5.36
5.38
5.42
5.56
5.76
5.92
5.99
5.97
5.94
5.97
6.03
6.00
5.73
5.13
4.25
3.24
2.28
1.44
0.64
-0.32
-1.68
-3.53
-5.85
-8.43
-11.02
-13.35
-15.22
-16.50
-17.11
-17.04
-16.37
-15.27
-13.97
-12.71
-11.62
-10.73
-9.93
-9.09
-8.11
-6.97
-5.75
-4.55
-3.43
-2.41
-1.48
-0.61
0.20
0.94
1.61
2.22
2.83
3.45
4.11
4.79
5.43
5.92
6.17
6.06
5.55
4.67
3.53
2.33
1.30
0.63
0.43
0.70
1.31
2.08
2.84
3.50
4.07
4.63
5.30
6.10
7.01
7.90
8.64
9.14
9.35
9.24
8.80
8.06
7.13
6.17
5.37
4.83
4.53
4.31
3.96
3.34
2.46
1.46
0.54
-0.15
-0.56
-0.73
-0.71
-0.56
-0.37
-0.22
-0.21
-0.39
-0.69
-0.90
-0.74
0.04
1.54
3.65
6.07
8.43
10.47
12.04
13.17
13.99
14.59
15.01
15.15
14.86
14.01
12.50
10.36
7.68
4.61
1.31
-2.05
-5.32
-8.41
-11.21
-13.72
-15.98
-18.11
-20.26
-22.55
-25.02
-27.63
-30.20
-32.53
-34.37
-35.53
-35.88
-35.35
-34.00
-31.98
-29.52
-26.90
-24.30
-21.78
-19.22
-16.41
-13.18
-9.48
-5.46
-1.37
2.49
5.88
8.68
10.90
12.68
14.27
16.00
18.12
20.72
23.67
26.63
29.25
31.28
32.61
33.30
33.42
33.02
32.12
30.80
29.13
27.29
25.39
23.41
21.21
18.59
15.36
11.51
7.24
2.92
-1.04
-4.27
-6.60
-8.07
-8.89
-9.39
-9.83
-10.36
-10.98
-11.55
-11.85
-11.65
-10.74
-8.97
-6.30
-2.84
1.11
5.11
8.68
11.44
13.28
14.43
15.32
16.52
18.44
21.28
24.91
28.96
32.90
36.15
38.22
38.81
37.88
35.64
32.48
28.82
25.02
21.30
17.80
14.63
11.86
9.53
7.52
5.55
3.27
0.38
-3.24
-7.46
-12.02
-16.56
-20.76
-24.38
-27.19
-29.07
-29.92
-29.81
-28.98
-27.77
-26.54
-25.54
-24.85
-24.44
-24.13
-23.71
-22.89
-21.32
-18.74
-15.11
-10.76
-6.39
-2.86
-0.88
-0.66
-1.83
-3.65
-5.30
-6.29
-6.52
-6.23
-5.64
-4.84
-3.74
-2.23
-0.44
1.32
2.63
3.23
3.20
2.92
2.93
3.61
4.97
6.61
7.87
8.13
7.01
4.57
1.27
-2.26
-5.45
-8.03
-10.06
-11.85
-13.75
-16.00
-18.67
-21.75
-25.20
-28.99
-32.99
-36.87
-40.11
-42.02
-42.09
-40.14
-36.46
-31.65
-26.49
-21.66
-17.63
-14.63
-12.63
-11.47
-10.90
-10.63
-10.45
-10.24
-9.99
-9.72
-9.41
-8.91
-8.09
-6.87
-5.30
-3.56
-1.84
-0.23
1.32
2.92
4.65
6.46
8.19
9.64
10.63
11.14
11.20
10.90
10.41
9.91
9.65
9.87
10.74
12.25
14.22
16.35
18.35
20.00
21.22
22.01
22.41
22.38
21.85
20.77
19.13
17.06
14.80
12.60
10.66
9.09
7.88
6.97
6.26
5.70
5.22
4.73
4.09
3.17
1.91
0.40
-1.12
-2.27
-2.67
-2.03
-0.32
2.24
5.21
8.02
10.14
11.19
11.03
9.81
7.85
5.58
3.37
1.47
-0.04
-1.13
-1.84
-2.20
-2.24
-2.02
-1.60
-1.08
-0.53
0.03
0.65
1.42
2.39
3.55
4.76
5.84
6.58
6.84
6.57
5.82
4.72
3.42
2.09
0.90
-0.03
-0.64
-0.93
-0.97
-0.90
-0.84
-0.86
-0.98
-1.12
-1.20
-1.18
-1.06
-0.87
-0.68
-0.51
-0.40
-0.36
-0.44
-0.70
-1.15
-1.76
-2.42
-3.01
-3.41
-3.59
-3.61
-3.60
-3.66
-3.84
-4.12
-4.44
-4.76
-5.07
-5.39
-5.77
-6.24
-6.84
-7.60
-8.54
-9.61
-10.66
-11.50
-11.93
-11.81
-11.10
-9.90
-8.30
-6.41
-4.31
-2.05
0.31
2.68
4.97
7.11
9.02
10.63
11.91
12.83
13.40
13.72
13.92
14.15
14.52
15.12
15.94
16.96
18.05
19.01
19.59
19.51
18.55
16.62
13.78
10.24
6.37
2.53
-0.91
-3.77
-6.06
-7.93
-9.61
-11.27
-12.96
-14.61
-16.09
-17.32
-18.34
-19.23
-20.14
-21.12
-22.16
-23.15
-23.89
-24.16
-23.76
-22.61
-20.81
-18.68
-16.63
-15.00
-13.88
-13.08
-12.16
-10.62
-8.06
-4.32
0.52
6.23
12.49
18.99
25.36
31.23
36.23
39.98
42.13
42.39
40.64
36.90
31.45
24.81
17.70
10.85
4.86
0.03
-3.68
-6.55
-8.89
-10.81
-12.10
-12.31
-10.91
-7.69
-2.90
2.75
8.37
13.16
16.71
18.93
19.89
19.69
18.31
15.80
12.33
8.24
3.94
-0.28
-4.40
-8.57
-12.99
-17.71
-22.54
-27.11
-31.04
-33.97
-35.67
-36.03
-35.02
-32.78
-29.60
-25.89
-22.09
-18.57
-15.54
-13.07
-11.16
-9.76
-8.85
-8.44
-8.50
-8.97
-9.74
-10.67
-11.55
-12.12
-12.14
-11.42
-9.88
-7.60
-4.79
-1.66
1.58
4.86
8.18
11.65
15.36
19.33
23.44
27.39
30.73
33.01
33.92
33.43
31.76
29.32
26.50
23.50
20.34
16.90
13.10
9.04
4.96
1.20
-1.93
-4.31
-6.00
-7.22
-8.28
-9.46
-10.91
-12.60
-14.40
-16.09
-17.43
-18.13
-17.83
-16.13
-12.80
-7.93
-2.09
3.77
8.62
11.73
12.94
12.64
11.55
10.30
9.22
8.34
7.52
6.72
6.04
5.67
5.72
6.08
6.47
6.59
6.29
5.62
4.80
4.07
3.52
3.07
2.52
1.64
0.40
-1.05
-2.42
-3.39
-3.82
-3.76
-3.44
-3.18
-3.21
-3.63
-4.38
-5.24
-6.00
-6.47
-6.55
-6.19
-5.42
-4.25
-2.73
-0.94
1.03
3.02
4.87
6.46
7.74
8.75
9.59
10.33
10.98
11.50
11.84
11.95
11.88
11.69
11.45
11.18
10.90
10.59
10.28
10.00
9.84
9.88
10.13
10.55
11.04
11.49
11.78
11.82
11.51
10.77
9.56
7.93
5.95
3.77
1.55
-0.55
-2.43
-3.97
-5.11
-5.82
-6.12
-6.12
-5.96
-5.82
-5.83
-6.01
-6.30
-6.59
-6.80
-6.87
-6.86
-6.85
-6.90
-7.07
-7.33
-7.64
-7.94
-8.16
-8.23
-8.14
-7.95
-7.81
-7.87
-8.25
-8.93
-9.78
-10.60
-11.26
-11.75
-12.18
-12.70
-13.38
-14.13
-14.74
-15.00
-14.76
-14.04
-12.96
-11.66
-10.26
-8.81
-7.32
-5.78
-4.24
-2.73
-1.30
0.01
1.17
2.16
2.90
3.33
3.37
3.02
2.38
1.64
1.01
0.67
0.65
0.90
1.25
1.54
1.67
1.59
1.37
1.04
0.69
0.34
0.00
-0.31
-0.59
-0.84
-1.07
-1.33
-1.64
-1.96
-2.18
-2.09
-1.53
-0.50
0.83
2.15
3.14
3.64
3.71
3.57
3.43
3.39
3.37
3.19
2.68
1.82
0.71
-0.46
-1.52
-2.42
-3.22
-4.00
-4.81
-5.60
-6.28
-6.76
-7.01
-7.12
-7.24
-7.54
-8.15
-9.08
-10.26
-11.57
-12.91
-14.21
-15.42
-16.48
-17.26
-17.60
-17.35
-16.46
-15.04
-13.33
-11.64
-10.18
-9.03
-8.09
-7.17
-6.12
-4.84
-3.39
-1.88
-0.42
0.89
1.99
2.79
3.21
3.23
2.90
2.36
1.83
1.53
1.57
1.92
2.41
2.80
2.84
2.39
1.46
0.25
-0.94
-1.82
-2.26
-2.37
-2.47
-2.95
-4.07
-5.83
-7.92
-9.85
-11.21
-11.78
-11.61
-10.88
-9.78
-8.56
-7.59
-7.30
-8.01
-9.55
-11.10
-11.47
-9.61
-5.31
0.57
6.45
10.84
13.07
13.59
13.57
14.15
15.80
18.27
20.90
23.22
25.27
27.46
30.21
33.62
37.36
40.81
43.31
44.43
44.11
42.57
40.14
37.09
33.46
29.09
23.76
17.39
10.17
2.62
-4.61
-10.95
-16.10
-20.09
-23.15
-25.54
-27.35
-28.54
-28.96
-28.59
-27.59
-26.31
-25.12
-24.28
-23.83
-23.59
-23.29
-22.66
-21.56
-20.07
-18.39
-16.79
-15.49
-14.59
-14.04
-13.69
-13.36
-12.87
-12.12
-11.02
-9.55
-7.75
-5.73
-3.67
-1.77
-0.17
1.15
2.31
3.49
4.84
6.35
7.91
9.37
10.60
11.53
12.15
12.44
12.39
11.99
11.31
10.45
9.57
8.85
8.41
8.28
8.46
8.90
9.56
10.43
11.48
12.71
14.03
15.36
16.59
17.63
18.36
18.71
18.59
17.98
16.93
15.57
14.09
12.66
11.43
10.42
9.59
8.84
8.08
7.28
6.42
5.55
4.71
3.91
3.19
2.56
1.99
1.45
0.87
0.17
-0.66
-1.62
-2.58
-3.38
-3.79
-3.63
-2.85
-1.49
0.22
2.01
3.61
4.87
5.78
6.48
7.15
7.93
8.83
9.76
10.52
10.90
10.69
9.81
8.27
6.22
3.86
1.42
-0.91
-3.03
-4.91
-6.56
-7.98
-9.11
-9.79
-9.87
-9.26
-8.03
-6.48
-5.03
-4.10
-3.86
-4.17
-4.64
-4.85
-4.58
-3.97
-3.39
-3.15
-3.31
-3.59
-3.54
-2.81
-1.35
0.53
2.35
3.69
4.37
4.46
4.18
3.71
3.14
2.40
1.37
-0.09
-2.00
-4.26
-6.63
-8.87
-10.81
-12.39
-13.62
-14.49
-14.95
-14.80
-13.84
-11.90
-9.05
-5.52
-1.75
1.79
4.67
6.69
7.89
8.53
8.97
9.53
10.37
11.46
12.60
13.50
13.95
13.83
13.16
12.04
10.64
9.12
7.62
6.21
4.96
3.87
2.92
2.07
1.28
0.53
-0.14
-0.66
-0.95
-0.98
-0.82
-0.66
-0.67
-0.96
-1.48
-2.09
-2.62
-2.99
-3.25
-3.51
-3.87
-4.33
-4.81
-5.23
-5.49
-5.62
-5.64
-5.60
-5.52
-5.40
-5.21
-4.92
-4.47
-3.75
-2.70
-1.37
0.09
1.44
2.45
3.05
3.31
3.40
3.50
3.63
3.67
3.49
3.03
2.42
1.88
1.62
1.70
1.98
2.21
2.16
1.74
1.01
0.18
-0.53
-0.99
-1.17
-1.18
-1.17
-1.32
-1.73
-2.38
-3.14
-3.75
-3.89
-3.31
-1.95
0.01
2.14
3.86
4.68
4.37
3.12
1.46
0.08
-0.50
-0.04
1.32
3.11
4.73
5.55
5.07
3.07
-0.31
-4.57
-8.93
-12.57
-14.90
-15.80
-15.58
-14.78
-13.86
-12.97
-12.02
-10.85
-9.49
-8.22
-7.44
-7.37
-7.88
-8.55
-8.91
-8.67
-7.89
-6.93
-6.19
-5.88
-5.95
-6.15
-6.20
-5.96
-5.42
-4.67
-3.76
-2.73
-1.60
-0.41
0.68
1.51
1.92
1.90
1.60
1.27
1.21
1.56
2.34
3.40
4.53
5.55
6.34
6.85
7.12
7.25
7.40
7.76
8.50
9.65
11.12
12.65
13.97
14.96
15.67
16.31
17.12
18.19
19.42
20.49
20.97
20.44
18.51
14.98
9.90
3.66
-3.05
-9.35
-14.50
-18.06
-20.13
-21.14
-21.71
-22.31
-23.07
-23.86
-24.34
-24.21
-23.33
-21.71
-19.53
-17.04
-14.53
-12.28
-10.46
-9.16
-8.32
-7.82
-7.48
-7.16
-6.75
-6.21
-5.57
-4.92
-4.41
-4.22
-4.52
-5.37
-6.62
-7.93
-8.82
-8.91
-7.99
-6.20
-3.89
-1.48
0.68
2.47
3.95
5.26
6.56
7.86
9.08
10.08
10.72
10.93
10.77
10.32
9.73
9.13
8.60
8.12
7.63
7.02
6.22
5.19
3.97
2.69
1.47
0.42
-0.44
-1.17
-1.87
-2.63
-3.49
-4.41
-5.35
-6.24
-7.05
-7.72
-8.21
-8.39
-8.12
-7.26
-5.76
-3.67
-1.17
1.50
4.10
6.38
8.21
9.51
10.29
10.63
10.66
10.53
10.40
10.40
10.59
10.98
11.47
11.92
12.05
11.58
10.26
8.07
5.30
2.53
0.46
-0.36
0.23
1.88
3.89
5.47
6.09
5.60
4.25
2.47
0.65
-0.99
-2.35
-3.46
-4.31
-4.87
-5.13
-5.13
-4.99
-4.92
-5.05
-5.45
-6.06
-6.74
-7.35
-7.83
-8.13
-8.28
-8.33
-8.35
-8.36
-8.35
-8.21
-7.79
-6.95
-5.64
-3.94
-2.05
-0.22
1.37
2.67
3.76
4.72
5.62
6.43
7.07
7.47
7.61
7.59
7.54
7.59
7.82
8.22
8.73
9.26
9.66
9.86
9.81
9.56
9.18
8.80
8.53
8.40
8.37
8.31
8.13
7.73
7.16
6.57
6.21
6.37
7.25
8.93
11.22
13.71
15.85
17.19
17.53
17.08
16.42
16.23
17.07
19.06
21.88
24.80
26.89
27.20
24.97
19.79
11.79
1.74
-9.04
-19.02
-26.94
-32.17
-34.83
-35.58
-35.20
-34.18
-32.59
-30.28
-27.12
-23.20
-18.88
-14.54
-10.46
-6.67
-3.06
0.47
3.87
6.97
9.51
11.34
12.47
13.03
13.24
13.30
13.27
13.15
12.84
12.26
11.37
10.20
8.85
7.47
6.22
5.20
4.48
4.03
3.81
3.76
3.82
3.95
4.09
4.20
4.19
4.02
3.68
3.21
2.68
2.12
1.50
0.76
-0.20
-1.38
-2.74
-4.10
-5.27
-6.12
-6.62
-6.88
-7.09
-7.39
-7.85
-8.36
-8.79
-9.03
-9.05
-8.97
-8.92
-9.06
-9.44
-10.06
-10.84
-11.66
-12.40
-12.92
-13.08
-12.83
-12.16
-11.18
-10.02
-8.79
-7.55
-6.29
-5.02
-3.76
-2.55
-1.43
-0.43
0.49
1.35
2.15
2.86
3.44
3.88
4.21
4.47
4.68
4.84
4.92
4.87
4.72
4.50
4.25
3.96
3.61
3.16
2.58
1.90
1.16
0.39
-0.40
-1.20
-1.99
-2.69
-3.20
-3.39
-3.21
-2.66
-1.81
-0.80
0.21
1.06
1.68
2.05
2.24
2.34
2.42
2.48
2.43
2.20
1.75
1.14
0.55
0.17
0.09
0.26
0.50
0.60
0.41
-0.07
-0.69
-1.24
-1.53
-1.50
-1.23
-0.92
-0.80
-1.05
-1.72
-2.71
-3.79
-4.73
-5.29
-5.36
-4.93
-4.12
-3.12
-2.14
-1.33
-0.79
-0.50
-0.39
-0.34
-0.23
0.01
0.39
0.85
1.30
1.65
1.85
1.92
1.95
2.02
2.16
2.30
2.35
2.22
1.91
1.48
1.02
0.51
-0.11
-0.97
-2.15
-3.58
-5.09
-6.45
-7.46
-8.06
-8.27
-8.13
-7.66
-6.84
-5.65
-4.14
-2.47
-0.79
0.74
2.06
3.24
4.38
5.56
6.74
7.78
8.50
8.83
8.85
8.75
8.79
9.10
9.68
10.40
11.08
11.54
11.66
11.35
10.60
9.41
7.85
6.02
4.06
2.09
0.18
-1.67
-3.44
-5.17
-6.83
-8.40
-9.82
-11.02
-11.93
-12.47
-12.57
-12.25
-11.59
-10.74
-9.85
-8.98
-8.17
-7.41
-6.71
-6.14
-5.75
-5.56
-5.48
-5.38
-5.11
-4.62
-3.97
-3.32
-2.81
-2.53
-2.45
-2.53
-2.74
-3.04
-3.46
-3.98
-4.55
-5.10
-5.58
-5.98
-6.31
-6.58
-6.79
-6.93
-6.98
-6.90
-6.66
-6.28
-5.80
-5.31
-4.96
-4.87
-5.07
-5.53
-6.07
-6.55
-6.81
-6.75
-6.36
-5.63
-4.61
-3.36
-1.97
-0.52
0.93
2.36
3.75
5.07
6.28
7.31
8.10
8.58
8.70
8.36
7.49
6.07
4.17
2.01
-0.09
-1.82
-2.95
-3.38
-3.18
-2.48
-1.43
-0.20
1.09
2.30
3.38
4.30
5.09
5.78
6.37
6.84
7.10
7.06
6.70
6.07
5.25
4.33
3.31
2.21
1.02
-0.19
-1.28
-2.13
-2.67
-2.93
-3.03
-3.12
-3.30
-3.66
-4.23
-4.99
-5.91
-6.84
-7.55
-7.82
-7.48
-6.51
-5.07
-3.40
-1.69
-0.07
1.44
2.83
4.10
5.21
6.14
6.92
7.60
8.22
8.76
9.15
9.28
9.12
8.71
8.12
7.46
6.72
5.89
4.90
3.76
2.49
1.18
-0.09
-1.26
-2.30
-3.21
-4.01
-4.71
-5.37
-6.01
-6.66
-7.26
-7.65
-7.66
-7.12
-5.98
-4.32
-2.35
-0.29
1.68
3.44
4.97
6.30
7.43
8.36
9.04
9.42
9.50
9.30
8.88
8.31
7.69
7.06
6.46
5.90
5.38
4.91
4.47
4.03
3.56
3.00
2.34
1.62
0.89
0.21
-0.47
-1.18
-1.98
-2.86
-3.77
-4.63
-5.37
-6.02
-6.61
-7.12
-7.49
-7.56
-7.19
-6.33
-5.07
-3.61
-2.20
-1.02
-0.12
0.56
1.14
1.76
2.48
3.27
4.07
4.78
5.33
5.66
5.77
5.68
5.42
5.03
4.57
4.12
3.76
3.54
3.48
3.49
3.46
3.24
2.76
2.02
1.12
0.16
-0.76
-1.62
-2.46
-3.29
-4.07
-4.66
-4.89
-4.63
-3.88
-2.74
-1.43
-0.14
0.98
1.87
2.53
2.96
3.17
3.19
3.09
2.98
2.95
2.99
3.05
3.00
2.75
2.27
1.66
1.06
0.58
0.30
0.18
0.14
0.11
0.05
-0.05
-0.22
-0.53
-1.03
-1.74
-2.59
-3.41
-4.03
-4.32
-4.21
-3.74
-3.03
-2.18
-1.30
-0.47
0.27
0.85
1.28
1.60
1.86
2.15
2.48
2.84
3.09
3.15
2.97
2.62
2.23
1.94
1.83
1.87
1.96
1.97
1.84
1.58
1.26
0.94
0.62
0.27
-0.17
-0.74
-1.42
-2.13
-2.78
-3.28
-3.58
-3.63
-3.39
-2.86
-2.08
-1.13
-0.16
0.67
1.27
1.62
1.78
1.90
2.06
2.30
2.58
2.81
2.92
2.92
2.86
2.81
2.80
2.79
2.71
2.49
2.11
1.66
1.24
0.99
0.92
0.98
1.02
0.91
0.55
-0.00
-0.64
-1.20
-1.59
-1.78
-1.80
-1.71
-1.55
-1.30
-0.94
-0.49
0.03
0.57
1.08
1.56
1.98
2.32
2.52
2.52
2.33
2.04
1.80
1.75
1.92
2.23
2.54
2.67
2.55
2.20
1.68
1.11
0.54
-0.00
-0.54
-1.09
-1.66
-2.23
-2.74
-3.16
-3.47
-3.67
-3.81
-3.89
-3.91
-3.81
-3.49
-2.90
-2.00
-0.86
0.37
1.51
2.41
3.00
3.36
3.62
3.95
4.40
4.94
5.48
5.89
6.16
6.35
6.58
6.92
7.36
7.82
8.16
8.35
8.46
8.66
9.16
10.10
11.48
13.17
14.96
16.63
18.00
18.90
19.17
18.62
17.10
14.60
11.33
7.68
4.15
1.11
-1.28
-3.13
-4.69
-6.19
-7.74
-9.25
-10.59
-11.61
-12.31
-12.79
-13.20
-13.69
-14.32
-15.12
-16.10
-17.32
-18.81
-20.51
-22.22
-23.56
-24.11
-23.56
-21.87
-19.31
-16.42
-13.73
-11.61
-10.15
-9.16
-8.35
-7.50
-6.54
-5.52
-4.53
-3.62
-2.80
-2.03
-1.35
-0.89
-0.81
-1.26
-2.27
-3.73
-5.43
-7.15
-8.69
-9.96
-10.87
-11.35
-11.29
-10.57
-9.12
-6.95
-4.14
-0.84
2.81
6.67
10.63
14.52
18.10
21.05
23.02
23.81
23.35
21.81
19.48
16.67
13.62
10.52
7.47
4.59
1.98
-0.24
-2.04
-3.53
-4.93
-6.52
-8.46
-10.73
-13.11
-15.26
-16.89
-17.85
-18.21
-18.16
-17.87
-17.46
-16.91
-16.14
-15.12
-13.88
-12.48
-10.99
-9.41
-7.72
-5.87
-3.90
-1.91
-0.02
1.65
3.03
4.12
4.92
5.46
5.76
5.88
5.94
6.05
6.32
6.75
7.25
7.70
8.03
8.25
8.46
8.73
9.05
9.33
9.44
9.33
9.05
8.72
8.42
8.14
7.81
7.35
6.80
6.30
6.06
6.22
6.80
7.63
8.53
9.31
9.89
10.23
10.38
10.40
10.41
10.60
11.14
12.15
13.55
15.03
16.18
16.53
15.79
13.88
10.95
7.33
3.41
-0.44
-3.88
-6.70
-8.84
-10.39
-11.58
-12.71
-13.95
-15.35
-16.75
-17.89
-18.51
-18.46
-17.77
-16.59
-15.15
-13.68
-12.40
-11.46
-10.96
-10.89
-11.15
-11.50
-11.66
-11.40
-10.58
-9.28
-7.67
-6.06
-4.70
-3.75
-3.21
-2.95
-2.79
-2.62
-2.42
-2.29
-2.31
-2.51
-2.77
-2.95
-2.95
-2.81
-2.72
-2.88
-3.38
-4.16
-4.98
-5.56
-5.70
-5.36
-4.66
-3.76
-2.83
-1.97
-1.18
-0.45
0.26
0.95
1.63
2.28
2.90
3.45
3.86
4.07
4.09
3.94
3.73
3.60
3.63
3.79
3.99
4.07
3.91
3.56
3.17
2.97
3.15
3.81
4.88
6.19
7.57
8.89
10.13
11.37
12.73
14.27
15.96
17.66
19.12
20.14
20.54
20.34
19.67
18.78
17.91
17.20
16.68
16.27
15.86
15.33
14.63
13.77
12.78
11.72
10.63
9.53
8.42
7.28
6.11
4.89
3.62
2.35
1.13
0.01
-0.92
-1.63
-2.14
-2.51
-2.88
-3.38
-4.10
-5.05
-6.11
-7.04
-7.59
-7.49
-6.58
-4.84
-2.39
0.48
3.38
5.89
7.69
8.67
8.94
8.79
8.50
8.22
7.90
7.32
6.20
4.37
1.83
-1.24
-4.61
-8.01
-11.26
-14.24
-16.85
-18.98
-20.56
-21.57
-22.05
-22.14
-22.00
-21.73
-21.36
-20.81
-20.01
-18.94
-17.69
-16.43
-15.32
-14.40
-13.63
-12.94
-12.31
-11.85
-11.68
-11.83
-12.12
-12.18
-11.65
-10.29
-8.20
-5.69
-3.22
-1.13
0.48
1.68
2.67
3.62
4.57
5.47
6.19
6.67
6.95
7.13
7.35
7.66
7.99
8.21
8.18
7.86
7.37
6.86
6.50
6.35
6.33
6.31
6.15
5.81
5.33
4.79
4.26
3.75
3.23
2.66
2.03
1.35
0.64
-0.05
-0.65
-1.05
-1.16
-0.92
-0.38
0.33
0.99
1.46
1.73
1.87
2.05
2.38
2.88
3.46
4.01
4.40
4.56
4.50
4.23
3.83
3.35
2.90
2.52
2.26
2.09
1.97
1.84
1.69
1.49
1.27
1.03
0.74
0.43
0.10
-0.18
-0.40
-0.57
-0.76
-1.04
-1.44
-1.92
-2.39
-2.74
-2.93
-2.94
-2.81
-2.60
-2.33
-2.00
-1.60
-1.16
-0.71
-0.29
0.04
0.28
0.43
0.52
0.63
0.81
1.06
1.34
1.54
1.57
1.41
1.09
0.70
0.36
0.09
-0.12
-0.32
-0.54
-0.75
-0.90
-1.00
-1.05
-1.11
-1.25
-1.47
-1.75
-2.05
-2.36
-2.70
-3.11
-3.59
-4.05
-4.35
-4.35
-3.95
-3.18
-2.18
-1.14
-0.27
0.29
0.53
0.54
0.45
0.40
0.44
0.57
0.72
0.82
0.84
0.80
0.75
0.72
0.70
0.67
0.59
0.45
0.26
0.04
-0.17
-0.41
-0.66
-0.92
-1.19
-1.42
-1.62
-1.81
-2.01
-2.27
-2.58
-2.90
-3.19
-3.40
-3.49
-3.43
-3.18
-2.72
-2.08
-1.33
-0.58
0.06
0.53
0.82
0.99
1.11
1.24
1.43
1.71
2.07
2.47
2.86
3.16
3.30
3.27
3.12
2.97
2.90
2.97
3.16
3.43
3.71
3.98
4.18
4.27
4.21
3.98
3.61
3.20
2.90
2.80
2.92
3.24
3.68
4.23
4.92
5.83
6.99
8.39
9.89
11.32
12.52
13.46
14.21
14.91
15.74
16.78
17.99
19.19
20.17
20.74
20.83
20.51
19.92
19.22
18.50
17.72
16.75
15.38
13.44
10.79
7.36
3.15
-1.81
-7.42
-13.50
-19.80
-26.01
-31.90
-37.32
-42.27
-46.73
-50.50
-53.07
-53.77
-52.02
-47.72
-41.39
-34.03
-26.80
-20.54
-15.60
-11.88
-9.04
-6.83
-5.12
-3.83
-2.89
-2.07
-1.10
0.23
2.03
4.31
7.06
10.28
13.94
17.87
21.70
24.90
26.91
27.33
26.03
23.22
19.32
14.88
10.50
6.67
3.81
2.09
1.54
1.91
2.83
3.81
4.45
4.48
3.85
2.70
1.32
0.06
-0.78
-1.07
-0.84
-0.28
0.33
0.79
1.01
1.03
0.97
0.96
1.02
1.11
1.14
1.03
0.78
0.40
-0.05
-0.52
-0.96
-1.31
-1.45
-1.27
-0.72
0.15
1.15
1.99
2.42
2.34
1.84
1.16
0.55
0.13
-0.12
-0.36
-0.76
-1.41
-2.34
-3.42
-4.51
-5.44
-6.06
-6.29
-6.14
-5.69
-5.09
-4.52
-4.10
-3.86
-3.76
-3.72
-3.68
-3.64
-3.64
-3.74
-4.00
-4.43
-4.99
-5.57
-6.11
-6.50
-6.72
-6.78
-6.71
-6.54
-6.29
-5.92
-5.39
-4.60
-3.48
-2.03
-0.32
1.52
3.28
4.78
5.88
6.58
6.92
6.98
6.83
6.50
5.96
5.17
4.12
2.80
1.26
-0.45
-2.23
-4.00
-5.61
-6.95
-7.91
-8.47
-8.66
-8.58
-8.37
-8.13
-7.89
-7.65
-7.35
-6.93
-6.39
-5.80
-5.27
-4.90
-4.68
-4.55
-4.33
-3.85
-3.02
-1.79
-0.22
1.55
3.30
4.80
5.80
6.14
5.86
5.17
4.43
4.01
4.11
4.66
5.40
5.97
6.09
5.63
4.64
3.30
1.82
0.37
-0.92
-1.99
-2.81
-3.39
-3.71
-3.74
-3.47
-2.95
-2.32
-1.76
-1.46
-1.47
-1.72
-2.01
-2.11
-1.94
-1.56
-1.17
-1.02
-1.23
-1.76
-2.42
-3.01
-3.37
-3.52
-3.58
-3.69
-3.88
-4.07
-4.05
-3.63
-2.73
-1.42
0.14
1.74
3.23
4.54
5.65
6.55
7.23
7.68
7.88
7.85
7.60
7.15
6.53
5.80
5.02
4.26
3.55
2.91
2.35
1.93
1.69
1.67
1.83
2.03
2.10
1.91
1.41
0.70
-0.12
-0.94
-1.70
-2.42
-3.10
-3.73
-4.28
-4.74
-5.18
-5.68
-6.34
-7.23
-8.31
-9.43
-10.37
-10.93
-10.97
-10.48
-9.57
-8.42
-7.23
-6.17
-5.33
-4.73
-4.36
-4.19
-4.15
-4.16
-4.11
-3.95
-3.71
-3.54
-3.69
-4.37
-5.65
-7.41
-9.29
-10.77
-11.33
-10.60
-8.46
-5.15
-1.15
2.88
6.37
9.01
10.80
12.05
13.12
14.31
15.63
16.86
17.67
17.72
16.88
15.23
13.03
10.66
8.45
6.65
5.38
4.68
4.52
4.84
5.57
6.59
7.74
8.82
9.68
10.21
10.45
10.52
10.60
10.87
11.43
12.28
13.31
14.29
14.97
15.10
14.46
13.01
10.86
8.28
5.61
3.16
1.11
-0.54
-1.90
-3.07
-4.02
-4.64
-4.75
-4.32
-3.50
-2.62
-2.09
-2.21
-3.11
-4.69
-6.73
-8.94
-11.08
-12.94
-14.42
-15.47
-16.15
-16.46
-16.36
-15.79
-14.63
-12.89
-10.72
-8.40
-6.25
-4.44
-3.01
-1.85
-0.89
-0.21
0.03
-0.30
-1.13
-2.08
-2.56
-2.04
-0.25
2.64
6.06
9.22
11.38
12.09
11.32
9.39
6.85
4.29
2.14
0.63
-0.25
-0.62
-0.65
-0.45
-0.11
0.30
0.70
1.01
1.20
1.26
1.24
1.20
1.17
1.08
0.80
0.11
-1.16
-3.10
-5.57
-8.21
-10.43
-11.62
-11.33
-9.41
-6.17
-2.18
1.78
4.99
6.93
7.35
6.33
4.16
1.30
-1.80
-4.79
-7.57
-10.24
-13.01
-16.03
-19.30
-22.58
-25.49
-27.66
-28.79
-28.80
-27.76
-25.88
-23.44
-20.72
-17.94
-15.20
-12.48
-9.69
-6.76
-3.73
-0.74
2.05
4.51
6.62
8.48
10.23
11.96
13.71
15.47
17.19
18.84
20.39
21.83
23.24
24.68
26.26
27.96
29.61
30.91
31.50
31.15
29.88
27.94
25.78
23.78
22.18
20.95
19.88
18.69
17.15
15.13
12.61
9.63
6.29
2.65
-1.25
-5.37
-9.67
-14.02
-18.18
-21.87
-24.82
-26.82
-27.81
-27.82
-26.94
-25.32
-23.14
-20.66
-18.16
-15.91
-14.09
-12.73
-11.74
-10.97
-10.31
-9.73
-9.20
-8.65
-7.96
-6.95
-5.51
-3.68
-1.65
0.29
1.92
3.12
3.92
4.44
4.77
4.94
4.94
4.75
4.43
4.10
3.94
4.10
4.64
5.49
6.48
7.46
8.38
9.31
10.39
11.78
13.54
15.60
17.82
19.98
21.83
23.11
23.64
23.32
22.23
20.62
18.82
17.14
15.73
14.52
13.33
11.95
10.30
8.44
6.55
4.80
3.28
1.94
0.68
-0.66
-2.17
-3.88
-5.78
-7.82
-9.93
-12.05
-14.03
-15.70
-16.81
-17.15
-16.62
-15.25
-13.23
-10.76
-7.99
-4.98
-1.74
1.69
5.13
8.25
10.63
11.89
11.79
10.34
7.78
4.54
1.16
-1.93
-4.46
-6.46
-8.17
-9.92
-11.96
-14.32
-16.78
-19.04
-20.79
-21.92
-22.50
-22.75
-22.87
-23.01
-23.23
-23.47
-23.63
-23.51
-22.87
-21.43
-19.07
-15.85
-12.10
-8.29
-4.89
-2.16
-0.05
1.69
3.37
5.17
7.07
8.89
10.42
11.54
12.26
12.70
13.01
13.34
13.78
14.37
15.15
16.13
17.27
18.42
19.35
19.76
19.39
18.13
16.05
13.43
10.63
8.04
5.93
4.42
3.46
2.89
2.46
1.91
1.03
-0.29
-2.07
-4.21
-6.55
-8.90
-11.11
-13.04
-14.65
-15.95
-16.97
-17.76
-18.27
-18.41
-18.05
-17.10
-15.56
-13.60
-11.42
-9.24
-7.18
-5.28
-3.51
-1.84
-0.24
1.32
2.87
4.49
6.19
7.93
9.58
11.00
12.07
12.76
13.14
13.30
13.37
13.44
13.56
13.74
13.90
13.91
13.61
12.91
11.83
10.58
9.50
8.84
8.69
8.84
8.89
8.45
7.33
5.62
3.63
1.69
0.02
-1.34
-2.49
-3.53
-4.48
-5.30
-5.96
-6.54
-7.16
-7.95
-8.87
-9.64
-9.86
-9.15
-7.41
-4.81
-1.85
0.98
3.25
4.81
5.68
5.97
5.79
5.14
4.01
2.39
0.39
-1.78
-3.79
-5.29
-5.95
-5.57
-4.13
-1.79
1.14
4.28
7.28
9.92
12.13
13.95
15.45
16.69
17.65
18.25
18.34
17.76
16.41
14.23
11.32
7.87
4.13
0.38
-3.13
-6.27
-9.01
-11.41
-13.49
-15.24
-16.57
-17.36
-17.52
-17.05
-15.96
-14.29
-12.09
-9.48
-6.67
-4.01
-1.93
-0.77
-0.62
-1.29
-2.34
-3.30
-3.82
-3.80
-3.24
-2.24
-0.84
0.96
3.11
5.45
7.72
9.63
10.96
11.66
11.80
11.53
10.94
10.05
8.78
7.03
4.79
2.18
-0.56
-3.13
-5.27
-6.80
-7.72
-8.11
-8.16
-8.07
-8.02
-8.12
-8.39
-8.76
-9.05
-9.06
-8.64
-7.75
-6.51
-5.14
-3.83
-2.69
-1.72
-0.81
0.11
1.05
1.97
2.79
3.46
3.97
4.32
4.51
4.50
4.27
3.80
3.14
2.34
1.49
0.65
-0.05
-0.47
-0.48
0.01
0.91
2.00
2.94
3.47
3.47
3.02
2.34
1.67
1.17
0.91
0.82
0.80
0.64
0.09
-1.04
-2.87
-5.33
-8.15
-11.00
-13.55
-15.60
-17.07
-17.95
-18.24
-17.85
-16.73
-14.89
-12.45
-9.69
-6.88
-4.27
-1.94
0.13
2.07
3.96
5.76
7.33
8.48
9.08
9.18
8.96
8.74
8.75
9.07
9.56
9.94
9.96
9.54
8.80
8.03
7.60
7.72
8.38
9.33
10.21
10.72
10.77
10.48
10.07
9.68
9.26
8.61
7.52
5.90
3.90
1.84
0.10
-1.10
-1.72
-1.92
-1.92
-1.92
-2.04
-2.24
-2.39
-2.35
-2.07
-1.61
-1.18
-1.01
-1.30
-2.06
-3.14
-4.27
-5.14
-5.59
-5.64
-5.51
-5.51
-5.91
-6.81
-8.12
-9.61
-11.05
-12.30
-13.38
-14.37
-15.37
-16.32
-17.11
-17.55
-17.55
-17.14
-16.43
-15.58
-14.67
-13.67
-12.49
-11.05
-9.35
-7.51
-5.74
-4.24
-3.08
-2.22
-1.45
-0.56
0.60
2.07
3.77
5.59
7.42
9.21
10.96
12.63
14.12
15.25
15.80
15.62
14.76
13.44
12.00
10.78
9.96
9.52
9.28
8.95
8.34
7.43
6.34
5.26
4.36
3.69
3.24
2.93
2.76
2.79
3.09
3.70
4.56
5.53
6.43
7.12
7.61
7.98
8.32
8.68
9.00
9.16
9.01
8.48
7.58
6.43
5.17
3.91
2.69
1.47
0.19
-1.19
-2.62
-4.00
-5.19
-6.15
-6.93
-7.67
-8.55
-9.67
-10.99
-12.34
-13.47
-14.17
-14.30
-13.80
-12.73
-11.15
-9.16
-6.84
-4.26
-1.50
1.40
4.37
7.37
10.34
13.19
15.75
17.80
19.06
19.26
18.24
15.96
12.61
8.53
4.16
-0.06
-3.79
-6.84
-9.23
-11.04
-12.42
-13.47
-14.22
-14.62
-14.66
-14.33
-13.74
-13.03
-12.36
-11.81
-11.41
-11.10
-10.81
-10.53
-10.25
-9.96
-9.53
-8.69
-7.06
-4.37
-0.59
4.01
8.91
13.51
17.40
20.42
22.65
24.25
25.33
25.86
25.72
24.84
23.26
21.16
18.75
16.21
13.62
10.98
8.23
5.33
2.30
-0.77
-3.74
-6.44
-8.74
-10.54
-11.85
-12.75
-13.40
-13.98
-14.66
-15.58
-16.74
-17.98
-18.95
-19.19
-18.36
-16.33
-13.38
-10.07
-7.09
-5.01
-4.08
-4.23
-5.10
-6.32
-7.54
-8.55
-9.24
-9.57
-9.53
-9.16
-8.52
-7.74
-7.01
-6.54
-6.50
-6.92
-7.62
-8.19
-8.16
-7.12
-4.96
-1.91
1.48
4.51
6.60
7.41
6.94
5.52
3.61
1.72
0.23
-0.65
-0.90
-0.62
0.05
0.91
1.83
2.69
3.42
4.02
4.55
5.13
5.89
6.91
8.16
9.56
10.94
12.16
13.13
13.78
14.12
14.16
13.98
13.69
13.41
13.28
13.36
13.65
14.02
14.31
14.31
13.92
13.13
12.00
10.64
9.10
7.34
5.24
2.72
-0.27
-3.62
-7.12
-10.48
-13.40
-15.69
-17.27
-18.21
-18.70
-18.98
-19.18
-19.35
-19.38
-19.10
-18.35
-17.02
-15.03
-12.35
-8.97
-4.96
-0.54
3.92
7.94
11.10
13.17
14.18
14.35
13.98
13.32
12.51
11.59
10.59
9.50
8.35
7.19
6.03
4.86
3.62
2.27
0.77
-0.83
-2.41
-3.85
-5.04
-5.92
-6.47
-6.79
-6.97
-7.12
-7.34
-7.68
-8.09
-8.42
-8.43
-7.90
-6.69
-4.84
-2.53
-0.06
2.31
4.40
6.13
7.47
8.39
8.84
8.75
8.15
7.15
5.99
4.96
4.27
4.03
4.18
4.55
4.96
5.24
5.37
5.38
5.38
5.41
5.44
5.38
5.13
4.66
3.98
3.20
2.36
1.46
0.43
-0.80
-2.22
-3.73
-5.18
-6.41
-7.37
-8.11
-8.67
-9.01
-8.92
-8.14
-6.42
-3.75
-0.42
3.02
5.97
8.01
9.02
9.24
9.09
8.94
8.91
8.88
8.61
7.91
6.77
5.32
3.76
2.22
0.73
-0.69
-1.96
-2.90
-3.37
-3.33
-2.96
-2.59
-2.57
-3.09
-4.10
-5.37
-6.61
-7.60
-8.18
-8.31
-7.92
-6.97
-5.49
-3.63
-1.58
0.46
2.40
4.29
6.22
8.21
10.09
11.54
12.22
11.96
10.78
8.97
6.83
4.64
2.55
0.66
-0.95
-2.20
-3.05
-3.60
-4.10
-4.87
-6.19
-8.15
-10.65
-13.35
-15.85
-17.79
-18.90
-18.96
-17.78
-15.23
-11.29
-6.17
-0.33
5.55
10.70
14.43
16.34
16.40
14.90
12.36
9.41
6.64
4.45
2.99
2.09
1.43
0.66
-0.43
-1.79
-3.17
-4.26
-4.84
-4.87
-4.55
-4.10
-3.70
-3.36
-3.00
-2.54
-2.02
-1.59
-1.50
-1.94
-2.92
-4.25
-5.61
-6.67
-7.28
-7.42
-7.24
-6.85
-6.36
-5.77
-5.07
-4.32
-3.60
-3.01
-2.60
-2.35
-2.17
-1.95
-1.66
-1.28
-0.85
-0.39
0.10
0.58
0.98
1.20
1.09
0.62
-0.19
-1.16
-2.06
-2.64
-2.77
-2.48
-1.98
-1.54
-1.44
-1.80
-2.56
-3.53
-4.41
-4.97
-5.09
-4.83
-4.36
-3.91
-3.68
-3.78
-4.17
-4.72
-5.19
-5.34
-5.00
-4.11
-2.75
-1.08
0.72
2.48
4.09
5.48
6.69
7.78
8.85
9.98
11.14
12.24
13.09
13.62
13.81
13.84
13.90
14.19
14.75
15.49
16.21
16.69
16.82
16.58
16.05
15.30
14.37
13.24
11.91
10.42
8.84
7.22
5.56
3.79
1.75
-0.70
-3.65
-7.15
-11.15
-15.57
-20.20
-24.71
-28.68
-31.61
-33.19
-33.34
-32.34
-30.64
-28.70
-26.78
-24.95
-23.09
-21.05
-18.74
-16.10
-13.14
-9.92
-6.52
-3.05
0.29
3.30
5.81
7.80
9.38
10.78
12.23
13.88
15.73
17.64
19.42
20.91
21.98
22.58
22.69
22.29
21.38
20.03
18.39
16.62
14.90
13.26
11.62
9.83
7.77
5.48
3.13
0.97
-0.81
-2.10
-2.90
-3.29
-3.36
-3.21
-2.92
-2.60
-2.30
-2.07
-1.90
-1.74
-1.55
-1.37
-1.26
-1.34
-1.68
-2.27
-3.00
-3.69
-4.19
-4.45
-4.53
-4.59
-4.78
-5.19
-5.80
-6.54
-7.31
-8.08
-8.84
-9.60
-10.31
-10.89
-11.27
-11.43
-11.45
-11.47
-11.60
-11.88
-12.21
-12.37
-12.15
-11.39
-10.11
-8.50
-6.85
-5.43
-4.35
-3.53
-2.74
-1.71
-0.27
1.56
3.58
5.59
7.43
9.06
10.54
11.93
13.23
14.37
15.25
15.80
15.95
15.69
15.03
13.96
12.56
10.95
9.31
7.84
6.69
5.91
5.48
5.33
5.34
5.36
5.23
4.76
3.85
2.51
0.91
-0.67
-1.92
-2.63
-2.74
-2.37
-1.74
-1.05
-0.43
0.13
0.69
1.34
2.11
2.96
3.81
4.59
5.34
6.13
7.00
7.95
8.85
9.51
9.79
9.62
9.06
8.27
7.39
6.46
5.41
4.16
2.63
0.91
-0.81
-2.22
-3.02
-3.01
-2.18
-0.70
1.04
2.55
3.35
3.08
1.62
-0.89
-4.08
-7.49
-10.66
-13.27
-15.21
-16.56
-17.45
-18.06
-18.47
-18.71
-18.79
-18.72
-18.55
-18.35
-18.18
-18.01
-17.72
-17.15
-16.17
-14.72
-12.85
-10.77
-8.72
-6.87
-5.29
-3.87
-2.44
-0.85
0.89
2.55
3.79
4.35
4.21
3.58
2.84
2.34
2.24
2.42
2.65
2.69
2.44
2.02
1.66
1.62
2.08
3.05
4.37
5.81
7.08
7.96
8.37
8.31
7.93
7.40
6.87
6.48
6.28
6.30
6.50
6.85
7.30
7.77
8.20
8.51
8.66
8.67
8.62
8.65
8.88
9.31
9.84
10.21
10.11
9.35
7.93
6.09
4.18
2.55
1.38
0.66
0.23
-0.09
-0.42
-0.71
-0.82
-0.60
0.05
1.09
2.37
3.64
4.67
5.26
5.32
4.89
4.11
3.17
2.26
1.45
0.81
0.32
-0.01
-0.17
-0.15
0.04
0.33
0.65
0.94
1.21
1.52
1.89
2.33
2.75
3.03
3.08
2.92
2.61
2.27
1.95
1.57
1.03
0.18
-1.04
-2.56
-4.23
-5.89
-7.40
-8.66
-9.66
-10.34
-10.68
-10.66
-10.26
-9.55
-8.60
-7.42
-5.98
-4.22
-2.07
0.42
3.09
5.65
7.78
9.21
9.81
9.56
8.58
7.05
5.20
3.26
1.43
-0.12
-1.32
-2.16
-2.75
-3.24
-3.78
-4.48
-5.33
-6.24
-7.09
-7.79
-8.32
-8.76
-9.18
-9.65
-10.17
-10.66
-11.04
-11.20
-11.02
-10.39
-9.22
-7.53
-5.45
-3.19
-0.99
1.00
2.78
4.45
6.12
7.83
9.43
10.68
11.35
11.31
10.59
9.36
7.85
6.28
4.85
3.70
2.93
2.54
2.45
2.46
2.32
1.77
0.74
-0.63
-2.00
-2.99
-3.36
-3.20
-2.87
-2.93
-3.86
-5.85
-8.72
-11.93
-14.76
-16.59
-16.97
-15.73
-13.01
-9.17
-4.74
-0.32
3.44
6.07
7.31
7.16
5.97
4.24
2.47
1.05
0.07
-0.57
-1.09
-1.70
-2.45
-3.29
-4.15
-4.97
-5.79
-6.64
-7.49
-8.18
-8.51
-8.33
-7.63
-6.60
-5.49
-4.58
-4.01
-3.85
-4.07
-4.66
-5.59
-6.79
-8.07
-9.09
-9.49
-8.96
-7.42
-5.03
-2.14
0.81
3.48
5.68
7.37
8.66
9.71
10.66
11.66
12.79
14.08
15.42
16.61
17.37
17.49
16.93
15.83
14.45
13.06
11.79
10.59
9.33
7.82
5.99
3.89
1.68
-0.48
-2.53
-4.50
-6.51
-8.64
-10.90
-13.20
-15.33
-17.11
-18.37
-19.07
-19.29
-19.16
-18.87
-18.56
-18.27
-17.93
-17.41
-16.51
-15.03
-12.84
-9.87
-6.22
-2.12
2.04
5.83
8.83
10.80
11.73
11.87
11.61
11.28
11.11
11.09
11.08
10.91
10.51
9.92
9.24
8.57
7.95
7.37
6.78
6.13
5.46
4.77
4.11
3.47
2.83
2.18
1.52
0.89
0.37
0.00
-0.19
-0.22
-0.11
0.16
0.61
1.26
2.09
3.02
3.91
4.59
4.99
5.07
4.86
4.44
3.91
3.35
2.83
2.44
2.22
2.15
2.17
2.17
2.08
1.88
1.65
1.43
1.27
1.15
1.00
0.75
0.36
-0.12
-0.64
-1.13
-1.58
-2.00
-2.41
-2.86
-3.34
-3.83
-4.33
-4.85
-5.40
-5.95
-6.41
-6.64
-6.50
-5.90
-4.84
-3.40
-1.78
-0.16
1.29
2.46
3.30
3.84
4.12
4.23
4.24
4.24
4.29
4.43
4.65
4.94
5.25
5.52
5.71
5.77
5.71
5.57
5.45
5.42
5.52
5.70
5.88
5.98
5.91
5.68
5.34
5.01
4.78
4.70
4.76
4.90
5.06
5.13
5.09
4.93
4.69
4.44
4.18
3.87
3.45
2.83
1.99
1.01
0.01
-0.85
-1.43
-1.68
-1.63
-1.39
-1.11
-0.90
-0.83
-0.95
-1.26
-1.78
-2.48
-3.28
-4.04
-4.55
-4.65
-4.29
-3.57
-2.72
-2.01
-1.64
-1.70
-2.11
-2.76
-3.51
-4.25
-4.96
-5.65
-6.39
-7.24
-8.22
-9.36
-10.60
-11.81
-12.85
-13.58
-13.89
-13.75
-13.25
-12.55
-11.83
-11.20
-10.65
-10.08
-9.33
-8.28
-6.93
-5.43
-3.97
-2.74
-1.84
-1.27
-0.92
-0.63
-0.23
0.39
1.31
2.45
3.68
4.79
5.60
6.04
6.13
6.00
5.74
5.43
5.06
4.61
4.10
3.51
2.85
2.07
1.06
-0.22
-1.72
-3.22
-4.48
-5.25
-5.48
-5.26
-4.81
-4.33
-3.95
-3.66
-3.39
-3.04
-2.52
-1.82
-0.95
0.01
0.96
1.75
2.32
2.66
2.82
2.94
3.14
3.49
4.01
4.64
5.30
5.89
6.32
6.52
6.46
6.13
5.54
4.73
3.72
2.54
1.22
-0.19
-1.59
-2.85
-3.84
-4.48
-4.73
-4.63
-4.26
-3.74
-3.19
-2.70
-2.29
-1.94
-1.59
-1.16
-0.62
0.03
0.76
1.54
2.35
3.19
4.10
5.14
6.34
7.66
8.96
10.05
10.74
10.93
10.64
10.05
9.36
8.73
8.18
7.65
7.03
6.26
5.39
4.51
3.70
2.99
2.35
1.73
1.13
0.56
0.06
-0.38
-0.78
-1.15
-1.40
-1.38
-0.89
0.16
1.64
3.30
4.84
6.01
6.80
7.34
7.83
8.42
9.10
9.76
10.24
10.45
10.35
10.03
9.54
8.95
8.25
7.44
6.46
5.29
3.92
2.36
0.64
-1.15
-2.88
-4.42
-5.68
-6.67
-7.47
-8.23
-9.09
-10.04
-11.00
-11.76
-12.14
-12.07
-11.62
-10.96
-10.32
-9.81
-9.44
-9.14
-8.81
-8.47
-8.25
-8.31
-8.77
-9.64
-10.79
-11.96
-12.90
-13.39
-13.27
-12.47
-10.98
-8.83
-6.15
-3.04
0.35
3.92
7.62
11.42
15.34
19.39
23.57
27.80
31.92
35.62
38.47
40.00
39.82
37.78
34.00
28.81
22.62
15.79
8.59
1.21
-6.13
-13.18
-19.61
-25.21
-29.86
-33.58
-36.46
-38.63
-40.15
-41.04
-41.31
-41.00
-40.16
-38.84
-37.11
-34.97
-32.46
-29.60
-26.51
-23.31
-20.19
-17.33
-14.77
-12.42
-9.98
-7.01
-3.12
1.84
7.69
13.86
19.63
24.31
27.47
29.01
29.16
28.30
26.79
24.88
22.67
20.10
16.99
13.10
8.21
2.29
-4.41
-11.30
-17.58
-22.41
-25.25
-25.92
-24.67
-22.00
-18.49
-14.69
-11.01
-7.77
-5.18
-3.33
-2.20
-1.66
-1.49
-1.53
-1.56
-1.41
-0.89
0.17
1.79
3.83
5.94
7.75
9.00
9.64
9.84
9.86
9.92
10.07
10.17
10.01
9.37
8.18
6.53
4.66
2.82
1.22
-0.08
-1.16
-2.15
-3.10
-3.94
-4.47
-4.51
-3.98
-3.03
-1.94
-0.98
-0.25
0.36
1.08
2.11
3.47
4.96
6.26
7.06
7.22
6.82
6.09
5.36
4.87
4.72
4.85
5.05
5.13
4.95
4.51
3.91
3.30
2.75
2.28
1.83
1.35
0.84
0.32
-0.20
-0.75
-1.40
-2.20
-3.07
-3.82
-4.21
-4.05
-3.35
-2.30
-1.20
-0.32
0.24
0.58
0.92
1.45
2.26
3.22
4.13
4.80
5.18
5.35
5.47
5.65
5.89
6.09
6.14
5.97
5.63
5.22
4.86
4.57
4.29
3.92
3.40
2.78
2.18
1.71
1.44
1.32
1.22
1.04
0.70
0.23
-0.34
-1.00
-1.74
-2.55
-3.37
-4.06
-4.49
-4.54
-4.24
-3.68
-2.97
-2.18
-1.32
-0.40
0.55
1.45
2.19
2.74
3.15
3.53
3.96
4.42
4.79
4.97
4.91
4.67
4.39
4.20
4.13
4.16
4.24
4.32
4.36
4.36
4.24
3.95
3.42
2.70
1.90
1.21
0.75
0.55
0.52
0.51
0.39
0.07
-0.45
-1.17
-2.03
-2.98
-3.92
-4.74
-5.30
-5.50
-5.35
-4.95
-4.44
-3.95
-3.51
-3.05
-2.47
-1.68
-0.69
0.40
1.42
2.25
2.81
3.16
3.38
3.58
3.82
4.09
4.34
4.50
4.54
4.49
4.37
4.21
4.00
3.72
3.35
2.90
2.44
2.03
1.67
1.31
0.90
0.38
-0.21
-0.79
-1.28
-1.66
-2.00
-2.39
-2.92
-3.59
-4.31
-4.92
-5.30
-5.38
-5.23
-4.98
-4.77
-4.67
-4.65
-4.57
-4.26
-3.62
-2.63
-1.41
-0.13
1.02
1.89
2.41
2.56
2.43
2.12
1.76
1.50
1.38
1.41
1.49
1.54
1.48
1.28
1.00
0.69
0.41
0.17
-0.04
-0.27
-0.54
-0.90
-1.35
-1.89
-2.51
-3.17
-3.78
-4.24
-4.49
-4.48
-4.23
-3.81
-3.28
-2.73
-2.16
-1.61
-1.05
-0.46
0.20
0.92
1.64
2.26
2.66
2.76
2.57
2.20
1.76
1.40
1.18
1.10
1.15
1.30
1.53
1.81
2.04
2.11
1.89
1.32
0.46
-0.55
-1.50
-2.24
-2.75
-3.10
-3.47
-3.97
-4.59
-5.19
-5.53
-5.43
-4.84
-3.88
-2.79
-1.79
-1.02
-0.45
0.05
0.61
1.30
2.07
2.80
3.34
3.57
3.49
3.18
2.76
2.39
2.15
2.06
2.05
2.02
1.88
1.56
1.06
0.44
-0.19
-0.75
-1.18
-1.49
-1.73
-1.98
-2.32
-2.76
-3.33
-3.94
-4.52
-4.94
-5.10
-4.95
-4.48
-3.79
-2.98
-2.15
-1.33
-0.49
0.39
1.26
2.01
2.52
2.74
2.72
2.61
2.58
2.71
2.97
3.22
3.34
3.26
3.01
2.70
2.44
2.29
2.21
2.11
1.88
1.44
0.77
-0.11
-1.15
-2.24
-3.33
-4.33
-5.18
-5.87
-6.40
-6.83
-7.20
-7.54
-7.80
-7.89
-7.68
-7.07
-6.07
-4.77
-3.35
-1.98
-0.78
0.25
1.16
2.02
2.81
3.47
3.94
4.19
4.30
4.38
4.52
4.70
4.85
4.85
4.70
4.45
4.21
4.05
3.94
3.83
3.65
3.39
3.06
2.70
2.31
1.87
1.36
0.83
0.32
-0.10
-0.46
-0.81
-1.23
-1.75
-2.29
-2.77
-3.10
-3.29
-3.39
-3.46
-3.50
-3.44
-3.18
-2.63
-1.77
-0.64
0.67
2.03
3.30
4.34
5.07
5.44
5.51
5.35
5.06
4.70
4.31
3.93
3.60
3.40
3.32
3.32
3.26
3.00
2.48
1.72
0.85
0.02
-0.65
-1.13
-1.47
-1.76
-2.08
-2.46
-2.90
-3.40
-3.95
-4.53
-5.13
-5.65
-5.97
-5.98
-5.59
-4.86
-3.92
-2.93
-2.05
-1.32
-0.71
-0.14
0.43
1.00
1.53
1.99
2.39
2.75
3.14
3.51
3.82
3.97
3.89
3.60
3.17
2.74
2.42
2.30
2.36
2.49
2.55
2.38
1.92
1.20
0.39
-0.34
-0.88
-1.19
-1.41
-1.67
-2.12
-2.81
-3.65
-4.47
-5.10
-5.41
-5.40
-5.14
-4.73
-4.25
-3.72
-3.14
-2.48
-1.71
-0.86
0.02
0.88
1.67
2.31
2.76
2.99
3.00
2.85
2.60
2.38
2.24
2.20
2.21
2.23
2.17
1.98
1.68
1.29
0.86
0.48
0.19
-0.01
-0.18
-0.40
-0.76
-1.28
-1.94
-2.67
-3.40
-4.06
-4.67
-5.22
-5.69
-6.02
-6.12
-5.90
-5.37
-4.57
-3.62
-2.61
-1.59
-0.58
0.40
1.32
2.12
2.75
3.19
3.48
3.69
3.88
4.08
4.23
4.33
4.32
4.21
4.02
3.77
3.43
3.01
2.52
1.99
1.50
1.07
0.70
0.35
-0.03
-0.43
-0.86
-1.26
-1.65
-2.08
-2.61
-3.30
-4.12
-4.99
-5.76
-6.26
-6.37
-6.05
-5.37
-4.45
-3.44
-2.48
-1.65
-0.97
-0.42
0.03
0.43
0.79
1.19
1.63
2.15
2.70
3.22
3.66
3.97
4.18
4.33
4.45
4.48
4.38
4.08
3.60
3.03
2.50
2.08
1.81
1.60
1.35
0.96
0.41
-0.23
-0.87
-1.41
-1.83
-2.20
-2.62
-3.21
-3.98
-4.84
-5.63
-6.18
-6.38
-6.21
-5.72
-4.98
-4.03
-2.95
-1.86
-0.88
-0.11
0.42
0.79
1.17
1.67
2.34
3.10
3.79
4.29
4.54
4.61
4.57
4.49
4.38
4.18
3.85
3.38
2.78
2.10
1.40
0.76
0.20
-0.27
-0.70
-1.12
-1.58
-2.12
-2.76
-3.49
-4.26
-5.03
-5.73
-6.31
-6.70
-6.90
-6.89
-6.64
-6.16
-5.49
-4.69
-3.84
-2.98
-2.14
-1.25
-0.24
0.94
2.29
3.72
5.07
6.20
6.94
7.22
7.03
6.49
5.78
5.12
4.67
4.50
4.51
4.55
4.45
4.10
3.54
2.86
2.17
1.51
0.85
0.13
-0.65
-1.43
-2.09
-2.53
-2.74
-2.79
-2.76
-2.73
-2.69
-2.55
-2.24
-1.73
-1.08
-0.37
0.32
0.94
1.50
2.03
2.53
2.97
3.32
3.53
3.58
3.45
3.22
2.95
2.77
2.73
2.81
2.89
2.80
2.45
1.85
1.16
0.55
0.13
-0.15
-0.44
-0.90
-1.62
-2.51
-3.38
-4.09
-4.58
-4.93
-5.25
-5.60
-5.92
-6.06
-5.87
-5.31
-4.45
-3.41
-2.31
-1.21
-0.09
1.08
2.26
3.32
4.09
4.44
4.36
4.02
3.64
3.39
3.35
3.43
3.46
3.31
2.95
2.46
1.95
1.50
1.08
0.63
0.10
-0.48
-1.06
-1.58
-2.05
-2.56
-3.20
-4.02
-4.91
-5.71
-6.19
-6.22
-5.75
-4.89
-3.80
-2.66
-1.61
-0.70
0.09
0.78
1.43
2.03
2.56
3.00
3.36
3.64
3.82
3.89
3.84
3.65
3.35
3.01
2.68
2.37
2.06
1.67
1.18
0.60
0.05
-0.36
-0.60
-0.73
-0.89
-1.27
-1.97
-2.94
-4.02
-4.99
-5.66
-5.92
-5.78
-5.30
-4.57
-3.67
-2.68
-1.68
-0.74
0.08
0.80
1.49
2.24
3.08
3.98
4.82
5.45
5.80
5.89
5.81
5.66
5.50
5.32
5.07
4.76
4.42
4.13
3.92
3.80
3.69
3.50
3.17
2.68
2.06
1.37
0.63
-0.13
-0.88
-1.60
-2.23
-2.78
-3.28
-3.81
-4.45
-5.21
-6.01
-6.69
-7.10
-7.14
-6.83
-6.27
-5.56
-4.74
-3.83
-2.82
-1.73
-0.63
0.38
1.22
1.84
2.27
2.62
3.02
3.56
4.25
5.00
5.62
5.92
5.78
5.26
4.55
3.92
3.53
3.41
3.44
3.42
3.26
2.92
2.45
1.89
1.27
0.57
-0.19
-0.93
-1.52
-1.86
-1.95
-1.92
-1.99
-2.36
-3.09
-4.11
-5.20
-6.09
-6.56
-6.49
-5.93
-5.02
-3.91
-2.78
-1.69
-0.68
0.25
1.10
1.85
2.44
2.85
3.10
3.21
3.28
3.33
3.40
3.46
3.45
3.32
3.06
2.71
2.33
2.00
1.76
1.60
1.45
1.22
0.85
0.34
-0.29
-0.97
-1.67
-2.36
-3.03
-3.70
-4.35
-4.94
-5.43
-5.71
-5.72
-5.42
-4.83
-3.98
-2.98
-1.92
-0.87
0.12
1.04
1.88
2.62
3.26
3.77
4.11
4.26
4.17
3.86
3.38
2.81
2.27
1.85
1.63
1.62
1.79
2.05
2.30
2.39
2.24
1.79
1.07
0.18
-0.77
-1.65
-2.45
-3.21
-4.00
-4.86
-5.73
-6.46
-6.91
-6.92
-6.48
-5.65
-4.57
-3.38
-2.22
-1.18
-0.32
0.37
0.97
1.55
2.18
2.85
3.49
4.01
4.30
4.35
4.16
3.79
3.31
2.78
2.27
1.82
1.47
1.22
1.04
0.86
0.62
0.29
-0.11
-0.53
-0.96
-1.37
-1.78
-2.22
-2.71
-3.27
-3.88
-4.52
-5.09
-5.49
-5.59
-5.31
-4.63
-3.60
-2.40
-1.23
-0.28
0.33
0.65
0.87
1.26
2.12
3.60
5.70
8.22
10.83
13.19
14.98
16.06
16.36
15.94
14.88
13.25
11.13
8.58
5.68
2.56
-0.62
-3.71
-6.58
-9.16
-11.41
-13.29
-14.73
-15.69
-16.11
-15.98
-15.39
-14.43
-13.23
-11.88
-10.37
-8.64
-6.55
-4.00
-0.99
2.35
5.82
9.11
11.95
14.15
15.65
16.52
16.97
17.22
17.52
18.02
18.72
19.48
20.08
20.26
19.89
18.97
17.72
16.42
15.32
14.52
13.92
13.27
12.27
10.74
8.61
5.96
2.98
-0.13
-3.21
-6.09
-8.61
-10.64
-12.07
-12.89
-13.22
-13.31
-13.42
-13.75
-14.29
-14.85
-15.12
-14.84
-13.88
-12.34
-10.42
-8.39
-6.45
-4.72
-3.26
-2.06
-1.11
-0.30
0.46
1.27
2.15
2.98
3.58
3.78
3.54
2.98
2.38
2.03
2.14
2.79
3.88
5.22
6.48
7.32
7.41
6.58
4.87
2.60
0.27
-1.69
-3.03
-3.85
-4.45
-5.14
-6.00
-6.83
-7.24
-6.88
-5.56
-3.34
-0.47
2.77
6.18
9.56
12.68
15.22
16.73
16.79
15.15
11.87
7.27
1.93
-3.49
-8.43
-12.48
-15.47
-17.34
-18.17
-17.98
-16.76
-14.50
-11.28
-7.41
-3.39
0.13
2.58
3.68
3.56
2.64
1.43
0.28
-0.80
-2.05
-3.75
-6.04
-8.73
-11.37
-13.40
-14.27
-13.51
-10.84
-6.26
-0.18
6.49
12.39
16.12
16.71
14.01
8.79
2.45
-3.44
-7.72
-9.83
-9.84
-8.17
-5.35
-1.92
1.59
4.55
6.33
6.39
4.52
0.93
-3.86
-9.10
-14.09
-18.33
-21.57
-23.77
-25.06
-25.62
-25.63
-25.24
-24.54
-23.53
-22.17
-20.39
-18.15
-15.44
-12.33
-8.97
-5.54
-2.32
0.44
2.50
3.74
4.15
3.76
2.61
0.75
-1.67
-4.26
-6.43
-7.54
-7.17
-5.41
-2.79
-0.04
2.21
3.78
4.93
6.12
7.69
9.67
11.76
13.54
14.75
15.37
15.56
15.59
15.62
15.69
15.67
15.24
14.00
11.49
7.01
-0.30
-10.87
-24.02
-37.48
-47.72
-51.12
-45.74
-32.28
-14.62
1.83
12.64
16.49
15.39
13.34
13.97
18.43
25.86
33.43
38.44
39.96
39.19
38.42
39.76
44.67
53.37
66.19
82.07
98.49
111.70
117.60
112.88
96.04
68.12
31.54
-6.66
-38.65
-59.72
-70.25
-73.53
-72.27
-67.55
-59.55
-53.63
-51.66
-55.77
-67.28
-85.98
-110.63
-139.96
-173.80
-202.60
-219.27
-216.19
-189.01
-138.72
-71.90
1.36
70.80
129.02
172.53
199.30
208.86
200.16
172.57
127.98
72.23
14.58
-34.73
-67.52
-80.61
-74.57
-53.73
-24.68
5.78
32.49
52.88
66.93
75.85
79.59
76.53
63.62
39.09
5.97
-27.31
-49.38
-51.75
-34.12
-5.77
19.69
32.03
30.34
23.15
21.78
31.94
49.07
60.71
53.93
23.86
-22.57
-69.46
-99.82
-103.13
-78.92
-35.37
15.04
60.02
90.60
102.18
95.08
73.58
44.29
13.75
-13.86
-38.12
-60.55
-82.27
-101.74
-114.20
-113.34
-94.87
-59.06
-11.29
39.83
85.58
119.46
138.35
142.63
135.83
123.27
110.32
100.30
93.14
85.59
73.12
52.83
25.55
-4.25
-30.85
-50.59
-64.02
-74.97
-87.70
-103.87
-121.57
-136.75
-146.21
-149.55
-149.25
-149.09
-152.10
-158.99
-168.15
-176.34
-180.09
-177.20
-166.26
-147.25
-121.37
-90.59
-57.07
-22.70
11.08
43.95
75.49
105.83
134.99
162.42
186.50
204.84
214.95
215.39
206.44
190.44
171.29
152.76
136.67
122.08
105.44
82.63
50.78
9.90
-37.37
-86.85
-134.29
-175.23
-206.06
-223.59
-225.97
-215.10
-197.59
-183.15
-180.13
-190.63
-207.09
-215.03
-200.17
-155.54
-86.34
-8.33
59.30
102.69
118.93
115.21
103.92
95.61
94.42
98.05
101.41
101.08
97.61
94.52
95.31
100.80
108.19
112.68
110.23
99.92
84.42
68.61
57.38
53.23
55.39
60.49
64.36
63.95
58.57
49.97
41.24
35.35
33.77
36.07
40.28
44.07
45.72
44.85
42.33
39.72
38.53
39.45
42.24
46.05
49.80
52.68
54.42
55.18
55.23
54.97
54.35
53.01
50.38
45.86
39.05
29.84
18.16
4.04
-12.05
-29.74
-48.66
-68.37
-88.43
-108.39
-127.79
-145.39
-161.15
-174.73
-186.03
-194.96
-201.37
-205.05
-205.65
-202.82
-196.25
-186.91
-173.74
-156.41
-134.99
-110.03
-82.38
-53.22
-23.89
4.57
30.40
52.70
70.78
84.38
93.64
98.95
100.92
100.45
98.10
94.38
90.01
85.33
80.57
75.87
71.28
66.81
62.48
58.25
54.05
50.04
46.24
42.62
39.19
35.91
32.78
29.79
26.89
24.09
21.47
19.03
16.78
14.69
12.77
11.00
9.36
7.83
6.40
5.11
3.95
2.92
2.01
1.22
0.52
-0.07
-0.59
-1.05
-1.42
-1.72
-1.96
-2.13
-2.23
-2.29
-2.31
-2.30
-2.28
-2.23
-2.18
-2.12
-2.07
-2.01
-1.96
-1.91
-1.86
-1.81
-1.76
-1.72
-1.69
-1.65
-1.61
-1.56
-1.50
-1.46
-1.42
-1.41
-1.44
-1.51
-1.58
-1.62
-1.63
-1.61
-1.54
-1.50
-1.49
-1.54
-1.62
-1.71
-1.77
-1.75
-1.68
-1.60
-1.58
-1.65
-1.84
-2.10
-2.34
-2.47
-2.41
-2.20
-1.95
-1.82
-1.93
-2.34
-2.98
-3.63
-4.05
-4.10
-3.79
-3.35
-3.15
-3.47
-4.41
-5.81
-7.21
-8.13
-8.28
-7.73
-6.92
-6.53
-7.06
-8.65
-10.94
-13.15
-14.50
-14.63
-13.69
-12.36
-11.51
-11.75
-13.27
-15.86
-19.08
-22.38
-24.95
-25.69
-23.26
-16.70
-5.97
7.63
21.72
33.67
41.60
45.24
45.85
45.42
45.55
46.54
47.41
46.87
44.53
41.52
40.09
42.38
48.96
58.14
66.71
70.90
68.63
60.14
47.65
33.98
21.23
10.03
-0.20
-9.91
-19.27
-27.66
-34.01
-37.59
-38.37
-37.09
-34.98
-33.08
-31.97
-31.67
-31.56
-31.02
-29.58
-27.28
-24.52
-21.90
-19.93
-18.71
-18.11
-17.72
-17.08
-15.98
-14.43
-12.66
-11.00
-9.65
-8.69
-8.02
-7.46
-6.83
-6.06
-5.20
-4.32
-3.52
-2.84
-2.30
-1.85
-1.44
-1.06
-0.70
-0.37
-0.03
0.33
0.74
1.21
1.68
2.08
2.35
2.47
2.50
2.57
2.81
3.31
4.03
4.84
5.54
5.97
6.08
6.00
5.97
6.32
7.24
8.71
10.46
12.04
13.06
13.33
13.04
12.70
12.97
14.32
16.80
19.99
22.98
24.92
25.35
24.42
23.09
22.79
24.81
29.55
36.06
42.19
45.31
43.47
36.21
24.50
10.25
-4.60
-18.44
-29.88
-37.58
-40.22
-37.25
-29.74
-20.42
-12.91
-9.90
-11.80
-16.41
-20.21
-20.42
-16.66
-11.03
-6.81
-6.39
-9.76
-14.55
-17.50
-16.44
-11.61
-5.62
-1.93
-2.59
-6.97
-12.03
-14.10
-11.11
-4.24
2.80
5.65
2.07
-6.56
-15.99
-21.33
-19.91
-12.81
-4.27
0.55
-1.45
-9.82
-20.73
-29.26
-32.07
-29.29
-24.31
-21.74
-24.71
-32.94
-43.15
-50.98
-53.68
-51.79
-48.79
-49.12
-55.45
-66.96
-79.72
-88.82
-91.00
-86.29
-77.75
-69.55
-64.53
-62.47
-60.79
-55.30
-43.40
-25.50
-4.96
13.57
26.67
33.78
37.24
40.76
47.18
56.69
66.72
73.52
74.11
68.34
58.69
49.26
43.58
42.96
45.86
49.02
49.23
45.17
37.95
30.38
25.31
24.09
25.92
28.35
28.69
25.74
20.27
14.65
11.38
11.71
14.77
18.09
18.86
15.76
9.66
3.16
-0.78
-0.49
3.32
8.01
10.28
8.25
2.35
-4.86
-10.10
-11.05
-7.71
-2.17
2.38
3.60
1.11
-3.35
-6.93
-7.27
-3.81
1.75
6.48
7.72
4.54
-1.66
-7.54
-9.51
-5.81
2.36
11.24
16.63
16.11
10.43
3.16
-1.41
-0.70
4.57
10.77
13.70
10.94
3.28
-5.72
-11.70
-12.05
-7.32
-0.88
3.22
2.51
-2.58
-8.93
-12.51
-10.82
-4.36
3.58
8.83
8.60
3.05
-4.78
-10.63
-11.44
-6.99
-0.00
5.58
6.74
3.16
-2.60
-6.59
-5.85
-0.15
7.67
13.43
13.97
8.96
1.16
-5.08
-6.41
-2.37
4.34
9.56
10.15
5.82
-0.73
-5.28
-4.84
0.65
7.99
12.67
11.30
3.68
-6.80
-14.98
-16.73
-11.39
-2.25
5.27
6.71
1.15
-8.12
-15.47
-16.26
-9.43
1.70
11.44
15.01
11.20
3.07
-4.02
-5.62
-0.83
7.16
13.12
12.82
5.60
-5.14
-13.82
-15.87
-10.28
-0.28
8.61
11.59
7.31
-1.45
-9.46
-12.19
-8.39
-0.84
5.47
6.30
0.81
-7.86
-14.50
-14.94
-8.54
1.30
9.21
11.01
6.17
-1.83
-7.44
-6.27
2.27
14.41
24.01
25.91
18.81
6.17
-5.71
-11.17
-8.25
0.14
8.22
10.67
5.77
-3.66
-12.08
-14.63
-10.14
-1.74
5.08
5.84
-0.25
-9.76
-17.07
-17.73
-11.02
-0.57
7.68
8.93
2.37
-8.33
-16.87
-17.99
-10.50
1.92
12.88
16.90
12.54
3.10
-5.33
-7.52
-2.09
7.70
15.99
17.83
11.96
1.45
-8.04
-11.63
-7.95
0.15
7.30
8.82
3.45
-5.97
-14.00
-15.84
-10.21
-0.20
8.54
11.08
6.19
-3.01
-10.80
-12.33
-6.53
3.21
11.09
12.50
6.70
-2.70
-9.80
-10.05
-2.82
8.07
16.53
17.83
11.16
0.13
-9.24
-11.98
-6.99
2.40
10.37
12.07
6.34
-3.68
-12.31
-14.79
-9.97
-1.00
6.57
8.05
2.38
-7.31
-15.37
-16.96
-10.77
0.11
9.93
13.65
9.63
0.62
-7.82
-10.61
-6.02
3.32
11.94
14.94
10.78
2.25
-5.15
-6.55
-0.63
9.47
17.95
19.78
13.58
2.47
-7.53
-10.96
-5.86
5.07
15.98
21.17
18.08
8.50
-2.54
-9.85
-10.95
-7.27
-3.13
-2.81
-7.93
-16.50
-23.99
-26.27
-22.12
-14.06
-7.00
-5.14
-9.45
-16.91
-22.08
-20.25
-10.26
4.61
18.12
24.48
21.35
11.10
-0.53
-7.63
-7.26
-0.92
6.53
9.92
6.76
-1.37
-9.73
-13.43
-10.31
-2.27
5.74
8.79
4.80
-4.17
-12.98
-16.47
-12.43
-2.93
6.74
11.19
7.98
-1.05
-10.66
-15.33
-12.27
-3.01
7.45
13.66
12.81
6.30
-1.05
-3.98
0.04
9.18
18.19
21.59
16.97
6.53
-4.09
-9.06
-5.85
3.36
12.96
17.30
13.97
5.06
-4.17
-8.57
-6.17
0.79
7.28
8.77
4.05
-4.01
-10.14
-9.92
-2.52
8.69
17.76
19.78
13.54
2.29
-8.04
-12.25
-8.70
-0.04
8.44
12.05
9.39
2.89
-2.82
-3.87
0.48
7.37
12.07
11.04
4.01
-5.74
-13.13
-14.28
-8.62
0.73
8.73
11.19
7.02
-1.46
-9.80
-13.98
-12.47
-6.83
-0.68
2.53
1.35
-3.06
-7.68
-9.54
-7.43
-2.58
2.11
3.88
1.72
-2.94
-7.01
-7.48
-3.30
3.94
10.58
13.09
9.85
2.18
-6.24
-11.39
-11.02
-5.86
0.81
5.11
4.63
-0.21
-6.54
-10.57
-9.89
-4.80
1.81
6.28
6.28
2.18
-3.08
-5.83
-3.89
1.99
8.41
11.35
8.61
1.16
-7.18
-11.78
-9.89
-2.24
7.27
13.92
14.71
10.06
3.41
-0.84
0.01
5.30
11.43
14.11
10.83
2.51
-7.00
-12.94
-12.35
-5.73
3.16
9.47
9.78
3.93
-4.92
-12.08
-13.87
-9.64
-2.10
4.32
5.90
1.65
-6.26
-13.62
-16.71
-14.27
-8.10
-1.83
1.16
-0.41
-5.22
-10.52
-14.26
-16.61
-19.94
-26.93
-38.04
-50.15
-57.40
-54.04
-37.94
-12.28
15.46
37.12
47.53
46.73
39.31
31.53
27.78
28.58
30.83
30.38
24.81
15.10
5.34
0.50
3.37
12.92
24.62
32.66
33.33
27.23
19.21
16.16
23.18
40.49
62.73
81.25
88.23
80.28
59.88
33.81
9.42
-8.76
-20.72
-29.59
-38.84
-49.42
-58.83
-62.63
-57.61
-44.21
-27.08
-12.78
-6.55
-9.58
-18.45
-27.05
-30.00
-25.46
-15.91
-6.72
-2.84
-5.95
-13.68
-20.97
-23.20
-18.76
-9.96
-1.51
2.31
0.26
-5.20
-9.45
-8.59
-1.86
7.75
15.29
16.66
11.12
1.83
-6.00
-8.09
-3.58
4.43
10.75
11.08
4.53
-5.82
-14.68
-17.54
-13.20
-4.52
3.26
5.54
0.95
-7.89
-15.84
-18.44
-14.48
-6.80
-0.53
0.03
-5.94
-15.25
-22.54
-23.58
-17.85
-9.00
-2.71
-3.39
-11.55
-23.57
-33.82
-37.90
-35.33
-29.79
-26.93
-31.03
-42.40
-57.20
-69.57
-75.25
-74.12
-70.54
-71.14
-81.30
-102.24
-130.59
-160.22
-185.35
-202.94
-213.09
-217.49
-217.28
-211.98
-200.20
-181.39
-157.42
-132.76
-112.87
-101.89
-100.65
-106.18
-112.96
-114.96
-107.72
-89.67
-62.28
-29.31
4.90
37.15
66.49
94.77
125.32
161.06
202.37
245.88
285.03
312.18
321.55
311.55
285.37
249.43
210.62
174.00
141.94
115.00
93.54
78.77
72.18
73.92
81.30
89.05
91.54
85.56
72.34
56.92
45.34
41.24
43.82
48.69
50.67
46.98
38.66
29.77
24.56
24.64
27.92
29.89
26.67
17.50
5.47
-4.21
-7.31
-3.21
4.51
10.21
9.59
2.16
-8.34
-16.11
-16.71
-9.70
0.99
9.31
10.66
4.34
-5.97
-14.36
-16.05
-10.15
-0.04
8.59
11.22
6.92
-1.14
-7.53
-7.87
-1.40
8.54
16.43
17.90
12.14
2.48
-5.64
-7.86
-3.40
4.43
10.29
10.11
3.38
-6.50
-14.14
-15.48
-10.09
-1.40
5.39
6.47
1.55
-5.93
-10.95
-9.88
-2.73
6.72
13.04
12.33
4.40
-6.96
-15.95
-17.95
-12.02
-1.33
8.62
13.12
10.78
4.10
-2.10
-3.67
0.37
7.28
12.33
11.74
5.02
-4.56
-11.74
-12.42
-6.17
3.45
10.88
11.80
5.62
-4.13
-11.86
-13.25
-7.86
0.70
6.90
6.63
-0.47
-10.76
-18.80
-20.51
-15.42
-6.81
0.40
2.59
-0.53
-6.01
-9.45
-7.75
-0.88
8.10
14.83
16.07
11.56
3.93
-2.67
-4.99
-2.41
2.84
6.96
6.99
2.51
-4.00
-8.50
-7.74
-1.26
8.21
15.91
17.79
12.64
2.84
-6.81
-11.64
-9.52
-1.74
7.68
14.46
16.07
12.82
7.25
2.34
-0.36
-1.47
-3.26
-7.68
-14.70
-21.83
-25.23
-22.02
-12.19
0.97
12.23
17.33
15.01
7.69
-0.05
-4.14
-3.17
1.10
4.90
5.06
0.78
-6.03
-11.96
-14.04
-11.34
-5.29
1.06
4.91
4.95
1.90
-2.01
-4.48
-4.28
-1.95
0.70
1.86
0.72
-1.87
-3.93
-3.52
0.05
5.55
10.38
11.97
9.23
3.26
-3.11
-6.71
-5.83
-1.18
4.42
7.64
6.39
1.10
-5.72
-10.70
-11.78
-9.40
-6.20
-5.35
-8.41
-14.24
-19.55
-20.77
-16.28
-7.62
1.21
6.03
4.71
-1.58
-9.22
-14.10
-13.88
-9.15
-2.79
1.92
3.09
1.06
-2.00
-3.54
-2.12
1.74
5.92
8.01
6.66
2.56
-1.90
-3.62
-0.64
6.74
15.83
22.89
24.99
21.60
15.01
9.08
7.07
9.86
15.37
19.95
20.40
15.87
8.35
1.53
-1.40
0.48
5.21
9.40
10.10
6.63
1.10
-2.81
-2.13
3.55
11.53
17.54
18.05
12.36
3.09
-5.12
-8.37
-5.64
0.41
5.16
4.68
-2.05
-12.34
-21.35
-24.93
-22.02
-15.26
-9.34
-8.25
-12.83
-20.25
-25.54
-24.72
-17.09
-5.94
3.33
6.28
1.92
-6.59
-13.73
-14.81
-8.61
1.91
11.43
15.26
12.01
4.19
-3.35
-6.37
-3.60
2.63
7.94
8.59
3.66
-4.44
-11.41
-13.52
-9.91
-2.97
2.91
3.92
-0.94
-9.22
-16.30
-18.08
-13.38
-4.73
3.03
5.59
1.63
-6.33
-13.38
-15.21
-10.56
-2.08
5.40
7.68
3.78
-3.53
-9.34
-9.63
-3.63
5.62
13.07
14.50
8.99
-0.56
-9.08
-12.18
-8.64
-1.11
5.54
7.02
2.09
-6.67
-14.41
-16.83
-12.64
-4.36
3.15
5.58
1.71
-5.87
-12.21
-13.03
-7.19
2.39
10.37
12.10
6.30
-4.04
-13.26
-16.20
-11.09
-0.63
9.60
14.36
11.77
4.18
-3.30
-5.93
-2.20
5.38
11.86
13.02
7.88
-0.71
-7.72
-9.10
-4.20
3.73
9.49
9.03
1.96
-8.10
-15.43
-15.56
-7.76
4.34
14.72
18.38
13.99
4.47
-4.70
-8.72
-6.08
0.77
6.97
8.38
3.92
-3.82
-10.08
-10.83
-5.16
4.17
12.11
14.41
9.94
1.38
-6.17
-8.25
-3.61
4.97
12.17
13.31
7.13
-3.47
-12.91
-16.17
-11.68
-2.20
6.80
10.38
7.00
-0.69
-7.35
-8.25
-2.07
8.19
16.82
18.94
13.26
2.90
-6.24
-8.96
-3.85
5.94
14.49
16.60
10.79
0.04
-9.87
-13.82
-10.25
-1.96
5.59
7.69
3.01
-5.66
-13.13
-15.02
-10.39
-2.38
3.70
3.60
-3.33
-13.58
-21.38
-22.05
-14.69
-2.89
7.31
10.82
6.28
-3.32
-12.26
-15.51
-11.51
-3.00
4.69
6.91
2.41
-5.83
-12.32
-12.34
-4.80
6.98
17.06
20.42
15.65
5.78
-3.55
-7.45
-4.55
2.31
7.97
8.17
2.08
-7.22
-14.59
-16.00
-10.82
-2.23
4.71
6.11
1.34
-6.61
-13.00
-14.16
-9.56
-2.18
3.29
3.37
-2.26
-10.44
-16.25
-15.88
-8.82
1.83
11.03
14.64
11.65
4.62
-1.76
-3.54
0.26
7.09
12.49
12.76
7.29
-1.08
-7.60
-8.59
-3.60
4.27
10.19
10.45
4.69
-3.89
-10.42
-11.21
-5.89
2.43
8.95
9.92
4.74
-3.84
-11.31
-13.87
-10.62
-3.86
2.27
4.31
1.45
-3.94
-7.77
-6.59
0.17
9.80
17.66
19.86
15.44
6.87
-1.31
-5.16
-3.52
1.45
5.66
5.62
0.58
-7.14
-13.52
-15.15
-11.30
-4.25
1.92
3.85
0.67
-5.50
-10.80
-11.95
-8.05
-1.22
4.58
6.02
2.28
-4.35
-9.69
-10.14
-4.74
4.17
12.27
15.74
13.34
6.98
0.47
-2.72
-1.45
2.67
6.30
6.60
2.91
-2.95
-7.73
-8.70
-5.26
0.75
5.82
7.01
3.40
-3.28
-9.59
-12.16
-9.55
-2.99
4.15
8.38
7.79
3.06
-2.88
-6.60
-5.94
-1.36
4.48
8.32
8.17
4.51
-0.02
-2.17
-0.10
5.48
11.51
14.51
12.46
6.07
-1.69
-7.12
-7.88
-4.30
0.88
4.15
3.23
-1.63
-7.90
-12.06
-11.80
-7.31
-1.27
2.90
2.94
-0.84
-5.82
-8.64
-7.32
-2.59
2.51
4.63
2.14
-3.73
-9.49
-11.42
-7.70
0.42
9.22
14.63
14.40
9.25
2.39
-2.25
-2.34
1.62
6.67
9.28
7.39
1.76
-4.59
-8.01
-6.54
-1.11
4.87
7.64
5.19
-1.44
-8.72
-12.55
-10.67
-3.93
4.08
9.07
8.43
2.62
-5.11
-10.45
-10.55
-5.50
1.76
7.22
8.09
4.35
-1.24
-4.79
-3.68
1.83
8.64
12.73
11.48
5.23
-2.77
-8.23
-8.33
-3.16
4.16
9.42
9.63
4.59
-3.09
-9.40
-11.32
-8.36
-2.82
1.73
2.53
-0.81
-6.16
-10.07
-9.99
-5.79
0.06
4.09
3.85
-0.51
-6.27
-9.67
-8.17
-2.01
5.79
11.20
11.38
6.32
-1.14
-6.87
-7.79
-3.58
3.05
7.98
7.99
2.70
-5.11
-11.07
-11.77
-6.75
1.09
7.17
7.93
2.91
-4.86
-10.68
-10.86
-4.95
3.88
10.71
11.70
6.28
-2.44
-9.45
-10.73
-5.46
3.41
10.99
13.22
9.17
1.67
-4.47
-5.36
-0.42
7.15
12.32
11.20
3.48
-7.11
-14.97
-15.80
-9.16
1.14
9.31
10.85
5.09
-4.40
-11.95
-13.20
-7.55
1.58
8.76
9.85
4.33
-4.40
-11.13
-11.90
-6.35
2.15
8.54
9.14
3.74
-4.20
-9.68
-9.08
-2.31
6.97
13.61
13.77
7.27
-2.34
-9.73
-10.93
-5.65
2.59
8.56
8.43
2.10
-6.73
-12.67
-11.99
-4.81
4.79
11.25
10.78
3.69
-5.75
-11.73
-10.35
-1.97
8.87
16.02
15.30
6.91
-4.64
-13.04
-13.81
-6.80
3.75
11.81
13.04
7.20
-1.85
-8.52
-8.82
-2.67
6.08
12.04
11.33
3.93
-6.42
-14.25
-15.53
-9.94
-1.06
5.81
6.75
1.45
-6.70
-12.56
-12.45
-6.31
2.16
7.80
7.11
0.37
-8.45
-14.02
-12.85
-5.32
4.47
11.14
11.19
4.93
-3.60
-9.07
-7.87
-0.26
9.79
16.99
17.74
12.08
3.56
-2.91
-4.03
0.06
5.92
9.05
6.84
0.09
-7.39
-10.99
-8.28
-0.54
7.77
11.72
8.78
0.39
-8.79
-13.42
-10.74
-2.09
7.64
12.91
10.63
1.89
-8.54
-14.94
-13.86
-5.99
4.21
11.22
11.60
5.84
-1.98
-6.75
-5.32
1.57
9.77
14.19
11.77
3.33
-6.93
-13.73
-13.75
-7.41
1.37
7.55
7.81
2.28
-5.54
-10.92
-10.71
-5.05
2.66
7.92
7.74
2.31
-5.15
-10.29
-10.32
-5.54
0.79
4.57
3.31
-2.32
-8.80
-11.78
-8.70
-0.37
9.34
15.69
15.62
9.45
0.78
-5.62
-6.40
-1.50
5.94
11.52
12.12
7.71
1.31
-2.89
-2.12
3.16
9.45
12.39
9.41
1.41
-7.57
-12.67
-11.15
-4.05
4.30
8.71
6.19
-2.34
-12.54
-19.01
-18.42
-11.31
-1.75
5.02
5.63
0.30
-7.32
-12.38
-11.72
-5.68
2.16
7.18
6.51
0.77
-6.38
-10.26
-8.17
-0.98
7.23
11.56
9.21
1.18
-8.26
-13.88
-12.58
-5.10
4.43
10.85
10.87
4.89
-3.50
-9.55
-10.13
-5.29
1.96
7.57
8.83
5.75
0.88
-2.24
-1.20
3.93
10.62
15.27
15.26
10.41
3.07
-2.99
-4.83
-1.89
3.59
7.82
7.72
2.80
-4.52
-10.22
-11.10
-6.78
0.03
5.12
5.38
0.62
-6.25
-11.03
-10.84
-5.71
1.27
5.97
5.71
0.83
-5.54
-9.24
-7.61
-1.04
7.10
12.38
11.90
5.92
-2.22
-7.92
-8.02
-2.49
5.49
11.42
12.04
7.11
-0.54
-6.75
-8.38
-4.99
0.93
5.56
6.08
2.11
-4.05
-8.86
-9.62
-5.97
-0.23
4.01
3.96
-0.75
-7.80
-13.38
-14.27
-9.68
-1.74
5.74
9.34
7.93
3.27
-1.11
-1.98
1.69
7.93
12.96
13.48
8.62
0.60
-6.50
-9.07
-6.09
0.26
5.98
7.64
4.33
-1.87
-7.14
-8.31
-4.73
1.25
5.76
5.82
1.10
-5.76
-10.66
-10.55
-5.34
1.96
6.97
6.60
0.91
-6.77
-11.76
-10.70
-3.55
6.34
14.08
16.02
11.63
3.75
-3.15
-5.46
-2.44
3.41
7.95
7.78
2.30
-6.05
-12.99
-15.00
-11.30
-4.41
1.34
2.35
-2.22
-9.91
-16.32
-17.73
-13.24
-5.32
1.61
3.76
0.03
-7.36
-14.21
-16.72
-13.69
-7.13
-0.87
1.75
-0.15
-4.53
-7.70
-6.78
-1.59
5.05
8.83
6.54
-1.82
-12.70
-20.49
-20.56
-11.62
3.45
19.11
29.95
33.19
29.67
22.93
16.86
13.57
12.56
11.58
8.51
2.92
-3.46
-7.73
-7.73
-3.36
3.11
8.28
9.55
6.45
1.04
-3.26
-3.65
0.48
7.13
12.76
14.31
10.85
4.18
-2.15
-4.88
-2.80
2.51
7.69
9.48
6.66
0.75
-4.89
-7.07
-4.80
0.10
4.07
3.97
-0.89
-8.14
-13.56
-13.64
-7.72
1.34
8.61
9.87
4.03
-6.12
-15.34
-18.86
-14.96
-5.91
3.41
8.41
7.24
1.77
-3.61
-4.81
-0.45
7.21
13.68
14.87
9.65
0.55
-7.55
-10.36
-6.61
1.04
7.62
8.79
3.33
-5.99
-14.04
-16.31
-11.56
-2.54
5.70
8.77
5.50
-1.48
-7.42
-8.39
-3.63
3.97
9.61
9.56
3.30
-6.02
-13.37
-14.75
-9.41
-0.24
7.80
10.58
7.06
-0.25
-6.78
-8.66
-5.00
1.57
6.45
5.87
-0.89
-10.84
-18.91
-20.83
-15.72
-6.75
0.64
1.83
-4.25
-14.43
-22.97
-25.00
-19.40
-9.61
-1.77
-1.01
-8.50
-20.80
-31.76
-36.17
-32.86
-25.19
-19.11
-19.45
-26.86
-37.70
-46.36
-48.75
-44.84
-38.74
-36.12
-40.84
-52.66
-67.02
-77.86
-81.21
-77.43
-71.03
-67.94
-71.83
-81.79
-92.49
-96.01
-86.00
-60.40
-22.13
22.81
68.27
110.53
149.05
181.00
204.01
215.80
215.17
203.02
182.59
158.25
133.71
110.80
89.26
67.98
45.96
23.18
0.28
-21.74
-41.80
-58.18
-68.06
-68.48
-58.14
-40.14
-22.14
-13.17
-18.36
-35.03
-53.07
-60.15
-48.85
-20.75
14.38
44.26
60.82
63.68
58.66
52.94
50.46
50.41
49.35
44.47
35.70
25.73
18.31
15.81
18.16
23.05
27.12
27.83
24.43
18.29
11.94
7.87
7.38
10.13
14.40
18.04
19.54
18.45
15.71
12.84
11.22
11.46
13.19
15.28
16.36
15.77
12.76
7.54
1.10
-6.21
-13.99
-22.08
-30.37
-38.88
-47.38
-55.47
-62.55
-68.01
-71.53
-72.99
-72.53
-70.32
-66.87
-62.63
-58.03
-53.26
-48.46
-43.68
-38.83
-33.69
-27.83
-21.16
-13.66
-5.35
3.63
13.11
22.84
32.56
40.79
48.06
54.38
59.61
63.62
66.35
67.91
68.59
68.72
68.75
69.12
69.66
69.95
69.39
67.45
63.84
59.52
54.21
48.30
42.35
36.44
30.30
23.56
15.97
7.73
-0.81
-8.15
-12.99
-14.57
-13.12
-9.63
-5.44
-1.71
1.02
2.98
4.90
7.75
12.37
19.30
28.72
40.10
51.70
60.38
62.26
54.13
35.23
8.14
-21.72
-48.27
-66.86
-75.96
-77.16
-73.74
-68.78
-63.89
-59.16
-54.11
-48.66
-43.46
-39.53
-37.47
-37.01
-37.08
-36.39
-34.09
-30.16
-25.43
-21.06
-18.03
-16.73
-16.76
-17.25
-17.26
-16.22
-14.13
-11.51
-9.14
-7.62
-7.22
-7.69
-8.55
-9.26
-9.50
-9.24
-8.76
-8.44
-8.60
-9.42
-10.76
-12.45
-14.27
-16.03
-17.71
-19.35
-21.10
-23.09
-25.43
-28.07
-31.03
-34.26
-37.73
-41.36
-45.10
-48.95
-52.92
-57.05
-61.21
-65.31
-69.12
-72.23
-74.15
-74.44
-72.76
-68.99
-63.80
-57.04
-48.83
-39.39
-28.82
-17.31
-5.16
7.09
18.65
28.58
36.16
40.93
42.99
43.03
42.00
40.74
39.67
38.61
36.87
33.80
29.01
22.82
16.21
10.39
6.22
3.84
2.52
1.08
-1.56
-6.08
-12.65
-21.00
-30.46
-39.74
-46.78
-49.03
-44.15
-31.25
-11.77
10.54
30.95
45.55
52.79
53.83
51.55
48.86
47.22
46.25
44.54
40.99
35.75
30.24
26.37
25.37
27.05
29.78
31.30
30.04
25.87
20.25
15.45
13.38
14.54
17.73
20.79
21.51
18.87
13.61
7.94
4.35
4.24
7.15
10.94
13.02
11.77
7.50
2.27
-1.30
-1.55
1.29
5.22
7.70
7.08
3.55
-0.98
-4.03
-3.92
-0.85
3.28
5.95
5.50
2.02
-2.65
-5.99
-6.21
-3.35
0.82
3.85
4.01
1.33
-2.48
-5.02
-4.66
-1.54
2.54
5.17
4.74
1.38
-3.09
-6.18
-6.18
-3.11
1.28
4.55
4.97
2.45
-1.39
-4.17
-4.14
-1.20
3.04
6.19
6.50
3.86
-0.14
-3.07
-3.19
-0.42
3.49
6.10
5.65
2.14
-2.62
-6.02
-6.16
-3.00
1.67
5.20
5.63
2.73
-1.80
-5.37
-5.94
-3.22
1.16
4.67
5.28
2.69
-1.48
-4.60
-4.66
-1.42
3.29
6.70
6.70
3.12
-2.06
-5.88
-6.13
-2.65
2.52
6.36
6.65
3.26
-1.81
-5.60
-6.01
-2.95
1.56
4.65
4.33
0.63
-4.32
-7.62
-7.22
-3.19
2.30
6.20
6.39
2.83
-2.32
-5.97
-5.88
-2.03
3.38
7.17
7.04
2.97
-2.78
-6.92
-7.11
-3.31
2.12
5.93
5.84
1.92
-3.39
-6.79
-6.09
-1.51
4.38
8.21
7.81
3.43
-2.35
-6.23
-6.07
-2.12
3.14
6.57
6.16
2.26
-2.71
-5.68
-4.78
-0.46
4.77
7.79
6.73
2.03
-3.71
-7.30
-6.70
-2.34
3.16
6.48
5.50
0.65
-5.33
-8.97
-8.10
-3.14
3.09
7.00
6.41
1.76
-4.12
-7.72
-6.91
-2.24
3.45
6.73
5.64
0.87
-4.69
-7.61
-6.03
-0.73
5.24
8.43
6.97
1.72
-4.19
-7.23
-5.57
-0.22
5.54
8.08
5.71
-0.39
-6.73
-9.65
-7.45
-1.44
4.88
7.85
5.85
0.12
-5.94
-8.82
-6.91
-1.40
4.51
7.47
5.92
0.92
-4.46
-6.92
-4.86
0.68
6.64
9.59
7.88
2.50
-3.37
-6.22
-4.32
1.23
7.07
9.59
7.07
0.80
-5.65
-8.53
-6.10
0.22
6.74
9.71
7.49
1.50
-4.60
-7.18
-4.76
1.10
6.70
8.54
5.33
-1.17
-7.17
-9.12
-5.79
0.91
7.06
9.01
5.58
-1.27
-7.44
-9.18
-5.34
1.86
8.06
9.37
4.75
-3.34
-10.28
-12.05
-7.65
0.29
7.03
8.61
4.19
-3.50
-9.73
-10.72
-5.79
2.18
8.56
9.66
4.93
-2.80
-9.02
-10.16
-5.66
1.76
7.72
8.79
4.46
-2.63
-8.19
-8.94
-4.46
2.46
7.59
7.74
2.65
-4.82
-10.35
-10.77
-5.89
1.33
6.66
7.06
2.47
-4.14
-8.59
-7.98
-2.48
4.74
9.42
8.70
2.86
-4.84
-9.96
-9.58
-3.95
3.55
8.49
7.99
2.47
-4.52
-8.44
-6.50
0.57
8.86
13.58
12.02
5.05
-3.28
-8.19
-7.02
-0.59
7.42
12.87
13.50
10.05
5.34
2.47
2.92
6.03
9.73
12.05
12.17
10.83
9.63
10.05
12.72
17.03
21.63
25.07
26.52
26.28
25.71
26.57
30.15
36.33
43.56
49.75
53.44
54.84
55.87
59.02
65.85
75.93
87.06
96.57
102.87
106.40
109.28
114.03
122.18
133.60
147.00
161.00
174.71
188.03
201.08
213.73
225.41
235.34
242.98
248.52
252.82
257.23
263.23
271.74
282.47
293.47
301.43
302.82
295.36
279.37
257.90
235.59
216.21
200.39
184.92
164.28
133.98
94.04
50.18
11.73
-13.10
-22.03
-20.51
-19.10
-27.77
-50.35
-82.60
-115.17
-139.43
-152.77
-159.72
-168.58
-185.90
-212.07
-241.46
-266.29
-281.99
-290.28
-297.82
-311.44
-332.93
-357.18
-374.87
-378.08
-365.20
-341.87
-317.30
-298.64
-287.04
-277.87
-264.75
-244.30
-218.44
-192.89
-173.31
-161.91
-156.63
-153.00
-147.10
-137.43
-125.03
-112.09
-100.38
-90.46
-81.84
-73.62
-65.20
-56.52
-47.99
-40.36
-34.46
-30.93
-29.82
-30.13
-29.68
-25.76
-16.57
-2.72
12.14
22.58
24.14
15.91
1.66
-11.98
-19.05
-17.48
-9.98
-2.11
1.34
-1.04
-6.83
-11.78
-12.50
-8.31
-1.29
5.23
8.60
8.01
4.59
0.54
-2.18
-2.79
-2.09
-1.69
-2.76
-4.90
-6.03
-3.66
3.18
12.54
20.05
21.32
14.68
2.69
-9.11
-15.40
-14.21
-8.06
-2.10
-0.58
-4.03
-9.13
-11.15
-7.49
0.55
8.64
12.37
9.96
3.12
-4.46
-9.51
-10.64
-8.27
-3.45
2.94
10.10
16.58
20.03
18.17
10.31
-1.49
-13.03
-19.98
-20.12
-14.60
-7.03
-1.34
0.28
-1.87
-5.88
-9.90
-13.08
-15.50
-17.24
-17.38
-14.35
-7.22
2.84
12.27
16.52
12.86
2.53
-9.36
-16.36
-14.64
-5.54
4.98
9.78
4.93
-7.77
-21.68
-29.28
-26.38
-14.59
-0.07
10.09
11.83
6.03
-2.48
-8.13
-7.82
-2.39
4.37
8.25
7.16
2.10
-3.64
-6.59
-5.10
-0.27
4.85
7.02
4.69
-0.98
-6.74
-9.00
-5.95
1.12
8.42
11.73
8.91
1.38
-6.54
-10.17
-7.23
0.68
9.24
13.98
12.99
7.77
1.97
-1.09
-0.40
2.45
4.78
4.75
2.52
-0.13
-1.26
-0.22
1.98
3.46
2.92
0.65
-1.63
-1.86
0.94
5.97
10.99
13.59
12.59
8.75
4.42
2.24
3.78
8.77
15.11
19.98
21.21
18.39
13.24
8.83
8.11
12.37
20.39
28.90
34.33
34.77
31.21
26.98
25.93
30.04
38.24
47.08
52.91
54.09
51.99
49.92
51.08
56.59
65.09
73.67
79.80
82.61
83.07
83.13
84.59
88.24
93.73
99.90
105.39
109.13
110.72
110.59
109.87
109.75
110.55
111.07
108.68
100.53
85.21
63.94
40.46
19.32
3.66
-6.29
-12.91
-19.32
-27.15
-35.42
-41.20
-41.85
-37.07
-29.67
-24.29
-25.05
-33.52
-48.15
-65.46
-82.07
-96.27
-108.35
-119.61
-130.88
-141.70
-150.29
-154.54
-153.20
-146.56
-136.37
-124.99
-114.32
-105.07
-96.68
-87.95
-78.16
-67.92
-59.22
-54.49
-55.01
-59.70
-64.93
-66.01
-59.62
-45.85
-28.57
-13.60
-5.80
-6.51
-12.97
-20.10
-23.54
-21.85
-16.94
-12.23
-10.24
-10.94
-11.95
-10.46
-5.23
2.38
9.08
11.71
9.05
2.63
-4.12
-7.85
-7.11
-3.03
1.44
3.51
2.21
-1.06
-3.38
-2.41
2.03
7.65
11.08
9.97
4.59
-2.33
-7.17
-7.61
-3.87
1.65
5.93
7.10
5.26
2.07
-0.43
-0.96
0.54
3.13
5.41
6.22
4.93
1.76
-2.24
-5.53
-6.72
-5.37
-2.37
0.48
1.51
0.36
-1.67
-2.39
-0.25
4.32
9.00
10.87
8.37
2.57
-3.26
-5.61
-2.88
3.45
9.67
12.05
9.14
2.61
-3.80
-6.63
-4.69
0.33
5.05
6.51
3.86
-1.31
-6.03
-7.73
-5.49
-0.37
5.32
9.24
9.98
7.56
3.33
-0.69
-2.71
-1.99
0.71
3.44
4.11
1.77
-2.67
-6.64
-7.32
-3.37
4.11
11.86
16.20
15.11
9.30
1.83
-3.75
-5.42
-3.71
-1.09
-0.17
-1.86
-4.73
-6.06
-3.77
1.95
8.53
12.53
11.77
6.74
0.20
-4.62
-6.07
-4.82
-2.83
-1.59
-0.85
0.93
4.93
10.42
14.68
14.48
8.41
-1.88
-12.16
-17.78
-16.08
-7.69
3.97
14.34
19.82
19.01
13.07
4.87
-2.14
-5.36
-4.23
-0.57
2.27
1.26
-4.31
-11.96
-17.10
-15.73
-7.21
4.73
13.78
14.68
6.60
-6.11
-16.29
-18.32
-11.30
0.70
11.53
16.91
16.62
13.76
11.80
11.79
11.71
8.39
0.39
-10.21
-18.53
-19.71
-11.88
2.36
17.17
26.41
26.71
18.97
7.43
-2.77
-8.25
-8.61
-5.89
-2.78
-0.73
0.48
1.98
4.34
6.78
7.53
5.25
0.20
-5.48
-8.90
-8.13
-3.29
3.59
9.68
12.84
12.44
9.37
5.17
1.24
-1.58
-2.87
-2.48
-0.47
2.60
5.55
6.86
5.39
1.34
-3.61
-7.03
-7.29
-4.71
-1.55
-0.55
-2.99
-7.53
-10.85
-9.82
-3.72
4.96
11.82
13.31
8.90
1.49
-4.29
-5.02
-0.44
6.47
11.50
11.82
7.58
1.60
-2.58
-2.88
0.15
3.90
5.48
3.58
-0.86
-5.17
-6.71
-4.44
0.45
5.26
7.43
6.06
2.39
-1.01
-1.94
-0.01
3.06
4.63
3.02
-1.16
-5.14
-5.57
-0.69
8.33
17.76
23.19
21.86
14.03
2.77
-7.57
-13.44
-13.56
-9.27
-3.64
0.18
0.41
-2.58
-6.61
-9.09
-8.40
-4.78
0.05
3.90
5.25
3.93
0.99
-1.87
-3.05
-1.76
1.65
5.76
8.62
8.84
6.40
2.80
0.24
0.09
1.94
3.70
3.16
-0.23
-4.54
-6.39
-3.36
3.90
11.61
14.81
10.40
-0.67
-13.65
-22.52
-23.13
-15.48
-3.34
7.93
14.43
15.52
13.40
11.02
9.66
8.16
4.49
-1.99
-9.13
-12.84
-9.98
-0.88
10.34
17.99
18.38
11.89
2.40
-5.42
-9.01
-8.97
-7.79
-7.59
-8.56
-9.42
-8.93
-7.18
-5.41
-4.44
-3.49
-0.37
6.67
16.81
26.15
29.69
24.54
12.24
-1.64
-10.84
-12.11
-7.14
-1.06
1.52
-0.23
-2.95
-1.95
4.60
13.67
18.91
15.06
1.98
-14.47
-25.77
-25.97
-15.45
-0.70
9.79
10.89
3.97
-4.27
-6.42
0.55
13.04
23.11
23.67
13.28
-2.74
-15.49
-18.23
-10.48
1.84
10.53
10.50
2.87
-6.30
-10.45
-7.07
0.84
7.08
6.67
-0.89
-11.51
-19.43
-20.85
-16.09
-8.80
-3.32
-2.13
-4.79
-8.97
-12.25
-13.60
-13.54
-13.34
-14.06
-16.14
-19.42
-23.57
-28.22
-32.93
-37.25
-40.97
-44.43
-48.44
-53.71
-60.26
-67.15
-73.11
-77.49
-81.02
-85.51
-92.68
-102.96
-114.98
-126.49
-135.76
-142.82
-149.34
-157.61
-168.87
-182.59
-196.86
-209.67
-220.38
-230.09
-241.01
-255.00
-272.31
-291.25
-308.96
-322.74
-331.10
-334.11
-332.94
-329.19
-324.41
-319.82
-315.96
-311.98
-305.27
-291.89
-268.35
-233.95
-192.01
-148.98
-111.23
-81.61
-58.01
-35.24
-9.01
20.62
49.09
70.66
82.92
89.22
96.78
112.00
136.10
164.33
189.51
207.38
219.82
233.64
255.68
287.78
325.03
358.71
381.70
392.64
395.93
397.94
402.14
406.81
406.54
396.55
376.48
350.74
325.84
306.31
292.29
280.11
265.26
245.48
221.93
198.16
177.65
161.89
149.99
139.64
128.71
116.36
103.15
90.45
79.66
71.62
66.30
62.89
59.87
55.62
49.07
40.33
30.82
22.84
18.31
17.79
19.84
21.72
20.82
16.12
8.97
2.26
-1.28
-0.75
2.19
4.43
3.31
-1.55
-7.87
-12.03
-11.27
-5.43
2.79
9.46
11.66
9.05
3.97
-0.23
-1.32
0.36
2.14
0.87
-4.57
-11.99
-16.62
-14.01
-3.36
11.14
22.06
23.03
12.83
-3.50
-17.47
-22.36
-17.26
-7.38
-0.08
0.47
-3.86
-6.89
-3.24
6.99
17.65
20.81
12.66
-3.18
-17.62
-22.26
-15.00
-1.50
8.88
9.60
1.38
-8.77
-12.71
-7.21
3.92
12.83
13.34
5.38
-5.27
-11.29
-9.03
-0.94
6.63
8.12
2.71
-5.61
-11.32
-11.48
-7.54
-3.55
-2.44
-3.32
-2.38
3.49
13.18
20.94
19.98
7.70
-11.33
-27.25
-30.61
-18.53
3.16
23.17
31.44
24.85
8.64
-7.43
-15.18
-12.45
-3.44
4.83
7.19
2.90
-4.71
-10.96
-12.83
-10.32
-5.66
-1.54
0.58
1.14
1.67
3.52
6.63
9.12
8.23
2.02
-8.92
-20.78
-27.70
-24.74
-11.03
8.75
26.04
32.65
25.37
7.93
-10.69
-21.33
-19.65
-8.34
4.83
11.78
9.02
-0.57
-9.75
-11.59
-3.92
9.18
19.70
20.48
9.62
-8.13
-23.75
-29.06
-21.26
-4.60
12.25
21.17
19.19
9.72
-0.14
-4.48
-2.34
2.12
3.04
-2.58
-12.44
-20.24
-19.86
-9.82
5.41
17.80
20.67
12.69
-1.40
-13.84
-18.44
-14.13
-4.89
3.17
5.78
2.86
-2.03
-4.44
-2.07
3.85
9.52
10.99
6.63
-1.92
-10.73
-15.70
-14.69
-8.47
-0.16
6.50
8.95
6.87
2.01
-2.91
-5.45
-4.64
-1.16
3.08
5.97
6.22
3.95
0.65
-1.63
-1.52
0.83
3.61
4.35
1.48
-4.53
-11.03
-14.52
-12.69
-5.83
3.04
9.86
11.76
8.61
2.95
-1.75
-3.22
-1.66
0.62
1.05
-1.34
-5.16
-7.50
-5.96
-0.37
6.87
12.01
12.08
6.67
-1.80
-9.31
-12.41
-9.95
-3.62
3.09
6.84
6.13
2.00
-2.70
-5.07
-3.89
-0.24
3.12
3.57
0.33
-5.02
-9.35
-9.92
-6.10
0.28
5.94
8.01
5.65
0.32
-5.10
-7.92
-7.03
-3.28
1.08
3.80
3.62
0.88
-2.76
-5.27
-5.25
-2.70
0.92
3.52
3.46
0.52
-3.80
-7.12
-7.50
-4.67
-0.27
3.08
3.34
0.39
-3.90
-6.75
-6.25
-2.54
2.30
5.53
5.50
2.63
-0.95
-2.79
-1.73
1.34
4.11
4.29
1.19
-3.80
-7.90
-8.57
-5.04
1.17
7.06
9.75
8.07
3.14
-2.33
-5.55
-5.14
-1.77
2.35
4.79
4.28
1.34
-2.10
-3.85
-2.75
0.60
4.18
5.65
3.78
-0.75
-5.59
-8.05
-6.66
-2.14
2.97
5.79
4.86
1.05
-3.02
-4.62
-2.64
1.65
5.50
6.29
3.27
-2.06
-6.80
-8.37
-6.00
-1.16
3.35
5.04
3.09
-1.22
-5.31
-6.74
-4.62
-0.16
4.02
5.32
2.68
-2.75
-8.14
-10.54
-8.54
-3.12
2.89
6.47
6.18
2.86
-0.85
-2.28
-0.43
3.38
6.37
6.17
2.39
-3.04
-7.03
-7.26
-3.66
1.55
5.22
5.21
1.65
-3.18
-6.23
-5.62
-1.70
3.09
5.69
4.25
-0.72
-6.61
-10.07
-8.94
-3.45
3.80
9.27
10.38
6.96
1.24
-3.48
-4.86
-2.84
0.40
2.01
0.39
-3.68
-7.61
-8.59
-5.54
0.18
5.53
7.68
5.59
0.51
-4.88
-8.06
-8.00
-5.40
-2.11
0.02
0.03
-1.82
-4.29
-5.86
-5.49
-3.23
-0.40
1.09
-0.23
-4.41
-9.69
-13.40
-13.44
-9.74
-4.55
-1.21
-2.07
-7.05
-13.39
-17.40
-16.71
-11.83
-6.00
-3.18
-5.59
-12.35
-19.79
-23.55
-21.07
-13.03
-3.06
4.35
6.27
2.88
-2.74
-6.54
-5.78
-0.62
6.15
10.98
11.81
9.25
6.23
5.93
9.75
16.24
21.90
23.39
19.56
12.14
4.88
1.23
2.53
7.30
12.19
14.04
11.54
5.92
0.22
-2.57
-1.16
3.26
7.68
9.08
6.23
0.50
-4.86
-6.71
-3.91
1.76
6.77
7.97
4.58
-1.29
-6.02
-6.80
-3.42
1.63
4.90
4.17
-0.17
-5.46
-8.41
-7.12
-2.13
4.00
8.13
8.30
4.64
-0.81
-5.20
-6.42
-4.10
0.22
4.00
5.17
3.29
-0.21
-2.91
-2.88
0.04
4.08
6.67
6.06
2.43
-2.09
-4.82
-4.09
-0.38
4.01
6.45
5.46
1.64
-2.75
-5.23
-4.53
-1.24
2.67
5.17
5.21
3.15
0.31
-1.84
-2.38
-1.31
0.67
2.46
2.95
1.56
-1.37
-4.51
-5.94
-4.29
0.15
5.23
7.74
5.42
-1.30
-9.09
-13.41
-11.40
-4.00
4.47
8.72
6.05
-1.77
-9.34
-11.03
-4.77
6.29
15.53
16.86
8.83
-4.22
-14.66
-16.29
-8.30
4.11
13.09
13.10
4.46
-6.99
-13.75
-11.68
-2.63
6.94
10.27
5.00
-5.30
-13.49
-13.69
-5.22
6.86
15.07
14.30
5.12
-6.59
-13.28
-10.49
0.30
12.45
18.09
12.79
-1.64
-18.00
-27.66
-25.50
-12.74
3.92
16.32
19.51
14.29
5.95
0.37
0.08
2.86
3.95
-0.01
-8.08
-15.34
-16.20
-8.49
4.73
16.76
21.42
16.78
6.11
-4.42
-9.69
-8.44
-3.48
0.67
0.93
-2.60
-7.10
-9.10
-6.88
-1.27
5.09
9.49
10.76
9.41
6.95
4.71
3.14
1.83
0.04
-2.72
-6.15
-9.20
-10.35
-8.36
-3.20
3.57
9.18
11.02
8.14
1.99
-4.31
-7.73
-7.16
-3.82
-0.39
0.96
-0.13
-2.39
-4.03
-4.15
-3.18
-2.15
-1.72
-1.66
-1.21
-0.02
1.53
2.47
2.12
0.77
-0.45
-0.30
1.79
5.18
8.36
9.72
8.36
4.54
-0.58
-5.45
-8.79
-10.12
-9.73
-8.30
-6.41
-4.11
-1.19
2.39
5.89
7.75
6.28
1.02
-6.42
-12.56
-13.82
-8.78
0.57
9.48
13.18
9.78
1.58
-6.30
-9.18
-5.74
1.17
6.57
6.72
1.59
-5.25
-9.05
-7.02
0.01
8.24
13.33
13.07
8.33
2.21
-2.02
-2.90
-1.42
-0.13
-1.23
-5.04
-9.67
-12.22
-10.65
-5.32
1.16
5.43
5.57
2.26
-1.71
-3.49
-2.04
1.26
3.81
3.83
1.78
-0.09
0.46
3.78
7.93
9.97
8.08
2.86
-3.09
-6.95
-7.50
-5.64
-3.34
-2.11
-2.02
-2.10
-1.48
-0.35
0.13
-1.03
-3.52
-5.61
-5.28
-1.66
4.04
9.09
10.87
8.57
3.65
-1.07
-3.23
-2.43
-0.30
0.74
-0.75
-4.17
-7.23
-7.44
-3.92
1.84
6.76
7.94
4.43
-2.12
-8.32
-10.94
-8.71
-2.94
3.30
6.93
6.64
3.40
-0.24
-1.79
-0.42
2.68
5.12
4.92
1.79
-2.64
-5.79
-5.82
-2.70
1.68
4.80
4.96
2.29
-1.46
-4.00
-3.93
-1.46
1.82
3.96
3.79
1.53
-1.43
-3.30
-2.93
-0.42
2.85
5.04
4.80
2.12
-1.54
-4.05
-3.91
-1.22
2.25
4.08
2.73
-1.37
-5.97
-8.27
-6.76
-2.18
2.82
5.30
3.80
-0.76
-5.65
-7.99
-6.44
-1.98
2.77
5.18
4.08
0.42
-3.36
-4.82
-3.01
1.05
4.90
6.19
4.03
-0.44
-4.70
-6.33
-4.46
-0.29
3.69
5.12
3.18
-0.94
-4.88
-6.45
-4.92
-1.31
2.29
4.03
3.31
1.03
-1.07
-1.48
0.25
3.25
5.89
6.62
4.76
0.88
-3.41
-6.13
-5.94
-2.87
1.48
4.66
4.76
1.53
-3.16
-6.35
-5.82
-1.58
3.86
6.99
5.57
0.18
-5.90
-8.81
-6.52
-0.25
6.26
9.09
6.53
0.12
-6.38
-9.38
-7.56
-2.56
2.27
4.03
2.02
-1.93
-4.83
-4.52
-1.04
3.42
6.07
5.22
1.34
-3.31
-6.11
-5.65
-2.34
1.92
5.06
5.86
4.40
1.63
-1.23
-3.36
-4.40
-4.46
-3.91
-3.29
-3.08
-3.30
-3.14
-1.21
3.48
10.24
16.19
17.30
10.83
-2.24
-16.70
-25.42
-23.55
-11.69
3.99
15.36
17.31
10.83
2.02
-2.35
0.41
7.14
11.44
8.50
-1.24
-12.29
-17.85
-14.59
-4.86
5.01
9.02
5.55
-1.93
-7.40
-6.55
0.46
9.41
14.95
14.09
7.61
-1.10
-8.50
-12.80
-14.11
-13.21
-10.42
-5.56
1.06
7.85
12.36
12.72
9.01
3.40
-1.38
-3.80
-4.38
-4.96
-6.81
-9.38
-10.60
-8.54
-3.05
3.78
8.92
10.35
8.39
5.29
3.59
4.28
6.05
6.28
2.96
-3.71
-11.03
-15.15
-13.40
-5.93
4.08
12.13
14.75
11.29
4.14
-2.82
-6.38
-5.74
-2.65
-0.14
-0.52
-3.94
-8.21
-10.05
-7.11
0.45
9.63
16.03
16.21
9.74
-0.29
-8.80
-11.58
-7.78
-0.50
5.14
5.20
-0.47
-7.99
-11.93
-8.87
0.12
9.95
14.64
11.15
1.42
-8.78
-13.52
-10.39
-1.94
6.15
8.84
4.98
-2.12
-7.14
-6.32
0.01
7.79
11.98
9.86
2.69
-5.32
-9.75
-8.71
-3.66
1.91
4.85
4.27
1.67
-0.42
-0.31
1.90
4.63
6.08
5.35
2.85
-0.27
-2.89
-4.40
-4.61
-3.58
-1.53
0.93
2.71
2.65
0.28
-3.53
-6.71
-7.15
-4.14
0.84
4.83
5.24
1.68
-3.52
-6.69
-5.19
0.70
7.67
11.50
9.70
3.17
-4.20
-8.05
-6.24
-0.27
5.69
7.49
3.69
-3.54
-9.74
-10.96
-6.26
1.69
8.23
9.55
4.94
-2.87
-9.41
-11.14
-7.42
-0.77
4.83
6.29
3.22
-2.08
-6.04
-6.06
-2.04
3.61
7.42
6.97
2.29
-4.17
-8.85
-9.12
-4.79
1.81
7.07
8.16
4.60
-1.49
-6.49
-7.43
-3.67
2.67
7.91
8.97
5.22
-1.06
-6.00
-6.48
-2.07
4.56
9.27
8.98
3.61
-3.75
-8.75
-8.38
-2.94
4.22
8.79
8.13
2.81
-3.84
-7.88
-7.14
-2.40
3.35
6.79
6.27
2.45
-2.23
-5.09
-4.73
-1.65
2.20
4.56
4.03
0.79
-3.49
-6.42
-6.19
-2.50
3.01
7.53
8.57
5.36
-0.48
-5.74
-7.45
-4.73
0.60
5.07
5.71
2.00
-3.73
-7.69
-7.09
-2.02
4.53
8.52
7.38
1.72
-5.09
-9.00
-7.78
-2.44
3.56
6.45
4.47
-1.13
-6.97
-9.56
-7.41
-1.76
4.26
7.51
6.60
2.53
-2.02
-4.31
-3.07
0.87
5.14
7.20
5.79
1.59
-3.14
-5.80
-4.89
-0.89
3.99
7.02
6.40
2.45
-2.64
-5.93
-5.47
-1.49
3.65
6.82
5.97
1.36
-4.48
-8.26
-7.90
-3.73
1.60
4.89
4.23
0.26
-4.35
-6.52
-4.75
0.01
4.95
7.13
5.26
0.44
-4.55
-6.94
-5.54
-1.35
3.06
5.17
3.92
0.28
-3.35
-4.57
-2.37
2.25
6.81
8.75
6.87
2.06
-3.22
-6.22
-5.54
-1.84
2.52
4.90
3.83
-0.05
-4.43
-6.67
-5.38
-1.20
3.50
6.05
4.99
0.99
-3.57
-5.97
-4.72
-0.47
4.30
6.79
5.44
0.89
-4.38
-7.43
-6.61
-2.48
2.46
5.30
4.50
0.88
-2.94
-4.14
-1.70
2.85
6.35
6.05
1.52
-4.84
-9.33
-9.19
-4.50
1.94
6.37
6.46
2.69
-2.09
-4.64
-3.28
1.13
5.94
8.30
6.82
2.13
-3.60
-7.76
-8.57
-5.71
-0.42
5.03
8.32
8.07
4.54
-0.45
-4.41
-5.44
-3.34
0.23
2.76
2.44
-0.62
-4.27
-5.65
-2.93
3.28
10.01
13.40
10.96
3.08
-6.83
-13.99
-14.79
-8.72
1.14
9.88
13.29
10.18
2.82
-4.51
-8.26
-7.62
-4.71
-2.87
-4.10
-7.51
-9.83
-7.67
-0.14
10.16
18.38
20.29
14.85
4.89
-4.62
-9.53
-8.79
-4.71
-1.12
-0.66
-3.18
-6.03
-6.11
-2.08
4.51
10.13
11.41
7.29
-0.23
-7.27
-10.33
-8.26
-2.85
2.32
4.10
1.65
-3.10
-6.74
-6.46
-1.78
5.10
10.50
11.42
7.23
-0.11
-7.10
-10.67
-9.67
-5.20
0.21
4.15
5.46
4.49
2.58
1.09
0.73
1.31
2.04
2.14
1.17
-0.71
-2.87
-4.46
-4.72
-3.38
-0.82
1.97
3.76
3.77
2.05
-0.35
-2.02
-1.93
-0.24
1.76
2.45
0.87
-2.53
-5.93
-7.23
-5.34
-0.96
3.68
6.17
5.32
1.83
-1.99
-3.73
-2.24
1.67
5.74
7.53
5.73
0.83
-5.11
-9.43
-10.15
-6.91
-1.18
4.40
7.24
6.11
1.94
-2.61
-4.56
-2.42
2.78
7.79
9.11
5.12
-2.40
-9.14
-10.74
-5.84
2.67
9.07
8.51
0.49
-10.22
-16.31
-12.75
-0.45
13.81
21.49
17.93
5.64
-7.06
-11.67
-5.22
7.46
16.96
15.81
3.64
-12.28
-21.92
-19.30
-6.54
7.63
13.86
8.42
-4.43
-15.49
-16.93
-7.56
6.62
16.58
16.17
5.93
-7.74
-16.81
-16.55
-7.83
4.12
13.30
16.14
12.85
6.27
-0.13
-4.08
-5.10
-4.09
-2.52
-1.65
-2.15
-3.94
-6.20
-7.64
-7.07
-4.02
0.86
5.86
8.94
8.70
5.21
0.17
-3.84
-4.63
-1.70
3.38
7.75
8.88
6.15
1.28
-2.77
-3.74
-1.53
1.78
3.39
1.75
-2.35
-6.33
-7.60
-5.21
-0.59
3.55
4.87
2.89
-0.81
-3.69
-3.86
-1.22
2.49
4.78
3.94
0.17
-4.45
-7.12
-6.04
-1.53
3.87
6.93
5.61
0.52
-5.33
-8.26
-6.11
0.28
7.45
11.28
9.35
2.47
-5.72
-10.79
-9.96
-3.72
4.49
10.21
10.48
5.53
-1.45
-6.19
-5.89
-0.96
5.27
8.56
6.40
-0.28
-7.68
-11.34
-8.89
-1.50
6.85
11.76
11.02
5.70
-0.69
-4.40
-3.60
0.80
5.93
8.80
7.96
4.26
0.20
-1.47
0.78
6.40
13.06
17.75
18.35
14.68
8.64
3.27
1.19
3.20
7.91
12.54
14.55
13.23
10.02
7.78
8.86
13.44
19.01
21.66
18.55
9.94
-0.35
-6.82
-5.46
3.60
15.80
24.51
24.78
16.32
3.70
-6.22
-8.37
-2.38
7.26
14.01
13.28
5.33
-4.91
-10.87
-8.49
1.15
12.28
17.94
14.30
3.09
-9.34
-15.92
-13.24
-3.59
6.57
10.85
6.95
-2.07
-10.01
-11.69
-6.26
2.45
8.62
8.31
1.86
-6.64
-12.15
-11.97
-7.13
-1.37
1.47
-0.04
-4.33
-8.25
-9.23
-6.95
-3.27
-0.87
-1.55
-5.28
-10.41
-14.84
-16.98
-16.47
-14.00
-10.97
-8.97
-9.13
-11.81
-16.27
-20.78
-23.38
-22.93
-19.94
-16.63
-15.66
-18.57
-24.58
-30.81
-33.95
-32.41
-27.56
-23.15
-23.05
-28.79
-38.50
-47.79
-52.41
-50.83
-45.10
-39.65
-38.59
-43.42
-52.46
-62.11
-69.38
-73.72
-77.07
-82.37
-91.25
-102.86
-114.19
-121.87
-124.20
-122.22
-119.15
-118.50
-122.13
-129.31
-137.29
-142.95
-144.49
-142.35
-138.67
-135.75
-134.51
-133.65
-129.90
-119.41
-99.31
-69.38
-32.45
6.48
41.83
69.56
88.51
100.32
107.84
113.03
115.50
113.16
104.34
90.19
75.58
67.47
71.59
89.19
115.97
144.07
165.89
177.56
180.07
177.69
174.78
173.10
170.97
165.15
153.40
136.43
117.94
102.61
93.66
90.90
90.94
89.26
82.76
71.49
58.54
48.13
43.09
43.28
45.65
46.18
42.20
33.82
23.87
16.07
12.94
14.32
17.59
19.25
17.04
11.16
4.18
-0.53
-0.88
2.71
7.49
10.11
8.50
3.18
-3.07
-6.92
-6.45
-2.40
2.37
4.58
2.54
-2.77
-8.35
-10.81
-8.53
-2.61
3.73
7.01
5.44
0.02
-6.05
-9.21
-7.64
-2.40
3.25
5.74
3.42
-2.47
-8.39
-10.74
-7.95
-1.58
4.66
7.10
4.35
-1.94
-8.04
-10.42
-7.80
-1.84
3.94
6.28
4.00
-1.41
-6.75
-8.97
-6.90
-1.81
3.39
5.86
4.37
0.01
-4.49
-6.37
-4.44
0.16
4.66
6.24
3.82
-1.29
-6.02
-7.42
-4.51
1.10
6.06
7.29
3.89
-2.31
-7.81
-9.50
-6.54
-0.83
4.16
5.44
2.30
-3.37
-8.18
-9.34
-6.24
-0.81
3.63
4.35
0.82
-4.99
-9.66
-10.37
-6.55
-0.25
4.98
6.13
2.56
-3.68
-8.91
-10.03
-6.37
0.01
5.42
6.82
3.54
-2.31
-7.18
-8.18
-4.82
0.79
5.22
5.79
2.15
-3.53
-7.89
-8.40
-4.83
0.63
4.59
4.56
0.39
-5.61
-9.98
-10.18
-6.04
0.07
4.62
5.00
1.03
-4.90
-9.23
-9.33
-5.04
1.26
5.91
6.19
1.85
-4.69
-9.74
-10.48
-6.58
-0.42
4.34
4.95
1.17
-4.57
-8.72
-8.70
-4.41
1.73
6.30
6.82
3.08
-2.86
-7.89
-9.56
-7.30
-2.72
1.43
2.77
0.70
-3.18
-6.07
-5.75
-2.23
2.03
3.60
0.50
-6.12
-12.27
-13.49
-7.83
2.55
12.28
15.99
11.54
1.40
-8.84
-13.85
-11.68
-4.69
2.09
4.30
0.81
-5.77
-10.91
-11.08
-5.96
1.53
6.93
7.06
1.94
-5.42
-10.79
-11.31
-6.97
-0.40
4.80
6.21
3.76
-0.63
-4.32
-5.57
-4.25
-1.56
0.74
1.43
0.19
-2.42
-5.38
-7.55
-8.08
-6.66
-3.79
-0.62
1.35
1.06
-1.34
-4.44
-6.12
-4.97
-1.30
2.82
4.69
2.73
-2.28
-7.46
-9.49
-6.85
-0.94
4.71
6.54
3.28
-3.15
-8.87
-10.44
-7.06
-1.04
3.80
4.52
1.02
-4.10
-7.22
-6.08
-1.26
4.27
7.08
5.41
0.29
-5.23
-7.87
-6.15
-1.16
4.12
6.69
5.17
0.59
-4.39
-7.07
-6.15
-2.53
1.39
3.10
1.50
-2.47
-6.42
-7.89
-5.78
-1.11
3.61
5.80
4.37
0.28
-3.97
-5.82
-4.17
-0.06
3.95
5.33
3.05
-1.77
-6.47
-8.36
-6.37
-1.64
3.08
5.02
3.01
-1.82
-6.64
-8.59
-6.46
-1.44
3.59
5.69
3.61
-1.52
-6.88
-9.52
-8.12
-3.67
1.21
3.73
2.52
-1.73
-6.72
-9.87
-9.73
-6.71
-2.68
0.14
0.39
-1.71
-4.52
-5.95
-4.78
-1.58
1.57
2.18
-0.89
-6.46
-11.26
-11.75
-6.43
2.82
11.38
14.43
9.84
-0.35
-10.82
-15.94
-13.10
-4.30
5.17
9.72
6.92
-1.16
-9.20
-11.91
-7.28
2.09
10.54
12.81
7.31
-2.82
-11.48
-13.40
-7.47
2.60
10.62
11.89
6.06
-2.80
-9.01
-9.08
-3.76
2.65
5.54
2.99
-3.12
-8.68
-10.27
-7.36
-2.38
1.20
1.31
-1.48
-4.65
-5.59
-3.25
1.16
5.19
6.73
5.16
1.56
-2.13
-4.25
-4.10
-2.15
0.44
2.38
2.84
1.68
-0.57
-2.78
-3.69
-2.50
0.66
4.57
7.54
8.32
6.83
4.43
3.12
4.37
8.10
12.56
15.36
15.00
11.92
8.47
7.65
11.23
18.60
26.87
32.53
33.41
30.09
25.68
24.08
27.83
36.73
47.98
57.84
63.76
65.69
65.98
67.86
73.54
83.10
94.60
105.52
114.29
121.21
128.10
136.93
148.63
162.48
176.71
189.69
200.91
211.19
222.09
234.81
249.65
265.85
282.18
297.60
311.60
324.43
336.76
349.20
361.80
373.71
383.07
387.63
385.53
376.34
361.27
342.65
322.60
301.73
278.76
251.37
217.84
178.59
136.46
95.60
59.55
29.56
4.29
-19.07
-42.82
-67.24
-90.39
-109.56
-123.26
-132.81
-142.14
-155.98
-177.53
-206.73
-240.40
-274.12
-304.73
-331.78
-357.16
-383.15
-410.21
-435.88
-455.83
-466.08
-465.32
-455.63
-441.28
-426.38
-412.76
-399.33
-383.35
-362.54
-336.85
-308.75
-281.92
-259.16
-240.94
-225.30
-209.33
-191.12
-171.02
-151.49
-135.48
-124.66
-118.25
-113.42
-106.94
-96.91
-83.78
-69.97
-58.36
-50.73
-46.85
-44.78
-42.05
-36.95
-29.36
-20.79
-13.36
-8.81
-7.54
-8.43
-9.41
-8.60
-5.33
-0.66
3.24
4.24
1.68
-3.13
-7.46
-8.70
-5.93
-0.60
4.33
6.03
3.54
-1.63
-6.39
-7.92
-5.32
-0.10
4.73
6.54
4.60
0.49
-2.91
-3.19
0.09
5.01
8.52
8.19
3.86
-2.31
-6.92
-7.43
-3.68
1.98
5.98
5.75
1.25
-4.89
-8.88
-8.08
-2.66
4.32
8.72
7.67
1.47
-6.53
-11.74
-11.08
-4.80
3.57
9.32
9.37
4.14
-2.83
-7.00
-5.78
-0.18
5.87
8.03
4.36
-3.25
-10.29
-12.40
-8.29
-0.53
5.93
6.91
1.54
-7.33
-15.01
-17.88
-15.43
-10.08
-5.34
-3.44
-4.26
-5.98
-6.71
-5.91
-4.54
-4.05
-5.09
-7.06
-8.61
-8.81
-7.86
-6.79
-6.62
-7.53
-8.80
-9.46
-9.04
-7.98
-7.02
-6.44
-5.77
-4.18
-1.49
1.25
2.31
0.51
-3.47
-7.13
-7.61
-3.81
2.50
7.50
7.85
3.03
-4.01
-8.61
-7.52
-1.23
6.23
9.85
7.07
-0.51
-8.06
-10.64
-6.44
2.09
9.87
12.40
8.56
0.96
-5.76
-7.91
-4.75
1.35
6.60
8.03
5.01
-0.68
-6.05
-8.63
-7.54
-3.93
-0.15
1.48
-0.11
-4.16
-8.45
-10.70
-10.03
-7.69
-6.35
-8.22
-13.30
-18.90
-21.21
-17.88
-10.13
-2.56
-0.63
-7.02
-19.69
-32.53
-38.80
-35.20
-24.02
-11.95
-6.36
-11.04
-23.98
-38.53
-46.55
-42.25
-24.24
4.82
39.69
74.23
102.19
117.73
116.49
97.47
64.89
28.36
0.60
-7.08
10.50
50.01
100.74
148.68
181.73
193.38
183.89
159.01
127.26
97.40
76.27
67.72
72.03
86.37
105.66
124.11
136.90
141.16
136.36
123.79
105.42
83.35
59.75
36.98
17.95
5.48
1.13
4.03
10.57
15.59
14.69
6.25
-7.95
-23.95
-38.21
-49.87
-61.16
-75.71
-95.73
-119.93
-143.54
-160.40
-166.23
-160.80
-148.02
-133.76
-122.78
-116.69
-113.71
-110.37
-103.91
-93.96
-82.61
-72.99
-67.28
-65.46
-65.39
-63.99
-59.10
-50.63
-40.65
-32.16
-27.42
-26.68
-28.02
-28.52
-25.96
-20.20
-13.24
-7.98
-6.39
-8.35
-11.62
-13.24
-11.35
-6.32
-0.49
3.27
3.32
0.14
-3.96
-6.31
-5.43
-1.83
2.37
4.83
4.28
1.25
-2.33
-4.23
-3.24
0.19
4.19
6.54
5.91
2.61
-1.51
-4.09
-3.57
-0.14
4.36
7.44
7.41
4.38
0.20
-2.63
-2.47
0.40
3.99
5.85
4.59
0.79
-3.31
-5.20
-3.54
0.94
5.92
8.83
8.30
4.87
0.66
-1.93
-1.58
1.27
4.66
6.35
5.14
1.59
-2.28
-4.21
-3.02
0.57
4.41
6.16
4.69
0.81
-3.20
-4.91
-3.28
0.80
4.94
6.76
5.23
1.25
-2.83
-4.62
-3.08
0.91
5.09
7.07
5.81
2.12
-1.75
-3.44
-1.90
1.95
5.77
7.18
5.21
0.94
-3.11
-4.48
-2.24
2.36
6.67
8.22
6.18
1.79
-2.35
-3.85
-1.98
2.05
5.77
7.02
5.14
1.26
-2.38
-3.73
-2.13
1.32
4.52
5.47
3.58
-0.05
-3.24
-4.02
-1.80
2.22
5.76
6.80
4.90
1.36
-1.54
-1.97
0.22
3.48
5.57
4.98
2.00
-1.54
-3.35
-2.30
0.94
4.24
5.42
3.55
-0.39
-4.15
-5.61
-4.12
-0.72
2.58
4.21
3.96
2.82
1.87
1.28
0.20
-2.20
-5.54
-7.89
-7.04
-2.34
4.14
8.53
7.71
1.95
-4.72
-7.10
-2.71
5.95
12.70
12.21
4.35
-4.93
-7.37
1.46
18.18
32.90
35.47
22.51
0.21
-19.19
-25.18
-15.78
1.45
14.71
15.98
6.20
-6.08
-11.00
-4.65
8.53
18.88
18.46
6.50
-10.17
-21.81
-22.09
-11.82
2.31
12.44
14.42
9.51
2.44
-2.31
-3.23
-1.81
-0.51
-0.66
-1.88
-2.92
-2.98
-2.17
-0.99
0.41
2.31
4.78
6.94
7.29
4.82
0.21
-4.10
-5.44
-2.78
2.37
6.89
8.17
5.82
1.82
-1.14
-1.66
-0.41
0.66
0.16
-1.61
-3.01
-2.51
-0.15
2.40
3.15
1.33
-1.88
-4.11
-3.50
0.07
4.96
8.85
10.23
9.08
6.54
4.09
2.59
2.07
2.07
2.02
1.58
0.71
-0.36
-1.19
-1.29
-0.39
1.24
2.70
2.88
1.17
-1.91
-4.77
-5.60
-3.51
0.73
5.07
7.33
6.62
3.86
1.16
0.48
2.35
5.50
7.67
7.04
3.31
-2.08
-6.69
-8.42
-6.51
-1.95
3.12
6.53
7.15
5.37
2.75
0.99
0.94
2.11
3.16
2.91
1.28
-0.58
-1.07
0.72
4.19
7.42
8.23
5.52
-0.06
-6.34
-10.72
-11.53
-8.68
-3.68
1.26
4.29
4.72
3.21
1.30
0.61
2.02
5.11
8.35
9.80
8.15
3.64
-1.88
-5.75
-6.09
-2.98
1.39
3.97
2.80
-1.64
-6.60
-8.77
-6.49
-0.95
4.67
7.34
6.18
2.98
0.75
1.53
4.89
8.32
9.04
5.94
0.25
-5.31
-8.16
-7.23
-3.35
1.46
4.97
5.67
3.26
-1.17
-5.49
-7.28
-5.20
0.12
6.04
9.34
8.26
3.77
-0.86
-2.34
0.30
4.88
7.60
5.86
0.24
-5.81
-8.36
-5.83
0.09
5.72
8.02
6.41
2.66
-0.69
-2.09
-1.55
-0.04
1.50
2.62
3.08
2.59
1.01
-1.12
-2.50
-1.82
1.01
4.31
5.51
3.10
-1.94
-6.43
-7.19
-3.52
2.03
5.27
3.44
-2.79
-9.66
-13.05
-11.38
-6.63
-2.80
-3.03
-7.56
-13.90
-18.85
-20.65
-19.82
-18.27
-17.83
-19.20
-22.07
-25.87
-30.14
-34.46
-38.20
-40.77
-42.27
-43.97
-47.87
-55.27
-65.48
-75.90
-83.59
-87.52
-89.58
-93.48
-102.14
-115.54
-130.54
-143.14
-151.33
-156.54
-162.59
-172.87
-188.04
-205.70
-222.26
-235.54
-246.11
-256.54
-269.35
-285.26
-302.86
-319.73
-333.85
-344.51
-352.02
-357.05
-359.98
-360.80
-359.21
-354.53
-345.54
-330.59
-308.38
-278.97
-244.45
-208.37
-174.17
-143.53
-115.73
-88.96
-62.24
-36.83
-15.73
-1.68
5.14
7.88
11.73
21.31
38.43
61.82
88.70
116.99
146.64
179.21
216.33
258.05
302.31
345.62
384.50
416.59
440.99
458.01
468.61
473.82
474.40
470.56
461.99
448.19
429.09
405.72
380.29
355.44
333.04
313.11
293.98
273.47
250.54
226.32
203.59
185.10
171.68
161.62
151.63
138.90
122.91
105.69
90.53
79.84
73.72
70.01
65.73
58.92
49.67
39.83
31.71
26.66
24.41
23.36
21.68
18.22
13.15
7.80
3.90
2.73
4.31
7.22
9.25
8.42
4.32
-1.51
-6.23
-7.31
-4.22
1.08
5.24
5.60
1.90
-3.38
-6.74
-5.88
-1.23
4.31
7.33
6.01
1.13
-4.51
-7.95
-7.74
-4.56
-0.59
1.93
1.87
-0.32
-3.05
-4.54
-3.73
-0.98
2.15
3.63
2.14
-2.02
-6.82
-9.56
-8.39
-3.63
2.23
5.96
5.49
1.29
-3.96
-7.02
-6.14
-2.10
2.37
4.40
2.79
-1.30
-5.26
-6.64
-4.66
-0.57
3.21
4.51
2.62
-1.33
-5.08
-6.38
-4.32
0.21
4.92
7.26
5.91
1.55
-3.40
-6.11
-5.04
-0.96
3.44
5.20
2.93
-2.18
-7.08
-8.72
-6.07
-0.75
3.98
5.24
2.34
-2.85
-7.12
-7.88
-4.74
0.39
4.51
5.35
2.62
-1.96
-5.67
-6.37
-3.72
0.75
4.46
5.18
2.38
-2.52
-6.78
-7.93
-5.20
-0.09
4.41
5.62
2.74
-2.53
-6.98
-7.85
-4.51
1.05
5.42
5.90
2.16
-3.63
-7.93
-8.07
-3.80
2.63
7.69
8.72
5.35
-0.29
-4.91
-5.96
-3.13
1.55
4.96
4.82
1.05
-4.18
-7.63
-7.06
-2.55
3.50
7.75
7.94
4.12
-1.34
-5.24
-5.45
-2.13
2.40
5.19
4.42
0.47
-4.32
-7.10
-6.20
-2.19
2.48
4.97
3.66
-0.86
-6.11
-9.12
-8.18
-3.73
1.73
5.18
4.77
0.86
-4.14
-7.18
-6.41
-2.25
2.81
5.70
4.64
0.17
-5.12
-8.15
-7.15
-2.76
2.39
5.23
4.07
-0.40
-5.50
-8.14
-6.60
-1.61
4.07
7.19
5.98
1.13
-4.46
-7.48
-6.14
-1.25
4.20
6.87
5.11
-0.07
-5.55
-8.06
-6.13
-1.03
4.07
6.10
3.91
-1.04
-5.60
-6.89
-4.02
1.39
6.19
7.60
4.78
-0.69
-5.74
-7.54
-5.15
0.01
4.96
6.93
4.82
-0.12
-5.08
-7.32
-5.81
-1.84
1.68
2.15
-1.12
-6.33
-10.07
-9.51
-4.21
3.28
8.87
9.36
4.43
-3.09
-8.91
-9.96
-6.19
-0.45
3.52
3.55
0.33
-3.27
-4.18
-1.32
3.80
7.92
8.21
3.95
-3.02
-9.37
-12.05
-9.96
-4.37
1.83
5.68
5.67
2.39
-1.91
-4.65
-4.36
-1.40
2.22
4.24
3.41
0.29
-3.12
-4.60
-3.07
0.71
4.58
6.24
4.56
0.27
-4.39
-6.92
-5.89
-1.81
3.18
6.53
6.56
3.40
-1.13
-4.52
-4.96
-2.37
1.60
4.58
4.79
2.12
-1.79
-4.51
-4.35
-1.43
2.31
4.33
3.09
-0.95
-5.48
-7.75
-6.31
-1.96
2.71
4.84
3.11
-1.54
-6.37
-8.55
-6.79
-2.06
2.95
5.55
4.56
0.92
-2.90
-4.46
-2.77
1.09
4.65
5.61
3.18
-1.44
-5.70
-7.18
-5.04
-0.48
3.89
5.52
3.44
-1.22
-5.83
-7.75
-5.89
-1.36
3.15
5.01
3.13
-1.35
-5.75
-7.47
-5.49
-0.96
3.55
5.55
4.09
0.22
-3.66
-5.29
-3.81
-0.26
3.09
4.13
2.08
-2.01
-5.86
-7.32
-5.68
-2.05
1.20
1.92
-0.55
-4.96
-8.84
-10.03
-8.03
-4.25
-1.16
-0.73
-3.25
-7.20
-10.16
-10.32
-7.61
-3.63
-0.77
-0.74
-3.66
-7.97
-11.41
-12.23
-10.18
-6.55
-3.35
-2.14
-3.10
-4.93
-5.60
-3.61
1.04
6.72
11.03
12.20
10.08
6.29
3.25
2.77
5.04
8.55
11.14
11.32
9.16
6.14
4.23
4.63
7.06
10.00
11.60
10.79
7.82
4.14
1.52
1.08
2.71
5.17
6.74
6.29
3.80
0.49
-1.96
-2.32
-0.66
1.78
3.26
2.69
0.29
-2.54
-4.03
-3.19
-0.33
2.97
4.89
4.36
1.64
-1.84
-4.37
-4.88
-3.46
-1.17
0.57
0.86
-0.24
-1.77
-2.41
-1.41
1.01
3.60
4.83
3.83
1.01
-2.10
-3.75
-2.96
-0.21
2.85
4.34
3.38
0.60
-2.21
-3.22
-1.74
1.44
4.52
5.78
4.63
1.78
-1.23
-2.99
-2.99
-1.75
-0.48
-0.30
-1.60
-3.92
-6.12
-7.11
-6.38
-4.37
-2.32
-1.52
-2.64
-5.18
-7.65
-8.44
-6.72
-3.09
0.65
2.59
1.79
-1.13
-4.36
-6.03
-5.32
-2.89
-0.37
0.73
-0.01
-1.75
-3.00
-2.66
-0.66
1.95
3.64
3.40
1.18
-2.01
-4.66
-5.58
-4.45
-1.97
0.52
1.72
1.05
-1.04
-3.28
-4.33
-3.48
-1.19
1.17
2.17
1.17
-1.21
-3.34
-3.67
-1.64
1.80
4.73
5.37
3.23
-0.62
-4.17
-5.62
-4.49
-1.85
0.42
0.70
-1.37
-4.70
-7.46
-8.13
-6.34
-3.20
-0.58
-0.13
-2.34
-6.37
-10.39
-12.66
-12.30
-9.80
-6.74
-4.90
-5.41
-8.19
-12.09
-15.47
-17.12
-16.80
-15.17
-13.51
-12.83
-13.38
-14.51
-15.08
-14.31
-12.50
-10.89
-10.84
-12.56
-14.37
-13.30
-6.91
4.59
17.57
26.27
26.04
16.35
1.76
-10.16
-13.15
-5.97
6.71
17.26
19.82
14.00
5.03
0.29
4.48
16.45
29.94
37.47
34.91
23.74
9.83
-0.28
-3.15
0.20
5.58
8.79
8.03
4.59
1.41
1.02
4.00
8.86
13.07
14.55
12.61
8.15
3.10
-0.48
-1.34
0.38
3.24
5.24
4.90
2.12
-1.63
-4.05
-3.37
0.50
5.78
9.72
10.13
6.67
1.04
-3.98
-6.12
-4.74
-1.09
2.67
4.73
4.68
3.49
2.73
3.42
5.30
6.95
6.72
3.79
-1.17
-6.31
-9.46
-9.37
-6.41
-2.38
0.45
0.59
-1.84
-5.21
-7.33
-6.79
-3.85
-0.25
1.85
1.18
-1.82
-5.25
-6.96
-5.89
-2.71
0.54
1.76
0.10
-3.53
-6.91
-7.91
-5.77
-1.54
2.48
4.13
2.61
-1.02
-4.55
-5.82
-4.07
-0.28
3.37
4.78
3.16
-0.60
-4.34
-5.97
-4.66
-1.31
1.99
3.17
1.47
-2.15
-5.50
-6.46
-4.27
-0.01
4.05
5.71
4.15
0.41
-3.30
-4.90
-3.62
-0.41
2.74
3.93
2.47
-0.82
-4.07
-5.53
-4.52
-1.84
0.70
1.31
-0.79
-4.71
-8.27
-9.19
-6.51
-1.45
3.06
4.06
0.46
-6.06
-11.80
-13.41
-10.06
-4.11
0.38
0.34
-4.22
-10.08
-12.85
-9.87
-1.83
7.64
14.24
15.57
12.13
6.65
2.31
0.70
1.48
2.98
3.47
2.32
0.24
-1.26
-0.70
2.48
7.64
13.06
16.62
16.60
12.49
5.40
-2.11
-7.10
-7.56
-3.54
2.68
7.73
8.85
5.48
-0.44
-5.57
-7.13
-4.68
-0.27
2.93
2.80
-0.17
-3.02
-2.55
2.45
9.91
15.44
15.05
7.79
-3.31
-12.81
-15.99
-11.54
-2.22
7.01
11.99
11.66
8.14
4.93
4.41
6.44
8.73
8.58
4.79
-1.57
-7.77
-11.11
-10.42
-6.72
-2.55
-0.54
-1.93
-5.91
-10.08
-11.84
-9.93
-5.17
-0.07
2.68
1.69
-2.23
-6.63
-8.86
-7.63
-3.71
0.57
2.81
1.91
-1.26
-4.55
-5.76
-4.01
-0.20
3.49
4.93
3.24
-0.66
-4.48
-5.95
-4.05
0.33
4.83
7.02
5.71
1.76
-2.50
-4.52
-3.13
0.78
4.77
6.31
4.39
0.14
-3.87
-5.19
-3.00
1.35
5.19
6.14
3.56
-1.15
-5.37
-6.88
-5.08
-1.26
2.21
3.41
1.85
-1.36
-4.23
-5.18
-3.82
-1.14
1.27
2.18
1.45
0.01
-0.83
-0.30
1.25
2.53
2.22
-0.04
-3.17
-5.20
-4.39
-0.47
5.02
9.40
10.36
6.99
0.20
-7.97
-14.94
-18.39
-16.61
-9.12
2.68
15.21
23.56
23.70
14.93
1.03
-11.23
-15.86
-11.28
-1.48
6.50
7.18
0.41
-8.65
-13.14
-9.43
0.30
9.55
12.09
6.17
-4.31
-12.51
-13.38
-6.75
2.80
9.28
9.22
3.57
-3.35
-6.98
-5.44
-0.39
4.49
6.07
3.64
-0.92
-4.64
-5.44
-3.25
0.18
2.53
2.36
-0.05
-3.00
-4.43
-3.17
0.28
3.97
5.72
4.40
0.72
-3.14
-4.78
-3.17
0.73
4.43
5.49
3.12
-1.29
-4.98
-5.55
-2.53
2.26
5.81
5.76
1.90
-3.74
-8.03
-8.57
-5.12
0.37
4.86
6.00
3.46
-1.00
-4.55
-4.93
-1.71
3.41
7.52
8.15
4.72
-1.09
-6.15
-7.71
-5.01
0.27
4.86
5.98
2.95
-2.35
-6.66
-7.35
-4.05
1.14
5.00
5.22
1.84
-2.98
-6.28
-6.16
-2.88
1.54
4.56
4.71
2.41
-0.59
-2.29
-1.76
0.34
2.33
2.66
1.07
-1.20
-2.19
-0.56
3.23
6.95
7.80
4.25
-2.62
-9.28
-11.58
-7.18
2.65
13.23
18.81
15.83
5.18
-8.04
-17.18
-17.69
-9.57
3.13
14.87
21.67
22.47
18.26
10.23
-1.13
-15.16
-29.27
-38.35
-36.82
-22.47
0.42
21.84
31.02
22.87
1.92
-19.65
-29.02
-20.79
-0.64
18.08
22.92
10.65
-10.45
-25.86
-24.41
-6.09
17.40
30.28
23.15
-0.42
-25.70
-36.40
-25.28
0.99
26.19
35.19
23.61
-0.05
-20.65
-26.63
-16.95
-0.38
11.55
12.77
5.92
-0.82
-0.62
6.78
15.26
17.29
9.86
-3.13
-13.67
-15.34
-7.92
2.58
8.33
5.28
-3.90
-11.68
-11.14
-1.19
12.25
19.95
15.72
0.93
-15.79
-23.86
-17.51
0.25
19.33
28.69
23.19
6.50
-11.38
-20.43
-16.63
-3.94
8.68
13.21
7.46
-4.12
-13.72
-15.36
-8.58
1.83
9.21
9.46
3.30
-4.63
-9.17
-7.86
-2.08
4.35
7.91
7.38
4.09
0.35
-2.11
-2.98
-2.89
-2.35
-1.32
0.39
2.40
3.49
2.37
-1.08
-5.25
-7.48
-5.87
-0.88
4.63
7.13
4.94
-0.41
-4.99
-5.18
-0.28
6.71
11.01
9.30
2.16
-6.10
-10.19
-7.42
0.52
8.50
11.34
7.11
-1.61
-9.39
-11.52
-6.92
1.17
7.47
7.95
2.47
-5.22
-9.99
-8.55
-1.59
6.71
11.41
9.78
2.97
-4.85
-9.14
-7.71
-1.92
4.32
7.08
4.75
-1.12
-6.97
-9.43
-7.29
-2.04
3.23
5.73
4.48
0.75
-2.94
-4.30
-2.49
1.49
5.46
7.30
6.07
2.44
-1.67
-4.08
-3.60
-0.58
3.21
5.54
5.03
1.90
-2.07
-4.62
-4.35
-1.57
1.88
3.72
2.68
-0.72
-4.51
-6.37
-5.14
-1.48
2.53
4.67
3.86
0.78
-2.58
-4.12
-2.90
0.30
3.47
4.56
2.72
-1.14
-4.86
-6.20
-4.22
0.11
4.47
6.43
4.95
0.92
-3.32
-5.31
-4.00
-0.29
3.51
5.09
3.53
-0.15
-3.71
-4.97
-3.19
0.55
4.00
5.08
3.13
-0.73
-4.30
-5.53
-3.75
0.01
3.57
4.88
3.25
-0.31
-3.69
-4.94
-3.35
0.04
3.15
4.10
2.37
-0.95
-3.76
-4.32
-2.25
1.21
3.93
4.22
1.81
-2.03
-5.17
-5.88
-3.78
-0.06
3.23
4.35
2.82
-0.28
-3.02
-3.70
-1.89
1.34
3.97
4.33
2.07
-1.59
-4.50
-4.90
-2.49
1.42
4.58
5.17
2.87
-1.04
-4.27
-5.03
-2.89
0.86
4.01
4.70
2.50
-1.34
-4.61
-5.44
-3.37
0.31
3.37
3.92
1.63
-2.09
-4.88
-4.85
-1.76
2.76
6.14
6.47
3.54
-0.94
-4.43
-4.97
-2.32
1.90
5.28
6.01
3.85
0.17
-2.85
-3.55
-1.64
1.65
4.36
4.90
2.96
-0.33
-3.05
-3.60
-1.65
1.59
4.14
4.37
1.99
-1.69
-4.58
-5.07
-3.01
0.17
2.39
2.22
-0.22
-3.34
-5.09
-4.25
-1.17
2.41
4.47
3.83
0.84
-2.84
-5.21
-5.04
-2.53
0.84
3.18
3.21
1.00
-2.05
-4.04
-3.62
-0.84
2.81
5.27
5.08
2.27
-1.59
-4.25
-4.19
-1.48
2.18
4.51
4.03
0.97
-2.92
-5.33
-4.82
-1.70
2.19
4.57
4.03
0.91
-3.02
-5.47
-5.00
-1.85
2.25
5.05
5.08
2.49
-1.14
-3.63
-3.49
-0.79
2.87
5.36
5.23
2.62
-0.87
-3.05
-2.52
0.45
4.04
5.98
4.92
1.22
-3.13
-5.74
-5.16
-1.75
2.52
5.26
5.01
2.10
-1.59
-3.76
-3.06
0.08
3.77
5.74
4.70
1.14
-2.96
-5.27
-4.49
-1.15
2.66
4.55
3.23
-0.67
-4.93
-7.06
-5.76
-1.70
2.82
5.27
4.26
0.44
-3.94
-6.34
-5.43
-1.87
2.12
4.07
2.77
-1.01
-5.01
-6.78
-5.17
-1.05
3.23
5.21
3.75
-0.27
-4.48
-6.38
-4.81
-0.61
3.91
6.29
5.30
1.64
-2.48
-4.64
-3.65
-0.14
3.73
5.61
4.36
0.74
-2.96
-4.32
-2.30
2.06
6.24
7.69
5.45
0.70
-3.87
-5.68
-3.84
0.33
4.19
5.36
3.12
-1.16
-4.93
-5.97
-3.75
0.36
3.91
4.78
2.48
-1.67
-5.17
-5.87
-3.22
1.42
5.52
6.83
4.63
0.25
-3.75
-5.10
-3.10
0.91
4.45
5.35
3.04
-1.05
-4.41
-5.00
-2.41
1.86
5.30
5.89
3.19
-1.37
-5.33
-6.63
-4.69
-0.77
2.82
4.00
2.16
-1.46
-4.54
-5.04
-2.48
1.67
4.87
5.10
2.05
-2.47
-5.69
-5.52
-1.89
3.09
6.46
6.22
2.52
-2.38
-5.49
-4.97
-1.11
3.79
6.87
6.37
2.65
-2.08
-5.13
-4.81
-1.41
3.01
5.85
5.39
1.85
-2.77
-5.79
-5.47
-1.97
2.58
5.44
4.75
0.86
-3.90
-6.52
-5.19
-0.47
4.97
7.91
6.55
1.60
-4.05
-7.11
-5.80
-0.93
4.65
7.73
6.59
1.99
-3.35
-6.32
-5.19
-0.60
4.85
8.11
7.46
3.48
-1.29
-3.82
-2.46
2.10
7.16
9.68
8.13
3.51
-1.18
-2.73
0.32
6.73
13.25
16.53
15.10
10.25
5.21
3.28
5.88
11.77
17.78
20.69
19.05
13.94
8.38
5.51
6.85
11.39
16.20
18.14
15.69
9.92
3.86
0.81
2.35
7.31
12.46
14.36
11.52
5.30
-0.83
-3.36
-0.93
4.87
10.44
12.34
9.30
2.96
-3.15
-5.72
-3.58
1.70
6.77
8.51
5.76
0.06
-5.32
-7.26
-4.59
1.11
6.44
8.07
4.83
-1.60
-7.57
-9.57
-6.44
-0.10
5.57
7.05
3.33
-3.47
-9.39
-11.07
-7.69
-1.48
3.79
5.01
1.62
-4.22
-9.00
-9.96
-6.69
-1.37
2.60
2.52
-1.98
-8.77
-14.33
-15.82
-12.61
-6.80
-2.02
-1.41
-5.76
-13.07
-19.62
-22.19
-19.96
-15.05
-11.34
-12.01
-17.68
-25.93
-32.79
-35.08
-32.47
-27.65
-24.76
-26.88
-34.20
-43.95
-52.07
-55.63
-54.57
-51.67
-50.81
-54.70
-63.37
-74.23
-83.63
-88.95
-90.09
-89.38
-90.17
-94.89
-103.72
-114.56
-124.27
-130.51
-133.02
-133.65
-135.07
-139.03
-145.16
-151.15
-154.13
-152.46
-146.77
-139.73
-134.27
-131.66
-130.39
-126.44
-115.06
-93.21
-61.48
-24.28
11.73
40.60
59.68
70.52
77.65
85.76
96.91
109.34
118.76
121.30
116.29
107.38
100.89
102.50
114.16
133.07
153.34
169.17
177.71
179.98
179.40
179.13
179.81
179.14
173.60
161.13
142.85
123.02
106.84
97.62
95.03
95.32
93.61
86.70
74.82
61.31
50.57
45.35
45.26
47.05
46.68
41.73
32.79
23.03
16.16
14.27
16.50
19.60
19.99
15.84
8.25
0.59
-3.46
-2.16
3.11
8.66
10.58
7.07
-0.39
-7.88
-11.29
-8.74
-1.83
5.32
8.52
5.88
-1.03
-8.15
-11.34
-8.80
-2.12
4.72
7.77
5.35
-0.99
-7.38
-9.99
-7.23
-0.68
5.80
8.37
5.45
-1.33
-8.05
-10.74
-7.75
-0.76
6.20
9.11
6.29
-0.55
-7.34
-10.01
-6.96
-0.02
6.72
9.26
6.16
-0.67
-7.10
-9.27
-5.85
1.10
7.39
9.17
5.20
-2.41
-9.39
-11.83
-8.46
-1.39
5.16
7.29
3.77
-3.28
-9.64
-11.45
-7.64
-0.51
5.61
6.92
2.50
-5.15
-11.55
-12.90
-8.39
-0.63
5.88
7.37
3.04
-4.59
-11.17
-13.05
-9.40
-2.54
3.46
5.13
1.61
-4.90
-10.46
-11.69
-7.71
-0.71
5.33
6.91
3.09
-3.96
-10.17
-11.95
-8.29
-1.41
4.62
6.23
2.56
-4.11
-9.69
-10.75
-6.57
0.45
6.20
7.35
3.28
-3.58
-9.17
-10.23
-6.15
0.67
6.23
7.28
3.19
-3.68
-9.32
-10.48
-6.49
0.27
5.78
6.75
2.53
-4.43
-10.05
-11.02
-6.76
0.23
5.86
6.88
2.84
-3.76
-8.93
-9.65
-5.61
0.69
5.41
5.69
1.31
-5.22
-10.13
-10.58
-6.27
0.39
5.69
6.74
3.08
-3.08
-8.13
-9.21
-5.80
-0.09
4.37
4.83
0.89
-5.18
-9.79
-10.17
-5.98
0.40
5.35
6.04
2.14
-4.07
-8.95
-9.66
-5.76
0.50
5.51
6.42
2.73
-3.37
-8.30
-9.22
-5.63
0.23
4.74
5.11
0.99
-5.27
-10.02
-10.46
-6.32
-0.08
4.58
4.99
0.97
-5.00
-9.36
-9.57
-5.55
0.24
4.43
4.60
0.74
-4.81
-8.80
-8.86
-4.90
0.92
5.39
6.16
2.93
-2.29
-6.44
-7.10
-3.94
1.10
4.90
5.03
1.15
-4.67
-9.17
-9.78
-6.17
-0.50
3.82
4.18
0.25
-5.75
-10.37
-10.97
-7.20
-1.30
3.35
4.11
0.67
-4.85
-9.12
-9.46
-5.51
0.62
5.55
6.55
3.09
-2.82
-7.76
-8.88
-5.52
0.33
5.20
6.18
2.60
-3.51
-8.58
-9.59
-5.92
0.30
5.43
6.49
2.95
-3.06
-7.93
-8.79
-5.19
0.64
5.18
5.71
1.90
-4.00
-8.51
-8.95
-5.00
1.06
5.76
6.40
2.62
-3.46
-8.35
-9.27
-5.71
0.24
5.15
6.18
2.79
-3.00
-7.71
-8.49
-4.79
1.27
6.25
7.34
4.07
-1.47
-5.87
-6.46
-2.92
2.49
6.35
6.05
1.43
-5.19
-10.21
-10.93
-7.07
-0.94
3.87
4.60
0.87
-5.07
-9.68
-10.22
-6.36
-0.37
4.22
4.79
1.12
-4.45
-8.39
-8.18
-3.77
2.31
6.50
6.27
1.63
-4.86
-9.51
-9.71
-5.34
1.06
5.81
6.16
1.87
-4.65
-9.63
-10.18
-5.89
0.82
6.20
7.26
3.48
-2.82
-7.89
-8.77
-5.03
0.98
5.62
6.07
2.00
-4.19
-8.82
-9.14
-4.93
1.33
6.02
6.45
2.42
-3.62
-8.08
-8.37
-4.33
1.56
5.79
5.80
1.50
-4.62
-9.02
-9.17
-5.02
0.94
5.18
5.22
1.06
-4.76
-8.71
-8.32
-3.66
2.67
7.10
7.13
2.82
-3.19
-7.27
-6.92
-2.25
4.10
8.51
8.50
4.21
-1.68
-5.53
-4.88
0.15
6.91
11.87
12.62
9.32
4.59
1.94
3.70
9.61
16.92
21.98
22.42
18.54
13.30
10.61
13.11
20.59
30.07
37.56
40.35
38.63
35.47
34.93
39.72
49.56
61.32
70.93
75.81
76.43
76.00
78.64
86.90
100.32
115.76
129.25
138.36
143.56
147.91
155.18
167.72
185.03
204.17
221.40
234.43
243.64
251.81
262.49
277.84
297.23
317.53
334.83
346.64
353.23
357.30
362.29
369.96
379.16
386.18
386.76
378.35
361.49
339.31
315.58
292.48
269.38
243.48
211.76
173.25
130.02
86.53
47.52
15.82
-8.96
-29.83
-50.59
-73.64
-98.72
-123.47
-145.09
-162.47
-177.17
-192.97
-213.88
-241.87
-275.77
-311.75
-345.28
-373.41
-395.94
-415.00
-433.07
-450.91
-466.73
-476.88
-477.90
-468.62
-450.94
-429.02
-407.17
-387.79
-370.51
-352.85
-332.08
-307.14
-279.48
-252.46
-229.48
-212.12
-199.33
-187.96
-174.64
-157.70
-138.19
-119.27
-104.35
-95.02
-90.15
-86.39
-80.17
-69.81
-56.49
-43.56
-34.50
-30.84
-31.34
-32.67
-31.44
-26.16
-18.06
-10.23
-5.75
-5.81
-9.11
-12.56
-13.17
-9.72
-3.51
2.43
5.11
3.30
-1.75
-6.91
-9.00
-6.58
-0.83
5.09
7.88
6.02
0.62
-5.10
-7.81
-5.91
-0.53
5.17
7.92
6.21
1.14
-4.19
-6.58
-4.59
0.62
5.99
8.37
6.40
1.21
-4.13
-6.49
-4.50
0.62
5.78
7.86
5.55
0.11
-5.26
-7.44
-5.14
0.23
5.45
7.45
5.09
-0.20
-5.22
-7.04
-4.70
0.21
4.55
5.54
2.42
-3.17
-8.09
-9.60
-6.87
-1.55
3.24
4.72
1.95
-3.55
-8.72
-10.72
-8.55
-3.69
0.81
2.11
-0.74
-6.20
-11.12
-12.72
-10.16
-5.15
-0.86
-0.02
-3.27
-8.83
-13.53
-14.77
-11.94
-6.74
-2.11
-0.50
-2.48
-6.53
-9.95
-10.53
-7.72
-2.98
1.12
2.36
0.16
-4.05
-7.64
-8.22
-5.10
0.25
5.08
6.85
4.78
0.31
-3.75
-4.92
-2.53
1.82
5.36
5.74
2.57
-2.35
-6.09
-6.33
-2.85
2.44
6.54
7.20
4.16
-0.75
-4.67
-5.43
-2.75
1.62
5.02
5.37
2.49
-1.91
-5.10
-4.98
-1.30
4.21
8.83
10.35
8.39
4.55
1.51
1.39
4.50
9.18
12.77
13.22
10.38
6.05
3.01
3.34
7.22
12.82
17.39
18.86
17.02
13.64
11.41
12.36
16.67
22.55
27.32
29.01
27.52
24.69
23.26
25.22
30.67
37.77
43.82
46.92
47.06
46.11
46.70
50.63
57.85
66.55
74.19
79.04
81.11
82.06
84.24
89.24
97.06
106.13
114.22
119.80
122.82
124.74
127.59
132.68
139.79
147.18
152.51
154.16
152.04
147.37
141.76
135.84
128.62
117.82
101.22
78.18
50.41
21.64
-3.88
-23.05
-35.01
-41.16
-43.97
-45.57
-46.91
-47.62
-46.98
-45.09
-43.51
-45.11
-52.95
-68.73
-91.82
-119.16
-146.33
-169.18
-185.25
-194.32
-197.91
-197.93
-195.49
-190.49
-182.10
-169.89
-154.74
-138.92
-125.14
-115.24
-109.17
-105.08
-100.37
-93.10
-83.09
-72.00
-62.22
-55.52
-52.09
-50.44
-48.36
-44.24
-37.86
-30.58
-24.38
-20.74
-19.77
-20.18
-20.02
-17.81
-13.40
-8.12
-3.93
-2.35
-3.55
-6.20
-8.20
-7.89
-5.00
-0.89
2.32
2.97
0.89
-2.43
-4.75
-4.35
-1.19
3.13
6.25
6.48
3.82
-0.11
-2.96
-3.03
-0.33
3.51
6.24
6.27
3.64
-0.09
-2.69
-2.60
0.19
4.09
6.89
6.95
4.17
0.05
-3.16
-3.70
-1.34
2.57
5.83
6.69
4.81
1.40
-1.52
-2.24
-0.42
2.77
5.42
5.96
4.09
0.92
-1.67
-2.14
-0.21
3.01
5.61
6.01
3.89
0.39
-2.50
-3.10
-1.06
2.46
5.40
6.02
3.91
0.29
-2.71
-3.26
-0.98
2.86
6.06
6.83
4.80
1.30
-1.49
-1.89
0.25
3.44
5.54
5.09
2.19
-1.47
-3.66
-2.96
0.39
4.62
7.43
7.29
4.24
-0.14
-3.56
-4.33
-2.21
1.46
4.49
5.11
2.92
-0.78
-3.74
-4.05
-1.34
2.95
6.38
6.93
4.29
0.03
-3.20
-3.36
-0.27
4.31
7.64
7.76
4.52
-0.22
-3.74
-4.06
-1.11
3.29
6.48
6.61
3.66
-0.50
-3.25
-2.80
0.72
5.29
8.18
7.59
3.72
-1.30
-4.67
-4.51
-1.00
3.77
7.03
7.00
3.86
-0.37
-3.10
-2.74
0.42
4.35
6.60
5.66
1.95
-2.46
-5.04
-4.28
-0.55
4.08
7.03
6.69
3.28
-1.15
-3.94
-3.34
0.50
5.52
8.92
8.77
5.12
0.06
-3.50
-3.53
-0.11
4.58
7.58
6.93
2.85
-2.28
-5.47
-4.85
-0.88
3.96
6.72
5.68
1.41
-3.55
-6.32
-5.30
-1.12
3.75
6.46
5.44
1.29
-3.55
-6.18
-4.94
-0.34
5.16
8.53
8.01
4.05
-0.85
-3.67
-2.66
1.54
6.35
8.79
7.32
2.80
-2.07
-4.39
-2.85
1.54
6.09
8.06
6.30
1.88
-2.62
-4.65
-3.11
0.97
5.14
6.85
5.02
0.61
-3.87
-5.72
-3.72
1.14
6.13
8.31
6.34
1.37
-3.59
-5.46
-2.91
2.66
7.99
9.88
7.16
1.40
-4.03
-5.93
-3.26
2.34
7.52
9.18
6.31
0.50
-4.97
-7.07
-4.67
0.74
6.03
8.12
5.87
0.66
-4.41
-6.26
-3.77
1.61
6.71
8.54
6.10
1.00
-3.57
-4.75
-1.80
3.43
7.69
8.35
4.96
-0.41
-4.53
-4.92
-1.38
3.97
7.89
8.00
4.15
-1.49
-5.72
-6.12
-2.41
3.33
7.84
8.61
5.22
-0.28
-4.59
-5.05
-1.25
4.63
9.06
9.26
4.93
-1.52
-6.36
-6.75
-2.55
3.61
7.91
7.67
2.95
-3.47
-7.78
-7.45
-2.69
3.71
8.14
8.24
4.29
-1.09
-4.51
-3.82
0.61
6.20
9.62
8.76
4.00
-2.02
-5.83
-5.23
-0.53
5.52
9.36
8.74
4.01
-2.00
-5.73
-4.98
-0.27
5.45
8.62
7.20
1.90
-4.28
-7.78
-6.67
-1.70
4.12
7.36
6.24
1.56
-3.73
-6.32
-4.52
0.74
6.41
9.16
7.34
1.93
-3.95
-6.86
-5.10
0.33
6.23
9.17
7.47
2.17
-3.59
-6.44
-4.79
0.23
5.53
7.86
5.81
0.52
-4.89
-7.26
-5.21
0.08
5.55
8.10
6.33
1.38
-3.79
-6.07
-4.04
1.19
6.61
9.08
7.13
1.80
-3.87
-6.73
-5.31
-0.74
3.91
5.53
2.77
-3.13
-9.07
-11.90
-10.40
-5.98
-1.85
-1.08
-4.80
-11.52
-18.06
-21.51
-20.96
-18.04
-15.90
-17.24
-22.76
-30.67
-37.89
-41.79
-41.82
-39.89
-39.26
-42.65
-50.74
-61.74
-72.47
-80.12
-83.94
-85.70
-88.62
-95.52
-107.25
-122.12
-137.04
-149.30
-158.28
-165.70
-174.61
-187.44
-204.65
-224.41
-243.76
-260.35
-273.81
-285.87
-299.21
-315.84
-335.84
-357.16
-376.81
-392.42
-403.46
-411.48
-418.85
-427.09
-435.67
-441.85
-441.89
-432.92
-414.32
-387.93
-356.85
-323.77
-289.66
-253.81
-214.87
-172.60
-128.85
-87.40
-52.45
-26.80
-10.58
-1.24
5.17
12.18
21.64
33.59
47.39
63.09
82.33
108.01
142.90
187.96
241.39
298.97
355.61
407.24
452.00
490.19
523.08
551.33
574.00
588.77
593.23
586.40
569.72
546.57
521.00
495.84
471.76
447.38
420.71
390.82
358.75
327.21
299.14
276.10
257.38
240.50
222.66
202.42
180.47
159.17
141.10
127.57
117.85
109.66
100.47
88.99
75.80
62.96
52.83
46.63
43.77
42.10
39.16
33.51
25.59
17.44
11.59
9.45
10.51
12.52
12.86
10.05
4.67
-0.94
-4.17
-3.71
-0.40
3.32
4.85
3.04
-1.17
-5.34
-7.01
-5.24
-1.08
3.05
4.78
3.13
-0.97
-5.22
-7.30
-6.16
-2.58
1.28
3.13
1.90
-1.61
-5.21
-6.57
-4.69
-0.51
3.60
5.27
3.57
-0.42
-4.28
-5.66
-3.76
0.25
3.95
5.09
2.96
-1.29
-5.28
-6.86
-5.26
-1.53
2.14
3.66
2.23
-1.20
-4.53
-5.67
-3.85
-0.05
3.49
4.56
2.37
-1.98
-6.03
-7.51
-5.62
-1.54
2.24
3.44
1.36
-2.71
-6.29
-7.23
-4.98
-0.91
2.51
3.22
0.77
-3.46
-7.00
-7.80
-5.33
-0.95
2.91
4.09
2.02
-1.97
-5.43
-6.18
-3.68
0.66
4.30
5.16
2.79
-1.26
-4.46
-4.84
-2.20
1.75
4.51
4.30
1.06
-3.42
-6.67
-6.93
-4.12
0.13
3.46
4.13
1.90
-1.84
-4.90
-5.45
-3.13
0.79
4.02
4.64
2.14
-2.19
-5.95
-7.04
-4.94
-1.01
2.26
2.84
0.37
-3.58
-6.51
-6.52
-3.46
0.91
4.09
4.31
1.63
-2.21
-4.83
-4.70
-1.95
1.65
3.91
3.38
0.31
-3.61
-6.13
-5.84
-2.86
1.08
3.68
3.40
0.29
-3.87
-6.68
-6.37
-2.98
1.66
4.95
5.02
1.91
-2.42
-5.30
-4.91
-1.48
2.89
5.55
4.89
1.33
-2.95
-5.37
-4.52
-0.92
3.30
5.74
5.05
1.70
-2.43
-5.09
-4.90
-2.10
1.58
3.93
3.50
0.38
-3.73
-6.48
-6.22
-3.02
1.28
4.17
3.92
0.68
-3.63
-6.46
-6.18
-3.14
0.68
2.85
2.03
-1.30
-5.16
-7.31
-6.53
-3.33
0.41
2.57
1.96
-1.01
-4.53
-6.48
-5.59
-2.24
1.72
4.04
3.35
0.09
-3.78
-5.83
-4.75
-1.08
2.99
5.02
3.76
-0.05
-4.12
-6.00
-4.57
-0.69
3.33
5.14
3.71
-0.13
-4.14
-6.04
-4.79
-1.16
2.75
4.74
3.71
0.35
-3.35
-5.15
-3.98
-0.50
3.27
5.12
3.94
0.35
-3.64
-5.79
-4.96
-1.81
1.61
3.11
1.66
-2.02
-5.82
-7.52
-6.14
-2.52
1.21
2.92
1.77
-1.36
-4.32
-5.08
-2.93
1.04
4.62
5.75
3.78
-0.22
-4.03
-5.56
-4.04
-0.46
3.03
4.36
2.78
-0.79
-4.15
-5.26
-3.42
0.30
3.62
4.46
2.20
-1.93
-5.48
-6.33
-3.92
0.33
3.92
4.77
2.46
-1.56
-4.77
-5.14
-2.38
1.91
5.21
5.53
2.59
-2.00
-5.63
-6.27
-3.60
0.77
4.25
4.77
1.93
-2.72
-6.48
-7.12
-4.14
0.88
5.20
6.44
3.94
-0.81
-5.06
-6.42
-4.21
0.06
3.71
4.38
1.56
-3.14
-6.96
-7.61
-4.66
0.24
4.29
5.30
2.81
-1.58
-5.24
-6.04
-3.61
0.49
3.70
4.06
1.29
-2.90
-5.91
-5.76
-2.36
2.38
5.65
5.43
1.72
-3.38
-6.89
-6.82
-3.25
1.60
4.85
4.60
1.09
-3.49
-6.40
-5.93
-2.46
1.88
4.47
3.77
0.13
-4.35
-7.12
-6.62
-3.16
1.23
4.07
3.71
0.45
-3.71
-6.18
-5.31
-1.40
3.43
6.37
5.64
1.50
-3.72
-7.00
-6.37
-2.13
3.29
6.74
6.19
2.00
-3.34
-6.69
-6.12
-2.11
2.78
5.56
4.52
0.31
-4.48
-6.95
-5.62
-1.32
3.32
5.49
3.85
-0.66
-5.35
-7.38
-5.44
-0.58
4.45
6.69
4.81
-0.10
-5.15
-7.41
-5.59
-0.85
3.91
5.83
3.82
-0.84
-5.24
-6.66
-4.17
0.79
5.30
6.69
4.13
-0.93
-5.59
-7.23
-4.99
-0.23
4.26
5.85
3.60
-1.18
-5.69
-7.27
-4.91
0.04
4.76
6.46
4.15
-0.79
-5.42
-6.94
-4.45
0.51
4.92
6.04
3.15
-2.05
-6.46
-7.42
-4.33
0.99
5.45
6.48
3.53
-1.67
-6.13
-7.34
-4.74
-0.00
4.01
4.88
2.07
-2.78
-6.80
-7.64
-4.85
-0.20
3.36
3.54
0.12
-4.81
-8.11
-7.50
-3.00
2.98
7.04
6.83
2.50
-3.45
-7.61
-7.72
-3.91
1.33
4.72
4.17
-0.08
-5.56
-9.05
-8.48
-4.07
1.73
5.69
5.70
1.99
-3.08
-6.31
-5.65
-1.44
3.79
6.82
5.74
1.12
-4.25
-7.11
-5.63
-0.61
5.10
8.26
7.19
2.71
-2.42
-5.16
-3.97
0.33
5.11
7.49
6.03
1.47
-3.68
-6.58
-5.72
-1.79
2.75
5.08
3.72
-0.59
-5.28
-7.42
-5.58
-0.70
4.35
6.55
4.55
-0.50
-5.59
-7.68
-5.54
-0.48
4.40
6.15
3.77
-1.28
-5.90
-7.26
-4.45
0.99
5.98
7.72
5.31
0.24
-4.47
-5.98
-3.34
2.00
6.96
8.61
5.89
0.22
-5.26
-7.51
-5.45
-0.58
3.91
5.08
2.13
-3.21
-7.63
-8.36
-4.84
0.87
5.42
6.12
2.60
-3.07
-7.58
-8.35
-4.98
0.53
5.05
6.07
3.10
-2.08
-6.43
-7.40
-4.30
1.19
6.07
7.69
5.31
0.53
-3.67
-4.73
-2.11
2.32
5.53
5.18
1.15
-4.31
-7.91
-7.43
-3.02
2.77
6.57
6.23
2.03
-3.51
-7.14
-6.81
-2.82
2.35
5.62
5.07
0.99
-4.24
-7.56
-7.04
-2.92
2.39
5.86
5.53
1.68
-3.29
-6.28
-5.39
-1.06
4.05
6.76
5.22
0.13
-5.63
-8.68
-7.18
-1.88
4.19
7.63
6.61
1.88
-3.67
-6.75
-5.59
-0.95
4.40
7.27
5.97
1.22
-4.26
-7.37
-6.41
-2.07
2.93
5.56
4.23
-0.29
-5.23
-7.53
-5.67
-0.62
4.69
7.19
5.41
0.40
-4.86
-7.29
-5.45
-0.46
4.71
7.03
5.15
0.12
-5.16
-7.75
-6.29
-1.82
2.92
5.17
3.71
-0.36
-4.32
-5.52
-2.99
1.88
6.18
7.26
4.34
-0.96
-5.55
-6.72
-3.79
1.44
5.74
6.42
2.93
-2.84
-7.59
-8.60
-5.30
0.40
5.19
6.36
3.28
-2.17
-6.79
-7.86
-4.79
0.61
5.15
6.28
3.45
-1.55
-5.64
-6.37
-3.32
1.62
5.48
5.91
2.60
-2.54
-6.54
-7.12
-4.00
0.91
4.66
4.98
1.62
-3.53
-7.47
-7.91
-4.59
0.58
4.67
5.43
2.60
-1.95
-5.41
-5.63
-2.53
1.98
5.16
5.05
1.69
-2.87
-5.83
-5.25
-1.28
3.87
7.26
6.87
2.82
-2.64
-6.40
-6.33
-2.50
2.82
6.53
6.50
2.84
-2.18
-5.53
-5.22
-1.55
3.17
5.97
5.04
0.84
-4.23
-7.28
-6.59
-2.68
2.06
4.84
4.05
0.26
-4.19
-6.56
-5.30
-0.96
4.08
7.02
6.23
2.18
-2.77
-5.75
-5.05
-1.11
3.75
6.68
6.05
2.37
-2.04
-4.42
-3.37
0.42
4.58
6.52
5.07
1.09
-3.04
-4.91
-3.53
0.07
3.55
4.60
2.36
-2.08
-6.32
-8.03
-6.28
-2.11
2.06
3.80
2.10
-2.04
-6.14
-7.69
-5.63
-1.06
3.42
5.25
3.44
-0.80
-4.82
-6.03
-3.62
1.08
5.28
6.52
4.10
-0.47
-4.42
-5.40
-2.85
1.63
5.30
5.88
2.94
-1.91
-5.92
-6.85
-4.18
0.57
4.72
6.00
3.76
-0.67
-4.74
-6.18
-4.25
-0.20
3.49
4.59
2.42
-1.71
-5.29
-6.12
-3.67
0.60
4.06
4.58
1.80
-2.64
-6.08
-6.48
-3.60
0.86
4.26
4.66
1.89
-2.37
-5.60
-5.84
-2.88
1.72
5.45
6.32
3.97
-0.16
-3.59
-4.27
-1.75
2.48
5.85
6.25
3.31
-1.36
-5.10
-5.83
-3.31
0.68
3.47
3.17
-0.13
-4.44
-7.06
-6.28
-2.35
2.57
5.78
5.60
2.28
-2.20
-5.26
-5.26
-2.33
1.75
4.58
4.61
1.95
-1.75
-4.24
-4.03
-1.27
2.30
4.44
3.71
0.41
-3.59
-5.92
-5.15
-1.65
2.53
4.96
4.23
0.80
-3.25
-5.47
-4.48
-0.74
3.67
6.32
5.82
2.59
-1.45
-3.97
-3.60
-0.65
3.01
5.12
4.29
0.87
-3.26
-5.71
-4.98
-1.39
3.03
5.74
5.15
1.61
-2.81
-5.47
-4.81
-1.21
3.14
5.72
5.08
1.72
-2.29
-4.58
-3.90
-0.85
2.56
4.09
2.71
-0.88
-4.60
-6.22
-4.66
-0.69
3.44
5.32
3.72
-0.60
-5.29
-7.71
-6.45
-2.20
2.60
5.27
4.41
0.75
-3.30
-5.16
-3.60
0.52
4.72
6.55
4.94
0.86
-3.31
-5.22
-3.91
-0.32
3.29
4.71
3.09
-0.64
-4.26
-5.60
-3.77
0.26
4.19
5.74
3.95
-0.23
-4.42
-6.19
-4.51
-0.36
3.81
5.52
3.77
-0.39
-4.45
-5.96
-4.05
0.09
3.84
4.81
2.23
-2.47
-6.55
-7.50
-4.55
0.81
5.69
7.43
5.13
0.12
-4.73
-6.73
-4.87
-0.42
3.92
5.62
3.83
-0.18
-3.78
-4.63
-2.15
2.15
5.59
5.93
2.76
-2.24
-6.26
-7.04
-4.18
0.59
4.48
5.26
2.50
-2.14
-5.94
-6.67
-3.91
0.72
4.54
5.35
2.80
-1.51
-4.84
-5.03
-1.80
3.06
6.70
6.93
3.55
-1.49
-5.19
-5.33
-1.79
3.35
7.04
7.09
3.46
-1.79
-5.65
-6.02
-2.91
1.62
4.73
4.47
0.96
-3.79
-6.96
-6.67
-3.07
1.78
5.03
4.72
0.93
-4.30
-7.99
-8.07
-4.50
0.64
4.40
4.67
1.47
-3.09
-6.04
-5.33
-1.16
4.17
7.61
7.18
3.19
-1.93
-5.09
-4.35
-0.12
5.08
8.16
7.26
2.82
-2.66
-6.09
-5.59
-1.59
3.47
6.60
6.01
2.19
-2.45
-4.96
-3.68
0.75
5.73
8.28
6.75
1.85
-3.72
-6.87
-5.94
-1.65
3.32
5.92
4.57
0.06
-4.91
-7.35
-5.77
-1.03
4.09
6.57
4.91
-0.01
-5.35
-8.04
-6.54
-1.71
3.61
6.29
4.68
-0.43
-6.15
-9.27
-8.01
-3.12
2.55
5.70
4.53
-0.19
-5.56
-8.23
-6.48
-1.17
4.65
7.66
6.16
1.17
-4.19
-6.65
-4.69
0.45
5.58
7.53
5.01
-0.52
-5.78
-7.55
-4.70
1.19
6.73
8.72
6.06
0.31
-5.13
-7.15
-4.67
0.69
5.65
7.20
4.40
-1.08
-5.98
-7.40
-4.53
0.86
5.45
6.34
2.82
-3.18
-8.21
-9.32
-5.81
0.33
5.57
6.90
3.63
-2.22
-7.11
-8.07
-4.45
1.70
6.89
8.19
5.00
-0.67
-5.35
-6.21
-2.68
3.17
7.87
8.51
4.58
-1.73
-6.80
-7.64
-3.74
2.58
7.53
8.06
3.72
-3.01
-8.21
-8.85
-4.58
1.99
6.99
7.54
3.50
-2.51
-6.79
-6.74
-2.40
3.57
7.57
7.17
2.57
-3.61
-7.80
-7.59
-3.08
3.11
7.38
7.23
2.77
-3.36
-7.44
-6.93
-1.97
4.55
8.70
7.85
2.30
-4.82
-9.36
-8.69
-3.20
3.78
8.11
7.25
1.85
-4.75
-8.52
-7.14
-1.42
5.28
9.08
7.82
2.35
-4.06
-7.64
-6.30
-0.85
5.46
8.85
7.22
1.38
-5.35
-9.03
-7.40
-1.28
5.80
9.67
7.94
1.53
-5.84
-9.78
-7.89
-1.17
6.48
10.65
9.00
2.63
-4.64
-8.52
-6.80
-0.64
6.20
9.65
7.65
1.36
-5.62
-9.30
-7.70
-1.94
4.43
7.53
5.44
-0.66
-7.22
-10.33
-8.11
-1.84
4.77
7.82
5.55
-0.60
-6.89
-9.42
-6.63
-0.10
6.26
8.68
5.73
-0.87
-7.23
-9.62
-6.68
-0.15
6.12
8.51
5.69
-0.68
-6.83
-9.16
-6.31
0.11
6.32
8.71
5.96
-0.24
-6.06
-7.84
-4.33
2.50
8.56
10.10
6.03
-1.42
-7.92
-9.66
-5.64
1.72
8.04
9.64
5.65
-1.50
-7.60
-9.12
-5.29
1.57
7.43
8.93
5.28
-1.39
-7.23
-8.96
-5.71
0.48
5.91
7.40
4.17
-1.70
-6.47
-7.03
-2.78
3.94
9.19
9.87
5.46
-1.56
-7.19
-8.34
-4.55
1.75
6.70
7.36
3.34
-3.05
-8.13
-9.03
-5.29
0.89
6.02
7.26
4.07
-1.52
-6.14
-7.02
-3.68
1.75
5.83
5.84
1.53
-4.65
-8.91
-8.44
-3.12
4.23
9.53
9.86
5.14
-1.75
-6.78
-7.07
-2.69
3.53
7.74
7.39
2.73
-3.45
-7.48
-7.00
-2.34
3.72
7.63
7.12
2.50
-3.54
-7.49
-7.07
-2.59
3.25
6.93
6.21
1.50
-4.40
-7.83
-6.57
-1.13
5.43
9.33
8.30
2.94
-3.62
-7.60
-6.75
-1.72
4.39
7.90
6.75
1.65
-4.35
-7.67
-6.39
-1.33
4.42
7.38
5.67
0.16
-6.07
-9.50
-8.25
-3.12
2.81
6.06
4.78
-0.19
-5.76
-8.46
-6.50
-0.85
5.30
8.47
6.87
1.53
-4.35
-7.21
-5.29
0.36
6.45
9.42
7.49
1.76
-4.44
-7.51
-5.66
0.02
6.21
9.32
7.55
1.96
-4.20
-7.42
-6.00
-1.01
4.42
6.98
5.17
0.11
-5.14
-7.46
-5.47
-0.36
4.87
7.16
5.13
-0.06
-5.42
-7.84
-5.87
-0.62
4.88
7.45
5.56
0.30
-5.21
-7.61
-5.34
0.41
6.32
8.92
6.63
0.75
-5.29
-8.00
-5.90
-0.43
4.90
6.71
3.67
-2.65
-8.68
-10.96
-8.13
-1.75
4.59
7.38
5.20
-0.43
-6.00
-8.05
-5.23
0.87
6.67
8.75
5.90
-0.14
-5.76
-7.58
-4.51
1.65
7.26
9.08
6.16
0.31
-4.94
-6.52
-3.55
2.13
7.09
8.34
5.09
-0.80
-5.87
-7.08
-3.61
2.61
8.01
9.43
6.03
-0.26
-5.76
-7.23
-3.79
2.59
8.21
9.90
6.84
1.05
-3.84
-4.80
-1.15
4.98
10.04
11.11
7.64
1.79
-2.87
-3.43
0.74
7.53
13.37
15.26
12.48
7.05
2.53
2.00
6.20
13.06
18.86
20.45
17.08
10.90
5.70
4.67
8.49
14.89
20.00
20.67
16.34
9.37
3.62
2.17
5.52
11.29
15.67
15.70
10.94
3.76
-2.06
-3.54
-0.22
5.55
10.04
10.31
5.93
-0.79
-6.13
-7.17
-3.56
2.33
6.80
7.05
2.87
-3.28
-7.72
-7.74
-3.28
3.10
7.66
7.76
3.32
-3.13
-7.95
-8.51
-4.64
1.25
5.71
6.15
2.38
-3.37
-7.71
-8.15
-4.54
0.79
4.46
4.03
-0.52
-6.67
-10.95
-10.90
-6.71
-1.07
2.44
1.43
-3.83
-10.64
-15.45
-15.99
-12.50
-7.54
-4.41
-5.26
-9.91
-16.07
-20.71
-21.79
-19.41
-15.73
-13.74
-15.57
-21.27
-28.71
-34.74
-36.97
-35.26
-31.82
-30.03
-32.44
-39.28
-48.27
-55.94
-59.71
-59.51
-57.86
-58.34
-63.45
-73.12
-84.67
-94.34
-99.48
-100.05
-98.61
-98.81
-103.34
-112.48
-124.01
-134.48
-141.04
-142.96
-141.70
-139.94
-139.93
-142.24
-145.62
-147.70
-146.45
-141.24
-133.02
-123.50
-113.87
-103.65
-90.53
-71.36
-44.40
-10.95
24.17
54.39
74.43
83.12
84.11
83.82
87.55
96.35
106.57
112.63
111.13
103.68
96.61
97.41
110.35
133.73
160.71
182.86
194.37
194.52
187.13
177.83
170.70
166.26
161.85
153.93
140.65
123.28
105.74
92.54
86.15
85.55
86.80
85.23
77.97
65.54
51.46
40.25
34.84
35.02
37.66
38.62
35.08
27.08
17.50
10.29
8.16
10.98
15.82
18.66
16.75
10.24
2.12
-3.53
-4.01
0.38
6.48
10.17
8.86
2.99
-4.16
-8.50
-7.63
-2.22
4.35
8.11
6.82
1.29
-5.15
-8.64
-7.13
-1.52
4.79
7.93
5.89
-0.37
-7.35
-11.05
-9.32
-3.18
3.74
7.30
5.28
-1.28
-8.56
-12.22
-9.96
-3.00
4.68
8.60
6.50
-0.36
-7.88
-11.62
-9.42
-2.69
4.44
7.67
5.03
-1.90
-8.95
-11.88
-8.86
-1.63
5.58
8.52
5.42
-1.94
-9.24
-12.18
-8.93
-1.33
6.29
9.59
6.79
-0.30
-7.33
-10.01
-6.68
0.66
7.59
9.80
5.73
-2.47
-10.22
-13.12
-9.53
-1.61
5.97
8.71
4.88
-3.42
-11.46
-14.67
-11.26
-3.32
4.43
7.40
3.84
-4.09
-11.55
-13.94
-9.62
-0.95
7.05
9.66
5.28
-3.55
-11.68
-14.35
-10.03
-1.38
6.39
8.55
3.73
-5.28
-13.20
-15.35
-10.45
-1.32
6.77
9.25
4.87
-3.61
-11.08
-13.11
-8.55
-0.13
7.15
9.02
4.43
-3.86
-10.88
-12.41
-7.46
1.10
8.23
9.69
4.54
-4.26
-11.59
-13.16
-8.04
0.69
7.85
9.16
3.88
-4.88
-11.92
-13.11
-7.82
0.66
7.19
7.84
2.32
-5.96
-11.84
-11.55
-4.96
4.22
10.66
10.54
3.79
-5.82
-12.87
-13.36
-7.08
2.26
9.23
9.79
3.65
-5.61
-12.61
-13.33
-7.47
1.35
7.77
7.92
1.67
-7.25
-13.50
-13.34
-6.81
2.18
8.34
8.11
1.81
-6.62
-12.02
-11.09
-4.42
3.92
8.87
7.46
0.49
-7.86
-12.62
-10.92
-3.76
4.58
9.08
7.01
-0.52
-9.15
-13.82
-11.76
-4.17
4.46
9.01
6.80
-0.91
-9.55
-13.99
-11.59
-3.70
5.01
9.48
7.20
-0.39
-8.82
-13.24
-11.32
-4.51
2.92
6.58
4.52
-1.73
-8.18
-10.78
-7.81
-0.81
6.31
9.60
7.32
0.84
-6.11
-9.63
-7.79
-1.82
4.59
7.50
4.97
-1.72
-8.79
-12.17
-9.89
-3.33
3.58
6.74
4.32
-2.20
-8.87
-11.70
-8.99
-2.30
4.48
7.52
5.28
-0.73
-6.82
-9.34
-6.79
-0.65
5.43
7.85
5.10
-1.38
-7.89
-10.67
-8.08
-1.63
4.85
7.48
4.55
-2.37
-9.37
-12.45
-9.90
-3.32
3.33
6.19
3.67
-2.58
-8.77
-11.24
-8.59
-2.48
3.48
5.92
3.59
-1.89
-7.09
-8.82
-5.95
-0.12
5.25
7.02
4.11
-1.78
-7.20
-8.91
-5.82
0.30
5.88
7.63
4.55
-1.49
-6.80
-8.14
-4.64
1.56
6.64
7.38
3.08
-3.98
-9.90
-11.46
-7.97
-1.66
3.75
5.22
2.17
-3.32
-7.77
-8.42
-4.89
0.65
4.84
5.09
1.11
-4.88
-9.43
-9.88
-5.90
0.25
5.10
5.86
2.14
-3.94
-8.87
-9.88
-6.49
-0.79
3.81
4.62
1.22
-4.27
-8.53
-8.93
-5.16
0.65
5.22
6.01
2.76
-2.45
-6.42
-6.73
-3.19
2.09
5.95
6.06
2.28
-3.23
-7.30
-7.60
-4.04
1.14
4.78
4.62
0.73
-4.58
-8.08
-7.55
-3.14
2.76
6.88
6.95
2.96
-2.82
-7.16
-7.69
-4.22
1.18
5.36
5.92
2.57
-2.64
-6.52
-6.62
-2.75
2.85
6.85
7.00
3.64
-0.45
-1.77
1.39
7.61
13.09
14.14
9.81
2.86
-1.86
-0.52
7.15
17.58
25.58
27.57
23.68
17.41
13.39
14.64
21.02
29.82
37.44
41.40
41.43
39.51
38.75
42.14
50.78
63.18
75.67
84.26
87.05
85.79
85.07
89.57
100.85
116.03
129.77
138.21
142.10
146.80
158.40
178.83
203.77
224.93
235.70
236.27
234.33
240.70
262.08
296.33
332.96
359.39
368.54
363.07
353.41
350.78
359.95
376.56
390.33
392.09
379.64
358.72
338.29
323.82
313.15
297.84
269.05
224.03
168.57
114.16
71.23
43.50
26.43
10.66
-11.84
-43.27
-79.31
-112.39
-136.57
-150.79
-159.13
-168.05
-183.23
-207.20
-238.95
-275.15
-311.65
-345.02
-373.40
-396.85
-417.04
-436.23
-455.81
-474.98
-490.41
-497.69
-493.67
-478.61
-456.51
-433.35
-414.19
-400.54
-390.00
-377.95
-360.55
-337.15
-310.69
-286.29
-268.55
-259.25
-256.48
-255.67
-251.76
-241.57
-225.33
-206.53
-190.09
-179.84
-176.49
-177.40
-178.15
-174.85
-165.70
-151.01
-131.91
-109.20
-83.31
-55.21
-27.44
-3.85
11.94
18.69
18.63
16.73
18.39
26.99
42.72
63.02
84.27
103.15
117.42
125.92
128.30
125.21
118.26
109.75
101.90
95.90
91.51
87.39
82.21
75.58
68.39
62.24
58.22
56.09
54.22
50.69
44.56
36.58
28.85
23.63
21.93
22.95
24.53
24.47
21.75
16.98
11.99
8.71
8.14
9.82
11.98
12.61
10.57
6.39
2.10
-0.12
0.62
3.17
5.20
4.82
1.96
-1.61
-3.60
-2.92
-0.66
0.81
-0.68
-5.32
-11.04
-14.72
-13.94
-8.52
-0.46
6.98
10.80
9.25
2.40
-8.12
-19.31
-27.40
-29.02
-22.54
-9.37
5.83
16.65
17.87
8.38
-7.42
-21.25
-25.16
-16.15
1.39
17.62
22.62
12.60
-7.18
-25.02
-29.34
-16.08
8.31
30.07
36.02
21.61
-5.95
-31.41
-40.25
-27.25
0.07
25.92
35.42
23.55
-1.87
-25.15
-32.33
-19.67
4.03
23.12
24.97
7.86
-17.91
-36.59
-36.90
-18.92
6.21
23.68
24.47
10.65
-6.70
-15.43
-10.47
3.33
15.19
16.34
6.07
-8.15
-16.16
-12.38
0.52
13.87
19.11
13.59
1.76
-8.45
-11.28
-6.75
0.18
3.81
1.96
-2.79
-5.42
-2.41
5.60
14.28
18.70
16.54
9.45
1.68
-2.60
-1.54
3.87
10.85
16.56
19.22
18.52
15.20
10.78
7.15
6.01
8.26
13.34
19.30
23.72
25.14
24.02
22.67
23.75
28.46
35.60
42.15
45.20
43.98
40.56
38.86
42.16
51.01
62.56
72.17
76.08
73.80
68.43
64.91
67.05
75.34
86.71
96.52
101.39
101.20
98.99
98.84
103.25
111.46
119.92
124.53
123.08
116.35
107.32
98.91
91.91
84.50
73.48
56.57
34.12
9.36
-13.03
-28.99
-36.77
-37.37
-33.86
-29.76
-27.69
-28.50
-31.39
-34.87
-38.08
-41.66
-47.74
-58.72
-75.62
-97.04
-119.33
-138.13
-150.52
-156.06
-156.46
-153.99
-149.89
-143.89
-135.18
-123.72
-110.93
-99.04
-89.77
-83.36
-78.64
-74.10
-68.89
-63.04
-56.93
-50.58
-43.75
-36.44
-29.54
-24.50
-22.18
-21.82
-21.14
-17.73
-10.93
-2.50
4.41
7.55
7.30
6.55
8.70
15.16
24.31
32.57
36.94
37.18
35.98
37.30
43.63
54.40
66.30
75.52
80.06
81.04
81.88
86.20
95.70
109.25
123.65
135.54
143.29
147.67
151.40
157.45
167.33
180.10
192.61
200.83
201.65
194.09
179.50
160.46
139.07
115.64
88.55
55.69
16.36
-27.31
-70.67
-108.48
-137.41
-157.62
-172.13
-184.54
-196.54
-206.81
-212.12
-209.83
-199.99
-185.69
-171.37
-160.35
-153.13
-147.69
-141.14
-131.83
-120.29
-108.70
-99.29
-92.95
-88.76
-84.73
-78.96
-70.72
-60.74
-50.74
-42.70
-37.90
-36.35
-36.78
-37.08
-35.28
-30.49
-23.42
-16.08
-10.77
-8.81
-9.76
-11.68
-12.17
-9.83
-5.14
-0.17
2.64
2.06
-1.15
-4.57
-5.59
-3.07
1.92
6.67
8.47
6.29
1.42
-3.21
-4.85
-2.53
2.33
6.80
8.16
5.57
0.46
-4.27
-5.99
-3.84
0.83
5.28
7.02
5.24
1.25
-2.37
-3.32
-0.98
3.22
6.70
7.39
4.97
1.14
-1.48
-1.01
2.44
6.82
9.34
8.21
3.71
-1.97
-5.92
-6.14
-2.52
3.15
8.25
10.49
8.96
4.32
-1.52
-6.27
-8.11
-6.45
-2.16
2.77
6.13
6.67
4.82
2.41
1.46
2.76
5.16
6.29
4.26
-0.79
-6.42
-9.40
-7.83
-2.46
3.66
7.23
6.74
3.33
-0.23
-1.54
-0.15
2.35
3.71
2.62
-0.41
-3.61
-5.08
-3.91
-0.63
3.28
6.21
7.02
5.48
2.36
-0.81
-2.36
-1.32
1.85
5.27
6.56
4.28
-0.74
-5.64
-7.00
-3.16
4.41
11.65
14.25
10.35
1.91
-6.30
-9.63
-6.44
0.89
7.53
9.31
5.36
-1.43
-6.35
-6.05
-0.57
6.66
11.14
10.09
4.03
-3.69
-9.01
-9.49
-5.44
0.59
5.52
7.30
5.80
2.42
-0.89
-2.62
-2.30
-0.44
1.87
3.57
4.02
3.29
2.10
1.36
1.65
2.63
3.23
2.24
-0.49
-3.52
-4.27
-0.66
7.02
15.44
19.61
15.64
3.53
-12.03
-23.55
-24.71
-13.98
4.04
20.84
28.44
23.70
9.93
-5.08
-13.65
-12.49
-4.14
5.04
9.14
6.24
-0.77
-6.42
-6.50
-0.66
7.58
13.36
13.51
8.27
0.67
-5.67
-8.45
-7.54
-4.34
-0.58
2.40
3.92
3.97
3.16
2.59
3.23
5.08
6.87
6.51
2.75
-3.48
-8.97
-10.05
-5.29
3.04
9.99
11.10
5.68
-2.38
-7.10
-4.67
3.60
11.90
13.94
7.54
-3.60
-12.10
-11.96
-2.78
9.75
17.60
15.72
5.41
-6.63
-12.75
-9.41
0.68
10.64
13.96
8.77
-1.39
-10.17
-12.62
-8.01
0.23
7.20
9.64
7.47
3.04
-0.82
-2.60
-2.38
-1.07
0.52
1.99
3.03
3.01
1.39
-1.58
-4.39
-4.89
-1.78
4.08
9.73
11.74
8.47
1.50
-5.17
-7.59
-4.45
1.98
7.40
8.32
4.30
-1.81
-5.93
-5.48
-0.99
4.46
7.42
6.31
2.24
-2.01
-3.88
-2.59
0.69
3.85
5.27
4.61
2.64
0.59
-0.63
-0.65
0.32
1.79
3.06
3.42
2.44
0.34
-1.88
-2.86
-1.75
1.05
3.88
4.79
2.87
-0.91
-4.19
-4.74
-2.05
2.15
4.97
4.31
0.35
-4.47
-7.11
-5.95
-1.89
2.18
3.32
0.40
-5.21
-10.60
-13.20
-12.32
-9.54
-7.54
-8.44
-12.48
-17.95
-22.30
-23.73
-22.37
-20.31
-20.43
-24.66
-32.75
-42.20
-49.51
-52.21
-50.40
-46.98
-46.29
-51.74
-63.92
-80.12
-95.65
-106.25
-110.40
-110.10
-109.90
-114.60
-126.90
-146.38
-169.61
-191.82
-208.65
-217.63
-218.79
-214.68
-210.01
-210.75
-222.63
-249.34
-290.75
-342.24
-395.52
-440.81
-469.83
-478.32
-467.15
-442.05
-411.68
-384.91
-368.00
-362.69
-365.77
-370.64
-370.10
-359.20
-336.99
-306.06
-270.48
-233.38
-195.73
-156.96
-116.66
-76.34
-39.53
-10.45
8.27
17.21
20.13
22.33
28.49
40.72
58.42
79.41
101.85
125.80
153.47
187.99
231.62
284.03
341.81
399.46
451.25
493.26
524.34
545.81
560.26
569.71
574.54
573.46
564.57
546.81
521.07
490.27
458.25
428.23
401.53
377.25
353.27
327.74
300.32
272.48
246.68
224.88
207.47
192.94
178.88
163.32
145.86
127.87
111.68
99.11
90.44
84.17
77.92
69.76
59.37
48.17
38.60
32.57
30.34
30.27
29.69
26.46
20.19
12.47
5.99
2.87
3.48
6.15
8.23
7.64
4.09
-0.75
-4.30
-4.68
-1.86
2.28
5.01
4.44
0.58
-4.59
-8.29
-8.49
-5.14
-0.17
3.59
4.05
1.05
-3.55
-6.97
-7.12
-3.85
1.00
4.64
5.00
1.90
-2.81
-6.31
-6.53
-3.32
1.37
4.76
4.78
1.34
-3.56
-7.04
-7.00
-3.42
1.64
5.24
5.27
1.70
-3.40
-7.07
-7.25
-3.87
1.00
4.52
4.68
1.51
-2.98
-6.02
-5.71
-2.18
2.49
5.51
5.00
1.13
-3.99
-7.53
-7.61
-4.31
0.28
3.36
3.03
-0.59
-5.42
-8.65
-8.42
-4.87
-0.12
3.04
2.79
-0.64
-5.08
-7.74
-6.88
-2.81
2.16
5.23
4.70
1.02
-3.52
-6.16
-5.31
-1.49
3.01
5.52
4.55
0.66
-3.85
-6.33
-5.29
-1.30
3.39
6.12
5.37
1.69
-2.70
-5.13
-4.12
-0.22
4.24
6.56
5.22
0.82
-4.22
-7.03
-6.06
-1.93
2.89
5.51
4.39
0.17
-4.72
-7.44
-6.53
-2.63
1.83
4.16
2.90
-1.28
-6.02
-8.62
-7.59
-3.48
1.41
4.37
3.80
0.09
-4.57
-7.50
-7.04
-3.47
1.11
4.14
4.06
1.18
-2.63
-5.10
-5.01
-2.89
-0.45
0.51
-0.55
-2.75
-4.27
-3.84
-1.59
0.93
1.71
-0.12
-3.47
-5.52
-3.25
4.60
16.50
28.39
35.34
33.66
22.59
4.67
-15.18
-31.47
-40.12
-39.83
-32.34
-21.50
-11.77
-6.33
-5.96
-8.92
-11.92
-11.86
-7.31
0.70
9.40
15.64
17.74
16.08
12.67
9.88
8.84
8.91
8.27
5.40
0.43
-4.65
-7.13
-5.44
-0.38
5.18
7.94
6.23
1.15
-4.28
-6.94
-5.68
-1.85
1.69
2.56
0.37
-3.16
-5.51
-5.10
-2.34
0.77
2.05
0.60
-2.59
-5.37
-5.79
-3.43
0.30
3.07
2.99
-0.17
-4.82
-8.42
-8.89
-5.86
-0.89
3.40
4.81
2.81
-1.19
-4.61
-5.27
-2.70
1.62
5.11
5.69
2.99
-1.44
-4.99
-5.61
-2.96
1.39
4.89
5.50
2.87
-1.47
-5.04
-5.82
-3.42
0.67
3.98
4.49
1.81
-2.59
-6.22
-7.06
-4.72
-0.73
2.42
2.78
0.14
-3.82
-6.50
-6.00
-2.33
2.57
5.96
5.89
2.40
-2.51
-6.05
-6.25
-3.07
1.58
5.06
5.48
2.73
-1.46
-4.59
-4.86
-2.16
1.85
4.74
4.72
1.68
-2.71
-5.93
-6.11
-3.10
1.40
4.81
5.21
2.44
-1.76
-4.84
-4.99
-2.19
1.69
4.16
3.54
0.06
-4.35
-7.10
-6.61
-3.15
1.26
4.03
3.56
0.09
-4.40
-7.37
-7.15
-3.92
0.38
3.21
2.89
-0.44
-4.86
-7.76
-7.47
-4.17
0.07
2.56
1.62
-2.48
-7.52
-10.70
-10.25
-6.55
-1.87
0.96
0.16
-3.88
-8.96
-12.33
-12.29
-9.23
-5.37
-3.48
-5.26
-10.32
-16.35
-20.43
-20.68
-17.30
-12.55
-9.45
-10.09
-14.48
-20.52
-25.23
-26.43
-23.80
-18.94
-14.17
-11.13
-9.88
-9.08
-7.11
-3.22
1.81
6.11
7.96
6.75
3.65
1.12
1.64
6.39
14.43
22.80
27.89
27.58
22.74
17.36
16.56
23.53
37.08
51.67
60.30
58.66
47.94
34.22
24.71
23.14
27.45
31.41
29.12
19.19
5.92
-3.58
-4.11
4.17
15.90
23.83
23.39
15.01
3.46
-5.31
-7.87
-5.14
-1.57
-2.26
-9.50
-20.87
-30.30
-31.72
-22.93
-7.62
6.33
11.41
5.09
-8.38
-20.50
-23.86
-16.73
-4.01
6.11
7.57
0.18
-10.67
-17.95
-17.60
-10.99
-3.57
-0.95
-5.13
-13.08
-18.69
-16.92
-7.22
5.62
14.36
13.78
4.19
-8.51
-16.47
-14.83
-4.92
6.67
12.45
8.95
-1.14
-11.03
-14.50
-9.95
-1.07
6.00
6.88
1.46
-6.46
-12.16
-12.83
-8.87
-3.00
1.91
4.16
3.56
0.73
-3.43
-7.73
-10.63
-10.30
-5.75
2.04
9.99
14.14
11.86
3.56
-7.53
-17.25
-22.91
-24.42
-23.10
-19.86
-13.91
-3.84
9.84
23.18
30.03
25.87
11.51
-6.10
-17.63
-17.17
-6.17
7.29
14.02
9.91
-1.36
-11.15
-12.15
-3.64
7.93
13.87
9.34
-3.23
-15.89
-20.70
-15.11
-3.24
7.19
10.17
5.16
-3.18
-8.59
-7.57
-1.35
5.44
8.29
5.85
0.45
-3.86
-4.41
-1.57
1.80
2.74
0.37
-3.50
-5.82
-4.63
-0.50
3.86
5.53
3.40
-1.15
-5.19
-6.24
-3.84
0.31
3.54
4.00
1.68
-1.67
-3.79
-3.24
-0.28
3.39
5.58
4.93
1.57
-2.90
-6.24
-6.76
-4.18
0.10
3.75
4.72
2.42
-1.90
-5.77
-6.90
-4.55
-0.00
4.13
5.49
3.37
-0.85
-4.45
-5.14
-2.36
2.25
5.98
6.61
3.77
-0.85
-4.50
-5.05
-2.21
2.29
5.72
5.97
2.75
-2.17
-5.98
-6.50
-3.41
1.50
5.38
5.98
3.00
-1.80
-5.53
-5.99
-2.89
1.95
5.65
6.05
2.93
-1.91
-5.69
-6.34
-3.66
0.61
3.85
4.18
1.46
-2.56
-5.31
-4.98
-1.54
3.13
6.36
6.21
2.63
-2.50
-6.35
-6.83
-3.79
0.86
4.28
4.39
1.12
-3.51
-6.61
-6.19
-2.36
2.71
6.08
5.77
1.95
-3.23
-6.82
-6.90
-3.57
1.13
4.39
4.34
1.02
-3.58
-6.74
-6.56
-3.08
1.73
5.10
5.08
1.70
-3.04
-6.30
-6.13
-2.64
2.03
5.02
4.44
0.55
-4.37
-7.38
-6.64
-2.49
2.72
6.12
5.87
2.28
-2.46
-5.55
-5.22
-1.73
2.83
5.76
5.35
1.86
-2.63
-5.42
-4.79
-1.04
3.60
6.32
5.35
1.05
-4.26
-7.60
-7.09
-3.08
2.04
5.31
4.90
1.18
-3.48
-6.21
-5.32
-1.28
3.55
6.37
5.60
1.76
-2.84
-5.47
-4.59
-0.80
3.59
5.83
4.47
0.13
-4.75
-7.38
-6.20
-1.85
3.14
5.89
4.80
0.54
-4.31
-6.79
-5.30
-0.60
4.64
7.41
6.15
1.59
-3.59
-6.44
-5.43
-1.34
3.21
5.37
3.75
-0.76
-5.49
-7.60
-5.77
-0.97
4.00
6.22
4.33
-0.68
-5.91
-8.35
-6.51
-1.39
4.14
7.01
5.74
1.26
-3.69
-6.16
-4.76
-0.47
4.03
5.96
4.15
-0.32
-4.75
-6.50
-4.55
-0.11
4.10
5.53
3.30
-1.27
-5.45
-6.69
-4.11
0.91
5.55
7.17
4.84
-0.17
-5.00
-6.92
-4.87
-0.03
4.79
6.86
5.06
0.57
-3.92
-5.74
-3.88
0.45
4.54
5.86
3.57
-1.03
-5.23
-6.54
-4.17
0.51
4.74
6.00
3.54
-1.27
-5.65
-7.05
-4.68
0.04
4.27
5.46
2.90
-1.88
-5.94
-6.75
-3.68
1.56
5.94
6.85
3.71
-1.78
-6.55
-8.00
-5.47
-0.56
3.79
5.03
2.49
-2.32
-6.53
-7.59
-4.79
0.38
5.00
6.51
4.14
-0.59
-4.81
-5.99
-3.51
0.98
4.59
4.97
1.76
-3.16
-6.77
-6.80
-3.06
2.36
6.34
6.58
2.96
-2.44
-6.47
-6.81
-3.26
2.15
6.38
7.12
4.11
-0.73
-4.45
-4.85
-1.66
3.19
6.85
7.17
3.96
-0.91
-4.64
-5.14
-2.25
2.19
5.42
5.44
2.13
-2.68
-6.23
-6.48
-3.30
1.45
4.99
5.22
1.94
-2.97
-6.66
-6.90
-3.48
1.66
5.53
5.83
2.30
-3.05
-7.11
-7.54
-4.11
1.12
5.05
5.42
2.12
-2.82
-6.36
-6.43
-3.04
1.63
4.63
4.00
-0.14
-5.53
-9.20
-9.12
-5.42
-0.32
3.18
2.98
-0.76
-5.81
-9.08
-8.49
-4.18
1.54
5.58
5.80
2.28
-2.88
-6.76
-7.39
-4.78
-0.81
2.00
2.00
-0.74
-4.59
-7.34
-7.55
-5.32
-2.24
-0.34
-0.98
-3.93
-7.52
-9.57
-8.83
-5.87
-3.27
-4.16
-10.13
-19.64
-28.12
-29.98
-22.08
-6.07
12.08
24.94
27.63
20.37
7.81
-3.89
-10.76
-12.73
-12.55
-13.02
-14.66
-15.34
-12.14
-3.68
8.54
20.83
29.26
31.70
28.68
22.86
17.54
15.08
15.81
18.12
19.41
17.64
12.58
6.03
0.74
-0.96
1.28
5.59
9.07
9.46
6.50
2.09
-1.06
-1.12
1.76
5.54
7.61
6.42
2.37
-2.45
-5.60
-5.69
-3.11
0.26
2.20
1.43
-1.69
-5.45
-7.61
-6.62
-2.33
3.89
9.69
12.76
11.92
7.76
2.47
-1.28
-1.79
0.79
4.70
7.83
9.15
9.14
9.13
9.90
10.94
10.76
8.27
3.95
-0.24
-2.07
-0.75
2.54
5.44
6.13
4.47
1.92
0.25
0.16
1.04
1.58
0.92
-0.81
-2.87
-4.62
-6.04
-7.51
-9.20
-10.71
-11.25
-10.45
-8.73
-7.30
-7.23
-8.67
-10.56
-11.24
-9.59
-5.97
-2.17
-0.35
-1.71
-5.53
-9.53
-11.15
-9.14
-4.36
0.68
3.27
2.13
-1.88
-6.22
-8.27
-6.82
-2.87
1.04
2.44
0.44
-3.70
-7.32
-8.00
-5.03
0.05
4.38
5.49
2.74
-2.26
-6.58
-7.74
-5.03
0.05
4.75
6.70
5.19
1.45
-2.11
-3.38
-1.71
1.70
4.65
5.14
2.63
-1.63
-5.32
-6.36
-4.13
0.06
3.76
4.79
2.51
-1.78
-5.59
-6.70
-4.45
-0.18
3.68
4.99
3.21
-0.35
-3.32
-3.69
-1.10
2.98
6.11
6.34
3.41
-1.17
-4.86
-5.71
-3.39
0.61
3.87
4.48
2.16
-1.66
-4.66
-5.04
-2.59
1.24
4.19
4.52
2.05
-1.79
-4.77
-5.17
-2.74
1.07
4.03
4.32
1.69
-2.44
-5.77
-6.40
-4.01
-0.02
3.19
3.74
1.32
-2.58
-5.49
-5.47
-2.28
2.42
6.04
6.60
3.94
-0.23
-3.31
-3.48
-0.70
3.20
5.74
5.29
2.06
-2.05
-4.66
-4.35
-1.43
2.22
4.40
3.80
0.78
-2.95
-5.26
-4.87
-1.97
1.85
4.48
4.48
1.84
-1.97
-4.77
-4.89
-2.23
1.66
4.41
4.24
1.09
-3.24
-6.09
-5.58
-1.79
3.19
6.55
6.39
2.88
-1.85
-5.01
-4.83
-1.55
2.73
5.42
4.94
1.61
-2.53
-4.98
-4.25
-0.70
3.57
6.03
5.11
1.20
-3.63
-6.69
-6.31
-2.79
1.75
4.57
3.94
0.16
-4.59
-7.50
-6.78
-2.77
2.26
5.50
5.22
1.85
-2.32
-4.54
-3.27
0.85
5.36
7.46
5.73
0.93
-4.30
-7.06
-5.85
-1.38
3.76
6.70
5.88
1.89
-2.87
-5.60
-4.72
-0.79
3.83
6.40
5.33
1.17
-3.68
-6.40
-5.38
-1.28
3.41
5.80
4.35
-0.20
-5.20
-7.68
-6.14
-1.44
3.68
6.21
4.74
0.21
-4.56
-6.64
-4.66
0.34
5.53
7.97
6.37
1.73
-3.20
-5.60
-4.17
0.05
4.42
6.17
4.16
-0.55
-5.21
-7.09
-5.06
-0.30
4.36
6.14
3.92
-1.05
-5.86
-7.69
-5.51
-0.65
3.95
5.57
3.35
-1.21
-5.19
-5.97
-2.93
2.29
6.64
7.55
4.36
-1.24
-6.18
-7.81
-5.32
-0.28
4.38
5.97
3.64
-1.22
-5.70
-7.18
-4.77
0.08
4.51
5.92
3.55
-1.02
-4.89
-5.55
-2.44
2.65
6.74
7.37
4.16
-0.98
-4.97
-5.39
-1.97
3.30
7.30
7.69
4.21
-1.14
-5.29
-5.93
-2.84
1.97
5.47
5.40
1.65
-3.70
-7.54
-7.59
-3.74
1.85
5.98
6.31
2.70
-2.69
-6.67
-6.88
-3.19
2.19
6.08
6.20
2.49
-2.87
-6.75
-6.88
-3.21
2.15
6.14
6.55
3.30
-1.58
-5.05
-4.90
-1.05
4.33
8.08
7.81
3.44
-2.73
-7.24
-7.53
-3.46
2.47
6.64
6.45
1.90
-4.37
-8.69
-8.60
-4.24
1.71
5.78
5.77
2.00
-3.00
-6.02
-5.12
-0.71
4.77
8.28
7.93
3.98
-1.30
-4.94
-4.92
-1.30
3.73
7.18
6.91
3.00
-2.30
-5.79
-5.27
-0.95
4.62
8.02
7.03
2.04
-4.17
-8.05
-7.45
-2.87
2.81
6.10
5.04
0.23
-5.47
-8.71
-7.61
-2.78
3.05
6.69
6.25
2.26
-2.78
-5.81
-5.02
-0.91
4.00
6.68
5.42
0.82
-4.44
-7.22
-5.74
-0.76
4.82
7.70
6.08
0.79
-5.20
-8.45
-7.15
-2.09
3.75
7.02
5.93
1.28
-4.11
-7.05
-5.80
-1.12
4.23
7.14
5.94
1.39
-3.79
-6.49
-5.11
-0.43
4.70
7.16
5.34
0.17
-5.40
-8.12
-6.36
-1.15
4.47
7.22
5.58
0.60
-4.65
-7.02
-5.08
0.01
5.20
7.47
5.49
0.50
-4.54
-6.62
-4.46
0.73
5.97
8.16
5.96
0.50
-5.19
-7.87
-6.06
-0.86
4.62
7.13
5.14
-0.17
-5.62
-7.99
-5.87
-0.61
4.57
6.56
4.17
-1.12
-6.08
-7.68
-4.88
0.78
6.09
8.01
5.45
-0.18
-5.67
-7.91
-5.61
-0.09
5.50
7.97
5.93
0.63
-4.78
-7.12
-5.08
-0.05
4.77
6.32
3.52
-2.01
-6.97
-8.31
-5.13
0.82
6.16
7.89
5.14
-0.39
-5.41
-6.97
-4.20
1.26
6.16
7.64
4.79
-0.72
-5.67
-7.19
-4.44
0.88
5.52
6.68
3.67
-1.71
-6.17
-7.02
-3.72
1.72
6.05
6.67
3.21
-2.28
-6.55
-7.09
-3.54
2.04
6.51
7.38
4.23
-1.05
-5.42
-6.40
-3.48
1.59
5.80
6.63
3.47
-2.01
-6.69
-7.92
-4.98
0.40
5.07
6.28
3.39
-1.74
-5.79
-6.00
-1.88
4.40
9.33
10.08
6.27
0.19
-4.57
-5.23
-1.44
4.53
9.25
10.10
6.80
1.52
-2.50
-2.84
0.68
5.98
9.95
10.35
7.05
2.10
-1.47
-1.44
2.32
7.77
11.93
12.61
9.74
5.34
2.44
3.20
7.64
13.55
17.83
18.23
14.74
9.60
5.98
6.12
9.98
15.26
18.74
18.23
13.84
7.89
3.64
3.26
6.69
11.57
14.78
14.14
9.79
4.00
-0.14
-0.54
2.69
7.27
10.13
9.19
4.65
-1.18
-5.14
-5.12
-1.32
3.85
7.15
6.46
2.04
-3.62
-7.23
-6.67
-2.26
3.37
6.87
6.08
1.37
-4.66
-8.66
-8.52
-4.59
0.54
3.67
2.81
-1.60
-6.95
-10.04
-8.99
-4.34
1.19
4.34
3.16
-1.81
-7.86
-11.65
-11.20
-7.05
-1.92
0.88
-0.56
-5.68
-11.71
-15.34
-14.73
-10.52
-5.54
-3.10
-5.01
-10.58
-17.03
-21.09
-20.96
-17.33
-13.00
-11.27
-13.98
-20.54
-28.19
-33.62
-34.86
-32.44
-29.14
-28.34
-32.11
-39.92
-49.01
-55.90
-58.56
-57.63
-56.11
-57.55
-63.97
-74.56
-86.11
-94.90
-98.83
-98.72
-97.79
-99.76
-106.66
-117.67
-129.59
-138.67
-142.67
-142.00
-139.26
-137.63
-139.08
-143.36
-148.39
-151.48
-150.84
-146.32
-139.12
-130.67
-121.44
-110.26
-94.55
-71.74
-40.77
-3.39
35.85
71.04
97.28
112.56
118.29
117.99
114.96
110.67
104.67
96.25
86.43
78.83
78.45
89.07
110.74
139.02
166.69
186.91
196.07
194.84
187.16
177.73
169.62
163.08
156.17
146.51
133.14
117.37
102.43
91.53
86.06
84.66
83.87
80.07
71.59
59.69
47.86
39.81
37.20
38.71
40.73
39.59
33.66
24.27
14.95
9.26
8.78
12.17
15.99
16.73
12.83
5.53
-1.86
-5.88
-4.91
-0.07
5.37
7.98
6.07
0.69
-4.99
-7.59
-5.57
-0.18
5.25
7.32
4.63
-1.37
-7.19
-9.36
-6.57
-0.41
5.51
7.78
5.09
-0.94
-6.77
-9.00
-6.36
-0.44
5.31
7.51
4.90
-0.99
-6.74
-8.99
-6.48
-0.74
4.77
6.67
3.75
-2.37
-8.09
-10.01
-6.92
-0.59
5.29
7.26
4.12
-2.36
-8.44
-10.64
-7.79
-1.67
4.06
6.01
3.10
-2.83
-8.11
-9.41
-5.80
0.68
6.22
7.46
3.55
-3.29
-9.03
-10.24
-6.09
1.04
7.01
8.27
4.04
-3.27
-9.45
-10.99
-7.15
-0.38
5.22
6.25
2.07
-4.96
-10.78
-12.17
-8.48
-2.02
3.38
4.63
1.18
-4.69
-9.23
-9.47
-4.98
1.80
6.95
7.38
2.62
-4.76
-10.58
-11.49
-6.92
0.48
6.41
7.43
2.96
-4.32
-10.11
-11.06
-6.74
0.12
5.31
5.66
0.90
-6.19
-11.49
-11.91
-7.19
-0.03
5.57
6.56
2.59
-3.89
-9.07
-9.96
-6.17
-0.06
4.61
4.96
0.66
-5.81
-10.55
-10.59
-5.69
1.42
6.61
6.83
1.90
-5.23
-10.27
-10.11
-4.73
2.74
7.94
7.79
2.37
-5.17
-10.46
-10.48
-5.31
1.96
7.11
7.18
2.24
-4.72
-9.55
-9.38
-4.25
2.80
7.62
7.32
2.03
-5.16
-9.99
-9.57
-4.10
3.16
7.85
7.06
1.05
-6.92
-12.42
-12.54
-7.46
-0.36
4.54
4.46
-0.33
-6.76
-10.80
-9.89
-4.48
2.25
6.31
5.24
-0.38
-7.28
-11.39
-10.24
-4.40
2.77
7.17
6.30
0.74
-6.25
-10.62
-9.95
-4.86
1.36
4.84
3.35
-2.26
-8.61
-11.76
-9.63
-3.19
4.00
7.91
6.37
0.32
-6.72
-10.67
-9.30
-3.44
3.45
7.38
6.11
0.41
-6.37
-10.25
-8.97
-3.29
3.46
7.35
6.18
0.74
-5.63
-9.02
-7.32
-1.48
4.98
8.11
5.87
-0.61
-7.66
-11.18
-9.13
-2.72
4.24
7.63
5.38
-1.26
-8.51
-12.23
-10.34
-4.05
2.89
6.47
4.73
-1.18
-7.64
-10.76
-8.69
-2.63
3.87
7.06
5.21
-0.38
-6.17
-8.54
-5.88
0.35
6.51
8.89
5.94
-0.85
-7.77
-11.02
-8.96
-3.01
3.14
5.77
3.26
-2.93
-9.14
-11.68
-9.00
-2.60
3.83
6.60
4.22
-1.81
-7.79
-10.12
-7.38
-1.19
4.75
6.89
3.87
-2.64
-8.95
-11.45
-8.77
-2.54
3.62
6.19
3.84
-1.86
-7.35
-9.22
-6.20
0.06
5.94
8.05
5.17
-1.04
-6.98
-9.27
-6.69
-0.88
4.68
6.73
4.10
-1.62
-7.02
-8.97
-6.38
-0.86
4.20
5.69
2.55
-3.53
-9.16
-11.15
-8.41
-2.61
2.84
4.76
2.12
-3.36
-8.25
-9.44
-6.04
0.04
5.26
6.54
3.14
-2.94
-8.10
-9.29
-5.83
0.24
5.37
6.65
3.43
-2.31
-7.16
-8.35
-5.27
0.14
4.65
5.62
2.53
-2.74
-7.01
-7.70
-4.30
1.26
5.78
6.65
3.37
-2.18
-6.79
-7.85
-4.85
0.29
4.39
4.97
1.66
-3.54
-7.50
-7.77
-4.07
1.56
6.03
6.91
3.91
-1.10
-5.05
-5.56
-2.23
3.12
7.54
8.64
5.98
1.31
-2.41
-2.73
0.80
6.38
10.99
12.21
9.67
5.35
2.42
3.38
8.54
15.75
21.73
23.99
22.28
18.79
16.82
18.89
25.23
33.64
40.86
44.46
44.29
42.55
42.59
46.94
55.90
67.35
78.01
85.34
89.02
91.16
95.04
103.23
116.03
131.22
145.47
156.31
163.68
169.98
178.64
192.04
210.02
229.98
248.38
262.87
273.54
282.78
293.71
308.23
325.93
344.25
359.95
370.78
376.59
379.11
380.67
382.59
384.12
382.62
374.79
358.49
333.84
303.21
269.97
236.72
204.10
170.80
134.96
95.83
54.91
15.56
-18.53
-45.30
-65.37
-81.72
-98.06
-117.02
-139.06
-162.74
-186.04
-207.91
-229.07
-251.70
-278.06
-308.97
-343.03
-376.89
-406.72
-429.79
-445.51
-455.35
-461.54
-465.51
-466.91
-463.79
-453.94
-436.50
-412.87
-386.41
-360.81
-338.41
-319.15
-300.96
-281.30
-258.86
-234.46
-210.60
-190.09
-174.37
-162.75
-152.79
-141.73
-128.04
-112.20
-96.48
-83.47
-74.63
-69.44
-65.65
-60.60
-52.77
-42.67
-32.60
-25.28
-22.25
-22.88
-24.65
-24.61
-21.00
-14.33
-7.04
-2.04
-0.97
-3.30
-6.64
-8.15
-6.31
-1.74
3.16
5.72
4.57
0.47
-4.10
-6.40
-5.02
-0.72
4.02
6.48
5.24
1.04
-3.65
-6.08
-4.77
-0.42
4.49
7.24
6.37
2.57
-1.75
-3.95
-2.72
1.11
5.09
6.59
4.50
-0.22
-4.98
-7.07
-5.34
-0.80
3.93
6.15
4.63
0.31
-4.29
-6.52
-5.14
-1.04
3.31
5.29
3.64
-0.80
-5.57
-7.99
-6.73
-2.61
1.91
4.16
2.83
-1.26
-5.66
-7.75
-6.34
-2.39
1.61
3.10
1.05
-3.48
-7.96
-9.96
-8.56
-4.91
-1.48
-0.56
-2.93
-7.40
-11.51
-12.98
-11.05
-6.92
-3.01
-1.57
-3.37
-7.29
-10.93
-12.10
-10.03
-5.92
-2.10
-0.70
-2.35
-5.83
-8.75
-9.06
-6.19
-1.49
2.65
4.15
2.47
-1.12
-4.30
-5.04
-2.81
1.16
4.55
5.39
3.15
-0.86
-4.26
-4.95
-2.38
2.08
5.92
6.93
4.53
0.11
-3.76
-4.82
-2.52
1.73
5.36
6.19
3.74
-0.49
-3.90
-4.35
-1.41
3.35
7.28
8.21
5.69
1.26
-2.43
-3.16
-0.44
4.25
8.32
9.59
7.53
3.58
0.29
-0.20
2.61
7.26
11.27
12.59
10.75
7.21
4.45
4.50
7.77
12.76
17.04
18.69
17.43
14.83
13.35
14.87
19.57
25.81
31.12
33.66
33.34
31.83
31.65
34.61
40.77
48.38
54.91
58.53
59.20
58.70
59.63
63.88
71.45
80.48
88.25
92.78
94.03
93.99
95.55
100.89
110.13
121.24
131.13
137.37
139.51
139.26
139.36
141.89
146.89
152.23
154.77
151.93
143.02
129.28
112.87
95.49
77.47
57.93
35.90
11.59
-12.98
-34.38
-49.22
-55.68
-54.40
-48.38
-41.59
-37.46
-37.67
-41.97
-49.08
-58.00
-68.96
-83.28
-102.35
-126.13
-152.30
-176.70
-194.81
-203.70
-203.30
-196.21
-186.26
-176.56
-168.20
-160.17
-150.60
-138.40
-124.23
-110.29
-99.10
-92.00
-88.32
-85.65
-81.26
-73.60
-63.24
-52.52
-44.24
-40.03
-39.41
-39.97
-38.80
-34.13
-26.42
-18.11
-12.23
-10.57
-12.69
-16.07
-17.64
-15.53
-10.20
-4.05
-0.02
0.26
-2.69
-6.45
-8.28
-6.71
-2.36
2.41
5.00
4.08
0.39
-3.70
-5.56
-3.84
0.76
5.80
8.58
7.59
3.48
-1.35
-4.10
-3.19
0.72
5.22
7.50
6.09
1.77
-2.93
-5.18
-3.57
1.00
5.88
8.26
6.79
2.39
-2.34
-4.63
-3.21
1.01
5.49
7.57
6.05
1.82
-2.61
-4.59
-2.91
1.53
6.21
8.49
7.12
3.02
-1.27
-3.11
-1.30
3.16
7.63
9.38
7.26
2.37
-2.57
-4.80
-3.19
1.14
5.47
7.15
5.14
0.62
-3.75
-5.41
-3.41
1.06
5.40
7.12
5.27
0.94
-3.36
-5.16
-3.44
0.81
5.13
7.03
5.45
1.36
-2.69
-4.13
-1.88
2.97
7.65
9.45
7.26
2.36
-2.39
-4.20
-2.07
2.64
7.06
8.52
6.21
1.54
-2.72
-4.10
-1.93
2.39
6.25
7.38
5.13
0.83
-3.05
-4.36
-2.43
1.47
4.92
5.73
3.29
-1.08
-4.73
-5.31
-2.15
3.27
8.11
9.80
7.58
2.91
-1.42
-2.98
-1.10
2.76
6.03
6.58
4.01
-0.16
-3.47
-3.99
-1.43
2.64
5.82
6.19
3.42
-1.03
-4.73
-5.62
-3.21
1.12
4.89
5.91
3.59
-0.69
-4.29
-4.87
-1.77
3.47
8.05
9.51
7.15
2.47
-1.69
-2.91
-0.55
3.79
7.34
7.81
4.75
-0.18
-4.17
-5.01
-2.28
2.29
5.98
6.57
3.68
-1.03
-4.84
-5.58
-2.82
1.80
5.64
6.56
4.11
-0.13
-3.56
-4.10
-1.39
2.97
6.40
6.91
4.28
0.22
-2.70
-2.52
0.79
5.40
8.63
8.55
5.13
0.25
-3.36
-3.72
-0.67
3.92
7.40
7.69
4.58
-0.23
-4.05
-4.77
-2.10
2.26
5.66
6.00
3.05
-1.39
-4.58
-4.44
-0.88
4.09
7.61
7.57
3.95
-1.15
-4.73
-4.68
-0.95
4.34
8.25
8.63
5.41
0.55
-3.10
-3.46
-0.42
4.12
7.38
7.33
3.85
-1.17
-4.92
-5.37
-2.40
2.10
5.37
5.40
2.17
-2.39
-5.53
-5.31
-1.82
2.92
6.15
6.00
2.64
-1.89
-4.90
-4.63
-1.29
3.12
6.01
5.77
2.68
-1.26
-3.49
-2.43
1.55
6.34
9.29
8.70
4.88
-0.03
-3.28
-3.06
0.37
4.86
7.64
6.93
3.04
-1.87
-4.98
-4.59
-0.98
3.65
6.60
6.22
2.84
-1.45
-4.05
-3.44
-0.02
4.10
6.36
5.27
1.27
-3.45
-6.23
-5.41
-1.37
3.76
7.25
7.35
4.25
-0.06
-2.93
-2.65
0.60
4.83
7.50
6.94
3.45
-0.93
-3.56
-2.90
0.67
4.90
7.13
5.81
1.48
-3.48
-6.27
-5.30
-1.15
3.79
6.70
6.00
2.24
-2.28
-4.85
-3.94
-0.08
4.50
7.21
6.63
3.23
-0.86
-3.20
-2.45
0.85
4.61
6.45
5.09
1.14
-3.26
-5.60
-4.51
-0.60
3.88
6.30
5.18
1.04
-3.77
-6.48
-5.48
-1.25
3.93
7.28
7.16
3.94
-0.25
-2.85
-2.32
0.92
4.86
7.16
6.48
3.28
-0.49
-2.58
-1.74
1.49
5.08
6.71
5.17
1.04
-3.47
-5.89
-4.91
-1.21
2.90
4.84
3.29
-1.05
-5.85
-8.57
-7.96
-4.79
-1.44
-0.37
-2.78
-7.83
-13.16
-16.25
-15.90
-12.91
-9.64
-8.66
-11.32
-16.99
-23.40
-27.95
-29.27
-27.97
-26.42
-27.22
-31.80
-39.46
-47.87
-54.45
-57.94
-59.20
-60.65
-64.85
-72.92
-84.01
-95.76
-105.76
-112.97
-118.31
-124.06
-132.58
-144.97
-160.54
-177.18
-192.62
-205.67
-216.94
-228.43
-242.36
-259.84
-280.17
-301.10
-320.08
-335.66
-348.37
-360.25
-373.63
-389.50
-406.72
-422.45
-433.45
-437.76
-435.40
-428.02
-417.49
-404.48
-387.97
-365.76
-335.87
-298.05
-254.28
-208.30
-164.12
-124.67
-91.07
-62.73
-38.45
-17.41
0.12
13.23
21.33
25.24
27.67
32.80
44.83
66.41
97.75
136.81
180.55
226.48
273.55
321.98
372.04
422.75
471.30
513.68
546.12
566.70
575.96
576.36
570.91
561.63
548.87
531.64
508.86
480.55
448.39
415.34
384.36
357.14
333.49
311.61
289.33
265.49
240.55
216.52
195.69
179.25
166.50
155.18
142.73
127.82
111.17
95.13
82.30
73.96
69.25
65.66
60.48
52.39
42.15
32.14
24.83
21.42
21.09
21.46
20.07
15.67
9.05
2.50
-1.46
-1.58
1.39
4.98
6.51
4.53
-0.28
-5.44
-8.21
-7.16
-3.08
1.46
3.75
2.46
-1.51
-5.65
-7.36
-5.57
-1.29
3.02
4.95
3.57
-0.15
-3.86
-5.35
-3.75
-0.05
3.54
4.82
2.93
-1.17
-5.15
-6.72
-4.89
-0.61
3.68
5.49
3.71
-0.73
-5.29
-7.40
-5.87
-1.70
2.60
4.48
2.87
-1.21
-5.28
-6.92
-5.15
-1.05
2.94
4.44
2.53
-1.77
-6.05
-7.92
-6.36
-2.28
2.00
4.05
2.76
-1.09
-5.20
-7.11
-5.63
-1.59
2.65
4.56
2.99
-1.20
-5.52
-7.42
-5.76
-1.52
2.81
4.70
3.07
-1.06
-5.24
-6.99
-5.28
-1.09
3.14
5.00
3.43
-0.64
-4.80
-6.58
-4.84
-0.49
4.03
6.15
4.67
0.50
-3.88
-5.87
-4.34
-0.31
3.66
5.00
2.71
-2.08
-6.72
-8.66
-6.92
-2.61
1.74
3.69
2.31
-1.41
-5.10
-6.47
-4.60
-0.50
3.48
5.06
3.34
-0.70
-4.65
-6.16
-4.27
-0.04
4.03
5.48
3.36
-1.18
-5.54
-7.15
-5.02
-0.32
4.29
6.29
4.68
0.55
-3.58
-5.29
-3.68
0.13
3.74
4.85
2.69
-1.61
-5.62
-7.08
-5.19
-1.07
2.88
4.36
2.50
-1.70
-5.85
-7.64
-6.12
-2.30
1.49
2.89
1.02
-3.08
-6.98
-8.31
-6.16
-1.68
2.62
4.33
2.59
-1.44
-5.21
-6.37
-4.12
0.27
4.27
5.56
3.40
-0.95
-4.98
-6.40
-4.42
-0.25
3.67
5.13
3.37
-0.46
-3.98
-5.01
-2.85
1.34
5.15
6.35
4.16
-0.32
-4.66
-6.51
-4.95
-1.03
2.84
4.29
2.43
-1.68
-5.56
-6.87
-4.75
-0.41
3.59
4.90
2.72
-1.68
-5.75
-7.12
-5.05
-0.77
3.26
4.80
3.15
-0.58
-4.05
-5.14
-3.17
0.75
4.34
5.48
3.44
-0.72
-4.71
-6.33
-4.75
-0.98
2.70
4.12
2.42
-1.41
-5.09
-6.42
-4.57
-0.57
3.31
4.85
3.21
-0.63
-4.47
-6.18
-4.90
-1.55
1.84
3.25
1.91
-1.35
-4.58
-5.87
-4.47
-1.25
1.84
2.89
1.15
-2.47
-5.87
-6.94
-4.79
-0.39
3.94
5.81
4.13
-0.15
-4.59
-6.60
-5.01
-0.68
3.92
6.29
5.28
1.74
-2.07
-3.91
-2.86
0.13
2.99
3.75
1.76
-1.95
-5.25
-6.23
-4.22
-0.28
3.36
4.59
2.58
-1.66
-5.83
-7.59
-5.90
-1.66
2.78
4.95
3.77
0.07
-3.84
-5.59
-4.22
-0.66
2.80
3.96
2.02
-1.97
-5.67
-6.94
-4.94
-0.74
3.36
5.15
3.70
-0.15
-4.16
-6.09
-4.88
-1.29
2.48
4.14
2.64
-1.19
-5.05
-6.56
-4.66
-0.33
4.00
5.89
4.34
0.36
-3.62
-5.19
-3.42
0.68
4.70
6.33
4.66
0.65
-3.43
-5.34
-4.15
-0.72
2.78
4.21
2.66
-1.02
-4.69
-6.21
-4.68
-1.03
2.53
3.87
2.13
-1.71
-5.44
-6.92
-5.31
-1.57
2.10
3.59
2.07
-1.56
-5.20
-6.77
-5.39
-1.87
1.79
3.51
2.33
-1.11
-4.85
-6.74
-5.65
-2.13
1.90
4.27
3.80
0.98
-2.26
-3.78
-2.50
0.94
4.54
6.14
4.73
1.02
-2.90
-4.88
-3.86
-0.56
3.05
4.90
3.99
0.91
-2.53
-4.44
-3.90
-1.47
1.19
2.39
1.35
-1.34
-4.01
-4.96
-3.48
-0.25
2.88
4.06
2.45
-1.28
-5.14
-7.01
-5.78
-2.04
2.24
4.85
4.54
1.75
-1.70
-3.69
-3.13
-0.48
2.49
3.85
2.66
-0.47
-3.72
-5.18
-3.96
-0.74
2.58
3.99
2.51
-1.24
-5.30
-7.54
-6.79
-3.52
0.39
2.81
2.54
0.00
-3.03
-4.52
-3.41
-0.30
3.00
4.50
3.32
0.14
-3.07
-4.35
-2.82
0.73
4.33
5.96
4.70
1.24
-2.54
-4.63
-4.02
-1.28
1.82
3.32
2.21
-0.99
-4.50
-6.27
-5.20
-1.81
2.02
4.13
3.34
0.15
-3.52
-5.48
-4.52
-1.16
2.66
4.72
3.83
0.50
-3.32
-5.40
-4.49
-1.06
2.94
5.25
4.52
1.11
-3.08
-5.74
-5.39
-2.32
1.58
3.95
3.32
-0.02
-4.10
-6.49
-5.75
-2.27
1.87
4.22
3.36
-0.21
-4.39
-6.70
-5.83
-2.34
1.62
3.62
2.39
-1.44
-5.70
-7.94
-6.83
-2.94
1.65
4.53
4.34
1.49
-2.10
-4.14
-3.36
-0.21
3.44
5.35
4.35
0.95
-2.90
-4.98
-4.08
-0.72
3.09
5.13
4.20
0.83
-2.95
-4.87
-3.73
-0.12
3.86
5.88
4.68
0.87
-3.47
-5.92
-5.21
-1.84
2.16
4.40
3.59
0.22
-3.69
-5.78
-4.71
-1.00
3.28
5.72
4.96
1.50
-2.60
-4.88
-3.99
-0.41
3.78
6.13
5.33
1.90
-2.10
-4.24
-3.25
0.24
4.06
5.80
4.19
-0.09
-4.83
-7.55
-6.88
-3.31
1.11
3.96
3.83
1.01
-2.64
-4.80
-4.05
-0.65
3.54
6.11
5.52
2.05
-2.36
-5.12
-4.59
-1.07
3.26
5.69
4.61
0.47
-4.37
-7.11
-6.17
-2.11
2.67
5.42
4.62
0.85
-3.67
-6.36
-5.78
-2.43
1.60
3.95
3.30
0.15
-3.53
-5.48
-4.44
-0.94
3.04
5.17
4.15
0.47
-3.82
-6.31
-5.54
-1.95
2.42
5.05
4.44
0.93
-3.40
-6.00
-5.34
-1.82
2.46
4.97
4.22
0.68
-3.52
-5.86
-4.92
-1.25
3.01
5.35
4.36
0.55
-3.93
-6.54
-5.81
-2.16
2.31
5.03
4.45
0.89
-3.60
-6.42
-5.94
-2.44
2.01
4.82
4.34
0.89
-3.48
-6.13
-5.45
-1.79
2.68
5.35
4.59
0.79
-3.91
-6.81
-6.29
-2.65
1.99
4.99
4.68
1.35
-2.97
-5.66
-5.05
-1.38
3.28
6.27
5.88
2.34
-2.29
-5.33
-5.04
-1.66
2.76
5.57
5.13
1.74
-2.56
-5.28
-4.91
-1.83
1.96
4.11
3.29
-0.01
-3.84
-5.89
-4.86
-1.23
3.05
5.67
5.24
2.09
-1.90
-4.37
-3.80
-0.40
3.94
6.73
6.31
2.78
-1.95
-5.32
-5.55
-2.72
1.24
3.85
3.46
0.34
-3.58
-5.84
-5.03
-1.62
2.31
4.35
3.19
-0.60
-4.93
-7.42
-6.70
-3.17
1.22
4.13
4.06
1.20
-2.73
-5.37
-5.10
-1.95
2.36
5.34
5.21
1.90
-2.73
-6.07
-6.19
-3.07
1.40
4.60
4.71
1.90
-1.92
-4.18
-3.36
0.18
4.38
6.77
5.90
2.17
-2.43
-5.47
-5.37
-2.34
1.83
4.71
4.60
1.47
-3.04
-6.46
-6.92
-4.24
-0.04
3.18
3.55
0.92
-3.04
-5.84
-5.70
-2.65
1.52
4.34
4.17
1.15
-2.89
-5.55
-5.26
-2.13
2.12
5.22
5.58
3.21
-0.32
-2.84
-2.77
-0.12
3.54
5.93
5.42
1.99
-2.67
-6.10
-6.49
-3.71
0.48
3.60
3.79
0.97
-3.13
-5.99
-5.84
-2.67
1.73
4.88
5.02
2.15
-2.04
-5.14
-5.41
-2.74
1.31
4.44
4.93
2.63
-1.01
-3.79
-3.99
-1.43
2.38
5.19
5.26
2.45
-1.65
-4.65
-4.76
-1.89
2.25
5.15
5.02
1.84
-2.64
-5.87
-6.08
-3.25
0.90
3.91
4.03
1.18
-3.06
-6.29
-6.75
-4.18
-0.06
3.29
4.00
1.70
-2.25
-5.47
-5.91
-3.06
1.68
5.81
7.09
4.90
0.56
-3.37
-4.63
-2.65
1.20
4.41
4.91
2.34
-1.75
-4.85
-5.06
-2.20
2.05
5.17
5.33
2.42
-1.92
-5.21
-5.62
-2.99
1.10
4.20
4.43
1.55
-2.93
-6.46
-7.03
-4.24
0.35
4.16
5.06
2.63
-1.64
-5.10
-5.65
-2.91
1.51
4.98
5.46
2.69
-1.70
-5.08
-5.45
-2.54
2.01
5.65
6.33
3.69
-0.79
-4.57
-5.56
-3.24
1.00
4.67
5.66
3.41
-0.74
-4.35
-5.27
-3.00
1.07
4.44
5.04
2.42
-1.92
-5.45
-6.12
-3.57
0.63
3.94
4.37
1.64
-2.66
-5.96
-6.26
-3.29
1.34
5.02
5.68
2.96
-1.60
-5.40
-6.32
-3.88
0.45
4.17
5.15
2.95
-1.03
-4.30
-4.83
-2.29
1.80
4.90
5.03
2.00
-2.46
-5.71
-5.75
-2.42
2.47
6.21
6.69
3.70
-1.04
-4.85
-5.61
-2.98
1.43
5.01
5.66
2.96
-1.59
-5.39
-6.32
-3.88
0.44
4.10
4.92
2.42
-1.95
-5.59
-6.27
-3.45
1.35
5.41
6.40
3.74
-1.02
-5.04
-5.88
-2.87
2.38
6.91
8.15
5.38
0.11
-4.72
-6.51
-4.47
-0.03
4.06
5.36
3.11
-1.33
-5.34
-6.55
-4.22
0.34
4.51
5.90
3.68
-0.93
-5.34
-7.03
-5.06
-0.54
3.97
6.03
4.70
1.14
-2.14
-2.92
-0.67
3.00
5.34
4.25
-0.30
-6.11
-9.89
-9.25
-4.16
2.88
8.26
9.27
5.60
-0.49
-5.53
-6.89
-4.18
0.60
4.38
4.97
2.29
-1.66
-4.12
-3.36
0.26
4.47
6.49
4.66
-0.52
-6.67
-10.74
-10.65
-6.38
0.09
5.85
8.58
7.61
4.06
0.12
-2.14
-1.79
0.57
3.14
3.96
1.94
-2.41
-7.09
-9.58
-8.25
-3.49
2.33
6.07
5.62
1.29
-4.26
-7.57
-6.51
-1.68
3.91
6.79
5.21
0.32
-4.50
-5.86
-2.47
3.86
9.34
10.47
6.20
-1.39
-8.30
-10.89
-8.05
-1.79
4.08
6.22
3.72
-1.46
-5.78
-6.33
-2.58
3.42
8.26
9.26
5.94
0.18
-4.76
-6.15
-3.22
2.46
7.73
9.67
7.11
1.32
-4.63
-7.60
-6.16
-1.44
3.51
5.48
3.03
-2.65
-8.37
-10.92
-8.85
-3.42
2.25
5.09
3.87
-0.10
-3.99
-5.15
-2.81
1.63
5.53
6.62
4.42
0.33
-3.20
-4.20
-2.29
1.16
3.86
3.97
1.18
-3.13
-6.63
-7.35
-4.86
-0.42
3.66
5.37
4.10
0.98
-1.91
-2.79
-1.26
1.49
3.52
3.37
1.04
-2.05
-3.94
-3.32
-0.46
3.01
4.90
3.75
-0.29
-5.51
-9.44
-9.95
-6.28
0.63
8.20
13.04
12.19
4.66
-7.38
-18.81
-23.64
-18.22
-3.89
13.06
24.42
24.78
14.91
1.27
-8.01
-8.29
-1.23
6.76
9.17
3.75
-6.06
-13.86
-14.74
-8.46
0.80
7.52
8.54
4.74
-0.13
-2.28
-0.37
3.82
6.95
6.34
1.69
-4.81
-9.80
-10.70
-7.15
-1.22
3.84
5.40
3.01
-1.30
-4.19
-3.18
1.74
7.86
11.22
9.05
1.60
-7.77
-14.31
-14.44
-7.83
2.44
11.32
14.50
10.56
1.78
-6.96
-10.77
-7.47
0.93
9.05
11.10
4.44
-8.19
-19.71
-22.61
-13.68
3.47
20.12
27.44
21.79
6.83
-8.95
-17.58
-16.24
-8.29
-0.18
3.10
1.04
-2.88
-4.34
-1.40
4.33
9.19
10.19
6.86
1.11
-4.30
-7.45
-7.91
-6.29
-3.51
-0.33
2.61
4.56
4.90
3.54
1.27
-0.59
-1.02
0.02
1.48
1.92
0.55
-2.15
-4.65
-5.30
-3.39
0.38
4.26
6.35
5.66
2.71
-0.71
-2.52
-1.59
1.47
4.45
4.85
1.60
-3.85
-8.07
-7.83
-2.59
4.64
8.88
6.48
-1.97
-11.50
-15.68
-10.87
1.04
13.59
19.66
15.99
5.13
-6.33
-11.91
-9.20
-0.97
6.84
9.00
4.00
-5.22
-13.16
-14.94
-9.08
1.68
11.80
15.97
12.03
2.27
-7.81
-12.67
-9.89
-1.71
6.49
9.63
6.00
-1.71
-8.48
-10.32
-6.63
-0.25
4.92
6.67
5.59
4.00
3.78
4.88
5.53
3.90
-0.31
-5.41
-8.81
-8.69
-5.11
0.09
4.37
5.84
4.18
0.65
-2.63
-3.88
-2.66
-0.09
1.79
1.37
-1.37
-4.61
-5.98
-4.08
0.32
4.71
6.65
5.37
2.15
-0.83
-2.32
-2.84
-3.80
-5.85
-7.78
-7.30
-3.13
3.39
8.54
8.71
3.20
-4.67
-9.37
-7.04
1.55
10.97
14.57
9.02
-2.99
-14.15
-17.16
-9.69
3.87
15.09
16.93
8.36
-4.98
-14.54
-14.43
-5.22
6.68
13.41
10.77
0.85
-9.69
-14.02
-9.59
0.59
10.11
13.40
8.95
-0.12
-8.47
-11.81
-9.24
-3.20
2.39
4.54
2.62
-1.76
-6.01
-8.04
-7.20
-4.35
-1.32
0.05
-1.30
-5.17
-10.11
-13.98
-14.97
-12.57
-8.02
-3.90
-2.82
-5.99
-12.33
-18.86
-22.30
-20.89
-15.60
-9.67
-6.86
-9.34
-16.44
-24.93
-30.89
-31.81
-27.92
-21.81
-16.87
-15.34
-17.23
-20.46
-22.08
-19.70
-12.47
-1.09
12.63
26.42
38.07
45.73
47.95
43.92
33.59
17.80
-1.27
-19.85
-32.64
-33.81
-19.25
10.75
49.60
85.55
106.02
103.63
80.58
48.28
21.75
11.46
17.55
30.47
37.59
31.96
17.15
4.79
6.30
24.23
49.30
65.53
60.39
33.19
-3.65
-31.68
-37.50
-20.64
6.69
27.29
29.60
14.09
-7.90
-22.10
-20.37
-5.45
11.34
17.69
7.95
-13.54
-35.39
-46.19
-41.15
-24.42
-6.23
3.38
0.19
-12.35
-25.83
-32.46
-29.78
-21.85
-15.65
-15.98
-21.84
-27.35
-26.37
-17.49
-5.55
1.87
-0.06
-9.27
-18.09
-18.96
-10.08
2.75
10.11
6.02
-7.46
-21.48
-26.20
-17.69
-0.54
15.27
20.47
12.42
-3.73
-18.47
-23.81
-17.84
-5.45
5.09
7.36
0.53
-10.26
-17.32
-15.37
-4.79
8.66
17.51
17.29
9.27
-0.82
-6.63
-5.37
0.75
6.78
8.74
6.08
1.69
-0.66
0.72
4.60
7.95
8.48
6.33
3.69
3.01
5.09
8.53
10.82
10.38
7.70
5.15
5.24
8.76
14.06
18.07
18.31
14.56
9.12
5.37
5.70
9.96
15.50
18.83
17.66
12.29
5.46
0.80
0.85
5.66
12.86
18.87
20.76
17.73
11.35
4.75
0.86
0.92
3.84
6.93
7.59
4.93
0.42
-2.94
-2.54
2.06
8.55
13.10
12.66
6.90
-1.39
-7.79
-8.92
-4.31
3.19
9.25
10.57
6.74
0.27
-5.10
-6.64
-4.21
-0.06
2.70
2.08
-1.68
-6.42
-9.37
-8.84
-5.08
-0.18
3.19
3.21
-0.13
-4.97
-8.54
-8.64
-4.90
0.85
5.47
6.19
2.12
-5.08
-12.02
-15.53
-14.27
-9.66
-4.95
-3.26
-5.86
-11.34
-16.61
-18.73
-16.78
-12.38
-8.69
-8.45
-12.32
-18.46
-23.58
-25.07
-22.55
-18.29
-15.89
-18.20
-25.56
-35.51
-44.14
-48.29
-47.39
-43.82
-41.54
-43.73
-51.12
-61.52
-71.20
-77.12
-78.56
-77.54
-77.45
-80.99
-88.62
-98.38
-107.18
-112.65
-114.66
-115.27
-117.56
-123.61
-133.15
-143.52
-151.04
-153.01
-149.31
-142.56
-136.71
-134.93
-137.75
-142.60
-144.83
-139.83
-125.27
-102.17
-74.23
-45.67
-19.33
4.69
28.30
53.28
79.22
102.83
119.42
125.47
120.90
109.43
97.09
89.35
88.95
95.30
105.70
117.43
129.19
141.30
154.57
168.96
182.70
192.61
195.48
189.69
176.27
158.66
141.40
128.15
120.12
115.67
111.44
104.53
94.01
81.46
70.02
62.41
59.31
58.90
57.96
53.75
45.64
35.52
26.73
22.06
22.11
24.83
26.75
24.94
18.74
10.21
2.91
-0.11
1.91
6.94
11.40
12.14
8.30
1.76
-3.93
-5.69
-2.71
3.05
7.95
8.82
4.85
-1.94
-7.84
-9.62
-6.46
-0.40
4.87
6.17
2.71
-3.55
-9.00
-10.56
-7.39
-1.37
4.07
5.91
3.20
-2.44
-7.74
-9.67
-7.11
-1.49
4.03
6.33
4.15
-1.21
-6.54
-8.64
-6.18
-0.56
4.86
6.76
3.84
-2.29
-8.00
-9.83
-6.54
0.05
6.09
8.01
4.59
-2.22
-8.46
-10.43
-6.94
0.03
6.44
8.56
5.15
-1.82
-8.32
-10.63
-7.50
-0.86
5.26
7.22
3.80
-3.02
-9.23
-11.17
-7.69
-0.85
5.31
7.11
3.44
-3.62
-10.00
-12.04
-8.61
-1.81
4.31
6.13
2.56
-4.32
-10.45
-12.17
-8.37
-1.16
5.34
7.40
3.82
-3.35
-9.90
-11.97
-8.23
-0.73
6.33
8.98
5.85
-1.13
-7.81
-10.30
-7.25
-0.64
5.44
7.26
3.67
-3.22
-9.29
-10.90
-7.05
-0.04
5.88
7.01
2.38
-5.65
-12.70
-14.86
-10.92
-3.05
4.44
7.55
4.82
-1.91
-8.56
-11.22
-8.36
-1.73
4.69
7.05
3.91
-2.91
-9.35
-11.50
-7.95
-0.69
6.06
8.37
4.90
-2.26
-8.82
-10.91
-7.28
-0.13
6.28
8.14
4.35
-2.92
-9.49
-11.61
-8.15
-1.19
5.19
7.34
4.10
-2.59
-8.77
-10.87
-7.69
-1.18
4.77
6.62
3.24
-3.41
-9.41
-11.20
-7.71
-0.99
4.97
6.63
2.96
-4.00
-10.27
-12.37
-9.25
-2.89
2.92
4.85
1.94
-3.90
-9.01
-10.15
-6.44
0.20
6.05
7.86
4.62
-1.78
-7.64
-9.54
-6.42
-0.17
5.43
6.94
3.26
-3.61
-9.77
-11.67
-8.23
-1.50
4.58
6.53
3.33
-3.00
-8.67
-10.35
-7.14
-1.05
4.25
5.62
2.27
-3.79
-8.96
-10.16
-6.57
-0.19
5.39
7.01
3.77
-2.48
-8.13
-9.90
-6.77
-0.55
5.13
6.98
3.90
-2.34
-8.15
-10.21
-7.42
-1.53
3.97
5.84
3.05
-2.70
-7.95
-9.52
-6.40
-0.33
5.20
6.96
3.85
-2.46
-8.42
-10.70
-8.06
-2.13
3.56
5.64
2.87
-3.10
-8.73
-10.63
-7.65
-1.54
4.14
6.13
3.40
-2.28
-7.42
-8.95
-5.97
-0.32
4.63
5.91
2.77
-2.98
-7.97
-9.28
-6.06
-0.07
5.37
7.26
4.61
-0.98
-6.28
-8.23
-5.73
-0.27
4.89
6.67
3.93
-1.80
-7.18
-9.03
-6.16
-0.17
5.50
7.56
4.80
-1.20
-6.96
-9.14
-6.50
-0.52
5.41
8.01
6.00
0.72
-4.71
-7.24
-5.66
-1.28
2.95
4.15
1.31
-4.18
-9.26
-11.02
-8.40
-2.82
2.57
4.75
2.52
-2.78
-8.05
-10.23
-8.07
-2.82
2.46
4.75
2.83
-2.08
-6.99
-8.95
-6.74
-1.61
3.46
5.55
3.47
-1.53
-6.47
-8.42
-6.16
-0.94
4.20
6.25
3.94
-1.50
-7.02
-9.49
-7.52
-2.26
3.26
5.89
4.21
-0.72
-5.92
-8.34
-6.57
-1.70
3.34
5.57
3.70
-1.15
-6.07
-8.11
-6.00
-0.92
4.21
6.45
4.55
-0.36
-5.40
-7.63
-5.72
-0.75
4.45
6.96
5.43
0.86
-3.99
-6.23
-4.47
0.33
5.42
7.93
6.49
2.04
-2.72
-4.87
-2.98
2.09
7.70
11.00
10.56
7.15
3.32
1.87
4.25
9.75
15.91
19.95
20.42
17.97
15.03
14.45
17.79
24.45
31.99
37.60
39.77
39.18
38.35
40.17
46.15
55.47
65.43
73.08
76.95
77.99
79.09
83.47
92.79
106.21
120.90
133.64
142.72
148.86
154.80
163.74
177.45
195.23
214.31
231.41
244.62
254.42
263.28
274.31
289.26
307.52
326.40
342.68
354.38
361.67
366.54
371.40
377.26
382.90
385.29
381.19
368.83
348.76
323.53
296.12
268.36
240.02
209.26
174.19
134.36
91.68
49.85
12.83
-16.96
-39.66
-57.75
-74.61
-92.80
-112.88
-133.57
-152.98
-170.20
-186.26
-203.92
-226.27
-254.89
-288.78
-324.64
-358.27
-386.53
-408.51
-425.55
-439.77
-452.42
-462.75
-468.31
-466.38
-455.67
-437.39
-414.84
-391.88
-371.04
-352.52
-334.39
-314.16
-290.51
-264.30
-238.27
-215.55
-197.93
-184.91
-173.93
-161.90
-146.90
-129.34
-111.71
-97.07
-87.30
-81.93
-78.41
-73.51
-65.19
-53.82
-41.91
-32.61
-27.85
-27.22
-28.17
-27.59
-23.60
-16.67
-9.21
-4.15
-3.12
-5.53
-8.92
-10.41
-8.35
-3.28
2.37
5.72
5.10
0.99
-4.22
-7.57
-7.21
-3.46
1.40
4.47
3.99
0.37
-4.02
-6.30
-4.81
-0.18
5.02
7.79
6.50
1.85
-3.56
-6.69
-5.84
-1.61
3.55
6.70
6.14
2.29
-2.56
-5.58
-4.96
-1.02
4.02
7.31
6.95
3.16
-1.83
-5.04
-4.55
-0.65
4.29
7.15
5.97
1.08
-4.99
-9.01
-8.92
-5.00
0.31
3.90
3.78
0.19
-4.62
-7.77
-7.43
-3.89
0.67
3.50
2.81
-1.11
-6.18
-9.63
-9.69
-6.56
-2.32
0.28
-0.58
-4.72
-10.01
-13.59
-13.48
-9.80
-4.70
-1.12
-1.04
-4.40
-9.09
-12.26
-12.01
-8.54
-3.92
-0.86
-1.05
-4.16
-8.11
-10.27
-9.10
-4.99
-0.05
3.15
3.03
-0.07
-4.13
-6.58
-5.73
-1.82
3.16
6.54
6.52
3.20
-1.47
-4.74
-4.70
-1.41
3.11
6.15
5.89
2.52
-1.87
-4.58
-3.92
-0.21
4.38
7.20
6.69
3.20
-1.17
-3.84
-3.30
0.10
4.34
6.96
6.44
3.11
-1.08
-3.59
-2.76
1.16
6.20
9.70
9.87
6.81
2.49
-0.38
0.06
3.72
8.57
11.90
11.96
8.99
5.13
3.08
4.52
9.09
14.63
18.48
19.08
16.85
13.87
12.68
14.78
19.78
25.68
30.10
31.62
30.66
29.22
29.75
33.69
40.58
48.30
54.22
56.81
56.50
55.50
56.60
61.49
69.80
79.30
87.19
91.68
93.01
93.24
95.09
100.37
109.03
119.17
128.15
133.96
136.36
136.83
137.74
140.85
146.24
152.09
155.60
154.28
147.14
134.92
119.42
102.29
84.15
64.50
42.56
18.44
-6.19
-28.30
-44.63
-53.19
-54.23
-50.15
-44.38
-39.98
-38.57
-40.29
-44.60
-51.30
-61.16
-75.57
-95.50
-120.37
-147.58
-173.04
-192.56
-203.34
-205.05
-199.66
-190.45
-180.46
-171.23
-162.54
-153.05
-141.58
-128.21
-114.52
-102.78
-94.61
-89.92
-86.93
-83.03
-76.40
-66.95
-56.46
-47.47
-41.84
-39.71
-39.44
-38.62
-35.44
-29.65
-22.71
-16.87
-13.92
-14.08
-15.93
-17.10
-15.68
-11.28
-5.35
-0.36
1.63
0.16
-3.26
-6.06
-6.06
-2.77
2.29
6.52
7.70
5.38
1.08
-2.58
-3.38
-0.78
3.76
7.72
8.91
6.74
2.52
-1.36
-2.80
-1.18
2.24
5.20
5.71
3.30
-0.75
-4.09
-4.73
-2.16
2.26
6.14
7.38
5.42
1.50
-2.06
-3.22
-1.40
2.14
5.12
5.52
2.85
-1.57
-5.32
-6.29
-3.90
0.52
4.50
5.82
3.83
-0.23
-3.90
-4.96
-2.65
1.81
5.98
7.61
5.92
2.01
-1.78
-3.20
-1.44
2.45
6.20
7.64
6.00
2.35
-1.03
-1.98
0.25
4.47
8.26
9.34
6.91
2.15
-2.39
-4.25
-2.50
1.74
5.98
7.80
6.26
2.39
-1.40
-2.84
-1.08
2.78
6.41
7.58
5.51
1.25
-2.87
-4.62
-3.11
0.73
4.68
6.49
5.16
1.44
-2.55
-4.55
-3.42
0.15
4.05
6.02
4.92
1.42
-2.33
-4.02
-2.58
1.16
4.95
6.39
4.48
0.15
-4.16
-5.94
-4.08
0.45
5.16
7.46
6.15
2.07
-2.36
-4.59
-3.36
0.55
4.81
6.95
5.81
2.21
-1.51
-2.93
-0.98
3.37
7.62
9.31
7.36
2.86
-1.61
-3.50
-1.67
2.81
7.38
9.42
7.72
3.14
-1.88
-4.73
-4.06
-0.54
3.57
5.74
4.58
0.63
-3.88
-6.37
-5.33
-1.29
3.49
6.27
5.46
1.52
-3.19
-5.83
-4.69
-0.28
4.99
8.21
7.64
3.72
-1.20
-4.28
-3.82
-0.23
4.31
7.12
6.63
3.22
-0.99
-3.44
-2.61
1.10
5.52
8.02
7.00
2.87
-2.11
-5.16
-4.53
-0.60
4.34
7.44
6.93
3.16
-1.55
-4.35
-3.52
0.52
5.48
8.53
7.99
4.23
-0.53
-3.56
-3.16
0.36
4.90
7.80
7.31
3.64
-1.17
-4.41
-4.24
-0.78
3.94
7.16
7.01
3.60
-1.02
-4.02
-3.57
0.12
4.92
7.98
7.53
3.82
-0.99
-4.17
-4.01
-0.82
3.33
5.85
5.15
1.50
-3.07
-6.03
-5.73
-2.35
2.18
5.32
5.33
2.29
-1.94
-4.70
-4.13
-0.26
4.92
8.57
8.62
5.03
-0.15
-3.95
-4.20
-0.83
4.09
7.66
7.84
4.65
0.14
-2.89
-2.58
0.86
5.33
8.10
7.47
3.68
-1.16
-4.35
-4.16
-0.83
3.57
6.38
5.88
2.26
-2.40
-5.37
-4.89
-1.17
3.63
6.74
6.32
2.58
-2.33
-5.65
-5.55
-2.20
2.33
5.43
5.42
2.53
-1.28
-3.49
-2.53
1.27
5.87
8.72
8.20
4.51
-0.36
-3.81
-4.04
-1.12
3.09
6.02
5.89
2.78
-1.47
-4.29
-3.97
-0.65
3.68
6.41
5.83
2.14
-2.60
-5.68
-5.29
-1.62
3.32
6.84
7.15
4.31
0.19
-2.74
-2.79
-0.07
3.64
5.99
5.50
2.39
-1.49
-3.78
-3.00
0.55
4.90
7.58
6.97
3.34
-1.37
-4.61
-4.66
-1.67
2.46
5.25
5.02
1.93
-2.19
-4.89
-4.55
-1.36
2.83
5.60
5.41
2.42
-1.56
-4.15
-3.77
-0.55
3.77
6.85
7.06
4.40
0.46
-2.49
-2.86
-0.56
2.90
5.37
5.30
2.64
-1.15
-3.91
-4.15
-1.87
1.36
3.34
2.52
-1.06
-5.73
-9.16
-9.66
-7.25
-3.64
-1.31
-2.03
-5.92
-11.33
-15.85
-17.63
-16.54
-14.15
-12.83
-14.36
-18.93
-25.07
-30.49
-33.50
-33.97
-33.48
-34.34
-38.33
-45.62
-54.73
-63.35
-69.73
-73.69
-76.78
-81.32
-89.09
-100.25
-113.31
-125.94
-136.42
-144.57
-151.96
-160.90
-173.18
-189.01
-206.92
-224.58
-240.15
-253.28
-265.30
-278.41
-294.34
-313.33
-333.94
-353.77
-370.80
-384.37
-395.48
-405.88
-416.88
-428.13
-437.52
-442.00
-438.91
-427.22
-407.83
-382.84
-354.25
-322.95
-288.61
-250.34
-208.08
-163.45
-119.82
-81.24
-50.92
-29.93
-16.91
-8.85
-2.48
4.46
12.76
22.37
33.42
47.19
66.14
93.09
129.86
176.22
229.66
286.21
341.78
393.47
440.02
481.45
517.95
548.93
572.68
587.00
590.35
582.92
566.84
545.50
522.16
498.68
475.07
450.08
422.43
392.05
360.40
329.96
302.96
280.24
260.86
242.68
223.59
202.74
181.01
160.51
143.34
130.33
120.53
111.70
101.63
89.37
75.82
63.20
53.69
48.16
45.54
43.49
39.73
33.36
25.32
17.85
13.03
11.60
12.52
13.57
12.67
9.04
3.64
-1.41
-4.01
-3.30
-0.14
3.34
4.91
3.49
-0.27
-4.33
-6.39
-5.30
-1.69
2.34
4.43
3.40
-0.10
-3.91
-5.68
-4.27
-0.47
3.52
5.37
4.01
0.20
-3.84
-5.84
-4.73
-1.28
2.37
3.98
2.46
-1.49
-5.76
-8.04
-7.18
-3.81
0.01
2.06
1.16
-2.07
-5.60
-7.22
-5.83
-2.11
1.83
3.76
2.56
-1.03
-4.88
-6.66
-5.21
-1.22
3.15
5.54
4.76
1.40
-2.43
-4.39
-3.31
0.18
3.95
5.65
4.09
-0.10
-4.70
-7.28
-6.51
-2.99
1.11
3.32
2.32
-1.29
-5.32
-7.36
-6.16
-2.44
1.51
3.28
1.73
-2.30
-6.49
-8.40
-6.92
-2.90
1.36
3.49
2.39
-1.17
-4.96
-6.69
-5.25
-1.36
2.84
5.04
4.11
0.68
-3.14
-5.03
-3.82
-0.14
3.83
5.72
4.29
0.24
-4.21
-6.56
-5.58
-1.96
2.07
4.15
3.13
-0.27
-3.92
-5.67
-4.53
-1.32
1.92
3.18
1.62
-1.88
-5.32
-6.62
-4.89
-0.93
3.21
5.29
4.16
0.41
-3.93
-6.50
-5.92
-2.62
1.44
3.91
3.38
0.24
-3.56
-5.69
-4.83
-1.46
2.42
4.48
3.48
-0.03
-3.99
-6.06
-5.01
-1.45
2.54
4.57
3.36
-0.48
-4.86
-7.30
-6.40
-2.71
1.61
4.05
3.18
-0.47
-4.71
-6.95
-5.75
-1.72
2.85
5.33
4.33
0.44
-4.00
-6.44
-5.49
-1.79
2.40
4.60
3.51
-0.28
-4.62
-7.09
-6.37
-2.96
1.12
3.53
2.93
-0.25
-4.03
-6.04
-4.90
-1.05
3.38
5.85
4.85
0.84
-3.94
-6.82
-6.19
-2.49
2.03
4.80
4.32
1.09
-2.76
-4.78
-3.67
-0.05
3.98
6.05
4.92
1.16
-3.17
-5.71
-5.12
-1.79
2.27
4.69
3.99
0.45
-4.01
-6.89
-6.59
-3.35
0.94
3.72
3.37
0.06
-4.29
-7.14
-6.76
-3.33
1.24
4.43
4.53
1.66
-2.36
-5.09
-4.90
-1.95
1.95
4.45
4.04
0.91
-3.07
-5.55
-5.06
-1.89
2.05
4.36
3.58
0.05
-4.27
-6.93
-6.41
-3.02
1.23
3.88
3.34
-0.11
-4.51
-7.36
-7.04
-3.76
0.59
3.59
3.68
1.08
-2.38
-4.33
-3.34
0.28
4.56
7.09
6.40
2.81
-1.72
-4.69
-4.55
-1.53
2.44
4.92
4.32
0.84
-3.67
-6.77
-6.84
-3.96
0.04
2.80
2.72
-0.07
-3.84
-6.26
-5.86
-2.82
1.07
3.56
3.17
0.13
-3.81
-6.35
-5.97
-2.82
1.38
4.32
4.43
1.72
-2.22
-5.12
-5.33
-2.80
0.95
3.67
3.68
0.92
-3.04
-5.87
-5.89
-3.00
1.19
4.28
4.58
2.00
-1.86
-4.64
-4.66
-1.92
1.92
4.52
4.22
1.04
-3.33
-6.51
-6.74
-3.92
0.42
3.95
4.88
2.89
-0.70
-3.75
-4.50
-2.63
0.62
3.18
3.36
0.90
-2.85
-5.68
-5.82
-2.98
1.30
4.61
5.04
2.29
-2.11
-5.67
-6.42
-3.99
0.14
3.61
4.55
2.64
-0.77
-3.55
-4.08
-2.11
1.08
3.61
4.01
2.15
-0.84
-3.23
-3.70
-2.10
0.50
2.47
2.54
0.52
-2.52
-4.89
-5.22
-3.20
0.11
2.98
3.86
2.32
-0.76
-3.66
-4.79
-3.55
-0.74
2.03
3.20
2.19
-0.35
-2.84
-3.77
-2.58
0.02
2.47
3.27
1.88
-0.98
-3.66
-4.53
-2.97
0.28
3.48
4.91
3.79
0.74
-2.57
-4.39
-3.87
-1.54
1.07
2.30
1.39
-1.14
-3.79
-4.91
-3.78
-1.03
1.74
2.90
1.70
-1.27
-4.35
-5.76
-4.68
-1.68
1.52
3.07
2.02
-1.10
-4.55
-6.27
-5.16
-1.70
2.21
4.38
3.54
0.09
-3.97
-6.33
-5.65
-2.38
1.50
3.69
2.96
-0.13
-3.57
-5.21
-4.01
-0.69
2.72
4.17
2.77
-0.71
-4.24
-5.77
-4.38
-0.83
2.87
4.53
3.10
-0.80
-5.11
-7.48
-6.61
-3.00
1.26
3.77
3.13
-0.21
-4.09
-6.04
-4.70
-0.64
3.89
6.34
5.33
1.45
-3.00
-5.44
-4.43
-0.54
3.98
6.50
5.50
1.45
-3.38
-6.25
-5.48
-1.42
3.67
6.92
6.48
2.60
-2.46
-5.74
-5.33
-1.48
3.43
6.39
5.51
1.17
-4.08
-7.17
-6.23
-1.80
3.53
6.66
5.81
1.56
-3.56
-6.54
-5.67
-1.49
3.53
6.50
5.71
1.64
-3.34
-6.35
-5.58
-1.47
3.58
6.57
5.61
1.12
-4.38
-7.70
-6.85
-2.27
3.39
6.80
5.91
1.17
-4.74
-8.50
-8.07
-3.90
1.44
4.73
4.07
-0.04
-5.07
-7.84
-6.50
-1.59
4.22
7.66
6.74
1.99
-3.87
-7.47
-6.74
-2.15
3.51
6.86
5.92
1.29
-4.18
-7.13
-5.78
-0.94
4.39
6.94
5.12
-0.04
-5.54
-8.19
-6.54
-1.69
3.36
5.59
3.69
-1.21
-6.18
-8.19
-5.91
-0.44
5.25
7.99
6.25
1.01
-4.81
-7.90
-6.54
-1.56
4.02
6.85
5.20
-0.03
-5.73
-8.51
-6.69
-1.35
4.30
6.94
5.08
-0.03
-5.24
-7.34
-5.03
0.39
5.74
7.93
5.73
0.36
-5.13
-7.66
-5.87
-0.81
4.60
7.31
5.85
1.18
-3.85
-6.17
-4.36
0.55
5.57
7.62
5.33
-0.09
-5.51
-7.81
-5.65
-0.33
5.01
7.30
5.27
0.15
-5.09
-7.50
-5.85
-1.22
3.57
5.74
4.03
-0.59
-5.50
-7.93
-6.57
-2.33
2.21
4.34
2.79
-1.51
-5.93
-7.70
-5.60
-0.68
4.27
6.49
4.73
0.09
-4.66
-6.75
-5.03
-0.61
3.83
5.69
3.96
-0.24
-4.37
-5.97
-4.13
0.02
4.01
5.54
3.76
-0.19
-3.92
-5.17
-3.17
0.90
4.57
5.62
3.27
-1.24
-5.38
-6.75
-4.52
0.13
4.62
6.47
4.74
0.48
-3.82
-5.73
-4.22
-0.24
3.87
5.79
4.46
0.77
-3.10
-4.90
-3.65
-0.24
3.19
4.43
2.60
-1.40
-5.34
-7.00
-5.41
-1.48
2.58
4.50
3.28
-0.26
-4.02
-5.76
-4.52
-1.04
2.63
4.41
3.34
0.16
-3.18
-4.66
-3.37
-0.04
3.43
5.07
3.98
0.86
-2.52
-4.25
-3.47
-0.79
2.09
3.38
2.21
-0.79
-3.95
-5.41
-4.32
-1.25
2.05
3.67
2.68
-0.32
-3.56
-5.05
-3.85
-0.54
3.06
4.94
4.12
1.19
-2.10
-3.77
-2.85
0.15
3.51
5.26
4.36
1.19
-2.63
-5.13
-5.09
-2.64
0.76
3.19
3.34
1.20
-1.97
-4.30
-4.49
-2.47
0.53
2.73
2.84
0.87
-1.94
-3.80
-3.53
-1.17
1.90
3.83
3.41
0.76
-2.70
-5.04
-4.90
-2.28
1.46
4.38
5.03
3.22
0.07
-2.60
-3.35
-1.87
0.83
3.06
3.37
1.46
-1.70
-4.36
-4.99
-3.21
-0.02
2.73
3.40
1.54
-1.84
-4.78
-5.54
-3.59
-0.01
3.21
4.24
2.56
-0.79
-3.78
-4.62
-2.78
0.69
3.81
4.83
3.18
-0.20
-3.42
-4.71
-3.44
-0.44
2.50
3.63
2.24
-0.95
-4.15
-5.47
-4.12
-0.82
2.56
4.00
2.63
-0.83
-4.32
-5.69
-3.98
-0.04
3.93
5.67
4.17
0.29
-3.76
-5.61
-4.19
-0.26
4.06
6.47
5.80
2.58
-1.26
-3.51
-2.93
0.05
3.65
5.75
5.12
2.11
-1.50
-3.61
-3.04
-0.29
2.72
3.83
1.98
-2.10
-6.19
-7.93
-6.23
-1.99
2.41
4.45
2.94
-1.27
-5.77
-7.96
-6.53
-2.19
2.75
5.65
5.06
1.42
-3.05
-5.78
-5.21
-1.73
2.56
5.12
4.45
1.02
-2.97
-4.96
-3.59
0.46
4.78
6.70
4.89
0.19
-4.79
-7.27
-5.83
-1.32
3.69
6.38
5.29
1.11
-3.71
-6.47
-5.69
-1.96
2.43
4.90
4.04
0.44
-3.62
-5.57
-4.04
0.30
5.02
7.41
6.02
1.57
-3.39
-6.00
-4.73
-0.35
4.49
6.86
5.25
0.47
-4.78
-7.51
-6.21
-1.70
3.37
6.03
4.77
0.36
-4.66
-7.40
-6.29
-1.96
3.13
6.11
5.31
1.20
-3.83
-6.86
-6.17
-2.19
2.66
5.42
4.36
0.08
-4.79
-7.14
-5.24
0.12
6.02
9.11
7.55
2.15
-4.07
-7.66
-6.65
-1.70
4.31
7.95
7.22
2.64
-3.13
-6.81
-6.43
-2.37
2.81
6.00
5.28
1.13
-3.92
-6.77
-5.62
-1.12
4.01
6.62
5.00
0.00
-5.50
-8.26
-6.65
-1.56
4.04
6.97
5.65
1.03
-4.04
-6.49
-4.84
-0.08
4.94
7.20
5.28
0.17
-5.28
-8.01
-6.55
-1.80
3.36
5.89
4.32
-0.42
-5.46
-7.74
-5.76
-0.52
5.01
7.69
6.03
1.02
-4.35
-6.93
-5.21
-0.23
5.05
7.58
5.97
1.35
-3.34
-5.18
-2.96
2.04
6.78
8.30
5.46
-0.39
-6.17
-8.79
-6.92
-1.78
3.59
6.07
4.23
-0.88
-6.31
-8.92
-7.25
-2.35
2.86
5.34
3.73
-0.86
-5.51
-7.28
-5.00
0.04
4.84
6.56
4.20
-0.76
-5.28
-6.51
-3.58
1.93
6.87
8.36
5.50
-0.17
-5.47
-7.43
-4.99
0.40
5.62
7.68
5.52
0.51
-4.28
-5.91
-3.36
1.89
6.68
8.09
5.14
-0.61
-5.97
-7.99
-5.70
-0.65
4.05
5.62
3.21
-1.63
-5.87
-6.80
-3.64
1.99
6.97
8.52
5.74
0.14
-5.22
-7.49
-5.57
-0.80
3.91
5.75
3.63
-1.23
-6.01
-7.95
-5.98
-1.24
3.56
5.80
4.46
0.68
-2.99
-4.12
-1.92
2.31
5.95
6.66
3.79
-1.22
-5.60
-6.91
-4.46
0.35
4.77
6.40
4.47
0.37
-3.34
-4.37
-2.08
2.17
5.85
6.75
4.26
-0.33
-4.55
-6.15
-4.44
-0.52
3.27
4.80
3.27
-0.37
-4.02
-5.61
-4.35
-1.12
1.99
2.98
1.08
-2.78
-6.44
-7.72
-5.71
-1.28
3.32
5.77
4.89
1.30
-2.89
-5.34
-4.76
-1.61
2.16
4.30
3.57
0.44
-3.15
-4.99
-3.87
-0.35
3.52
5.47
4.31
0.68
-3.33
-5.38
-4.26
-0.57
3.62
5.98
5.27
1.94
-2.10
-4.63
-4.36
-1.57
2.04
4.39
4.20
1.69
-1.61
-3.67
-3.26
-0.52
2.99
5.23
4.86
1.98
-1.83
-4.48
-4.52
-1.99
1.53
3.95
3.78
1.10
-2.56
-5.09
-5.05
-2.50
1.00
3.32
3.05
0.26
-3.48
-5.98
-5.70
-2.64
1.68
4.99
5.59
3.23
-0.76
-4.15
-5.11
-3.24
0.23
3.17
3.83
1.86
-1.43
-3.84
-3.57
-0.42
4.06
7.38
7.60
4.43
-0.54
-4.64
-5.71
-3.27
1.16
5.01
6.08
3.85
-0.37
-4.09
-5.18
-3.06
0.96
4.45
5.31
2.95
-1.33
-5.04
-5.97
-3.48
1.05
5.03
6.08
3.48
-1.41
-5.89
-7.42
-5.16
-0.46
3.94
5.53
3.49
-0.84
-4.77
-5.90
-3.55
0.87
4.73
5.73
3.27
-1.21
-5.04
-5.92
-3.22
1.62
5.91
7.23
4.78
-0.08
-4.62
-6.29
-4.20
0.40
4.76
6.24
3.83
-1.24
-6.12
-8.08
-6.01
-1.11
3.78
5.88
4.02
-0.66
-5.34
-7.22
-5.10
-0.11
4.91
7.11
5.25
0.40
-4.55
-6.69
-4.71
0.25
5.30
7.44
5.36
0.20
-4.99
-7.18
-5.01
0.28
5.61
7.88
5.73
0.38
-5.04
-7.39
-5.25
0.18
5.79
8.39
6.49
1.18
-4.46
-7.25
-5.64
-0.72
4.50
6.86
4.89
-0.29
-5.63
-7.97
-5.87
-0.55
4.86
7.17
5.02
-0.31
-5.68
-7.91
-5.71
-0.42
4.79
6.76
4.22
-1.46
-7.04
-9.30
-6.88
-1.12
4.76
7.44
5.48
0.13
-5.36
-7.67
-5.27
0.57
6.54
9.18
6.91
1.01
-5.12
-7.93
-5.83
-0.11
5.78
8.33
6.05
0.31
-5.43
-7.73
-5.20
0.63
6.29
8.37
5.52
-0.70
-6.84
-9.43
-7.05
-1.09
5.02
7.85
5.85
0.32
-5.42
-7.91
-5.58
0.30
6.34
9.08
6.96
1.29
-4.55
-7.09
-4.87
0.74
6.33
8.53
6.02
0.29
-5.27
-7.35
-4.74
1.01
6.48
8.37
5.48
-0.69
-6.70
-9.21
-6.83
-0.98
4.93
7.52
5.38
-0.13
-5.64
-7.80
-5.25
0.53
6.04
7.89
4.86
-1.41
-7.24
-9.17
-5.92
0.76
7.14
9.69
7.11
1.05
-4.90
-7.29
-4.83
0.96
6.57
8.66
5.97
-0.05
-6.01
-8.64
-6.60
-1.28
4.05
6.15
3.73
-1.84
-7.26
-9.26
-6.55
-0.60
5.19
7.51
5.00
-0.84
-6.60
-8.86
-6.26
-0.25
5.72
8.30
6.16
0.69
-4.80
-7.05
-4.80
0.56
5.82
7.93
5.70
0.55
-4.42
-6.17
-3.56
2.01
7.40
9.55
7.22
1.73
-3.89
-6.54
-4.86
-0.01
5.07
7.38
5.52
0.57
-4.63
-7.13
-5.61
-1.15
3.43
5.29
3.23
-1.65
-6.53
-8.52
-6.40
-1.32
3.79
5.95
3.85
-1.44
-6.99
-9.66
-7.94
-2.75
3.07
6.44
5.71
1.65
-3.09
-5.50
-4.01
0.61
5.70
8.30
6.83
2.08
-3.23
-6.04
-4.69
0.06
5.48
8.41
7.15
2.42
-3.07
-6.13
-5.05
-0.51
4.73
7.55
6.21
1.41
-4.17
-7.39
-6.48
-2.04
3.33
6.59
5.98
2.00
-2.87
-5.69
-4.81
-0.73
4.06
6.70
5.59
1.34
-3.54
-6.14
-4.82
-0.23
5.08
8.17
7.41
3.40
-1.36
-3.93
-2.67
1.84
7.15
10.40
9.99
6.48
2.28
0.20
1.88
6.77
12.41
15.88
15.41
11.46
6.42
3.33
4.11
8.52
14.19
18.04
18.06
14.37
9.19
5.52
5.45
8.96
13.95
17.56
17.76
14.51
9.65
5.87
5.09
7.44
11.13
13.63
13.03
9.20
3.86
-0.39
-1.51
0.81
4.85
7.92
7.87
4.34
-0.96
-5.20
-6.11
-3.26
1.53
5.39
5.96
2.87
-2.13
-6.13
-6.85
-3.94
0.80
4.53
5.02
1.97
-2.89
-6.79
-7.53
-4.82
-0.38
3.06
3.35
0.16
-4.83
-8.85
-9.62
-6.68
-1.70
2.44
3.30
0.25
-5.17
-10.10
-11.95
-9.97
-5.60
-1.63
-0.57
-3.17
-8.11
-12.75
-14.73
-13.32
-9.81
-6.77
-6.50
-9.76
-15.32
-20.65
-23.33
-22.43
-19.13
-16.09
-16.02
-20.10
-27.34
-34.93
-39.90
-40.79
-38.60
-36.27
-36.90
-41.96
-50.39
-59.11
-64.97
-66.62
-65.38
-64.51
-67.26
-74.97
-86.23
-97.66
-105.82
-109.13
-108.80
-108.05
-110.33
-117.41
-128.31
-139.82
-148.15
-150.95
-148.42
-143.16
-138.72
-137.68
-140.24
-144.04
-145.45
-141.39
-130.82
-115.07
-96.65
-77.49
-57.39
-34.36
-6.27
26.66
60.50
88.59
104.85
107.17
99.05
87.98
81.48
83.30
91.91
102.39
110.19
114.25
117.55
124.87
139.30
159.75
181.11
196.78
201.96
195.91
182.01
165.85
152.41
143.89
139.04
134.35
126.34
113.61
97.95
83.17
73.03
69.07
69.61
70.69
68.27
60.44
48.54
36.38
28.06
25.73
28.32
32.15
33.04
28.65
19.81
10.07
3.67
3.02
7.36
13.18
16.21
13.94
7.07
-0.94
-5.94
-5.49
-0.36
5.98
9.39
7.51
1.14
-6.27
-10.60
-9.49
-3.70
3.30
7.38
6.09
0.11
-7.16
-11.59
-10.69
-5.05
1.99
6.28
5.31
-0.33
-7.27
-11.31
-9.91
-3.71
3.80
8.34
7.31
1.41
-5.85
-10.13
-8.88
-2.84
4.32
8.26
6.48
-0.11
-7.74
-11.94
-10.20
-3.42
4.51
9.03
7.57
1.03
-6.68
-10.98
-9.21
-2.27
5.89
10.65
9.37
2.95
-4.77
-9.23
-7.93
-1.80
5.28
8.90
6.68
-0.28
-8.11
-12.38
-10.72
-4.17
3.39
7.57
5.96
-0.56
-8.28
-12.81
-11.64
-5.52
1.91
6.25
4.92
-1.38
-9.01
-13.45
-12.00
-5.31
2.84
7.86
6.92
0.63
-7.27
-12.17
-11.19
-4.96
2.78
7.45
6.29
-0.01
-7.74
-12.29
-10.95
-4.40
3.60
8.52
7.65
1.65
-5.87
-10.48
-9.49
-3.51
3.91
8.41
7.34
1.23
-6.50
-11.58
-11.29
-6.02
0.96
5.53
5.05
-0.08
-6.70
-10.75
-9.68
-4.02
2.93
7.03
5.75
-0.31
-7.75
-12.29
-11.32
-5.41
1.99
6.67
6.04
0.62
-6.32
-10.69
-9.96
-4.63
2.09
6.27
5.51
0.33
-6.14
-10.01
-8.91
-3.40
3.29
7.20
5.91
-0.05
-7.41
-12.01
-11.26
-5.55
1.90
6.95
6.86
1.88
-4.98
-9.67
-9.53
-4.71
1.88
6.37
6.17
1.45
-4.98
-9.36
-9.17
-4.58
1.68
5.93
5.72
1.15
-5.15
-9.60
-9.79
-5.75
-0.04
3.91
3.72
-0.52
-6.29
-10.13
-9.62
-4.87
1.54
6.05
6.18
1.99
-3.99
-8.21
-8.19
-3.95
1.99
6.18
6.18
1.99
-4.02
-8.48
-8.95
-5.30
0.25
4.47
4.93
1.40
-4.07
-8.30
-8.85
-5.42
0.02
4.30
4.92
1.52
-3.94
-8.23
-8.83
-5.32
0.29
4.75
5.49
2.08
-3.53
-8.09
-8.97
-5.66
-0.07
4.58
5.57
2.28
-3.48
-8.47
-9.86
-6.81
-1.04
4.18
5.86
2.96
-2.96
-8.65
-10.99
-8.77
-3.41
1.85
3.90
1.54
-3.77
-8.83
-10.57
-7.90
-2.38
2.72
4.42
1.75
-3.61
-8.38
-9.56
-6.22
-0.03
5.73
8.06
5.92
0.81
-4.19
-6.19
-4.10
0.71
5.24
6.62
3.79
-1.85
-7.23
-9.32
-6.92
-1.41
4.05
6.32
4.10
-1.29
-6.76
-9.18
-7.22
-2.15
2.95
5.09
3.00
-2.10
-7.25
-9.52
-7.64
-2.76
2.28
4.64
3.05
-1.41
-5.94
-7.65
-5.30
-0.05
5.14
7.24
4.92
-0.65
-6.42
-9.20
-7.53
-2.49
2.93
5.57
3.95
-0.93
-6.17
-8.69
-7.05
-2.23
2.88
5.29
3.52
-1.49
-6.90
-9.65
-8.17
-3.30
2.19
5.17
4.02
-0.56
-5.84
-8.70
-7.42
-2.69
2.77
5.79
4.60
-0.16
-5.75
-8.91
-7.75
-2.88
2.94
6.40
5.56
0.91
-4.86
-8.48
-7.97
-3.79
1.51
4.77
4.06
-0.21
-5.53
-8.79
-8.05
-3.69
1.82
5.39
5.03
1.07
-4.06
-7.21
-6.41
-2.02
3.43
6.76
5.95
1.42
-4.20
-7.59
-6.65
-1.78
4.39
8.53
8.52
4.66
-0.51
-3.75
-2.98
1.54
7.37
11.33
11.41
7.89
3.28
0.81
2.62
8.48
15.85
21.37
22.73
20.06
15.85
13.51
15.46
21.73
29.93
36.74
39.81
39.16
37.15
37.13
41.42
50.06
60.70
70.11
75.98
78.31
79.50
82.89
90.86
103.45
118.24
131.80
141.63
147.65
152.27
159.02
170.53
187.00
206.03
224.04
238.31
248.52
256.88
266.78
280.72
298.75
318.31
335.71
348.25
355.61
359.86
364.01
370.01
377.27
382.75
382.44
373.57
355.92
331.80
304.77
277.49
250.40
221.70
188.82
150.40
107.61
64.11
24.50
-7.89
-32.54
-51.80
-69.39
-88.27
-109.17
-130.39
-149.37
-164.61
-177.06
-189.93
-207.19
-231.38
-262.23
-296.66
-330.40
-359.92
-383.98
-403.66
-421.13
-437.69
-452.63
-463.28
-466.41
-460.07
-444.89
-424.01
-401.65
-381.04
-363.04
-346.06
-327.31
-304.80
-278.78
-251.84
-227.50
-208.22
-194.10
-182.80
-170.93
-156.07
-138.18
-119.64
-103.81
-92.99
-87.09
-83.64
-79.18
-71.25
-59.78
-47.13
-36.69
-30.86
-29.75
-31.05
-31.38
-28.24
-21.38
-12.98
-6.25
-3.57
-5.09
-8.64
-11.01
-9.88
-5.14
1.01
5.41
5.84
2.27
-3.06
-6.93
-7.03
-3.26
2.22
6.31
6.74
3.38
-1.71
-5.52
-5.80
-2.40
2.71
6.58
7.01
3.82
-1.08
-4.78
-5.13
-1.96
2.81
6.30
6.35
2.74
-2.60
-6.75
-7.43
-4.34
0.69
4.77
5.56
2.62
-2.36
-6.52
-7.53
-4.83
-0.05
4.06
5.16
2.73
-1.70
-5.45
-6.24
-3.54
1.11
5.05
6.01
3.40
-1.33
-5.54
-6.91
-4.78
-0.56
3.13
3.90
1.04
-4.09
-8.76
-10.48
-8.47
-4.14
-0.31
0.45
-2.66
-8.18
-13.21
-15.08
-12.88
-8.01
-3.31
-1.40
-3.20
-7.45
-11.51
-12.93
-10.88
-6.54
-2.42
-0.81
-2.45
-6.19
-9.61
-10.45
-7.88
-3.01
1.76
4.10
3.01
-0.59
-4.37
-5.93
-4.17
0.11
4.61
6.90
5.77
1.97
-2.26
-4.50
-3.58
-0.21
3.42
5.08
3.80
0.42
-2.91
-4.12
-2.42
1.27
4.82
6.23
4.71
1.17
-2.38
-3.91
-2.53
1.05
4.87
6.85
5.95
2.74
-0.81
-2.49
-1.10
2.83
7.30
9.95
9.52
6.48
2.85
0.91
1.92
5.37
9.32
11.62
11.18
8.60
5.85
5.02
7.19
11.67
16.48
19.44
19.45
17.15
14.56
13.96
16.55
21.73
27.40
31.24
32.04
30.47
28.71
29.25
33.36
40.43
48.26
54.32
57.28
57.67
57.59
59.50
64.77
72.90
81.79
88.95
92.89
94.00
94.35
96.55
102.29
111.37
121.74
130.68
136.22
138.22
138.36
139.09
142.08
147.12
152.17
154.35
151.42
142.69
129.15
112.57
94.47
75.34
54.83
32.58
9.09
-13.77
-33.25
-46.67
-52.71
-52.00
-47.02
-41.08
-37.13
-36.83
-40.36
-47.10
-56.50
-68.80
-84.95
-105.70
-130.54
-157.05
-181.28
-199.01
-207.48
-206.51
-198.50
-187.20
-175.91
-166.19
-157.54
-148.26
-137.00
-123.79
-110.27
-98.68
-90.62
-86.00
-83.07
-79.32
-72.96
-63.84
-53.59
-44.73
-39.24
-37.49
-37.97
-38.11
-35.68
-30.05
-22.56
-15.80
-12.10
-12.18
-14.70
-16.93
-16.41
-12.38
-6.22
-0.71
1.72
0.38
-3.22
-6.26
-6.31
-2.76
2.81
7.54
8.96
6.44
1.52
-2.91
-4.33
-1.93
2.86
7.25
8.69
6.29
1.43
-3.08
-4.65
-2.38
2.33
6.63
7.86
5.19
0.12
-4.42
-5.74
-3.02
2.18
6.89
8.48
6.23
1.73
-2.09
-2.73
0.42
5.66
9.97
10.81
7.48
1.62
-3.77
-5.93
-3.95
0.76
5.33
7.04
4.83
-0.05
-4.83
-6.77
-4.77
-0.04
4.66
6.59
4.69
0.17
-4.19
-5.77
-3.59
1.05
5.40
6.89
4.71
0.22
-3.82
-4.92
-2.26
2.76
7.33
8.90
6.57
1.61
-3.26
-5.42
-3.79
0.55
5.01
7.02
5.47
1.38
-2.71
-4.27
-2.19
2.42
6.94
8.75
6.81
2.22
-2.31
-4.14
-2.16
2.51
7.18
9.20
7.47
3.02
-1.55
-3.64
-2.15
1.92
6.00
7.53
5.40
0.66
-4.07
-6.11
-4.23
0.54
5.51
7.86
6.33
1.87
-2.83
-4.95
-3.17
1.52
6.45
8.79
7.28
2.84
-1.89
-4.19
-2.80
1.38
5.78
7.77
6.14
1.80
-2.72
-4.79
-3.19
1.11
5.51
7.34
5.35
0.55
-4.36
-6.56
-4.73
0.13
5.26
7.78
6.31
1.78
-3.12
-5.49
-3.89
0.79
5.96
8.83
7.99
4.17
-0.20
-2.47
-1.29
2.56
6.72
8.62
6.98
2.58
-2.19
-4.71
-3.64
0.28
4.64
6.81
5.42
1.19
-3.48
-5.90
-4.60
-0.29
4.59
7.31
6.39
2.45
-2.06
-4.40
-3.11
1.12
5.84
8.31
7.09
2.87
-1.90
-4.47
-3.42
0.58
5.12
7.50
6.31
2.20
-2.47
-5.00
-3.94
0.09
4.76
7.36
6.40
2.46
-2.20
-4.91
-4.20
-0.57
3.75
6.19
5.37
1.83
-2.26
-4.40
-3.29
0.49
4.76
7.05
6.03
2.28
-2.02
-4.33
-3.24
0.77
5.55
8.56
8.22
4.88
0.55
-2.25
-1.90
1.38
5.67
8.46
8.13
4.85
0.49
-2.47
-2.45
0.35
4.06
6.27
5.49
2.03
-2.16
-4.69
-4.12
-0.87
3.04
5.24
4.39
0.99
-2.93
-5.01
-3.93
-0.22
4.12
6.79
6.47
3.57
-0.17
-2.65
-2.66
-0.47
2.37
4.06
3.57
1.20
-1.60
-3.15
-2.49
0.04
3.01
4.72
4.21
1.78
-1.11
-2.65
-1.79
1.22
4.86
7.21
7.03
4.43
0.81
-1.91
-2.39
-0.53
2.48
4.90
5.41
3.85
1.24
-0.84
-1.18
0.36
2.71
4.25
3.77
1.22
-2.21
-4.73
-4.98
-2.81
0.53
3.14
3.59
1.70
-1.34
-3.67
-3.86
-1.72
1.63
4.42
5.26
3.85
1.11
-1.39
-2.31
-1.22
1.12
3.33
4.12
3.03
0.69
-1.51
-2.19
-0.82
1.92
4.55
5.57
4.34
1.55
-1.21
-2.29
-1.04
1.81
4.54
5.45
3.91
0.69
-2.40
-3.55
-2.04
1.35
4.79
6.43
5.40
2.27
-1.22
-3.18
-2.59
0.13
3.39
5.29
4.82
2.25
-0.83
-2.56
-1.82
0.99
4.23
5.93
4.95
1.69
-2.04
-4.08
-3.20
0.18
4.14
6.39
5.56
1.98
-2.41
-5.30
-5.29
-2.73
0.51
2.11
0.67
-3.44
-8.25
-11.40
-11.43
-8.71
-5.20
-3.35
-4.71
-9.01
-14.32
-18.21
-19.15
-17.53
-15.33
-15.07
-18.28
-24.56
-31.74
-37.19
-39.34
-38.69
-37.57
-38.81
-44.23
-53.52
-64.48
-74.25
-80.97
-84.82
-87.89
-92.91
-101.79
-114.45
-128.84
-142.25
-152.81
-160.66
-167.91
-177.41
-191.15
-209.01
-228.78
-247.43
-262.84
-275.08
-286.37
-299.73
-317.10
-338.12
-360.15
-379.77
-394.53
-404.32
-411.13
-417.60
-425.11
-432.62
-436.94
-434.20
-421.80
-399.71
-370.29
-336.98
-302.52
-267.83
-232.08
-194.02
-153.51
-112.60
-75.16
-45.29
-25.41
-14.89
-10.30
-6.93
-0.81
9.79
24.39
41.61
60.93
83.78
113.13
151.86
200.86
257.98
318.48
376.79
428.64
472.34
508.55
538.95
564.44
584.12
595.58
596.24
585.22
564.31
537.44
509.20
482.72
458.48
434.64
408.55
378.80
346.40
314.39
286.25
263.87
246.47
231.08
214.35
194.53
172.44
150.92
133.16
120.70
112.59
105.91
97.48
85.69
71.37
57.33
46.69
41.14
39.88
40.10
38.56
33.41
25.22
16.53
10.39
8.47
10.12
12.71
13.28
10.27
4.44
-1.68
-5.25
-4.82
-1.19
3.10
5.26
3.88
-0.37
-5.13
-7.72
-6.68
-2.60
2.19
5.00
4.29
0.52
-4.09
-6.83
-6.08
-2.31
2.22
4.75
3.70
-0.38
-5.10
-7.62
-6.37
-2.02
2.94
5.59
4.39
0.02
-5.02
-7.84
-6.88
-2.74
2.17
5.08
4.46
0.84
-3.55
-6.16
-5.54
-2.19
1.79
3.97
2.99
-0.67
-4.92
-7.36
-6.56
-2.98
1.35
3.96
3.40
0.06
-4.06
-6.46
-5.63
-1.96
2.51
5.27
4.73
1.23
-3.20
-6.04
-5.67
-2.42
1.71
4.20
3.50
-0.06
-4.46
-7.13
-6.44
-2.68
2.09
5.23
5.01
1.58
-3.09
-6.37
-6.48
-3.52
0.63
3.42
3.14
-0.08
-4.32
-7.05
-6.59
-3.17
1.23
4.04
3.62
0.25
-4.06
-6.76
-6.24
-2.77
1.57
4.21
3.54
-0.16
-4.91
-8.08
-8.01
-4.82
-0.39
2.80
3.09
0.52
-3.17
-5.63
-5.28
-2.27
1.64
4.13
3.67
0.46
-3.65
-6.26
-5.76
-2.31
2.25
5.44
5.60
2.77
-1.28
-4.15
-4.18
-1.37
2.60
5.43
5.49
2.76
-1.19
-4.15
-4.57
-2.42
0.83
3.13
3.00
0.39
-3.27
-5.94
-6.15
-3.80
-0.29
2.34
2.50
0.05
-3.65
-6.50
-6.83
-4.44
-0.66
2.37
2.97
0.90
-2.49
-5.10
-5.27
-2.78
1.00
3.97
4.47
2.29
-1.29
-4.19
-4.78
-2.78
0.60
3.35
3.82
1.71
-1.84
-4.84
-5.66
-3.90
-0.67
2.09
2.77
0.97
-2.21
-4.86
-5.33
-3.21
0.41
3.65
4.81
3.46
0.53
-2.17
-3.09
-1.74
1.00
3.43
4.03
2.34
-0.80
-3.70
-4.80
-3.53
-0.67
2.07
3.01
1.42
-2.00
-5.49
-7.16
-6.08
-2.83
0.72
2.52
1.53
-1.64
-5.04
-6.54
-5.12
-1.51
2.20
3.84
2.42
-1.26
-5.07
-6.85
-5.63
-2.17
1.47
3.17
1.99
-1.38
-4.93
-6.50
-5.01
-1.09
3.21
5.53
4.62
1.00
-3.21
-5.50
-4.48
-0.72
3.55
5.79
4.65
0.79
-3.50
-5.69
-4.53
-0.73
3.48
5.65
4.56
0.79
-3.62
-6.37
-6.14
-3.28
0.44
2.90
2.76
0.22
-3.13
-5.18
-4.58
-1.48
2.44
4.95
4.54
1.35
-2.86
-5.69
-5.54
-2.54
1.49
4.10
3.64
0.30
-4.07
-6.96
-6.75
-3.56
0.74
3.68
3.63
0.69
-3.33
-6.02
-5.70
-2.47
1.84
4.74
4.52
1.25
-3.18
-6.17
-5.94
-2.58
1.88
4.77
4.28
0.61
-4.14
-7.17
-6.64
-2.78
2.27
5.69
5.65
2.30
-2.32
-5.47
-5.31
-1.94
2.69
5.91
5.86
2.53
-2.20
-5.69
-6.01
-3.08
1.33
4.61
4.82
1.82
-2.66
-6.00
-6.25
-3.27
1.18
4.48
4.73
1.86
-2.32
-5.18
-4.87
-1.45
3.17
6.32
6.17
2.75
-2.06
-5.59
-6.01
-3.26
0.82
3.69
3.48
0.12
-4.62
-8.11
-8.40
-5.29
-0.53
3.22
3.90
1.30
-2.88
-6.00
-6.06
-2.91
1.65
4.98
5.16
2.20
-2.05
-4.97
-4.72
-1.36
3.18
6.27
6.08
2.68
-2.08
-5.52
-5.69
-2.48
2.30
5.95
6.38
3.28
-1.66
-5.75
-6.81
-4.40
-0.15
3.28
3.73
0.82
-3.77
-7.32
-7.62
-4.31
0.83
4.93
5.70
2.75
-2.21
-6.30
-7.20
-4.39
0.45
4.57
5.63
3.15
-1.33
-5.11
-5.92
-3.27
1.26
4.96
5.59
2.68
-2.20
-6.29
-7.29
-4.67
-0.04
3.81
4.59
1.79
-2.98
-6.90
-7.70
-4.88
-0.05
4.04
5.12
2.66
-1.85
-5.77
-6.88
-4.59
-0.30
3.46
4.49
2.16
-2.21
-6.12
-7.29
-5.01
-0.52
3.64
5.10
3.01
-1.44
-5.67
-7.21
-5.10
-0.52
3.91
5.72
3.93
-0.31
-4.42
-5.95
-3.95
0.44
4.66
6.32
4.54
0.43
-3.54
-5.05
-3.27
0.66
4.33
5.49
3.36
-0.89
-4.81
-6.13
-4.07
0.23
4.31
5.91
4.19
0.29
-3.37
-4.56
-2.50
1.59
5.30
6.38
4.14
-0.20
-4.14
-5.43
-3.35
0.80
4.52
5.54
3.17
-1.31
-5.34
-6.64
-4.53
-0.29
3.50
4.53
2.10
-2.52
-6.73
-8.16
-6.04
-1.58
2.66
4.34
2.68
-1.18
-4.76
-5.85
-3.74
0.36
4.07
5.23
3.17
-0.93
-4.71
-6.03
-4.20
-0.34
3.27
4.52
2.73
-1.05
-4.59
-5.78
-3.84
0.28
4.40
6.33
5.12
1.56
-2.32
-4.32
-3.40
-0.21
3.28
4.95
3.74
0.26
-3.49
-5.40
-4.38
-1.08
2.46
4.10
2.82
-0.62
-4.16
-5.66
-4.19
-0.58
3.00
4.40
2.64
-1.44
-5.67
-7.75
-6.50
-2.56
1.98
4.79
4.51
1.53
-2.29
-4.67
-4.23
-1.26
2.47
4.71
4.09
0.83
-3.30
-6.08
-6.05
-3.35
0.40
3.10
3.34
1.15
-2.00
-4.15
-3.98
-1.56
1.65
3.70
3.27
0.51
-3.08
-5.40
-4.99
-1.89
2.30
5.37
5.66
3.08
-0.86
-3.88
-4.29
-1.95
1.63
4.21
4.17
1.43
-2.42
-5.10
-4.97
-2.05
2.02
4.94
5.11
2.56
-1.11
-3.71
-3.74
-1.28
2.11
4.31
3.92
1.04
-2.80
-5.44
-5.37
-2.54
1.53
4.65
5.04
2.45
-1.77
-5.31
-6.18
-3.82
0.53
4.55
6.05
4.26
0.24
-3.71
-5.40
-4.02
-0.63
2.60
3.61
1.72
-1.99
-5.31
-6.26
-4.25
-0.49
2.84
3.80
1.87
-1.78
-4.92
-5.64
-3.44
0.45
3.79
4.61
2.34
-1.79
-5.40
-6.40
-4.13
0.16
4.05
5.32
3.19
-1.16
-5.24
-6.73
-4.79
-0.54
3.58
5.24
3.53
-0.54
-4.56
-6.25
-4.67
-0.84
2.88
4.22
2.26
-1.94
-5.92
-7.20
-4.76
0.28
5.27
7.43
5.53
0.61
-4.42
-6.48
-4.11
1.62
7.65
10.65
8.93
3.44
-2.70
-6.11
-5.06
-0.49
4.59
6.94
5.00
-0.19
-5.66
-8.27
-6.57
-1.62
3.61
6.00
4.06
-1.11
-6.53
-8.98
-6.97
-1.58
4.12
6.85
5.07
-0.12
-5.63
-8.22
-6.43
-1.38
3.90
6.29
4.49
-0.27
-5.00
-6.73
-4.29
1.04
6.26
8.46
6.40
1.31
-3.89
-6.25
-4.49
0.22
4.99
6.87
4.62
-0.57
-5.70
-7.76
-5.50
-0.21
4.97
6.97
4.52
-1.04
-6.55
-8.87
-6.74
-1.46
3.91
6.34
4.61
-0.04
-4.72
-6.60
-4.66
-0.17
3.95
5.03
2.19
-3.11
-7.85
-9.20
-6.22
-0.41
5.05
7.18
4.89
-0.38
-5.47
-7.33
-4.84
0.60
5.87
7.95
5.80
0.81
-3.92
-5.54
-3.11
1.80
6.03
6.78
3.31
-2.61
-7.64
-8.84
-5.39
0.85
6.44
8.21
5.17
-1.02
-6.92
-9.31
-6.93
-1.22
4.52
7.05
5.02
-0.30
-5.72
-8.00
-5.73
-0.25
5.28
7.58
5.37
-0.01
-5.27
-7.18
-4.55
1.10
6.35
8.00
4.92
-1.22
-6.96
-9.05
-6.34
-0.48
5.15
7.39
5.14
-0.10
-5.12
-6.95
-4.57
0.48
5.16
6.73
4.37
-0.40
-4.61
-5.69
-2.97
1.91
6.06
7.02
4.19
-0.84
-5.22
-6.52
-4.11
0.47
4.45
5.45
2.86
-1.86
-6.04
-7.30
-5.04
-0.66
3.17
4.22
1.92
-2.29
-5.77
-6.31
-3.38
1.46
5.48
6.38
3.57
-1.45
-5.93
-7.44
-5.21
-0.56
3.87
5.68
4.00
-0.03
-3.90
-5.25
-3.17
1.23
5.44
7.00
4.95
0.38
-4.17
-6.14
-4.48
-0.23
4.09
5.98
4.45
0.52
-3.39
-4.96
-3.35
0.37
3.90
5.12
3.33
-0.38
-3.83
-5.07
-3.46
-0.10
2.79
3.18
0.42
-4.23
-8.18
-8.88
-5.33
1.24
7.99
11.94
11.54
7.46
1.97
-2.31
-3.94
-3.23
-1.93
-1.90
-3.85
-6.74
-8.39
-6.90
-2.12
4.04
8.44
8.68
4.53
-1.78
-6.84
-8.03
-4.91
0.71
5.96
8.56
7.83
4.64
0.63
-2.71
-4.55
-4.84
-4.19
-3.54
-3.75
-5.07
-6.85
-7.69
-6.36
-2.64
2.11
5.65
6.18
3.61
-0.22
-2.59
-1.66
2.32
7.08
9.78
8.74
4.54
-0.39
-3.31
-2.88
0.12
3.32
4.36
2.34
-1.75
-5.73
-7.61
-6.78
-4.11
-1.30
0.16
-0.15
-1.65
-3.17
-3.57
-2.36
0.21
3.11
5.04
5.01
2.89
-0.36
-3.04
-3.64
-1.74
1.54
4.19
4.43
1.88
-2.19
-5.51
-6.22
-4.03
-0.35
2.59
3.09
1.02
-2.23
-4.53
-4.29
-1.36
2.87
6.31
7.28
5.41
1.79
-1.59
-2.99
-1.88
0.78
3.07
3.29
0.99
-2.69
-5.63
-5.96
-3.32
0.87
4.17
4.61
1.88
-2.44
-5.75
-5.99
-2.90
1.84
5.64
6.52
4.23
0.30
-2.89
-3.53
-1.44
1.89
4.26
4.01
1.08
-3.06
-6.14
-6.42
-3.76
0.37
3.62
4.17
1.71
-2.27
-5.39
-5.64
-2.63
2.16
6.25
7.47
5.28
0.99
-2.93
-4.34
-2.63
0.96
4.06
4.64
2.18
-2.00
-5.54
-6.44
-4.26
-0.43
2.68
3.14
0.61
-3.40
-6.40
-6.38
-3.03
2.03
6.16
7.13
4.46
-0.30
-4.39
-5.39
-2.61
2.49
7.11
8.67
6.32
1.39
-3.30
-5.17
-3.31
0.92
4.78
5.77
3.15
-1.62
-5.69
-6.57
-3.64
1.46
5.77
6.72
3.64
-1.83
-6.64
-8.09
-5.39
-0.07
4.86
6.64
4.32
-0.76
-5.65
-7.62
-5.63
-0.97
3.56
5.25
3.07
-1.75
-6.38
-8.10
-5.86
-0.90
4.00
6.10
4.32
-0.14
-4.47
-5.95
-3.55
1.40
6.02
7.53
5.01
-0.10
-4.75
-6.14
-3.42
1.80
6.30
7.20
3.71
-2.29
-7.35
-8.45
-4.80
1.60
7.12
8.60
5.16
-1.30
-7.14
-9.18
-6.45
-0.70
4.59
6.37
3.67
-1.79
-6.72
-8.12
-5.14
0.56
5.64
7.12
4.13
-1.59
-6.68
-8.15
-5.13
0.61
5.71
7.23
4.34
-1.15
-5.92
-7.06
-3.78
2.19
7.56
9.47
6.98
1.60
-3.61
-5.85
-4.14
0.17
4.27
5.51
3.05
-1.73
-5.92
-6.85
-3.71
1.87
6.68
7.85
4.51
-1.61
-7.12
-8.92
-5.96
0.08
5.80
8.04
5.67
0.22
-5.02
-6.98
-4.56
0.77
5.79
7.48
4.74
-0.94
-6.33
-8.34
-5.80
-0.17
5.31
7.49
5.18
-0.17
-5.35
-7.26
-4.76
0.63
5.70
7.46
4.88
-0.49
-5.49
-7.13
-4.46
0.96
5.93
7.52
4.71
-1.03
-6.53
-8.79
-6.62
-1.33
4.07
6.60
5.03
0.52
-4.08
-5.91
-3.77
1.07
5.74
7.40
4.94
-0.25
-5.18
-6.95
-4.52
0.60
5.30
6.68
3.80
-1.73
-6.68
-8.15
-5.23
0.45
5.66
7.52
5.09
-0.04
-4.75
-6.21
-3.54
1.71
6.48
8.04
5.54
0.47
-4.17
-5.74
-3.43
1.23
5.31
6.20
3.15
-2.28
-7.14
-8.76
-6.36
-1.44
3.06
4.53
2.12
-2.68
-6.97
-8.11
-5.30
-0.05
4.70
6.29
3.93
-0.85
-5.07
-6.05
-3.06
2.38
7.25
8.88
6.47
1.49
-3.13
-4.75
-2.52
2.16
6.46
7.79
5.27
0.20
-4.62
-6.55
-4.63
-0.12
4.19
5.63
3.19
-1.90
-6.77
-8.66
-6.48
-1.48
3.46
5.57
3.79
-0.66
-5.04
-6.68
-4.68
-0.27
3.86
5.27
3.17
-1.14
-5.04
-6.14
-3.63
1.26
5.95
7.97
6.34
2.11
-2.26
-4.27
-2.81
1.19
5.29
6.94
4.96
0.25
-4.64
-6.99
-5.45
-0.88
4.16
6.92
6.01
2.18
-2.25
-4.79
-4.25
-1.31
1.93
3.38
2.12
-1.03
-4.09
-5.08
-3.23
0.55
4.15
5.44
3.47
-0.84
-5.24
-7.24
-5.61
-1.09
3.90
6.60
5.57
1.49
-3.21
-5.78
-4.78
-0.93
3.39
5.57
4.35
0.49
-3.73
-5.81
-4.55
-0.58
3.93
6.63
6.16
2.85
-1.47
-4.59
-4.97
-2.64
0.94
3.73
4.19
2.15
-1.14
-3.69
-3.97
-1.78
1.61
4.19
4.40
2.06
-1.55
-4.36
-4.76
-2.55
0.87
3.37
3.37
0.74
-3.08
-5.87
-5.90
-3.01
1.28
4.65
5.32
3.04
-0.68
-3.50
-3.62
-0.89
3.03
5.71
5.37
1.99
-2.63
-5.87
-5.88
-2.66
1.92
5.26
5.50
2.60
-1.73
-5.00
-5.35
-2.59
1.80
5.49
6.51
4.30
-0.04
-4.28
-6.26
-4.98
-1.22
2.88
4.99
3.86
0.15
-3.96
-5.96
-4.54
-0.45
3.99
6.16
4.81
0.77
-3.47
-5.28
-3.60
0.52
4.46
5.67
3.17
-1.80
-6.47
-8.19
-5.95
-1.04
3.78
5.76
3.79
-0.90
-5.52
-7.28
-5.08
-0.19
4.50
6.14
3.61
-1.66
-6.53
-7.96
-4.84
1.28
7.03
9.20
6.59
0.78
-4.83
-6.99
-4.52
1.01
6.27
8.10
5.40
-0.26
-5.51
-7.22
-4.29
1.67
7.22
9.08
6.02
-0.35
-6.49
-8.95
-6.37
-0.35
5.53
7.80
5.08
-0.98
-6.77
-8.83
-5.91
0.29
6.17
8.36
5.73
0.04
-5.15
-6.56
-3.17
3.21
8.90
10.56
7.12
0.54
-5.32
-6.81
-2.73
4.85
11.73
13.86
9.80
1.65
-6.10
-9.17
-5.98
1.42
8.53
11.17
7.91
0.92
-5.46
-7.27
-3.34
4.12
10.87
13.23
10.26
4.25
-0.66
-0.96
4.18
12.35
19.36
21.54
17.94
10.81
4.38
2.40
6.07
13.24
19.70
21.65
17.90
10.54
3.77
1.39
4.58
11.14
16.81
17.84
13.26
5.39
-1.43
-3.50
0.10
6.90
12.56
13.49
8.89
1.25
-5.15
-6.74
-2.70
4.51
10.65
12.14
8.10
0.84
-5.50
-7.39
-3.95
2.55
7.97
8.85
4.39
-3.02
-9.13
-10.40
-6.07
1.27
7.20
8.09
3.27
-4.57
-10.88
-11.98
-7.23
0.51
6.58
7.26
2.01
-6.25
-12.81
-13.98
-9.19
-1.34
4.87
5.81
0.93
-7.02
-13.54
-15.08
-11.03
-4.08
1.39
1.83
-3.39
-11.71
-18.83
-21.14
-17.85
-11.35
-5.89
-5.04
-9.74
-17.80
-25.19
-28.46
-26.71
-22.11
-18.55
-19.36
-25.37
-34.45
-42.80
-47.13
-46.60
-43.32
-41.07
-43.13
-50.40
-60.86
-70.74
-76.70
-77.80
-76.07
-75.28
-78.76
-87.44
-99.30
-110.52
-117.71
-119.95
-119.21
-119.24
-123.17
-131.68
-142.48
-151.51
-155.21
-152.56
-145.58
-138.22
-134.02
-134.03
-136.07
-135.60
-128.10
-111.48
-87.22
-59.66
-33.47
-11.36
7.38
25.83
46.76
70.06
91.89
106.60
109.97
102.21
88.36
76.12
72.05
78.61
93.55
111.88
128.99
142.95
154.72
166.40
178.94
190.81
198.49
198.48
189.43
173.26
154.40
137.87
126.86
121.40
118.62
114.51
106.34
93.98
79.92
67.84
60.51
58.24
58.81
58.74
55.17
47.46
37.42
28.31
22.91
21.95
23.70
24.98
23.12
17.46
9.85
3.54
1.23
3.43
8.09
11.77
11.64
7.13
0.19
-5.74
-7.83
-5.39
-0.22
4.40
5.62
2.63
-2.93
-7.94
-9.58
-6.95
-1.56
3.51
5.38
3.07
-2.01
-6.77
-8.31
-5.60
-0.10
4.99
6.67
3.84
-1.99
-7.57
-9.78
-7.45
-1.95
3.55
6.04
4.31
-0.35
-5.05
-6.97
-5.01
-0.27
4.59
7.01
5.94
2.33
-1.52
-3.42
-2.42
0.56
3.40
4.06
1.83
-2.23
-5.84
-6.90
-4.67
-0.33
3.67
4.99
2.80
-1.75
-6.19
-8.17
-6.71
-2.79
1.19
2.89
1.29
-2.74
-6.95
-9.02
-7.75
-3.82
0.59
3.07
2.23
-1.42
-5.77
-8.28
-7.42
-3.67
0.68
2.90
1.38
-3.29
-8.61
-11.54
-10.25
-5.31
0.65
4.41
4.04
-0.08
-5.43
-8.81
-8.17
-3.76
1.99
5.91
5.83
1.81
-3.98
-8.37
-9.02
-5.76
-0.63
3.26
3.62
0.21
-4.94
-8.73
-8.81
-5.06
0.31
4.16
4.25
0.69
-4.13
-6.97
-5.76
-0.92
4.75
7.82
6.22
0.54
-6.24
-10.42
-9.74
-4.62
2.02
6.52
6.48
2.07
-4.13
-8.65
-9.11
-5.58
-0.44
3.05
2.65
-1.54
-7.11
-10.73
-10.14
-5.49
0.61
4.67
4.26
-0.48
-6.86
-11.14
-10.72
-5.64
1.32
6.28
6.44
1.72
-5.20
-10.33
-10.72
-6.08
0.97
6.55
7.59
3.68
-2.77
-7.90
-8.69
-4.73
1.55
6.34
6.72
2.39
-4.12
-8.95
-9.25
-4.84
1.62
6.29
6.37
1.77
-4.82
-9.56
-9.68
-5.14
1.38
6.09
6.24
1.73
-4.86
-9.75
-10.17
-5.94
0.40
5.16
5.54
1.31
-5.04
-9.80
-10.17
-5.96
0.35
5.04
5.39
1.22
-4.95
-9.47
-9.69
-5.53
0.48
4.75
4.70
0.27
-5.99
-10.46
-10.51
-6.04
0.44
5.29
5.76
1.61
-4.72
-9.52
-9.92
-5.62
0.90
5.82
6.19
1.71
-5.08
-10.20
-10.63
-6.03
1.00
6.45
7.25
3.00
-3.74
-8.96
-9.57
-5.14
1.76
7.17
7.94
3.60
-3.40
-9.11
-10.36
-6.58
-0.17
4.98
5.72
1.51
-5.26
-10.69
-11.62
-7.50
-0.74
4.72
5.75
1.84
-4.58
-9.60
-10.14
-5.75
1.05
6.33
7.03
2.76
-3.95
-9.16
-9.75
-5.29
1.69
7.19
8.09
3.86
-3.05
-8.68
-9.82
-5.89
0.73
6.09
6.99
2.91
-3.78
-9.10
-9.88
-5.60
1.29
6.75
7.58
3.27
-3.75
-9.41
-10.46
-6.27
0.81
6.78
8.38
4.89
-1.50
-6.95
-8.23
-4.52
2.03
7.65
9.12
5.68
-0.62
-6.10
-7.64
-4.56
1.00
5.38
5.59
1.13
-5.71
-11.12
-12.03
-7.92
-1.14
4.43
5.61
1.77
-4.85
-10.43
-11.79
-8.22
-1.88
3.48
4.73
1.20
-4.98
-10.08
-11.01
-7.06
-0.40
5.24
6.74
3.38
-2.77
-8.05
-9.34
-5.86
0.36
5.70
7.09
3.77
-2.30
-7.55
-8.95
-5.74
0.11
5.13
6.37
3.15
-2.65
-7.64
-8.94
-5.84
-0.20
4.67
5.92
2.83
-2.78
-7.61
-8.75
-5.40
0.65
6.06
7.87
5.20
-0.25
-5.15
-6.56
-3.55
2.18
7.40
9.20
6.78
1.83
-2.38
-2.98
0.83
7.30
13.18
15.54
13.53
8.85
4.79
4.30
8.34
15.28
21.95
25.43
24.81
21.63
19.03
19.85
24.98
32.94
40.76
45.82
47.39
47.02
47.69
51.97
60.55
71.78
82.65
90.53
94.67
96.68
99.67
106.51
118.22
133.40
149.03
162.18
171.69
178.79
186.36
197.23
212.50
230.91
249.56
265.62
277.93
287.59
297.26
309.35
324.62
341.49
356.84
367.66
372.56
372.37
369.38
365.77
362.17
357.03
347.38
330.59
305.80
274.62
240.30
206.21
174.13
143.72
113.09
80.48
45.68
10.60
-21.60
-48.08
-67.90
-82.65
-95.61
-110.12
-128.00
-149.02
-171.36
-193.24
-214.16
-235.36
-259.05
-286.99
-319.10
-353.13
-385.38
-412.25
-431.72
-443.94
-450.79
-454.41
-455.84
-454.34
-447.98
-434.97
-415.04
-390.05
-363.39
-338.42
-317.00
-298.68
-281.36
-262.67
-241.47
-218.56
-196.29
-177.12
-162.23
-150.87
-140.89
-129.90
-116.69
-101.88
-87.57
-76.08
-68.57
-64.42
-61.45
-57.20
-50.19
-40.85
-31.24
-23.84
-20.17
-19.83
-20.78
-20.44
-17.22
-11.40
-5.01
-0.54
0.52
-1.44
-4.43
-5.99
-4.69
-0.94
3.28
5.62
4.79
1.24
-2.99
-5.54
-4.96
-1.59
2.70
5.55
5.42
2.48
-1.58
-4.44
-4.53
-1.90
1.78
4.25
3.98
1.10
-2.59
-4.71
-3.72
0.10
4.70
7.48
6.76
2.81
-2.26
-5.69
-5.60
-2.07
2.88
6.52
6.93
3.99
-0.54
-4.12
-4.87
-2.64
0.87
3.24
2.67
-0.89
-5.66
-9.05
-9.16
-5.94
-1.31
1.99
1.92
-1.61
-6.59
-10.15
-10.15
-6.50
-1.23
2.67
3.04
-0.30
-5.36
-9.22
-9.70
-6.60
-1.82
1.77
2.02
-1.36
-6.58
-10.83
-11.93
-9.46
-5.08
-1.52
-0.98
-3.87
-8.53
-12.18
-12.58
-9.33
-4.16
0.11
1.20
-1.24
-5.49
-8.71
-8.73
-5.28
-0.18
3.73
4.31
1.34
-3.29
-6.76
-6.90
-3.46
1.68
5.65
6.23
3.10
-1.91
-5.86
-6.46
-3.29
1.84
6.03
6.94
4.16
-0.53
-4.25
-4.70
-1.53
3.46
7.40
8.09
5.21
0.57
-3.01
-3.35
-0.20
4.63
8.37
8.86
5.83
1.07
-2.60
-2.97
0.33
5.56
9.92
11.10
8.66
4.30
0.86
0.66
4.12
9.49
13.86
14.87
12.17
7.63
4.28
4.51
8.73
15.05
20.50
22.70
21.30
18.12
16.08
17.50
22.75
30.03
36.45
39.67
39.26
36.90
35.50
37.44
43.30
51.46
59.10
63.82
65.10
64.58
65.14
69.15
77.06
87.05
96.14
101.93
104.09
104.52
106.30
111.74
121.01
131.91
141.16
146.25
146.84
144.88
143.36
144.37
147.76
151.01
150.41
142.98
127.84
106.56
82.25
57.98
35.60
15.32
-3.56
-21.46
-37.65
-50.24
-57.05
-57.00
-51.05
-42.32
-34.99
-32.75
-37.49
-48.90
-65.10
-83.87
-103.72
-124.20
-145.32
-166.55
-186.14
-201.25
-209.00
-207.83
-198.49
-184.02
-168.49
-155.26
-145.66
-138.61
-131.66
-122.61
-110.96
-98.22
-87.04
-79.49
-75.87
-74.35
-72.02
-66.55
-57.53
-46.81
-37.37
-31.68
-30.25
-31.34
-31.94
-29.49
-23.41
-15.46
-8.68
-5.65
-6.92
-10.61
-13.49
-12.86
-8.10
-1.11
4.79
6.75
4.05
-1.48
-6.50
-8.05
-5.23
0.32
5.47
7.37
5.14
0.32
-4.03
-5.22
-2.43
2.71
7.19
8.41
5.69
0.72
-3.50
-4.40
-1.43
3.64
7.82
8.62
5.57
0.38
-3.96
-5.06
-2.43
2.21
6.01
6.65
3.74
-1.01
-4.75
-5.21
-2.02
3.02
7.00
7.58
4.38
-0.78
-4.86
-5.43
-2.04
3.46
8.02
9.15
6.37
1.40
-2.80
-3.84
-1.20
3.42
7.26
8.06
5.39
0.85
-2.88
-3.65
-1.08
3.27
6.76
7.28
4.41
-0.31
-4.20
-5.03
-2.24
2.65
6.89
8.09
5.61
0.92
-3.19
-4.23
-1.52
3.43
7.76
8.94
6.24
1.15
-3.45
-5.00
-2.72
1.97
6.32
7.88
5.93
1.80
-1.90
-2.87
-0.48
3.84
7.48
8.14
5.20
0.11
-4.38
-5.84
-3.57
1.04
5.26
6.63
4.37
-0.11
-4.12
-5.20
-2.62
2.19
6.44
7.64
5.06
0.08
-4.49
-6.17
-4.11
0.39
4.71
6.41
4.64
0.59
-3.24
-4.49
-2.29
2.24
6.66
8.56
7.01
3.03
-0.91
-2.38
-0.40
3.94
8.11
9.59
7.40
2.70
-1.85
-3.67
-1.77
2.61
6.80
8.21
5.95
1.24
-3.16
-4.74
-2.57
2.10
6.54
8.20
6.04
1.19
-3.72
-6.07
-4.72
-0.63
3.71
5.75
4.38
0.54
-3.35
-4.85
-2.97
1.22
5.21
6.63
4.60
0.35
-3.55
-4.71
-2.39
2.07
6.07
7.25
4.91
0.34
-3.87
-5.43
-3.58
0.51
4.50
6.20
4.84
1.40
-2.00
-3.32
-1.78
1.75
5.23
6.70
5.37
2.09
-1.14
-2.29
-0.55
3.17
6.77
8.15
6.46
2.57
-1.34
-3.11
-1.82
1.64
5.16
6.61
5.09
1.47
-2.16
-3.70
-2.24
1.34
4.94
6.40
4.77
0.84
-3.23
-5.19
-3.98
-0.36
3.50
5.30
4.00
0.38
-3.33
-4.81
-3.03
1.17
5.53
7.78
6.90
3.69
0.26
-1.26
0.01
3.22
6.32
7.25
5.20
1.02
-3.14
-5.06
-3.69
0.20
4.40
6.54
5.40
1.61
-2.63
-4.86
-3.78
-0.03
4.17
6.39
5.40
1.87
-1.97
-3.74
-2.29
1.62
5.72
7.68
6.41
2.68
-1.30
-3.19
-1.91
1.76
5.61
7.28
5.67
1.53
-2.95
-5.36
-4.48
-0.93
3.17
5.47
4.68
1.32
-2.66
-4.99
-4.38
-1.30
2.34
4.36
3.52
0.28
-3.40
-5.21
-3.86
0.18
4.83
7.62
7.09
3.61
-0.78
-3.50
-2.90
0.78
5.52
8.73
8.64
5.37
0.83
-2.41
-2.55
0.35
4.45
7.16
6.72
3.19
-1.57
-4.87
-4.85
-1.55
3.08
6.36
6.37
3.14
-1.38
-4.51
-4.38
-1.09
3.34
6.25
5.87
2.36
-2.25
-5.26
-4.91
-1.38
3.29
6.44
6.31
3.07
-1.31
-4.18
-3.83
-0.44
3.99
6.83
6.37
2.90
-1.54
-4.28
-3.66
-0.00
4.54
7.28
6.56
2.74
-1.97
-4.83
-4.16
-0.29
4.55
7.55
6.92
2.97
-2.10
-5.43
-5.16
-1.52
3.30
6.46
6.08
2.34
-2.64
-6.03
-6.02
-2.81
1.45
3.99
3.03
-1.17
-6.49
-10.20
-10.59
-7.99
-4.62
-3.26
-5.60
-11.27
-17.94
-22.69
-23.71
-21.37
-18.03
-16.71
-19.37
-25.82
-33.88
-40.64
-44.17
-44.64
-44.14
-45.44
-50.36
-58.76
-68.70
-77.65
-84.02
-88.16
-92.09
-98.27
-108.14
-121.24
-135.52
-148.54
-158.97
-167.37
-175.93
-187.14
-202.36
-221.02
-240.91
-259.38
-274.85
-287.61
-299.67
-313.41
-330.28
-349.83
-369.89
-387.69
-401.22
-410.26
-416.20
-420.94
-425.45
-428.82
-428.45
-421.17
-404.92
-379.79
-348.06
-313.02
-277.40
-242.31
-207.18
-170.92
-133.39
-96.41
-63.47
-38.11
-22.17
-14.48
-11.23
-7.56
0.43
14.34
33.45
56.20
81.77
111.12
146.62
190.44
242.97
301.86
362.46
419.43
468.60
508.24
538.93
562.42
580.09
591.77
595.83
590.37
574.70
550.37
520.95
490.62
462.36
436.79
412.25
386.29
357.45
326.42
295.81
268.77
247.13
230.34
215.80
200.34
182.06
161.39
140.81
123.33
110.72
102.51
96.17
88.74
78.42
65.63
52.74
42.66
37.13
35.69
35.88
34.68
30.16
22.57
14.21
8.00
5.83
7.42
10.47
12.05
10.26
5.33
-0.57
-4.61
-5.01
-2.09
1.98
4.44
3.58
-0.26
-4.95
-7.84
-7.27
-3.57
1.16
4.24
3.96
0.52
-4.11
-7.28
-7.25
-4.12
0.20
3.18
3.12
0.10
-4.03
-6.82
-6.61
-3.50
0.73
3.67
3.72
0.92
-3.01
-5.74
-5.68
-2.87
1.01
3.69
3.57
0.70
-3.28
-6.06
-6.04
-3.22
0.78
3.65
3.74
1.01
-2.97
-5.91
-6.08
-3.38
0.70
3.83
4.24
1.72
-2.30
-5.48
-6.03
-3.64
0.23
3.31
3.78
1.41
-2.33
-5.14
-5.26
-2.52
1.53
4.52
4.69
1.83
-2.50
-5.93
-6.65
-4.37
-0.53
2.58
3.15
0.91
-2.75
-5.57
-5.77
-3.15
0.81
3.76
3.89
1.07
-3.13
-6.31
-6.65
-3.97
0.17
3.41
3.96
1.63
-2.15
-5.11
-5.57
-3.26
0.42
3.34
3.83
1.60
-2.12
-5.23
-6.04
-4.16
-0.77
2.07
2.64
0.53
-3.09
-6.13
-6.86
-4.86
-1.36
1.58
2.24
0.27
-3.11
-5.83
-6.18
-3.82
0.06
3.43
4.57
3.10
0.07
-2.58
-3.20
-1.33
2.00
4.87
5.58
3.63
0.00
-3.34
-4.52
-2.88
0.64
4.02
5.30
3.70
0.04
-3.66
-5.42
-4.39
-1.34
1.82
3.15
1.83
-1.44
-4.80
-6.40
-5.41
-2.55
0.36
1.48
0.03
-3.28
-6.54
-7.80
-6.16
-2.32
1.73
3.85
3.00
-0.23
-3.83
-5.60
-4.40
-0.88
2.94
4.82
3.65
0.08
-3.81
-5.73
-4.56
-0.98
2.90
4.77
3.46
-0.40
-4.70
-7.08
-6.23
-2.64
1.65
4.22
3.66
0.34
-3.78
-6.23
-5.52
-2.01
2.29
4.84
4.14
0.56
-3.76
-6.18
-5.16
-1.18
3.50
6.21
5.36
1.47
-3.15
-5.82
-4.95
-1.06
3.57
6.25
5.35
1.29
-3.68
-6.85
-6.52
-2.99
1.61
4.54
4.11
0.55
-3.97
-6.74
-6.03
-2.19
2.54
5.34
4.44
0.24
-4.95
-8.24
-7.78
-3.97
0.89
3.88
3.18
-0.80
-5.69
-8.55
-7.56
-3.17
2.16
5.38
4.65
0.46
-4.67
-7.64
-6.63
-2.20
3.08
6.09
5.10
0.78
-4.27
-6.97
-5.65
-1.05
4.21
7.08
5.89
1.32
-4.06
-7.26
-6.58
-2.61
2.18
4.86
3.84
-0.21
-4.77
-6.91
-5.08
-0.10
5.29
7.98
6.36
1.27
-4.45
-7.58
-6.43
-1.79
3.58
6.52
5.39
0.96
-4.12
-6.84
-5.63
-1.28
3.50
5.74
3.93
-1.12
-6.65
-9.62
-8.45
-3.91
1.25
3.99
2.73
-1.71
-6.55
-8.75
-6.74
-1.42
4.37
7.51
6.42
1.92
-3.26
-6.11
-5.12
-1.07
3.46
5.70
4.32
0.18
-4.21
-6.17
-4.46
0.03
4.73
6.92
5.26
0.56
-4.65
-7.55
-6.64
-2.57
2.22
4.91
3.95
-0.06
-4.74
-7.34
-6.29
-2.24
2.45
5.03
4.06
0.17
-4.27
-6.57
-5.31
-1.16
3.51
6.06
5.03
1.04
-3.61
-6.27
-5.39
-1.50
3.17
5.91
5.13
1.25
-3.49
-6.33
-5.63
-1.81
2.77
5.31
4.18
-0.07
-5.01
-7.80
-6.83
-2.76
1.93
4.44
3.29
-0.83
-5.43
-7.74
-6.31
-1.80
3.32
6.29
5.61
1.84
-2.71
-5.30
-4.42
-0.66
3.68
5.94
4.71
0.70
-3.70
-5.85
-4.44
-0.32
4.02
5.96
4.30
-0.07
-4.66
-6.90
-5.53
-1.36
3.20
5.62
4.62
0.85
-3.49
-5.87
-4.98
-1.40
2.68
4.83
3.68
-0.13
-4.40
-6.61
-5.44
-1.57
2.72
4.92
3.77
-0.02
-4.19
-6.32
-5.22
-1.62
2.25
4.08
2.75
-0.99
-4.98
-6.88
-5.58
-1.79
2.32
4.41
3.26
-0.54
-4.88
-7.39
-6.71
-3.30
0.86
3.41
2.99
-0.03
-3.73
-5.82
-4.95
-1.52
2.59
5.15
4.87
2.18
-1.13
-2.98
-2.26
0.47
3.39
4.54
2.99
-0.58
-4.27
-6.08
-5.06
-1.82
1.81
3.82
3.17
0.32
-3.04
-4.96
-4.33
-1.49
1.92
3.94
3.43
0.68
-2.67
-4.63
-4.01
-1.10
2.42
4.52
3.98
1.10
-2.46
-4.65
-4.24
-1.50
1.95
4.13
3.81
1.20
-2.21
-4.53
-4.51
-2.23
0.95
3.25
3.42
1.50
-1.27
-3.18
-2.98
-0.68
2.40
4.40
4.00
1.18
-2.64
-5.45
-5.73
-3.38
0.13
2.76
2.96
0.67
-2.70
-5.07
-4.98
-2.35
1.35
4.09
4.38
2.14
-1.30
-3.97
-4.35
-2.26
1.07
3.68
4.04
1.90
-1.55
-4.29
-4.65
-2.33
1.42
4.46
5.02
2.73
-1.16
-4.55
-5.64
-4.02
-0.90
1.70
2.11
0.09
-3.15
-5.56
-5.46
-2.55
1.87
5.61
6.78
4.80
0.75
-3.22
-5.06
-4.00
-0.91
2.21
3.44
2.04
-1.12
-4.02
-4.81
-2.89
0.68
3.83
4.72
2.78
-0.92
-4.33
-5.56
-4.01
-0.66
2.51
3.69
2.26
-0.91
-3.85
-4.75
-2.92
0.74
4.18
5.44
3.76
0.05
-3.57
-4.99
-3.40
0.21
3.62
4.65
2.48
-1.86
-6.01
-7.63
-5.82
-1.61
2.63
4.53
3.11
-0.68
-4.45
-5.84
-3.90
0.35
4.44
5.93
3.83
-0.80
-5.34
-7.20
-5.27
-0.60
4.19
6.47
5.04
0.86
-3.54
-5.58
-4.12
-0.07
4.08
5.84
4.16
-0.00
-4.16
-5.87
-4.08
0.11
4.24
5.84
3.88
-0.56
-4.93
-6.72
-4.89
-0.52
3.78
5.43
3.33
-1.42
-6.13
-8.09
-6.09
-1.17
3.93
6.38
4.91
0.47
-4.22
-6.35
-4.64
-0.14
4.41
6.19
3.98
-1.04
-6.01
-8.06
-5.96
-0.95
4.05
6.10
4.01
-0.96
-5.80
-7.57
-5.05
0.47
5.93
8.28
6.22
0.93
-4.60
-7.32
-5.89
-1.39
3.34
5.36
3.42
-1.34
-6.06
-7.84
-5.48
-0.22
4.94
7.02
4.78
-0.52
-5.84
-8.12
-6.06
-0.84
4.57
7.17
5.66
1.13
-3.61
-5.71
-3.95
0.59
5.13
6.88
4.67
-0.33
-5.28
-7.32
-5.19
-0.06
5.15
7.46
5.56
0.59
-4.56
-6.92
-5.24
-0.70
3.78
5.36
2.96
-2.11
-6.89
-8.56
-6.08
-0.83
4.26
6.40
4.54
-0.07
-4.67
-6.56
-4.76
-0.46
3.65
5.02
2.76
-1.87
-6.13
-7.44
-4.86
0.32
5.25
7.21
5.11
0.18
-4.78
-6.97
-5.24
-0.70
3.90
5.84
4.04
-0.41
-4.86
-6.67
-4.78
-0.35
3.99
5.66
3.68
-0.79
-5.11
-6.67
-4.51
0.20
4.74
6.53
4.56
0.03
-4.36
-5.98
-3.79
1.01
5.69
7.60
5.66
0.96
-3.83
-6.03
-4.52
-0.34
3.89
5.60
3.68
-0.78
-5.13
-6.73
-4.50
0.39
5.21
7.21
5.29
0.60
-4.12
-6.14
-4.34
0.09
4.44
6.04
3.85
-0.94
-5.56
-7.30
-5.11
-0.23
4.46
6.19
3.87
-1.21
-6.11
-7.98
-5.73
-0.76
3.94
5.56
3.08
-2.04
-6.78
-8.41
-6.01
-1.06
3.54
5.21
3.17
-1.16
-5.06
-6.10
-3.58
1.15
5.42
6.85
4.67
0.17
-4.06
-5.56
-3.45
1.05
5.32
6.81
4.57
-0.19
-4.73
-6.41
-4.23
0.52
5.04
6.71
4.59
-0.05
-4.48
-6.19
-4.39
-0.38
3.30
4.35
2.13
-2.05
-5.72
-6.76
-4.53
-0.27
3.69
5.27
3.73
0.13
-3.35
-4.64
-3.01
0.54
3.81
4.75
2.65
-1.39
-5.02
-6.05
-3.74
0.71
4.85
6.38
4.47
0.31
-3.68
-5.21
-3.46
0.48
4.24
5.62
3.79
-0.21
-4.08
-5.59
-3.87
0.12
4.10
5.76
4.15
0.17
-3.90
-5.70
-4.21
-0.30
3.71
5.46
3.84
-0.26
-4.58
-6.71
-5.54
-1.84
2.21
4.29
3.27
-0.17
-3.97
-5.92
-4.88
-1.45
2.43
4.59
3.87
0.74
-2.93
-4.97
-4.11
-0.73
3.32
5.78
5.25
2.02
-2.06
-4.63
-4.16
-0.87
3.32
6.01
5.60
2.36
-1.77
-4.35
-3.88
-0.73
3.09
5.15
4.01
0.12
-4.47
-7.25
-6.69
-3.16
1.31
4.20
3.87
0.58
-3.71
-6.45
-5.96
-2.44
2.06
4.96
4.57
1.16
-3.22
-5.90
-5.17
-1.40
3.26
6.07
5.38
1.58
-3.16
-6.11
-5.55
-1.76
3.12
6.43
6.40
3.16
-1.39
-4.66
-4.87
-2.00
2.17
5.14
5.14
2.15
-2.09
-5.09
-5.04
-1.92
2.41
5.40
5.16
1.72
-3.02
-6.31
-6.17
-2.55
2.61
6.49
7.00
3.98
-0.73
-4.36
-4.81
-1.89
2.59
5.91
5.98
2.61
-2.45
-6.42
-7.13
-4.27
0.46
4.31
5.08
2.35
-2.26
-6.05
-6.79
-4.03
0.60
4.34
4.93
1.93
-3.00
-6.99
-7.70
-4.62
0.52
4.82
5.92
3.28
-1.42
-5.28
-5.91
-2.82
2.27
6.47
7.34
4.35
-0.88
-5.36
-6.62
-3.99
0.90
5.18
6.31
3.61
-1.38
-5.70
-6.75
-3.79
1.62
6.46
8.06
5.56
0.47
-4.22
-5.83
-3.48
1.28
5.44
6.31
3.12
-2.51
-7.40
-8.73
-5.64
0.22
5.55
7.42
4.88
-0.49
-5.44
-7.02
-4.27
1.20
6.21
7.85
5.21
-0.15
-5.10
-6.81
-4.36
0.71
5.35
6.79
4.13
-1.13
-5.90
-7.39
-4.72
0.55
5.24
6.43
3.20
-2.78
-8.15
-9.80
-6.69
-0.49
5.33
7.49
4.83
-1.03
-6.64
-8.69
-5.93
0.14
6.09
8.60
6.33
0.67
-5.06
-7.55
-5.43
-0.02
5.43
7.68
5.42
0.03
-5.27
-7.31
-4.88
0.54
5.68
7.42
4.66
-0.99
-6.20
-7.81
-4.77
1.29
6.95
8.98
6.23
0.23
-5.64
-8.09
-5.78
-0.06
5.78
8.45
6.51
1.13
-4.54
-7.26
-5.62
-0.75
4.30
6.42
4.33
-0.72
-5.70
-7.57
-5.17
0.08
5.02
6.64
3.83
-1.91
-7.32
-9.35
-6.81
-1.20
4.17
6.17
3.62
-1.92
-7.08
-8.59
-5.27
1.27
7.49
10.03
7.65
1.94
-3.59
-5.66
-3.10
2.47
7.57
9.03
5.83
-0.39
-6.20
-8.44
-6.02
-0.51
4.79
6.79
4.37
-1.06
-6.30
-8.27
-5.77
-0.19
5.25
7.42
5.04
-0.55
-6.15
-8.57
-6.50
-1.32
3.77
5.67
3.19
-2.15
-7.07
-8.53
-5.49
0.36
5.64
7.32
4.50
-1.08
-6.05
-7.41
-4.30
1.49
6.63
8.24
5.46
0.00
-4.90
-6.34
-3.43
2.23
7.46
9.35
6.92
1.63
-3.48
-5.50
-3.41
1.38
5.81
7.10
4.31
-0.96
-5.54
-6.56
-3.21
2.74
7.83
9.04
5.47
-1.10
-7.21
-9.69
-7.48
-2.17
2.99
4.97
2.69
-2.40
-7.26
-8.96
-6.45
-1.09
4.13
6.38
4.54
-0.11
-4.66
-6.27
-3.91
1.10
5.86
7.57
5.21
0.15
-4.72
-6.63
-4.65
-0.10
4.22
5.70
3.48
-1.11
-5.33
-6.67
-4.28
0.60
5.25
7.10
5.13
0.41
-4.45
-6.76
-5.27
-0.87
3.93
6.39
5.20
1.15
-3.30
-5.42
-3.94
0.30
4.71
6.61
4.69
-0.09
-5.12
-7.58
-6.12
-1.53
3.65
6.64
6.00
2.33
-2.02
-4.42
-3.43
0.41
4.83
7.22
6.12
2.06
-2.74
-5.59
-4.94
-1.21
3.32
5.91
4.95
0.87
-4.09
-7.17
-6.71
-3.12
1.38
4.10
3.44
-0.15
-4.43
-6.76
-5.60
-1.47
3.32
6.01
4.98
0.78
-4.22
-7.14
-6.23
-1.92
3.37
6.68
6.18
2.25
-2.70
-5.68
-4.87
-0.75
4.23
7.08
6.05
1.69
-3.49
-6.50
-5.64
-1.45
3.58
6.54
5.74
1.74
-3.06
-5.77
-4.72
-0.46
4.55
7.37
6.19
1.51
-4.21
-7.83
-7.30
-2.82
3.19
7.55
8.01
4.55
-0.67
-4.59
-5.01
-1.90
2.62
5.60
5.02
0.98
-4.30
-7.82
-7.55
-3.62
1.73
5.47
5.50
1.85
-3.35
-7.09
-7.21
-3.60
1.73
5.84
6.48
3.40
-1.60
-5.60
-6.36
-3.52
1.14
4.78
5.18
2.07
-2.71
-6.25
-6.27
-2.54
2.98
7.22
7.81
4.41
-1.06
-5.47
-6.32
-3.12
2.31
6.82
7.83
4.71
-0.84
-5.72
-7.26
-4.73
0.25
4.66
5.85
3.10
-1.95
-6.23
-7.05
-3.73
1.92
6.71
7.88
4.69
-1.03
-5.98
-7.27
-4.12
1.68
6.82
8.34
5.37
-0.46
-5.85
-7.79
-5.21
0.40
5.87
8.15
6.00
0.74
-4.56
-6.80
-4.67
0.54
5.69
7.61
4.95
-0.93
-6.74
-9.14
-6.72
-0.85
5.03
7.53
5.18
-0.64
-6.52
-9.03
-6.73
-0.98
4.84
7.34
5.10
-0.53
-6.22
-8.62
-6.30
-0.63
5.09
7.58
5.53
0.31
-4.81
-6.62
-3.94
1.74
7.10
8.96
6.16
0.22
-5.49
-7.75
-5.31
0.38
6.01
8.34
6.05
0.46
-5.23
-7.79
-5.79
-0.50
4.92
7.24
5.05
-0.42
-5.94
-8.23
-5.86
-0.08
5.78
8.38
6.27
0.76
-4.84
-7.17
-4.81
0.81
6.32
8.34
5.57
-0.51
-6.40
-8.67
-5.89
0.43
6.72
9.39
6.92
0.67
-5.84
-8.97
-7.04
-1.31
4.80
7.72
5.83
0.34
-5.39
-7.89
-5.63
0.12
5.94
8.36
5.89
-0.10
-6.16
-8.74
-6.28
-0.15
6.12
8.87
6.46
0.28
-5.98
-8.50
-5.47
1.72
9.30
13.21
11.52
5.46
-1.24
-4.58
-2.58
3.56
10.23
13.60
11.91
6.49
0.98
-0.83
2.76
10.31
18.03
21.98
20.28
14.22
7.46
4.01
5.86
11.93
18.64
22.03
20.10
13.89
6.97
3.27
4.86
10.65
17.04
20.04
17.61
10.79
3.13
-1.37
-0.68
4.21
9.75
12.16
9.52
2.99
-3.94
-7.45
-5.67
0.25
6.81
10.20
8.47
2.57
-4.22
-8.18
-7.26
-2.22
3.83
7.31
6.16
1.02
-5.15
-8.82
-7.90
-3.02
2.88
6.27
5.08
-0.13
-6.43
-10.31
-9.67
-5.05
0.70
4.08
2.98
-2.10
-8.34
-12.18
-11.42
-6.45
-0.11
3.93
3.29
-1.79
-8.53
-13.20
-13.27
-8.96
-3.12
0.49
-0.64
-6.25
-13.46
-18.47
-18.84
-14.89
-9.57
-6.65
-8.58
-15.05
-23.25
-29.45
-31.25
-28.82
-24.81
-22.77
-25.14
-31.88
-40.57
-47.77
-51.07
-50.36
-47.98
-47.32
-50.94
-59.04
-69.40
-78.55
-83.82
-84.81
-83.62
-83.65
-87.63
-96.12
-107.20
-117.63
-124.74
-127.85
-128.51
-129.42
-132.68
-138.46
-145.01
-149.58
-150.23
-146.84
-141.15
-135.71
-132.13
-129.89
-126.23
-117.30
-100.19
-74.70
-44.02
-13.51
11.76
29.42
40.87
50.09
60.86
74.14
87.29
95.74
96.24
89.41
80.15
75.42
80.58
96.70
120.19
144.82
164.96
177.91
184.40
187.16
188.69
189.71
188.84
183.76
172.96
157.06
138.88
122.32
110.53
104.35
101.84
99.37
93.68
83.56
70.60
58.26
49.89
46.79
47.47
48.50
46.51
40.08
30.55
21.18
15.28
14.32
17.05
20.34
20.91
17.24
10.36
3.26
-0.89
-0.49
3.52
8.20
10.33
8.23
2.75
-3.24
-6.48
-5.26
-0.48
4.90
7.53
5.68
0.21
-5.85
-9.09
-7.73
-2.65
3.10
6.12
4.60
-0.59
-6.45
-9.53
-7.96
-2.53
3.76
7.43
6.47
1.51
-4.56
-8.26
-7.48
-2.79
2.92
6.16
4.81
-0.54
-6.94
-10.73
-9.70
-4.44
1.98
5.80
4.75
-0.61
-7.17
-11.02
-9.78
-3.98
3.19
7.72
7.08
1.68
-5.34
-9.90
-9.39
-4.15
2.69
7.08
6.37
0.94
-6.06
-10.42
-9.46
-3.56
4.00
8.92
8.38
2.65
-5.01
-10.22
-10.06
-4.73
2.53
7.35
6.76
0.94
-6.91
-12.31
-12.21
-6.64
1.21
6.88
7.16
1.96
-5.65
-11.23
-11.52
-6.36
1.24
6.90
7.40
2.53
-4.80
-10.30
-10.78
-6.08
0.91
5.99
6.15
1.30
-5.63
-10.48
-10.29
-5.06
2.24
7.38
7.35
2.07
-5.55
-11.27
-11.93
-7.31
-0.23
5.08
5.44
0.57
-6.79
-12.37
-12.88
-7.93
-0.25
5.88
7.11
2.89
-4.19
-9.92
-10.94
-6.64
0.45
6.18
7.21
2.90
-4.24
-10.05
-11.08
-6.63
0.82
7.06
8.59
4.59
-2.59
-8.79
-10.51
-6.91
-0.33
5.15
6.12
1.83
-5.38
-11.38
-12.69
-8.47
-1.06
5.44
7.44
3.90
-3.07
-9.45
-11.57
-8.25
-1.45
4.81
6.85
3.42
-3.51
-9.84
-11.73
-7.88
-0.34
6.63
9.03
5.50
-1.90
-8.87
-11.39
-8.04
-0.90
5.80
8.11
4.67
-2.54
-9.34
-11.85
-8.69
-1.76
4.87
7.35
4.28
-2.49
-8.95
-11.27
-8.03
-1.10
5.46
7.77
4.40
-2.77
-9.65
-12.26
-9.11
-2.01
4.98
7.95
5.36
-1.14
-7.70
-10.53
-8.06
-1.88
4.30
6.82
4.19
-2.06
-8.22
-10.60
-7.71
-1.17
5.18
7.56
4.42
-2.57
-9.47
-12.32
-9.46
-2.50
4.60
7.82
5.45
-1.04
-7.80
-10.92
-8.65
-2.45
3.93
6.68
4.16
-2.22
-8.74
-11.61
-9.12
-2.65
4.16
7.49
5.55
-0.43
-6.96
-10.25
-8.42
-2.60
3.70
6.73
4.56
-1.68
-8.47
-11.93
-10.04
-3.88
3.00
6.67
5.12
-0.63
-7.05
-10.29
-8.37
-2.37
4.20
7.56
5.81
0.04
-6.29
-9.44
-7.50
-1.53
5.05
8.48
6.77
0.85
-5.94
-9.75
-8.46
-2.81
3.89
7.76
6.52
0.84
-6.06
-10.23
-9.29
-3.82
2.98
7.15
6.28
0.86
-5.96
-10.26
-9.61
-4.47
2.11
6.26
5.58
0.52
-5.98
-10.08
-9.39
-4.26
2.40
6.85
6.65
2.10
-4.00
-7.97
-7.47
-2.81
3.17
6.83
5.82
0.47
-6.36
-10.93
-10.73
-5.99
0.50
5.05
5.16
0.96
-4.92
-8.89
-8.58
-4.11
1.85
5.82
5.41
0.83
-5.32
-9.50
-9.28
-4.78
1.43
5.83
5.98
1.91
-3.92
-8.05
-8.05
-3.93
1.85
5.91
5.86
1.75
-3.99
-7.98
-7.87
-3.71
2.02
5.95
5.72
1.40
-4.59
-8.87
-9.02
-4.96
0.99
5.49
6.06
2.49
-3.07
-7.32
-7.79
-4.21
1.31
5.57
6.11
2.69
-2.59
-6.45
-6.39
-2.08
4.37
9.71
11.37
8.91
4.23
0.48
0.20
3.98
10.09
15.53
17.77
16.17
12.35
9.32
9.72
14.28
21.42
28.11
31.71
31.46
29.05
27.61
29.90
36.69
46.24
55.37
61.29
63.29
63.14
64.10
69.04
78.83
91.85
104.97
115.36
122.10
126.62
131.93
140.86
154.45
171.34
188.56
203.21
214.07
222.34
230.92
242.75
259.07
278.68
298.56
315.55
328.02
336.73
344.15
352.84
363.69
375.12
383.80
386.33
380.89
368.11
350.44
330.60
309.93
287.74
261.86
230.23
192.46
150.63
108.58
70.33
38.32
12.42
-9.60
-30.52
-51.99
-73.63
-93.46
-109.35
-120.74
-129.44
-139.11
-153.50
-174.70
-202.10
-232.83
-263.30
-291.09
-315.99
-339.61
-363.88
-389.42
-414.63
-436.17
-450.51
-455.74
-452.46
-443.40
-431.85
-419.92
-407.63
-393.19
-374.48
-350.63
-323.06
-294.99
-269.92
-249.88
-234.43
-220.99
-206.33
-188.49
-167.95
-147.31
-129.84
-117.52
-109.95
-104.53
-98.00
-88.27
-75.61
-62.43
-51.78
-45.51
-43.21
-42.45
-40.20
-34.66
-26.29
-17.52
-11.34
-9.44
-11.33
-14.47
-15.74
-13.19
-7.18
-0.15
4.76
5.49
2.22
-2.68
-6.04
-5.70
-1.69
3.75
7.54
7.55
3.81
-1.45
-5.17
-5.20
-1.57
3.47
6.85
6.42
2.27
-3.28
-6.96
-6.52
-2.02
4.08
8.30
8.13
3.49
-3.13
-8.08
-8.66
-4.62
1.58
6.29
6.73
2.63
-3.53
-8.04
-8.07
-3.36
3.50
8.69
9.28
5.02
-1.58
-6.64
-7.24
-3.10
3.17
7.74
7.70
2.84
-4.19
-9.49
-10.11
-5.85
0.67
5.53
5.84
1.37
-5.28
-10.24
-10.69
-6.47
-0.29
3.93
3.35
-2.09
-9.60
-15.12
-15.70
-11.18
-4.31
0.92
1.57
-2.60
-9.05
-14.03
-14.71
-10.85
-4.84
-0.18
0.52
-2.92
-8.26
-12.16
-12.15
-8.05
-2.09
2.43
3.00
-0.57
-6.06
-10.09
-10.06
-5.67
0.81
5.86
6.72
3.05
-2.91
-7.55
-8.03
-3.94
2.38
7.35
8.12
4.35
-1.64
-6.25
-6.70
-2.68
3.44
8.13
8.74
5.03
-0.67
-4.92
-5.20
-1.38
4.21
8.20
8.17
4.05
-1.83
-6.10
-6.30
-2.27
3.73
8.36
9.17
5.93
0.80
-2.93
-2.75
1.53
7.74
12.53
13.41
10.16
5.01
1.34
1.69
6.26
12.80
18.00
19.40
16.83
12.45
9.51
10.37
15.21
21.92
27.35
29.19
27.29
23.74
21.74
23.69
29.82
38.01
44.98
48.16
47.25
44.37
42.93
45.64
52.95
62.72
71.54
76.70
77.80
76.91
77.37
81.76
90.41
101.28
111.23
117.86
120.87
122.09
124.26
129.33
137.24
145.99
152.81
155.70
154.46
150.55
145.93
141.58
136.63
128.63
114.83
93.82
66.65
36.68
8.32
-14.73
-30.76
-40.35
-45.50
-48.31
-49.89
-50.21
-48.74
-45.57
-42.10
-41.02
-45.35
-57.11
-76.39
-101.09
-127.67
-152.36
-172.36
-186.46
-194.97
-198.93
-199.25
-196.19
-189.39
-178.64
-164.50
-148.66
-133.61
-121.53
-113.36
-108.23
-103.95
-98.13
-89.53
-78.67
-67.57
-58.60
-53.09
-50.65
-49.38
-47.00
-42.08
-34.93
-27.36
-21.60
-19.02
-19.31
-20.67
-20.80
-18.24
-13.23
-7.62
-3.71
-2.98
-5.16
-8.34
-10.10
-8.86
-4.82
0.16
3.67
4.15
1.81
-1.51
-3.41
-2.39
1.29
5.69
8.37
7.76
4.11
-0.64
-3.90
-3.83
-0.44
4.48
8.29
8.97
6.19
1.51
-2.47
-3.62
-1.40
2.83
6.61
7.83
5.90
2.12
-1.19
-2.04
-0.01
3.55
6.30
6.39
3.55
-0.70
-3.90
-4.17
-1.30
3.06
6.37
6.58
3.42
-1.50
-5.51
-6.39
-3.69
1.07
5.19
6.38
4.01
-0.50
-4.45
-5.50
-2.92
1.91
6.36
8.04
6.16
2.03
-1.73
-2.77
-0.34
4.26
8.42
9.77
7.52
2.89
-1.51
-3.25
-1.43
2.80
6.91
8.44
6.32
1.60
-3.15
-5.30
-3.65
0.84
5.58
7.89
6.46
2.19
-2.34
-4.48
-3.01
1.04
5.10
6.62
4.61
0.26
-3.78
-5.03
-2.57
2.30
6.89
8.61
6.47
1.61
-3.29
-5.58
-4.04
0.33
4.97
7.15
5.55
1.08
-3.64
-5.73
-3.81
1.20
6.54
9.18
7.63
2.84
-2.32
-4.79
-3.04
1.88
7.04
9.29
7.19
1.88
-3.57
-5.92
-3.70
1.95
7.88
10.75
8.98
3.66
-2.13
-5.03
-3.41
1.67
7.10
9.56
7.40
1.69
-4.39
-7.37
-5.51
0.12
6.30
9.45
7.75
2.16
-4.13
-7.59
-6.38
-1.46
4.06
6.75
4.90
-0.50
-6.30
-9.11
-7.20
-1.62
4.51
7.86
6.76
2.22
-2.75
-4.89
-2.65
2.87
8.56
11.14
9.05
3.37
-2.75
-5.93
-4.44
0.76
6.59
9.63
8.11
2.87
-3.05
-6.22
-4.81
0.37
6.24
9.37
7.94
2.78
-3.04
-6.13
-4.73
0.26
5.81
8.60
6.97
1.88
-3.66
-6.37
-4.62
0.66
6.51
9.67
8.41
3.54
-2.08
-5.18
-3.92
1.01
6.81
10.18
9.22
4.52
-1.14
-4.48
-3.61
0.81
6.03
8.81
7.39
2.49
-3.05
-5.98
-4.55
0.44
6.07
9.05
7.56
2.38
-3.59
-7.04
-6.10
-1.51
3.93
6.98
5.86
1.31
-3.93
-6.71
-5.32
-0.50
5.03
8.14
7.11
2.56
-2.92
-6.24
-5.58
-1.45
3.70
6.93
6.52
2.93
-1.46
-3.80
-2.51
1.78
6.59
9.09
7.74
3.27
-1.84
-4.67
-3.70
0.41
5.12
7.60
6.28
1.83
-3.24
-5.98
-4.75
-0.14
5.30
8.60
7.99
3.96
-1.07
-4.15
-3.54
0.31
5.03
7.82
7.03
3.15
-1.56
-4.39
-3.82
-0.31
3.94
6.39
5.60
2.09
-2.04
-4.31
-3.37
0.26
4.44
6.71
5.68
1.86
-2.63
-5.30
-4.69
-1.19
3.18
5.99
5.78
2.87
-0.82
-2.98
-2.27
0.95
4.75
6.86
5.94
2.36
-1.99
-4.78
-4.57
-1.59
2.45
5.24
5.21
2.42
-1.51
-4.29
-4.31
-1.50
2.54
5.51
5.71
3.04
-0.87
-3.63
-3.48
-0.38
4.00
7.14
7.22
4.14
-0.35
-3.71
-4.04
-1.16
3.32
6.89
7.63
5.21
1.06
-2.49
-3.50
-1.53
2.16
5.35
6.15
4.05
0.25
-3.07
-3.97
-1.97
1.72
4.84
5.46
3.13
-0.84
-4.11
-4.75
-2.35
1.70
5.00
5.58
2.94
-1.66
-6.00
-8.12
-7.45
-5.01
-2.80
-2.66
-5.26
-9.73
-14.15
-16.65
-16.44
-14.31
-12.23
-12.28
-15.41
-20.95
-26.92
-31.16
-32.63
-32.07
-31.63
-33.58
-39.07
-47.39
-56.42
-63.82
-68.43
-70.90
-73.36
-78.13
-86.49
-97.93
-110.49
-121.94
-131.02
-138.22
-145.47
-155.03
-168.24
-184.69
-202.46
-219.22
-233.54
-245.76
-257.82
-272.06
-289.82
-310.56
-332.00
-351.33
-366.84
-378.71
-388.89
-399.77
-412.50
-426.11
-437.60
-443.30
-440.52
-428.73
-409.42
-385.04
-357.49
-327.30
-293.64
-255.47
-212.86
-167.84
-124.16
-86.01
-56.43
-36.21
-23.69
-15.83
-9.66
-3.38
3.34
10.26
17.81
27.90
43.78
68.90
105.25
152.23
206.64
263.95
319.92
372.04
419.76
463.68
504.08
539.86
568.47
586.91
593.29
587.95
573.55
553.94
532.49
510.77
488.26
463.32
434.71
402.81
369.90
339.09
312.77
291.33
272.95
254.74
234.39
211.58
188.16
167.08
150.62
139.01
130.22
121.11
109.25
94.31
78.29
64.37
55.04
50.71
49.39
47.88
43.52
35.63
25.84
17.09
11.87
10.86
12.50
13.96
12.80
8.35
2.10
-3.20
-5.16
-3.19
1.14
4.97
5.85
3.11
-1.73
-5.86
-6.84
-4.06
0.86
5.00
5.87
2.83
-2.49
-7.09
-8.36
-5.59
-0.40
4.16
5.43
2.66
-2.55
-7.15
-8.41
-5.59
-0.34
4.24
5.46
2.56
-2.82
-7.58
-9.01
-6.31
-1.06
3.77
5.53
3.50
-0.82
-4.57
-5.31
-2.47
2.32
6.12
6.50
2.98
-2.70
-7.47
-8.69
-5.71
-0.23
4.64
6.17
3.53
-1.74
-6.65
-8.52
-6.47
-1.95
2.19
3.38
0.86
-3.93
-8.15
-9.24
-6.44
-1.20
3.61
5.42
3.39
-1.14
-5.38
-6.80
-4.53
0.09
4.35
5.74
3.43
-1.25
-5.58
-7.00
-4.62
0.24
4.80
6.44
4.15
-0.88
-5.91
-8.23
-6.68
-2.28
2.26
4.24
2.43
-2.17
-6.87
-8.85
-6.83
-1.81
3.42
5.95
4.46
-0.07
-4.84
-6.98
-5.15
-0.43
4.41
6.55
4.78
0.20
-4.44
-6.38
-4.46
0.19
4.85
6.83
5.01
0.42
-4.32
-6.60
-5.27
-1.35
2.64
4.12
2.00
-2.70
-7.44
-9.61
-8.06
-3.74
0.84
3.14
2.00
-1.69
-5.58
-7.26
-5.68
-1.78
2.14
3.78
2.19
-1.66
-5.46
-6.87
-4.88
-0.40
4.23
6.53
5.25
1.12
-3.56
-6.18
-5.30
-1.50
2.97
5.48
4.55
0.77
-3.57
-5.83
-4.58
-0.49
4.06
6.45
5.30
1.32
-3.12
-5.45
-4.37
-0.62
3.44
5.25
3.56
-0.88
-5.71
-8.35
-7.44
-3.63
0.83
3.38
2.62
-0.86
-4.90
-7.01
-5.82
-1.94
2.47
4.89
4.01
0.36
-3.86
-6.18
-5.24
-1.61
2.59
4.91
4.03
0.48
-3.70
-6.15
-5.58
-2.43
1.39
3.68
3.16
0.21
-3.45
-5.69
-5.24
-2.39
1.21
3.48
3.13
0.36
-3.22
-5.51
-5.08
-2.04
2.03
4.93
5.11
2.54
-1.38
-4.54
-5.39
-3.75
-0.83
1.54
2.00
0.39
-2.19
-4.09
-4.09
-2.08
0.83
3.01
3.15
1.08
-2.15
-4.79
-5.38
-3.60
-0.45
2.25
2.91
1.11
-2.13
-4.91
-5.49
-3.37
0.37
3.74
4.87
3.17
-0.40
-3.88
-5.40
-4.21
-1.07
2.19
3.74
2.78
-0.06
-3.03
-4.29
-2.95
0.31
3.65
5.05
3.55
-0.18
-4.05
-5.76
-4.17
-0.02
4.37
6.49
5.05
0.74
-4.12
-6.92
-6.25
-2.72
1.54
4.05
3.47
0.25
-3.63
-5.97
-5.51
-2.73
0.55
2.26
1.30
-1.83
-5.27
-6.93
-5.68
-2.10
1.83
3.88
2.85
-0.71
-4.71
-6.74
-5.48
-1.45
3.20
5.92
5.25
1.64
-2.80
-5.49
-4.94
-1.56
2.57
4.93
4.04
0.29
-4.20
-6.85
-6.05
-2.14
2.71
5.78
5.27
1.35
-3.81
-7.34
-7.25
-3.57
1.59
5.31
5.48
2.03
-2.97
-6.61
-6.80
-3.49
1.30
4.70
4.70
1.31
-3.44
-6.72
-6.59
-3.14
1.57
4.72
4.43
0.86
-3.83
-6.80
-6.16
-2.14
2.97
6.24
5.72
1.67
-3.55
-6.90
-6.37
-2.27
3.00
6.30
5.67
1.43
-3.95
-7.29
-6.63
-2.32
3.13
6.60
6.11
2.01
-3.26
-6.65
-6.21
-2.21
2.98
6.36
5.95
1.96
-3.37
-7.04
-7.04
-3.47
1.50
4.90
4.73
1.12
-3.72
-6.81
-6.10
-1.79
3.82
7.53
7.18
2.85
-3.15
-7.54
-8.01
-4.47
0.82
4.65
4.66
0.77
-4.84
-8.99
-9.34
-5.76
-0.40
3.64
4.09
0.81
-4.15
-7.82
-7.98
-4.53
0.56
4.38
4.78
1.70
-2.88
-6.01
-5.54
-1.37
4.36
8.58
9.00
5.44
-0.05
-4.33
-5.03
-1.88
3.15
7.02
7.36
3.93
-1.39
-5.58
-6.30
-3.24
1.71
5.58
6.08
2.92
-2.08
-5.96
-6.52
-3.51
1.17
4.58
4.58
1.04
-4.02
-7.63
-7.61
-3.85
1.59
5.71
6.31
3.19
-1.71
-5.52
-6.05
-3.10
1.44
4.74
4.67
1.06
-4.17
-8.09
-8.45
-4.98
0.38
4.62
5.35
2.20
-2.96
-7.05
-7.64
-4.32
1.03
5.36
6.26
3.33
-1.61
-5.56
-6.16
-3.00
2.04
6.02
6.61
3.48
-1.53
-5.48
-6.02
-2.81
2.32
6.38
6.98
3.69
-1.73
-6.30
-7.56
-4.96
-0.10
4.12
5.28
2.69
-2.16
-6.49
-7.84
-5.45
-0.69
3.77
5.51
3.72
-0.35
-4.16
-5.43
-3.51
0.23
3.31
3.62
0.78
-3.62
-6.99
-7.22
-4.03
0.93
5.04
6.18
3.98
-0.06
-3.45
-4.18
-1.88
2.03
5.16
5.55
2.78
-1.75
-5.55
-6.51
-4.05
0.45
4.48
5.79
3.71
-0.50
-4.37
-5.67
-3.70
0.26
3.79
4.71
2.41
-1.86
-5.66
-6.84
-4.76
-0.64
3.13
4.38
2.40
-1.69
-5.55
-7.00
-5.21
-1.19
2.78
4.51
3.14
-0.39
-3.95
-5.43
-4.02
-0.67
2.52
3.55
1.72
-1.97
-5.36
-6.44
-4.49
-0.44
3.57
5.49
4.45
1.22
-2.24
-3.88
-2.75
0.53
4.06
5.78
4.65
1.27
-2.42
-4.24
-2.98
0.83
5.16
7.65
6.92
3.38
-1.05
-3.96
-3.96
-1.38
1.92
3.66
2.55
-1.01
-5.09
-7.45
-6.80
-3.56
0.33
2.59
1.88
-1.37
-5.33
-7.67
-6.97
-3.49
0.96
4.07
4.33
1.82
-1.77
-4.18
-3.84
-0.79
3.26
6.00
5.80
2.72
-1.51
-4.42
-4.28
-1.18
3.04
5.84
5.50
2.14
-2.34
-5.41
-5.41
-2.53
1.31
3.67
3.03
-0.29
-4.41
-6.93
-6.43
-3.23
0.78
3.21
2.59
-0.84
-5.20
-8.00
-7.53
-3.85
1.20
5.05
5.82
3.37
-0.59
-3.52
-3.57
-0.63
3.59
6.61
6.66
3.72
-0.55
-3.75
-4.19
-1.84
1.67
4.12
3.93
1.06
-2.93
-5.80
-5.84
-2.88
1.61
5.34
6.35
4.12
-0.14
-4.14
-5.74
-4.10
-0.25
3.59
5.19
3.65
-0.08
-3.73
-5.04
-3.12
0.95
4.75
5.89
3.48
-1.36
-6.00
-7.85
-5.87
-1.16
3.58
5.64
3.75
-1.11
-6.26
-8.81
-7.31
-2.60
2.65
5.46
4.26
-0.21
-5.23
-7.76
-6.19
-1.33
4.08
6.98
5.79
1.37
-3.46
-5.63
-3.62
1.64
7.25
10.07
8.51
3.51
-2.07
-5.09
-3.94
0.48
5.28
7.32
5.08
-0.41
-6.16
-8.94
-7.23
-2.21
2.98
5.00
2.38
-3.55
-9.42
-11.72
-8.90
-2.36
4.40
7.69
5.84
0.19
-5.73
-8.25
-5.69
0.63
7.12
10.09
7.84
1.72
-4.76
-7.96
-6.22
-0.82
4.83
7.26
4.97
-0.71
-6.46
-8.90
-6.61
-0.90
4.93
7.56
5.49
-0.06
-5.93
-8.84
-7.28
-2.32
3.05
5.70
4.20
-0.39
-5.20
-7.25
-5.24
-0.31
4.65
6.72
4.69
-0.22
-5.10
-6.98
-4.63
0.73
6.10
8.45
6.48
1.38
-3.87
-6.20
-4.32
0.57
5.40
7.16
4.63
-0.89
-6.31
-8.55
-6.44
-1.37
3.52
5.24
2.72
-2.58
-7.50
-9.09
-6.31
-0.71
4.57
6.61
4.37
-0.65
-5.38
-6.92
-4.26
1.16
6.27
8.19
5.86
0.65
-4.43
-6.50
-4.47
0.35
5.05
6.85
4.74
0.05
-4.37
-5.85
-3.51
1.23
5.48
6.64
3.92
-1.19
-5.73
-7.08
-4.41
0.74
5.37
6.74
3.97
-1.51
-6.75
-8.90
-6.92
-2.05
2.88
5.16
3.75
-0.14
-3.80
-4.65
-1.83
3.26
7.81
9.24
6.71
1.61
-3.28
-5.35
-3.71
0.36
4.19
5.33
2.93
-1.75
-6.15
-7.86
-5.99
-1.72
2.42
4.08
2.37
-1.60
-5.41
-6.76
-4.78
-0.60
3.35
4.76
2.80
-1.42
-5.44
-6.89
-4.85
-0.36
4.18
6.37
5.12
1.31
-2.81
-4.88
-3.79
-0.32
3.35
4.96
3.40
-0.50
-4.53
-6.30
-4.69
-0.51
3.94
6.21
5.02
1.07
-3.42
-5.92
-5.09
-1.50
2.72
5.10
4.29
0.82
-3.22
-5.35
-4.23
-0.39
4.05
6.60
5.86
2.34
-1.86
-4.24
-3.40
0.18
4.35
6.60
5.47
1.46
-3.34
-6.32
-5.95
-2.59
1.72
4.43
3.94
0.54
-3.82
-6.63
-6.22
-2.77
1.81
4.98
5.03
2.04
-2.17
-5.10
-5.04
-2.07
1.98
4.63
4.23
0.95
-3.34
-6.09
-5.61
-2.04
2.70
5.97
5.92
2.53
-2.42
-6.27
-6.98
-4.23
0.43
4.44
5.67
3.61
-0.35
-3.72
-4.39
-1.83
2.49
6.02
6.60
3.76
-1.01
-5.06
-6.21
-3.94
0.28
3.87
4.69
2.22
-2.07
-5.72
-6.56
-4.04
0.46
4.53
6.02
4.29
0.54
-2.91
-3.96
-1.98
1.82
5.10
5.72
3.07
-1.53
-5.56
-6.72
-4.30
0.33
4.55
5.95
3.75
-0.77
-5.02
-6.61
-4.74
-0.64
3.18
4.45
2.43
-1.63
-5.24
-6.09
-3.46
1.38
5.86
7.55
5.57
1.04
-3.47
-5.46
-3.95
0.01
3.89
5.22
3.02
-1.61
-6.09
-7.82
-5.76
-0.99
3.88
6.21
4.82
0.61
-3.93
-6.20
-4.97
-1.09
3.10
5.14
3.85
0.04
-4.01
-5.85
-4.36
-0.33
3.94
5.94
4.46
0.20
-4.49
-6.96
-5.82
-1.71
2.99
5.57
4.55
0.57
-3.97
-6.27
-4.89
-0.54
4.23
6.60
5.12
0.59
-4.44
-7.08
-5.87
-1.53
3.43
6.26
5.51
1.81
-2.45
-4.64
-3.35
0.73
5.18
7.29
5.63
0.93
-4.25
-6.98
-5.69
-1.09
4.19
7.09
5.94
1.36
-3.94
-6.87
-5.71
-1.12
4.16
7.02
5.69
0.88
-4.72
-7.90
-6.88
-2.25
3.32
6.63
5.79
1.24
-4.36
-7.74
-6.84
-2.06
3.94
7.76
7.19
2.56
-3.44
-7.32
-6.78
-2.16
3.81
7.62
7.01
2.34
-3.63
-7.42
-6.85
-2.32
3.42
7.00
6.32
1.82
-3.82
-7.30
-6.60
-2.17
3.32
6.61
5.73
1.16
-4.42
-7.70
-6.74
-2.05
3.57
6.78
5.61
0.63
-5.30
-8.75
-7.68
-2.67
3.45
7.21
6.57
2.09
-3.46
-6.66
-5.57
-0.78
4.88
8.03
6.70
1.55
-4.56
-8.09
-6.90
-1.51
5.14
9.39
8.92
4.10
-2.22
-6.35
-5.94
-1.31
4.72
8.54
7.89
3.21
-2.69
-6.29
-5.49
-0.83
4.80
7.93
6.50
1.10
-5.44
-9.56
-9.11
-4.54
1.41
5.27
4.86
0.51
-5.12
-8.64
-7.90
-3.30
2.47
6.01
5.24
0.58
-5.23
-8.78
-7.94
-3.12
3.00
7.00
6.76
2.60
-2.89
-6.39
-5.74
-1.24
4.53
8.24
7.74
3.27
-2.64
-6.60
-6.30
-1.84
4.28
8.66
8.93
5.04
-0.68
-4.91
-5.30
-1.82
3.25
6.71
6.35
2.28
-3.19
-6.82
-6.47
-2.34
3.16
6.75
6.28
1.96
-3.74
-7.51
-7.14
-2.79
3.04
6.98
6.71
2.31
-3.76
-8.03
-8.07
-3.89
2.05
6.24
6.25
2.08
-3.85
-8.03
-7.98
-3.64
2.55
7.11
7.50
3.61
-2.25
-6.62
-7.00
-3.23
2.43
6.63
6.89
3.03
-2.73
-7.04
-7.41
-3.69
1.86
5.93
6.13
2.35
-3.13
-7.01
-6.94
-2.88
2.88
7.13
7.54
4.03
-1.30
-5.38
-6.00
-2.99
1.71
5.26
5.54
2.44
-2.19
-5.56
-5.57
-2.07
3.04
6.86
7.18
3.77
-1.47
-5.56
-6.13
-2.87
2.31
6.36
6.83
3.32
-2.28
-6.89
-8.01
-5.13
-0.01
4.34
5.40
2.57
-2.55
-7.06
-8.47
-6.04
-1.17
3.39
5.19
3.39
-0.73
-4.61
-5.79
-3.43
1.28
5.73
7.40
5.36
0.76
-3.70
-5.42
-3.41
1.11
5.36
6.70
4.14
-0.99
-5.78
-7.38
-4.77
0.71
6.05
8.27
6.18
1.03
-4.24
-6.65
-4.88
0.00
5.14
7.59
5.98
1.27
-3.81
-6.37
-5.05
-0.86
3.56
5.42
3.55
-0.97
-5.40
-6.99
-4.65
0.42
5.39
7.45
5.41
0.39
-4.86
-7.44
-6.02
-1.44
3.64
6.37
5.23
0.89
-4.15
-6.97
-5.92
-1.57
3.57
6.58
5.73
1.59
-3.36
-6.14
-5.04
-0.68
4.41
7.25
6.18
1.88
-3.07
-5.72
-4.38
0.26
5.61
8.63
7.57
2.95
-2.72
-6.39
-6.13
-2.29
2.74
5.98
5.46
1.46
-3.78
-7.23
-6.95
-3.13
1.93
5.25
4.92
1.17
-3.73
-6.80
-6.14
-2.06
3.09
6.32
5.71
1.54
-3.84
-7.33
-6.92
-2.80
2.69
6.41
6.27
2.34
-3.14
-7.01
-7.03
-3.17
2.35
6.38
6.66
3.13
-2.04
-5.69
-5.61
-1.77
3.56
7.23
7.02
2.96
-2.70
-6.78
-7.01
-3.36
1.96
5.83
6.01
2.40
-2.87
-6.74
-6.92
-3.22
2.28
6.50
7.05
3.64
-1.72
-5.88
-6.34
-2.73
2.93
7.39
8.01
4.36
-1.55
-6.34
-7.28
-3.86
1.89
6.57
7.43
3.93
-1.93
-6.78
-7.84
-4.55
1.15
5.92
7.05
3.89
-1.69
-6.45
-7.64
-4.57
0.92
5.63
6.80
3.73
-1.79
-6.46
-7.42
-3.93
2.14
7.37
8.77
5.55
-0.40
-5.56
-6.90
-3.59
2.42
7.60
8.84
5.33
-1.03
-6.66
-8.40
-5.31
0.81
6.45
8.42
5.68
-0.15
-5.67
-7.70
-5.08
0.62
6.07
8.11
5.59
0.06
-5.09
-6.66
-3.46
2.87
8.91
11.37
9.09
3.72
-1.28
-2.65
0.74
7.17
13.10
15.27
12.56
6.71
1.32
-0.26
3.22
10.07
16.68
19.56
17.36
11.60
5.89
3.73
6.60
12.96
19.20
21.73
19.07
12.75
6.38
3.55
5.66
11.12
16.34
17.82
14.31
7.53
1.15
-1.35
1.28
7.25
12.80
14.35
10.58
3.15
-4.18
-7.71
-5.85
-0.01
6.21
9.12
7.02
1.14
-5.16
-8.33
-6.76
-1.72
3.45
5.37
2.65
-3.27
-8.92
-10.93
-7.96
-1.58
4.67
7.29
4.83
-1.29
-7.62
-10.62
-8.67
-2.98
3.15
6.19
4.42
-1.16
-7.40
-10.76
-9.45
-4.39
1.24
3.91
1.80
-4.15
-10.73
-14.35
-13.14
-8.09
-2.47
0.04
-2.44
-8.95
-16.22
-20.54
-20.02
-15.63
-10.75
-9.06
-12.46
-19.91
-27.99
-32.91
-32.78
-28.70
-24.23
-23.23
-27.66
-36.40
-45.92
-52.32
-53.66
-51.01
-47.88
-48.10
-53.62
-63.45
-74.23
-82.26
-85.53
-84.90
-83.54
-85.06
-91.45
-101.98
-113.69
-122.99
-127.81
-128.61
-128.03
-129.18
-133.74
-140.91
-147.89
-151.54
-150.21
-144.68
-137.55
-131.53
-127.63
-124.24
-117.76
-104.42
-82.44
-53.33
-21.57
7.25
28.93
42.51
50.43
56.73
64.53
74.06
82.79
87.32
86.12
81.14
77.29
80.08
92.55
113.67
138.73
161.74
178.25
187.02
189.89
189.96
189.47
188.48
185.16
177.22
163.70
146.07
127.75
112.74
103.47
99.66
98.40
95.80
89.07
78.04
65.16
54.12
47.70
46.25
47.47
47.80
44.46
37.03
27.59
19.51
15.41
15.69
18.24
19.77
17.78
11.98
4.52
-1.29
-2.87
0.08
5.37
9.56
9.87
5.71
-0.98
-6.84
-8.98
-6.59
-1.35
3.57
5.33
3.05
-1.76
-6.09
-7.24
-4.38
0.91
5.59
6.93
4.08
-1.42
-6.55
-8.48
-6.21
-1.17
3.66
5.44
3.09
-2.13
-7.32
-9.55
-7.58
-2.56
2.62
4.98
3.14
-1.90
-7.28
-9.94
-8.29
-3.23
2.40
5.44
4.23
-0.43
-5.70
-8.30
-6.47
-1.08
4.90
8.03
6.51
1.11
-5.12
-8.61
-7.43
-2.32
3.61
6.77
5.12
-0.64
-7.38
-11.36
-10.36
-4.97
1.74
5.96
5.32
0.21
-6.37
-10.53
-9.76
-4.40
2.52
6.99
6.38
0.92
-6.31
-11.19
-10.93
-5.74
1.31
6.11
5.91
0.94
-5.74
-10.00
-9.17
-3.60
3.49
7.91
6.98
1.08
-6.53
-11.51
-11.01
-5.32
2.28
7.41
7.07
1.43
-6.29
-11.60
-11.41
-5.79
2.01
7.48
7.45
1.90
-6.01
-11.80
-12.29
-7.41
-0.23
4.95
5.04
0.03
-7.09
-12.02
-11.72
-6.16
1.61
7.26
7.55
2.29
-5.55
-11.49
-12.11
-7.03
0.81
6.88
7.64
2.67
-5.10
-11.05
-11.66
-6.52
1.34
7.34
8.03
3.11
-4.38
-9.95
-10.26
-5.10
2.45
7.94
8.04
2.54
-5.53
-11.63
-12.31
-7.18
0.83
7.12
8.11
3.23
-4.65
-10.94
-11.92
-7.00
0.95
7.27
8.21
3.23
-4.72
-10.84
-11.39
-5.87
2.58
9.01
9.59
3.82
-5.14
-12.27
-13.62
-8.52
-0.04
6.88
8.29
3.49
-4.68
-11.38
-12.74
-7.97
0.07
6.64
7.92
3.20
-4.67
-10.95
-11.80
-6.58
1.77
8.41
9.45
4.24
-4.32
-11.40
-13.13
-8.72
-1.00
5.37
6.62
2.06
-5.60
-11.84
-13.00
-8.36
-0.60
5.86
7.46
3.53
-3.38
-8.97
-9.85
-5.45
1.57
6.99
7.49
2.67
-4.79
-10.59
-11.33
-6.50
1.20
7.44
8.68
4.23
-3.44
-10.02
-11.87
-8.02
-0.77
5.69
7.69
4.13
-2.86
-9.22
-11.30
-7.99
-1.31
4.75
6.65
3.32
-3.24
-9.12
-10.89
-7.52
-1.06
4.65
6.17
2.54
-4.22
-10.18
-11.85
-8.15
-1.08
5.42
7.74
4.65
-2.01
-8.36
-10.72
-7.75
-1.16
5.28
7.96
5.48
-0.58
-6.60
-9.04
-6.54
-0.65
5.06
7.12
4.19
-2.20
-8.51
-11.23
-8.89
-2.89
3.30
6.22
4.37
-0.93
-6.33
-8.47
-5.96
-0.23
5.30
7.24
4.23
-2.19
-8.46
-10.99
-8.31
-1.91
4.60
7.53
5.27
-0.86
-7.35
-10.53
-8.70
-3.09
2.93
5.79
3.87
-1.65
-7.43
-10.03
-7.82
-2.01
4.16
7.30
5.89
1.04
-4.13
-6.42
-4.40
0.72
5.82
7.71
4.97
-1.20
-7.63
-10.93
-9.37
-3.91
2.41
6.15
5.40
0.85
-4.73
-8.03
-7.18
-2.79
2.44
5.30
3.99
-0.87
-6.51
-9.66
-8.41
-3.36
2.72
6.46
5.85
1.32
-4.46
-8.20
-7.90
-3.89
1.32
4.65
4.27
0.57
-4.12
-6.95
-6.26
-2.51
1.99
4.57
3.69
-0.11
-4.61
-7.14
-6.13
-2.01
3.01
6.26
6.07
2.71
-1.70
-4.43
-3.69
0.41
5.78
9.71
10.29
7.60
3.57
0.91
1.51
5.44
10.85
15.20
16.68
15.29
12.79
11.62
13.52
18.48
24.77
29.95
32.32
31.87
30.33
30.23
33.52
40.49
49.56
58.15
64.19
67.27
68.86
71.56
77.60
87.57
100.07
112.54
122.75
130.09
135.93
142.84
153.05
167.18
183.74
200.16
214.13
225.09
234.41
244.69
258.16
275.39
294.87
313.79
329.52
341.02
349.26
356.40
364.45
373.77
382.64
387.99
386.88
378.04
362.28
342.00
319.63
296.23
270.96
241.75
206.90
166.44
122.69
79.47
40.56
8.09
-18.12
-40.07
-60.13
-79.74
-98.76
-115.92
-130.12
-141.53
-152.15
-165.03
-183.03
-207.33
-236.86
-268.78
-299.79
-327.71
-352.23
-374.60
-396.35
-417.90
-437.75
-452.93
-460.43
-458.71
-448.70
-433.36
-416.19
-399.59
-383.82
-367.26
-347.84
-324.57
-298.44
-272.12
-248.52
-229.31
-214.03
-200.41
-185.81
-168.72
-149.70
-131.10
-115.64
-104.87
-98.16
-93.02
-86.46
-76.76
-64.43
-51.99
-42.46
-37.62
-36.88
-37.56
-36.45
-31.62
-23.61
-15.00
-8.88
-7.01
-8.77
-11.56
-12.33
-9.46
-3.69
2.33
5.57
4.47
-0.13
-5.42
-8.20
-6.74
-1.72
4.13
7.59
6.81
2.35
-3.15
-6.45
-5.61
-1.07
4.54
8.02
7.39
3.05
-2.45
-5.95
-5.48
-1.42
3.72
6.80
5.86
1.30
-4.39
-7.97
-7.38
-2.89
3.02
7.05
7.02
3.08
-2.29
-5.79
-5.22
-0.81
4.81
8.24
7.29
2.35
-3.80
-7.66
-7.02
-2.34
3.54
7.07
6.11
1.13
-5.10
-9.14
-8.86
-4.69
0.70
3.97
3.01
-1.78
-7.85
-11.85
-11.61
-7.44
-1.91
1.59
0.87
-3.81
-9.84
-13.77
-13.31
-8.74
-2.68
1.37
1.14
-3.14
-8.93
-12.88
-12.77
-8.84
-3.55
-0.13
-0.60
-4.64
-9.82
-12.98
-12.07
-7.38
-1.34
2.83
3.02
-0.63
-5.74
-9.08
-8.42
-3.85
2.21
6.46
6.60
2.70
-2.84
-6.66
-6.43
-2.21
3.55
7.50
7.42
3.47
-1.90
-5.41
-4.92
-0.71
4.71
8.09
7.38
2.88
-2.87
-6.53
-5.97
-1.38
4.71
9.00
9.27
5.61
0.35
-3.32
-3.19
0.72
6.16
10.04
10.24
6.78
1.87
-1.44
-0.98
3.20
8.93
13.14
13.66
10.45
5.65
2.29
2.53
6.43
11.88
15.96
16.60
13.84
9.84
7.56
9.03
14.18
20.83
26.09
28.00
26.68
24.22
23.49
26.40
32.83
40.68
47.09
50.07
49.65
47.95
47.91
51.71
59.43
69.04
77.58
82.76
84.30
84.07
84.98
89.29
97.28
107.18
116.17
122.12
124.74
125.76
127.72
132.46
139.90
148.09
154.28
156.39
154.06
148.52
141.56
134.07
125.27
113.01
95.21
71.27
42.96
13.98
-11.38
-29.98
-40.95
-45.61
-46.50
-46.02
-45.38
-44.62
-43.30
-41.63
-41.17
-44.54
-54.43
-72.13
-96.65
-124.74
-151.91
-174.06
-188.88
-196.32
-198.10
-196.44
-192.78
-187.35
-179.37
-168.14
-154.01
-138.67
-124.59
-113.84
-107.00
-102.82
-98.86
-92.84
-83.95
-73.21
-62.93
-55.30
-51.15
-49.47
-47.99
-44.61
-38.59
-30.93
-23.77
-19.12
-17.70
-18.55
-19.57
-18.77
-15.31
-9.96
-4.66
-1.36
-0.96
-2.81
-5.10
-5.90
-4.24
-0.68
2.97
4.80
3.80
0.63
-2.76
-4.23
-2.67
1.25
5.47
7.74
6.85
3.32
-0.88
-3.48
-3.12
-0.17
3.62
6.11
5.99
3.50
0.26
-1.68
-1.09
1.78
5.22
7.16
6.30
2.96
-1.07
-3.52
-2.88
0.55
4.86
7.59
7.15
3.75
-0.72
-3.78
-3.80
-0.94
2.99
5.64
5.44
2.50
-1.48
-4.19
-4.09
-1.26
2.65
5.40
5.47
2.91
-0.71
-3.15
-2.82
0.30
4.57
7.65
7.78
4.82
0.48
-2.74
-2.91
0.18
4.78
8.22
8.46
5.28
0.45
-3.25
-3.76
-0.88
3.60
6.96
7.19
4.15
-0.33
-3.60
-3.71
-0.58
3.95
7.17
7.11
3.61
-1.50
-5.43
-6.04
-3.02
1.86
5.83
6.61
3.80
-0.87
-4.56
-5.00
-1.77
3.37
7.60
8.60
5.98
1.38
-2.43
-3.24
-0.65
3.73
7.27
7.85
5.07
0.49
-3.26
-4.02
-1.31
3.32
7.22
8.09
5.33
0.39
-3.97
-5.33
-2.95
1.72
5.90
7.12
4.67
0.04
-3.94
-4.82
-1.99
2.94
7.09
8.03
5.22
0.33
-3.76
-4.61
-1.70
3.30
7.55
8.62
5.94
1.09
-3.09
-4.16
-1.49
3.35
7.51
8.46
5.50
0.23
-4.38
-5.65
-2.83
2.44
7.09
8.38
5.54
0.25
-4.40
-5.70
-2.94
2.21
6.72
7.93
5.21
0.22
-4.02
-4.95
-1.93
3.34
7.84
8.95
5.99
0.57
-4.31
-5.95
-3.53
1.41
5.93
7.36
4.87
-0.05
-4.40
-5.50
-2.58
2.74
7.36
8.54
5.53
-0.01
-4.91
-6.41
-3.72
1.54
6.32
7.92
5.56
0.72
-3.69
-5.10
-2.69
2.15
6.70
8.42
6.46
2.08
-2.07
-3.48
-1.24
3.32
7.45
8.52
5.67
0.32
-4.48
-5.92
-3.09
2.44
7.46
9.05
6.23
0.54
-4.82
-6.96
-4.86
0.04
4.79
6.71
4.91
0.72
-3.10
-4.11
-1.51
3.27
7.50
8.69
6.03
0.91
-3.88
-5.70
-3.66
0.92
5.23
6.63
4.30
-0.39
-4.60
-5.72
-2.99
2.08
6.59
7.96
5.49
0.68
-3.58
-4.83
-2.39
2.19
6.10
6.96
4.14
-0.80
-5.01
-6.02
-3.12
2.18
6.99
8.74
6.58
1.90
-2.51
-4.04
-1.81
2.85
7.18
8.66
6.45
1.87
-2.38
-3.86
-1.82
2.34
6.01
6.89
4.37
-0.12
-3.99
-4.96
-2.47
2.03
5.89
6.84
4.29
-0.37
-4.46
-5.62
-3.11
1.70
6.14
7.72
5.60
1.05
-3.25
-4.78
-2.65
1.85
6.00
7.32
4.99
0.36
-3.79
-4.97
-2.40
2.54
7.05
8.64
6.46
1.83
-2.62
-4.41
-2.64
1.58
5.76
7.56
6.02
2.13
-1.82
-3.54
-2.10
1.56
5.14
6.39
4.35
0.02
-4.28
-6.19
-4.72
-0.83
3.14
4.87
3.40
-0.29
-3.88
-5.11
-3.09
1.15
5.27
7.01
5.48
1.67
-2.15
-3.77
-2.27
1.44
5.20
6.85
5.49
1.95
-1.71
-3.34
-1.99
1.63
5.50
7.49
6.51
3.10
-0.86
-3.23
-2.83
-0.07
3.21
4.87
3.69
0.06
-4.20
-6.93
-6.93
-4.65
-2.01
-1.22
-3.50
-8.33
-13.70
-17.34
-17.99
-16.16
-13.87
-13.42
-16.06
-21.33
-27.33
-31.88
-33.79
-33.63
-33.36
-35.23
-40.42
-48.39
-57.15
-64.52
-69.31
-72.07
-74.76
-79.55
-87.64
-98.56
-110.53
-121.56
-130.57
-138.03
-145.69
-155.54
-168.70
-184.80
-202.17
-218.81
-233.48
-246.39
-259.06
-273.39
-290.56
-310.28
-330.85
-350.06
-366.33
-379.50
-390.83
-402.04
-414.08
-426.27
-436.30
-441.16
-438.48
-427.59
-409.52
-386.18
-359.12
-328.76
-294.55
-255.85
-213.11
-168.51
-125.65
-88.34
-59.22
-38.89
-25.90
-17.61
-11.28
-5.15
1.44
8.72
17.30
28.89
46.18
72.02
108.15
154.28
207.88
265.03
321.81
375.47
424.82
469.76
510.13
544.82
571.71
588.42
593.57
587.73
573.41
554.12
532.87
511.04
488.17
462.80
433.95
402.17
369.65
339.27
313.15
291.54
272.69
253.91
233.18
210.29
187.06
166.25
149.88
138.05
128.87
119.57
108.07
94.17
79.45
66.38
56.71
50.73
47.20
44.22
40.25
34.77
28.43
22.53
18.23
15.86
14.70
13.33
10.46
5.76
0.31
-3.92
-5.23
-3.28
0.49
3.70
4.39
2.24
-1.32
-3.97
-4.09
-1.69
1.66
3.80
3.38
0.57
-3.01
-5.28
-4.91
-2.08
1.62
4.04
3.64
0.27
-4.74
-9.17
-11.16
-9.98
-6.45
-2.47
-0.03
-0.23
-2.67
-5.66
-7.08
-5.59
-1.49
3.22
5.96
5.09
1.03
-3.76
-6.23
-4.59
0.41
5.89
8.49
6.52
0.99
-4.90
-7.74
-5.93
-0.65
4.90
7.38
5.33
-0.08
-5.80
-8.70
-7.32
-2.68
2.45
5.09
3.80
-0.54
-5.28
-7.58
-6.03
-1.53
3.25
5.47
3.76
-0.85
-5.58
-7.51
-5.35
-0.27
4.76
6.71
4.34
-1.09
-6.52
-8.92
-7.04
-2.01
3.40
6.43
5.86
2.55
-1.22
-3.12
-2.01
1.50
5.48
7.79
7.23
4.23
0.65
-1.22
0.04
4.04
8.62
11.06
9.68
4.97
-0.51
-3.57
-2.38
2.32
7.43
9.47
6.66
0.10
-6.72
-10.14
-8.51
-3.15
2.42
4.73
2.35
-3.41
-9.33
-12.28
-10.98
-6.69
-2.37
-0.86
-3.23
-8.20
-12.82
-14.21
-11.33
-5.59
-0.19
1.83
-0.61
-6.01
-10.99
-12.31
-8.79
-1.99
4.56
7.46
5.32
-0.52
-6.73
-9.88
-8.37
-3.25
2.50
5.68
4.72
0.43
-4.52
-7.22
-6.29
-2.59
1.34
2.87
0.97
-3.23
-7.00
-7.82
-4.83
0.58
5.57
7.48
5.36
0.47
-4.35
-6.27
-4.07
1.12
6.40
8.72
6.67
1.31
-4.38
-7.19
-5.61
-0.79
4.16
6.10
3.72
-1.63
-6.70
-8.35
-5.53
0.13
5.24
6.74
3.64
-2.43
-8.17
-10.58
-8.66
-3.94
0.46
1.72
-1.10
-6.42
-11.04
-11.97
-8.23
-1.51
4.67
6.99
4.13
-2.32
-8.76
-11.59
-9.28
-3.20
3.24
6.68
5.67
1.46
-2.91
-4.53
-2.36
2.20
6.27
7.28
4.51
-0.50
-4.79
-5.68
-2.40
3.45
8.74
10.56
7.89
2.23
-3.22
-5.40
-3.28
1.61
5.96
6.83
3.36
-2.64
-7.77
-9.13
-6.13
-0.81
3.32
3.56
-0.41
-6.37
-10.76
-10.95
-6.75
-0.51
4.23
4.97
1.61
-3.44
-6.73
-5.91
-1.13
5.00
8.95
8.45
3.80
-2.31
-6.38
-6.22
-2.16
3.26
6.78
6.46
2.68
-2.28
-5.57
-5.54
-2.43
1.75
4.52
4.33
1.38
-2.61
-5.34
-5.26
-2.38
1.71
4.73
5.07
2.57
-1.36
-4.59
-5.51
-3.85
-0.81
1.70
2.19
0.37
-2.72
-5.35
-6.18
-4.95
-2.68
-0.96
-1.01
-2.89
-5.46
-7.08
-6.72
-4.54
-1.87
-0.26
-0.57
-2.47
-4.73
-6.04
-5.77
-4.16
-2.10
-0.64
-0.41
-1.56
-3.62
-5.71
-6.83
-6.27
-4.09
-1.23
1.01
1.62
0.60
-1.04
-1.88
-0.95
1.64
4.78
7.12
7.74
6.79
5.15
4.01
4.15
5.48
7.19
8.23
7.87
6.10
3.56
1.34
0.29
0.70
1.98
3.09
3.03
1.52
-0.87
-2.94
-3.61
-2.52
-0.33
1.68
2.34
1.24
-1.14
-3.63
-5.06
-4.85
-3.30
-1.31
0.17
0.64
0.12
-0.80
-1.48
-1.46
-0.75
0.31
1.28
1.76
1.64
1.21
1.02
1.62
3.21
5.36
7.15
7.57
6.18
3.59
1.25
0.69
2.49
5.80
8.71
9.41
7.32
3.56
0.26
-0.77
0.88
3.95
6.36
6.45
3.97
0.20
-2.96
-4.13
-3.33
-1.90
-1.56
-3.38
-6.91
-10.45
-12.01
-10.53
-6.68
-2.50
-0.33
-1.53
-5.56
-10.37
-13.49
-13.38
-10.28
-5.88
-2.44
-1.68
-3.91
-8.03
-12.02
-14.00
-13.12
-10.02
-6.46
-4.46
-5.16
-8.12
-11.56
-13.43
-12.66
-9.86
-6.96
-6.02
-7.99
-11.93
-15.62
-16.88
-14.81
-10.43
-5.98
-3.68
-4.44
-7.23
-9.68
-9.45
-5.62
0.61
6.66
9.92
9.35
6.13
3.02
2.68
5.90
11.15
15.41
16.20
13.32
9.05
6.69
8.36
13.37
18.63
20.48
16.98
9.11
0.33
-5.29
-5.23
0.34
8.58
15.57
18.18
15.55
9.46
3.23
-0.10
0.55
3.75
6.51
6.26
2.60
-2.48
-5.95
-5.84
-2.72
0.72
1.44
-1.83
-7.81
-13.39
-15.53
-12.94
-6.70
0.39
5.27
6.05
2.83
-2.39
-6.62
-7.44
-4.23
1.32
6.03
7.07
3.70
-2.09
-6.75
-7.37
-3.60
1.98
5.48
4.26
-1.31
-7.89
-11.23
-8.82
-1.59
6.54
10.94
9.09
2.10
-5.90
-10.26
-8.58
-2.09
5.23
9.07
7.42
1.58
-4.77
-7.81
-5.84
-0.17
5.77
8.40
6.01
-0.36
-7.48
-11.63
-10.66
-5.18
1.67
5.96
5.25
0.01
-6.59
-10.53
-9.36
-3.62
3.45
7.94
7.53
2.70
-3.58
-7.76
-7.63
-3.61
1.61
4.71
3.72
-0.89
-6.32
-9.13
-7.30
-1.55
4.91
8.30
6.61
0.92
-5.16
-7.69
-4.94
1.62
8.21
11.12
9.00
3.46
-2.07
-4.48
-2.83
1.28
4.89
5.50
2.54
-2.44
-6.72
-8.00
-5.67
-1.06
3.27
5.03
3.33
-0.86
-5.23
-7.34
-5.96
-1.70
3.22
6.24
5.81
2.27
-2.28
-5.13
-4.56
-0.87
3.73
6.38
5.25
0.70
-4.96
-8.68
-8.54
-4.86
-0.00
3.10
2.58
-1.17
-5.83
-8.46
-7.32
-2.80
2.76
6.52
6.65
3.43
-1.07
-4.14
-4.07
-0.96
3.30
6.18
6.03
2.91
-1.41
-4.45
-4.53
-1.70
2.28
4.92
4.50
1.05
-3.66
-7.08
-7.37
-4.38
0.23
3.95
4.84
2.61
-1.26
-4.44
-5.05
-2.82
0.88
3.77
4.08
1.55
-2.40
-5.46
-5.86
-3.33
0.68
3.85
4.33
1.85
-2.17
-5.39
-5.90
-3.36
0.89
4.54
5.67
3.83
0.26
-2.84
-3.61
-1.59
2.01
4.98
5.48
3.07
-1.05
-4.66
-5.86
-4.09
-0.46
2.92
4.13
2.57
-0.80
-3.96
-5.08
-3.49
-0.10
3.11
4.28
2.75
-0.64
-3.92
-5.17
-3.65
-0.25
2.99
4.09
2.31
-1.37
-4.82
-5.94
-3.94
0.15
4.09
5.67
4.07
0.23
-3.65
-5.38
-4.02
-0.43
3.31
5.10
3.96
0.59
-3.13
-5.17
-4.50
-1.70
1.48
3.12
2.23
-0.71
-3.97
-5.65
-4.73
-1.71
1.65
3.40
2.49
-0.55
-3.94
-5.63
-4.50
-1.06
2.88
5.19
4.69
1.74
-1.92
-4.23
-3.90
-1.16
2.35
4.57
4.12
1.16
-2.71
-5.27
-5.00
-1.94
2.26
5.27
5.40
2.61
-1.46
-4.39
-4.41
-1.52
2.53
5.32
5.13
2.00
-2.26
-5.19
-5.08
-2.01
2.26
5.35
5.56
2.85
-1.17
-4.18
-4.50
-1.98
1.86
4.77
4.99
2.28
-1.94
-5.31
-5.95
-3.57
0.36
3.40
3.63
0.77
-3.55
-6.71
-6.70
-3.32
1.61
5.33
5.75
2.68
-2.07
-5.73
-6.24
-3.42
0.95
4.23
4.46
1.48
-2.97
-6.26
-6.41
-3.23
1.60
5.44
6.23
3.60
-0.88
-4.58
-5.39
-2.84
1.47
4.96
5.49
2.67
-1.81
-5.24
-5.46
-2.16
2.84
6.71
7.23
4.07
-0.97
-5.07
-6.06
-3.58
0.58
3.74
3.79
0.54
-4.21
-7.66
-7.64
-3.89
1.73
6.30
7.40
4.55
-0.56
-4.98
-6.24
-3.76
0.78
4.52
5.01
1.82
-3.24
-7.18
-7.61
-4.21
0.99
4.91
5.19
1.64
-3.65
-7.55
-7.77
-4.16
1.19
5.25
5.74
2.47
-2.60
-6.46
-6.76
-3.17
2.42
6.94
7.88
4.73
-0.71
-5.32
-6.47
-3.52
1.73
6.16
7.15
4.15
-1.02
-5.24
-6.04
-3.01
1.90
5.59
5.67
1.91
-3.62
-7.76
-8.10
-4.39
1.30
5.75
6.47
3.14
-2.26
-6.50
-7.08
-3.61
1.91
6.27
6.98
3.71
-1.56
-5.64
-6.08
-2.65
2.63
6.59
6.85
3.25
-2.11
-6.05
-6.18
-2.34
3.31
7.54
7.89
4.14
-1.57
-5.96
-6.54
-3.01
2.51
6.78
7.29
3.74
-1.86
-6.34
-7.22
-4.15
0.95
5.02
5.73
2.71
-2.24
-6.25
-7.05
-4.36
0.05
3.40
3.62
0.54
-4.01
-7.29
-7.26
-3.82
1.15
4.83
5.19
2.09
-2.60
-6.10
-6.30
-3.00
1.96
5.82
6.43
3.50
-1.28
-5.16
-5.96
-3.25
1.34
5.09
5.85
3.18
-1.30
-4.89
-5.42
-2.51
2.18
5.89
6.48
3.60
-1.03
-4.64
-5.01
-1.81
3.25
7.38
8.30
5.53
0.66
-3.59
-4.90
-2.65
1.74
5.62
6.64
4.08
-0.76
-5.25
-6.98
-5.13
-0.91
3.10
4.50
2.45
-1.82
-5.76
-7.01
-4.80
-0.41
3.54
4.68
2.29
-2.33
-6.58
-8.10
-6.12
-1.90
2.09
3.57
1.84
-1.89
-5.22
-5.98
-3.51
0.93
4.87
6.11
3.95
-0.35
-4.30
-5.61
-3.51
0.81
4.88
6.40
4.59
0.57
-3.20
-4.45
-2.38
1.84
5.78
7.14
5.09
0.72
-3.59
-5.49
-4.04
-0.18
3.81
5.61
4.15
0.25
-3.93
-6.09
-5.06
-1.51
2.46
4.59
3.72
0.46
-3.12
-4.79
-3.46
0.07
3.65
4.94
2.96
-1.39
-5.73
-7.62
-5.96
-1.64
2.96
5.35
4.35
0.69
-3.40
-5.59
-4.67
-1.26
2.57
4.58
3.62
0.24
-3.55
-5.51
-4.45
-0.90
3.14
5.40
4.61
1.30
-2.54
-4.56
-3.51
0.09
4.13
6.22
5.04
1.13
-3.44
-6.23
-5.85
-2.71
1.21
3.66
3.30
0.51
-2.90
-4.80
-4.00
-0.87
2.85
5.09
4.64
1.77
-1.85
-4.15
-3.82
-1.06
2.51
4.77
4.32
1.38
-2.37
-4.70
-4.19
-1.09
2.75
5.00
4.26
0.87
-3.22
-5.62
-4.88
-1.38
2.91
5.57
5.17
2.05
-1.96
-4.53
-4.21
-1.19
2.75
5.36
5.14
2.21
-1.74
-4.43
-4.27
-1.35
2.62
5.28
5.00
1.86
-2.37
-5.25
-5.05
-1.84
2.57
5.67
5.70
2.70
-1.59
-4.68
-4.85
-2.07
1.94
4.79
4.79
1.95
-2.06
-4.91
-4.92
-2.08
1.92
4.74
4.66
1.64
-2.70
-5.93
-6.28
-3.61
0.46
3.50
3.70
0.90
-3.29
-6.35
-6.37
-3.15
1.62
5.31
5.89
3.08
-1.51
-5.24
-6.07
-3.67
0.42
3.70
4.22
1.71
-2.35
-5.50
-5.84
-3.08
1.26
4.73
5.41
2.95
-1.17
-4.46
-4.92
-2.20
2.16
5.61
6.09
3.23
-1.42
-5.20
-5.93
-3.20
1.44
5.34
6.31
3.88
-0.47
-4.14
-4.96
-2.44
1.98
5.77
6.79
4.46
0.11
-3.84
-5.23
-3.42
0.35
3.75
4.67
2.52
-1.45
-4.83
-5.52
-2.96
1.45
5.14
5.90
3.15
-1.61
-5.65
-6.57
-3.74
1.31
5.74
6.96
4.21
-1.04
-5.90
-7.71
-5.51
-0.63
4.15
6.13
4.32
-0.06
-4.27
-5.73
-3.51
1.08
5.25
6.43
3.76
-1.31
-5.88
-7.26
-4.61
0.55
5.25
6.76
4.25
-0.76
-5.30
-6.69
-4.19
0.63
4.84
5.89
3.08
-1.98
-6.35
-7.46
-4.58
0.69
5.37
6.81
4.22
-0.89
-5.55
-7.07
-4.60
0.36
4.91
6.40
4.07
-0.63
-4.82
-6.00
-3.50
1.12
5.01
5.78
2.90
-2.00
-6.08
-6.97
-4.13
0.85
5.15
6.36
3.88
-0.79
-4.86
-5.91
-3.31
1.41
5.43
6.27
3.32
-1.81
-6.17
-7.15
-4.08
1.42
6.26
7.77
5.17
0.04
-4.58
-5.99
-3.41
1.58
6.01
7.28
4.63
-0.45
-5.05
-6.62
-4.35
0.32
4.59
5.98
3.69
-0.90
-5.03
-6.18
-3.55
1.41
5.84
7.13
4.44
-0.77
-5.56
-7.20
-4.79
0.19
4.77
6.24
3.73
-1.25
-5.72
-6.97
-4.17
1.13
5.91
7.49
5.06
0.08
-4.51
-6.12
-3.94
0.59
4.66
5.79
3.25
-1.50
-5.69
-6.89
-4.37
0.39
4.62
5.87
3.39
-1.42
-5.80
-7.23
-4.90
-0.20
4.08
5.42
2.99
-1.81
-6.15
-7.42
-4.75
0.46
5.40
7.42
5.63
1.27
-2.92
-4.45
-2.44
1.82
5.73
6.86
4.44
-0.21
-4.45
-5.83
-3.51
1.18
5.54
7.00
4.62
-0.36
-5.18
-7.15
-5.17
-0.40
4.42
6.59
4.95
0.60
-3.85
-5.78
-4.15
-0.09
3.84
5.18
3.08
-1.22
-5.12
-6.21
-3.71
1.07
5.51
7.19
5.23
0.82
-3.57
-5.50
-4.05
-0.27
3.48
4.87
3.02
-1.07
-5.02
-6.54
-4.75
-0.71
3.22
4.70
2.90
-1.13
-5.03
-6.51
-4.69
-0.62
3.35
4.97
3.37
-0.48
-4.29
-5.84
-4.19
-0.23
3.85
5.81
4.68
1.21
-2.52
-4.33
-3.21
0.11
3.59
5.11
3.69
0.08
-3.70
-5.50
-4.35
-0.94
2.70
4.45
3.35
0.14
-3.18
-4.53
-2.97
0.73
4.49
6.14
4.73
1.08
-2.70
-4.47
-3.25
0.17
3.67
5.08
3.45
-0.48
-4.55
-6.47
-5.10
-1.11
3.37
5.92
5.18
1.63
-2.71
-5.44
-5.13
-2.12
1.68
4.00
3.53
0.69
-2.67
-4.40
-3.37
-0.12
3.48
5.30
4.24
0.82
-3.09
-5.31
-4.56
-1.25
2.78
5.27
4.82
1.72
-2.25
-4.73
-4.20
-0.83
3.54
6.50
6.46
3.53
-0.56
-3.44
-3.48
-0.68
3.30
6.23
6.52
4.12
0.43
-2.45
-2.97
-1.00
2.20
4.68
4.95
2.86
-0.34
-2.65
-2.46
0.45
4.78
8.40
9.55
7.88
4.67
2.16
2.22
5.23
9.77
13.46
14.35
12.11
8.27
5.35
5.34
8.52
13.26
16.97
17.59
14.76
10.05
6.04
4.82
6.88
10.76
14.01
14.53
11.77
7.05
2.80
1.19
2.85
6.51
9.67
10.13
7.18
2.12
-2.42
-4.06
-2.01
2.37
6.41
7.61
5.13
0.25
-4.33
-6.05
-4.03
0.45
4.62
5.91
3.32
-1.84
-6.71
-8.50
-6.14
-0.92
4.21
6.29
4.11
-1.07
-6.17
-8.18
-5.90
-0.72
4.19
5.82
3.13
-2.33
-7.30
-8.87
-6.22
-1.18
2.87
3.10
-1.14
-7.85
-13.55
-15.31
-12.40
-6.69
-1.55
0.09
-2.70
-8.33
-13.67
-15.84
-13.88
-9.30
-5.21
-4.59
-8.51
-15.52
-22.46
-26.24
-25.66
-22.17
-18.98
-19.24
-24.11
-32.07
-39.78
-44.10
-43.93
-40.93
-38.50
-39.84
-45.99
-55.27
-64.23
-69.70
-70.60
-68.59
-67.06
-69.18
-76.06
-86.07
-95.85
-102.17
-103.85
-102.41
-101.12
-103.10
-109.39
-118.27
-126.22
-129.87
-127.94
-121.95
-115.18
-110.51
-108.55
-107.04
-102.02
-90.08
-70.42
-45.54
-20.07
1.43
16.57
25.78
31.59
36.71
42.31
47.47
50.09
48.63
43.68
38.27
36.86
43.16
58.40
80.49
104.93
126.92
143.38
153.98
160.62
165.72
170.32
173.35
172.30
165.00
151.44
134.23
117.65
105.48
99.10
96.85
95.05
90.23
81.07
69.07
57.61
49.94
47.23
47.98
48.82
46.59
40.11
30.81
21.94
16.64
16.10
18.90
21.76
21.49
16.87
9.33
2.23
-1.17
0.40
5.38
10.27
11.68
8.32
1.73
-4.58
-7.27
-5.12
0.25
5.37
7.02
4.13
-1.63
-6.80
-8.26
-4.98
1.31
7.12
9.24
6.54
0.60
-5.23
-7.74
-5.71
-0.59
4.35
5.99
3.13
-2.76
-8.44
-10.71
-8.36
-2.90
2.35
4.17
1.34
-4.64
-10.39
-12.58
-9.88
-3.74
2.46
5.30
3.32
-2.20
-7.95
-10.52
-8.38
-2.75
3.12
5.91
4.12
-1.07
-6.46
-8.75
-6.48
-0.90
4.72
7.07
4.68
-1.14
-7.13
-9.91
-7.96
-2.47
3.37
6.22
4.54
-0.56
-6.03
-8.64
-6.89
-1.85
3.48
5.98
4.16
-0.94
-6.36
-8.97
-7.23
-2.12
3.41
6.18
4.56
-0.56
-6.31
-9.43
-8.23
-3.48
2.05
5.22
4.29
-0.08
-5.25
-8.16
-7.19
-2.99
1.87
4.50
3.38
-0.79
-5.55
-8.10
-7.01
-2.95
1.68
4.21
3.26
-0.49
-4.70
-6.78
-5.38
-1.19
3.41
5.71
4.27
-0.24
-5.40
-8.31
-7.35
-3.05
2.10
5.12
4.27
0.05
-5.03
-7.91
-6.79
-2.16
3.38
6.67
5.81
1.28
-4.37
-7.92
-7.44
-3.30
1.98
5.30
4.75
0.73
-4.34
-7.39
-6.53
-2.16
3.24
6.60
5.96
1.68
-3.80
-7.36
-6.99
-2.93
2.43
5.95
5.54
1.38
-4.22
-8.06
-8.04
-4.25
0.93
4.38
3.98
-0.04
-5.32
-8.70
-8.12
-3.85
1.59
5.04
4.46
0.22
-5.18
-8.51
-7.75
-3.23
2.49
6.23
5.91
1.81
-3.64
-7.26
-6.99
-3.03
2.22
5.69
5.37
1.57
-3.30
-6.12
-4.95
-0.22
5.48
8.92
8.10
3.40
-2.66
-6.81
-6.94
-3.28
1.80
5.19
4.85
0.91
-4.39
-8.04
-8.02
-4.41
0.61
4.09
4.04
0.52
-4.34
-7.66
-7.45
-3.86
0.98
4.20
3.89
0.22
-4.70
-8.00
-7.77
-4.13
0.87
4.38
4.44
1.03
-3.91
-7.59
-7.94
-4.77
0.07
3.80
4.22
1.03
-3.99
-7.88
-8.25
-4.64
1.09
5.81
6.91
3.76
-1.82
-6.62
-7.88
-4.93
0.41
4.88
5.71
2.24
-3.67
-8.68
-9.94
-6.64
-0.58
4.94
6.96
4.49
-0.98
-6.34
-8.66
-6.81
-2.14
2.41
4.00
1.58
-3.54
-8.38
-10.09
-7.62
-2.38
2.62
4.48
2.12
-3.09
-8.07
-9.87
-7.27
-1.61
4.09
6.74
4.94
-0.26
-5.96
-9.07
-7.98
-3.52
1.63
4.47
3.38
-0.97
-5.92
-8.49
-7.05
-2.38
2.82
5.51
4.08
-0.61
-5.74
-8.14
-6.18
-0.82
4.99
7.92
6.26
0.89
-5.22
-8.73
-7.81
-3.29
1.97
4.73
3.28
-1.59
-6.98
-9.64
-7.77
-2.21
4.09
7.64
6.47
1.17
-5.33
-9.49
-9.12
-4.66
1.12
4.75
4.12
-0.36
-5.93
-9.23
-8.30
-3.74
1.64
4.59
3.35
-1.31
-6.52
-9.06
-7.29
-2.11
3.53
6.35
4.63
-0.78
-6.93
-10.33
-8.93
-3.29
3.68
8.32
8.21
3.54
-3.05
-7.81
-8.14
-3.96
2.15
6.49
6.36
1.65
-5.02
-9.84
-10.02
-5.46
1.18
6.05
6.38
2.12
-4.03
-8.12
-7.35
-1.74
5.77
11.00
10.99
5.71
-1.71
-6.76
-6.13
0.31
9.30
16.11
17.24
12.50
5.20
0.37
1.65
9.22
19.51
27.34
28.92
24.08
16.49
11.61
13.45
22.38
34.82
45.48
50.36
49.00
44.66
42.35
45.82
55.50
68.28
79.63
86.25
88.03
88.04
90.65
98.85
112.54
128.58
142.77
152.32
157.49
161.42
168.36
181.08
199.28
219.66
237.85
250.83
258.55
263.95
271.10
282.77
298.74
315.85
329.73
337.19
337.78
333.83
328.70
324.55
320.87
314.62
302.04
280.83
251.63
217.79
183.64
152.23
123.96
96.79
67.95
35.98
2.00
-30.58
-57.87
-77.63
-90.63
-100.41
-111.48
-127.20
-148.22
-172.58
-197.10
-219.50
-239.74
-259.94
-282.85
-309.83
-339.56
-368.17
-390.98
-404.69
-408.98
-406.43
-400.83
-395.09
-389.59
-382.33
-370.33
-351.86
-327.73
-301.23
-276.53
-256.51
-241.36
-228.65
-214.89
-197.67
-177.11
-155.80
-137.24
-123.80
-115.27
-109.12
-101.94
-91.61
-78.47
-65.15
-54.87
-49.46
-48.23
-48.31
-46.34
-40.41
-31.16
-21.45
-14.64
-12.67
-14.92
-18.57
-20.10
-17.39
-10.83
-3.16
2.13
2.79
-0.86
-6.13
-9.55
-8.85
-4.28
1.53
5.29
4.92
0.91
-4.08
-6.76
-5.28
-0.26
5.46
8.63
7.44
2.64
-2.97
-6.17
-5.18
-0.70
4.54
7.39
6.14
1.46
-4.01
-7.22
-6.44
-2.27
2.78
5.70
4.83
0.68
-4.26
-7.07
-6.05
-1.69
3.52
6.64
5.92
1.79
-3.39
-6.73
-6.50
-3.10
1.22
3.78
3.01
-0.63
-4.89
-7.16
-5.96
-1.84
2.85
5.39
4.19
-0.26
-5.68
-9.25
-9.24
-5.96
-1.59
1.13
0.45
-3.35
-8.16
-11.32
-11.15
-7.93
-3.77
-1.22
-1.82
-5.17
-9.25
-11.60
-10.84
-7.46
-3.52
-1.36
-2.32
-5.84
-9.91
-12.14
-11.17
-7.41
-2.80
0.40
0.81
-1.31
-4.33
-6.27
-5.92
-3.59
-0.69
1.03
0.62
-1.60
-4.31
-5.94
-5.60
-3.54
-0.83
1.24
1.89
1.18
-0.18
-1.22
-1.29
-0.29
1.28
2.71
3.40
3.13
2.15
1.09
0.65
1.22
2.70
4.36
5.28
4.79
2.92
0.54
-1.04
-0.86
1.14
3.94
5.96
6.04
4.03
1.05
-1.14
-1.17
1.11
4.55
7.35
8.13
6.72
4.28
2.64
3.21
6.12
10.15
13.39
14.33
12.75
9.94
7.99
8.59
12.04
17.01
21.35
23.30
22.58
20.65
19.83
21.91
26.99
33.32
38.36
40.30
39.18
36.99
36.50
39.64
46.34
54.54
61.42
65.04
65.43
64.65
65.51
69.90
77.72
86.88
94.62
99.05
100.26
100.35
102.05
107.12
115.22
124.02
130.50
132.66
130.61
126.46
122.74
120.76
119.42
115.65
106.00
88.67
64.78
38.03
13.12
-6.37
-19.31
-27.06
-32.17
-36.69
-41.00
-43.79
-43.40
-39.32
-33.26
-28.99
-30.76
-41.36
-60.66
-85.44
-110.82
-132.33
-147.75
-157.50
-163.66
-168.17
-171.41
-171.93
-167.70
-157.69
-143.09
-127.13
-113.59
-104.90
-100.97
-99.20
-96.11
-89.19
-78.36
-66.00
-55.58
-49.67
-48.47
-49.64
-49.63
-45.76
-37.78
-28.08
-20.31
-17.16
-18.75
-22.48
-24.57
-22.28
-15.62
-7.34
-1.28
-0.07
-3.53
-8.79
-12.03
-10.73
-5.10
2.02
6.92
7.15
2.97
-2.89
-6.81
-6.37
-1.72
4.52
8.78
8.67
4.36
-1.55
-5.45
-4.91
-0.05
6.42
10.85
10.74
6.23
0.02
-4.24
-4.13
0.14
5.80
9.27
8.30
3.32
-2.81
-6.45
-5.36
0.02
6.72
11.00
10.45
5.41
-1.23
-5.67
-5.38
-0.55
5.90
10.15
9.61
4.47
-2.35
-6.91
-6.52
-1.35
5.61
10.39
10.33
5.61
-0.87
-5.30
-5.18
-0.79
4.95
8.40
7.24
1.92
-4.65
-8.79
-8.18
-3.25
3.06
7.09
6.49
1.67
-4.43
-8.03
-6.74
-0.99
6.08
10.49
9.72
4.22
-2.77
-7.12
-6.15
-0.32
7.12
11.96
11.60
6.45
-0.28
-4.58
-3.96
0.99
7.05
10.35
8.65
2.71
-4.14
-7.97
-6.55
-0.72
6.12
9.95
8.50
2.52
-4.65
-8.99
-8.10
-2.61
4.26
8.62
8.10
3.22
-3.04
-6.95
-6.21
-1.32
4.83
8.70
8.15
3.69
-1.86
-5.02
-3.76
1.30
7.25
10.61
9.43
4.42
-1.48
-4.75
-3.52
1.42
7.05
9.90
8.17
2.71
-3.46
-6.90
-5.81
-0.95
4.79
8.14
7.30
2.92
-2.40
-5.57
-4.92
-1.04
3.53
5.85
4.33
-0.34
-5.54
-8.23
-6.70
-1.62
4.31
7.98
7.59
3.70
-1.16
-3.98
-3.05
1.10
6.06
9.03
8.46
4.89
0.57
-1.90
-1.11
2.43
6.50
8.57
7.20
2.86
-2.28
-5.55
-5.28
-1.74
3.04
6.41
6.58
3.67
-0.46
-3.25
-3.02
0.09
4.20
6.79
6.28
2.88
-1.49
-4.34
-4.06
-0.83
3.54
6.64
6.83
4.10
0.05
-3.08
-3.65
-1.46
2.17
5.18
5.95
4.19
1.05
-1.57
-2.12
-0.28
2.81
5.24
5.45
3.17
-0.43
-3.40
-4.10
-2.14
1.39
4.55
5.67
4.23
1.21
-1.58
-2.49
-0.96
2.09
4.88
5.72
4.04
0.72
-2.37
-3.44
-1.79
1.71
5.10
6.42
4.90
1.34
-2.28
-3.96
-2.84
0.32
3.56
4.95
3.64
0.40
-2.85
-4.14
-2.64
0.91
4.53
6.17
4.83
1.11
-3.05
-5.45
-4.81
-1.54
2.60
5.37
5.48
3.20
0.27
-1.21
-0.04
3.27
6.78
8.30
6.73
2.74
-1.48
-3.62
-2.52
1.02
4.78
6.39
4.80
0.80
-3.36
-5.34
-4.02
-0.20
3.94
6.07
5.02
1.40
-2.68
-4.85
-3.84
-0.13
4.21
6.81
6.27
2.99
-0.98
-3.20
-2.26
1.34
5.44
7.46
6.01
1.71
-3.09
-5.66
-4.52
-0.35
4.45
7.12
6.19
2.28
-2.28
-4.82
-3.91
-0.19
4.09
6.34
5.14
1.04
-3.70
-6.46
-5.72
-1.91
2.82
5.83
5.50
2.18
-2.02
-4.44
-3.47
0.51
5.26
8.03
7.20
3.22
-1.59
-4.41
-3.59
0.35
5.07
7.77
6.81
2.70
-2.26
-5.27
-4.65
-0.80
4.05
7.12
6.66
2.93
-1.94
-5.14
-4.78
-0.96
4.22
7.86
7.91
4.31
-0.92
-4.84
-5.28
-2.13
2.64
6.10
6.11
2.61
-2.36
-5.85
-5.78
-2.17
2.81
6.15
5.69
1.44
-4.39
-8.74
-9.38
-6.26
-1.51
1.79
1.44
-2.64
-8.31
-12.49
-13.01
-9.93
-5.53
-3.01
-4.64
-10.37
-17.85
-23.81
-25.94
-24.32
-21.28
-20.10
-23.04
-30.06
-38.87
-46.34
-50.33
-50.97
-50.58
-52.35
-58.41
-68.65
-80.77
-91.55
-98.80
-102.59
-105.32
-110.31
-119.99
-134.43
-151.35
-167.33
-179.87
-188.79
-196.37
-205.96
-220.00
-238.53
-259.12
-278.23
-293.28
-304.07
-312.81
-322.75
-336.04
-352.36
-368.97
-382.00
-388.54
-388.07
-382.48
-374.73
-366.86
-358.63
-347.48
-329.89
-303.48
-268.48
-227.96
-186.37
-147.49
-112.73
-80.91
-49.50
-16.64
17.38
49.99
77.79
98.65
113.14
124.53
137.25
154.72
177.85
204.92
232.98
259.74
284.88
310.02
337.31
367.66
399.55
429.27
452.50
466.32
470.46
467.25
460.17
451.87
442.94
431.73
415.92
394.16
367.40
338.64
311.62
288.87
270.49
254.28
237.21
217.33
194.95
172.57
153.45
139.63
130.74
124.04
116.10
104.69
90.12
75.01
62.76
55.54
52.98
52.31
50.10
44.12
34.72
24.50
16.79
13.68
14.77
17.48
18.58
16.01
10.06
3.09
-1.83
-2.79
-0.07
4.00
6.51
5.57
1.46
-3.63
-6.86
-6.40
-2.56
2.40
5.58
5.07
1.10
-4.14
-7.69
-7.62
-4.05
0.88
4.33
4.42
1.26
-3.12
-6.07
-5.83
-2.60
1.62
4.29
3.76
0.30
-4.13
-6.98
-6.58
-3.15
1.32
4.25
3.93
0.50
-4.09
-7.20
-7.08
-3.88
0.43
3.27
2.95
-0.30
-4.52
-7.16
-6.62
-3.17
1.23
4.10
3.91
0.92
-3.02
-5.51
-5.06
-1.89
2.15
4.72
4.31
1.16
-2.93
-5.53
-5.11
-1.84
2.43
5.28
5.09
1.97
-2.32
-5.38
-5.54
-2.83
1.06
3.78
3.67
0.72
-3.43
-6.42
-6.52
-3.64
0.67
4.02
4.67
2.41
-1.32
-4.23
-4.59
-2.23
1.44
4.15
4.19
1.36
-2.85
-6.11
-6.61
-4.10
-0.12
2.92
3.14
0.33
-3.94
-7.20
-7.50
-4.62
-0.17
3.42
4.21
1.99
-1.78
-4.79
-5.37
-3.34
-0.07
2.41
2.65
0.55
-2.65
-5.08
-5.35
-3.25
0.13
3.01
3.89
2.34
-0.75
-3.71
-4.91
-3.70
-0.80
2.13
3.39
2.25
-0.55
-3.29
-4.21
-2.68
0.39
3.11
3.75
1.83
-1.64
-4.66
-5.53
-3.75
-0.37
2.65
3.63
2.08
-0.97
-3.65
-4.27
-2.35
1.09
4.14
5.04
3.24
-0.34
-3.79
-5.30
-4.20
-1.34
1.47
2.51
1.17
-1.76
-4.64
-5.86
-4.79
-2.10
0.68
2.07
1.38
-0.88
-3.32
-4.48
-3.56
-0.97
1.89
3.43
2.73
0.08
-3.08
-5.02
-4.67
-2.23
0.87
2.83
2.55
0.18
-2.91
-4.94
-4.78
-2.58
0.35
2.35
2.31
0.34
-2.37
-4.21
-4.10
-2.11
0.59
2.45
2.38
0.44
-2.16
-3.70
-3.00
-0.14
3.53
6.07
6.06
3.36
-0.66
-3.90
-4.79
-3.08
-0.06
2.34
2.60
0.54
-2.60
-4.97
-5.20
-3.27
-0.41
1.60
1.48
-0.77
-3.87
-5.94
-5.61
-2.79
1.16
4.24
4.81
2.59
-1.15
-4.22
-4.77
-2.41
1.52
4.73
5.24
2.60
-1.77
-5.44
-6.41
-4.25
-0.43
2.65
3.00
0.33
-3.77
-6.77
-6.71
-3.34
1.60
5.42
6.00
3.04
-1.66
-5.32
-5.79
-2.82
1.77
5.19
5.39
2.29
-2.16
-5.22
-5.06
-1.85
2.32
4.82
4.00
0.21
-4.38
-7.15
-6.50
-2.82
1.85
4.94
4.84
1.73
-2.49
-5.36
-5.25
-2.25
1.87
4.69
4.55
1.51
-2.64
-5.43
-5.21
-2.16
1.80
4.11
3.16
-0.72
-5.33
-7.95
-6.92
-2.69
2.39
5.47
4.85
1.03
-3.62
-6.24
-5.16
-0.89
4.16
7.12
6.35
2.38
-2.45
-5.29
-4.50
-0.60
3.99
6.44
5.11
0.58
-4.73
-7.89
-7.25
-3.36
1.37
4.09
3.25
-0.52
-4.83
-6.93
-5.40
-1.01
3.73
5.98
4.32
-0.44
-5.71
-8.52
-7.28
-2.63
2.83
6.13
5.54
1.61
-3.19
-5.86
-4.68
-0.25
4.83
7.57
6.33
1.81
-3.35
-6.10
-4.88
-0.50
4.25
6.28
4.12
-1.27
-6.89
-9.57
-7.76
-2.50
3.11
5.83
4.12
-1.00
-6.46
-8.99
-7.08
-1.78
3.79
6.40
4.60
-0.49
-5.78
-8.05
-5.87
-0.40
5.23
7.88
6.17
1.20
-3.99
-6.36
-4.56
0.25
5.10
7.03
4.81
-0.40
-5.66
-8.00
-6.15
-1.22
3.92
6.30
4.64
-0.09
-5.07
-7.37
-5.65
-0.89
4.10
6.38
4.62
-0.17
-5.19
-7.52
-5.86
-1.26
3.48
5.57
3.80
-0.74
-5.30
-7.22
-5.35
-0.84
3.69
5.68
4.09
-0.02
-4.14
-5.79
-3.99
0.19
4.18
5.50
3.18
-1.67
-6.42
-8.43
-6.58
-1.94
2.83
5.08
3.64
-0.49
-4.71
-6.46
-4.61
-0.24
4.02
5.64
3.63
-0.89
-5.30
-7.07
-5.22
-0.87
3.40
5.14
3.37
-0.84
-5.05
-6.90
-5.47
-1.84
1.65
2.77
0.80
-3.08
-6.41
-7.00
-4.19
0.67
4.96
6.37
4.19
-0.26
-4.35
-5.72
-3.56
0.90
5.17
6.92
5.27
1.30
-2.66
-4.35
-2.87
0.79
4.44
5.93
4.40
0.84
-2.58
-3.75
-1.91
1.85
5.21
6.01
3.54
-0.99
-5.11
-6.56
-4.60
-0.46
3.37
4.67
2.74
-1.17
-4.69
-5.66
-3.47
0.59
4.17
5.19
3.08
-0.92
-4.53
-5.75
-4.05
-0.65
2.24
2.71
0.28
-3.71
-6.96
-7.47
-4.79
-0.26
3.76
5.23
3.61
0.10
-3.12
-4.12
-2.41
0.90
3.78
4.52
2.70
-0.55
-3.28
-3.83
-1.83
1.58
4.36
4.80
2.47
-1.43
-4.75
-5.61
-3.52
0.33
3.67
4.53
2.41
-1.47
-4.82
-5.66
-3.48
0.49
3.99
5.10
3.32
-0.17
-3.26
-4.20
-2.54
0.59
3.24
3.80
1.92
-1.31
-4.03
-4.73
-3.05
-0.03
2.52
3.08
1.25
-1.98
-4.81
-5.59
-3.85
-0.47
2.66
3.82
2.44
-0.62
-3.51
-4.49
-3.01
0.05
2.88
3.82
2.35
-0.64
-3.38
-4.27
-2.76
0.32
3.26
4.46
3.31
0.53
-2.25
-3.41
-2.27
0.46
3.08
3.93
2.31
-1.02
-4.29
-5.72
-4.55
-1.53
1.52
2.80
1.51
-1.64
-4.87
-6.32
-5.13
-1.91
1.57
3.41
2.68
-0.13
-3.31
-4.95
-3.98
-0.91
2.55
4.40
3.61
0.64
-2.71
-4.46
-3.52
-0.40
3.07
4.89
4.01
0.94
-2.50
-4.29
-3.37
-0.25
3.29
5.26
4.63
1.91
-1.19
-2.76
-1.80
1.13
4.28
5.69
4.34
0.76
-3.23
-5.52
-4.93
-1.83
1.97
4.29
3.81
0.81
-2.90
-5.10
-4.46
-1.34
2.36
4.32
3.23
-0.43
-4.57
-6.76
-5.67
-1.84
2.54
5.00
4.24
0.79
-3.27
-5.56
-4.81
-1.52
2.35
4.59
3.98
1.00
-2.52
-4.53
-3.92
-1.22
1.76
3.02
1.56
-1.98
-5.65
-7.27
-5.76
-1.75
2.71
5.36
4.89
1.76
-2.11
-4.47
-4.00
-1.07
2.52
4.61
3.94
0.89
-2.70
-4.65
-3.70
-0.23
3.86
6.31
5.70
2.35
-1.86
-4.55
-4.25
-1.21
2.72
5.13
4.49
1.02
-3.37
-6.22
-5.93
-2.71
1.51
4.30
4.09
1.14
-2.65
-4.88
-4.12
-0.78
3.13
5.23
4.16
0.43
-3.84
-6.20
-5.27
-1.58
2.70
5.02
3.98
0.09
-4.40
-6.88
-5.85
-1.82
2.93
5.72
4.98
1.15
-3.53
-6.31
-5.57
-1.71
3.03
5.90
5.24
1.43
-3.31
-6.21
-5.58
-1.81
2.84
5.61
4.83
0.98
-3.63
-6.21
-5.15
-1.01
3.82
6.51
5.49
1.32
-3.61
-6.49
-5.75
-1.92
2.72
5.49
4.85
1.31
-2.93
-5.32
-4.43
-0.86
3.12
4.95
3.32
-1.04
-5.63
-7.73
-5.95
-1.15
3.98
6.49
4.89
0.06
-5.23
-7.91
-6.39
-1.50
3.96
6.90
5.70
1.14
-4.03
-6.75
-5.39
-0.72
4.51
7.24
5.85
1.16
-4.13
-6.91
-5.56
-0.91
4.26
6.82
5.13
0.07
-5.50
-8.36
-6.82
-1.72
4.01
7.17
6.05
1.48
-3.72
-6.37
-4.85
-0.00
5.34
8.08
6.60
1.72
-3.77
-6.80
-5.72
-1.30
3.74
6.40
5.05
0.45
-4.73
-7.47
-6.14
-1.52
3.62
6.19
4.60
-0.28
-5.63
-8.28
-6.62
-1.57
3.96
6.80
5.41
0.77
-4.23
-6.46
-4.48
0.61
5.85
8.15
6.18
1.07
-4.17
-6.46
-4.48
0.57
5.62
7.56
5.07
-0.60
-6.25
-8.67
-6.41
-0.78
5.01
7.65
5.67
0.29
-5.31
-7.88
-5.96
-0.79
4.50
6.78
4.73
-0.37
-5.45
-7.43
-5.04
0.35
5.61
7.62
5.12
-0.52
-6.03
-8.12
-5.45
0.50
6.29
8.43
5.54
-0.88
-7.16
-9.71
-7.12
-1.08
4.62
6.41
3.16
-3.21
-8.78
-10.07
-6.13
0.83
6.81
8.45
4.92
-1.50
-6.91
-8.08
-4.31
2.11
7.31
8.15
3.98
-2.96
-8.83
-10.45
-7.05
-0.67
5.02
6.97
4.45
-0.60
-4.77
-5.31
-1.81
3.59
7.59
7.78
4.15
-0.93
-4.19
-3.48
0.86
6.17
9.15
7.77
2.55
-3.76
-7.78
-7.37
-2.87
3.16
7.42
7.65
3.86
-1.80
-6.26
-7.20
-4.41
0.23
3.81
4.14
0.97
-3.81
-7.30
-7.27
-3.55
1.90
6.06
6.63
3.40
-1.74
-5.86
-6.66
-3.83
0.87
4.73
5.56
3.01
-1.34
-4.91
-5.56
-2.89
1.56
5.23
5.96
3.32
-1.21
-4.98
-5.79
-3.12
1.52
5.51
6.66
4.47
0.38
-3.13
-4.07
-2.07
1.45
4.20
4.35
1.63
-2.58
-6.01
-6.84
-4.65
-0.70
2.76
3.82
1.88
-1.93
-5.33
-6.25
-3.98
0.35
4.40
5.91
4.06
-0.03
-3.94
-5.37
-3.50
0.54
4.33
5.63
3.69
-0.35
-4.12
-5.43
-3.56
0.39
4.09
5.45
3.75
0.06
-3.39
-4.56
-2.75
1.05
4.61
5.90
4.11
0.17
-3.79
-5.61
-4.38
-0.89
2.75
4.39
3.07
-0.42
-3.97
-5.42
-3.87
-0.19
3.40
4.78
3.08
-0.71
-4.37
-5.78
-4.13
-0.40
3.26
4.80
3.42
0.03
-3.32
-4.64
-3.14
0.31
3.68
4.94
3.27
-0.47
-4.12
-5.49
-3.60
0.65
4.95
6.86
5.22
0.85
-3.90
-6.45
-5.46
-1.64
2.71
5.10
4.25
0.85
-2.92
-4.71
-3.42
0.12
3.69
5.01
3.07
-1.19
-5.43
-7.33
-5.82
-1.81
2.41
4.52
3.44
-0.01
-3.70
-5.33
-3.90
-0.20
3.61
5.31
3.88
0.16
-3.67
-5.30
-3.65
0.50
4.92
7.18
6.06
2.20
-2.21
-4.71
-3.96
-0.49
3.56
5.77
4.77
1.09
-3.15
-5.53
-4.69
-1.23
2.73
4.78
3.69
0.14
-3.68
-5.32
-3.62
0.66
5.18
7.45
6.15
1.98
-2.80
-5.60
-5.04
-1.69
2.27
4.38
3.29
-0.39
-4.46
-6.41
-4.92
-0.67
4.00
6.51
5.52
1.70
-2.63
-4.91
-3.87
-0.23
3.73
5.57
4.11
0.14
-4.10
-6.15
-4.86
-0.96
3.26
5.38
4.20
0.39
-3.82
-5.96
-4.77
-0.95
3.28
5.42
4.15
0.13
-4.34
-6.72
-5.63
-1.75
2.63
4.90
3.69
-0.37
-4.93
-7.37
-6.28
-2.29
2.26
4.74
3.72
-0.13
-4.43
-6.48
-4.90
-0.42
4.46
6.99
5.77
1.53
-3.17
-5.54
-4.17
0.14
4.82
7.13
5.66
1.24
-3.57
-6.04
-4.81
-0.76
3.58
5.53
3.86
-0.52
-5.05
-7.07
-5.36
-0.91
3.69
5.74
4.03
-0.43
-4.96
-6.76
-4.57
0.55
5.81
8.22
6.40
1.39
-3.88
-6.29
-4.37
0.83
6.30
8.84
6.94
1.73
-3.76
-6.36
-4.69
0.07
4.86
6.69
4.37
-0.77
-5.69
-7.51
-5.18
-0.08
4.77
6.52
4.18
-0.86
-5.66
-7.35
-4.90
0.34
5.36
7.26
4.88
-0.47
-5.76
-8.00
-5.93
-0.78
4.44
6.76
4.92
0.09
-4.84
-6.95
-5.03
-0.22
4.67
6.84
5.13
0.69
-3.69
-5.26
-2.91
2.02
6.52
7.65
4.38
-1.75
-7.31
-9.04
-5.78
0.75
6.83
8.97
5.99
-0.31
-6.17
-8.09
-5.01
1.12
6.48
7.70
3.93
-2.76
-8.47
-9.85
-6.00
1.01
7.30
9.55
6.75
0.80
-4.64
-6.33
-3.29
2.58
7.65
8.80
5.23
-1.08
-6.46
-7.80
-4.42
1.58
6.48
7.22
3.22
-3.33
-8.61
-9.53
-5.50
1.17
6.65
7.75
3.85
-2.88
-8.64
-10.25
-6.87
-0.48
5.28
7.34
4.85
-0.36
-4.92
-5.98
-2.90
2.40
6.62
7.10
3.43
-2.34
-6.82
-7.37
-3.62
2.26
6.82
7.42
3.73
-2.05
-6.50
-6.97
-3.17
2.65
7.06
7.47
3.60
-2.38
-7.08
-7.89
-4.42
1.27
5.91
6.93
3.90
-1.28
-5.46
-6.10
-2.76
2.61
6.82
7.38
3.92
-1.54
-5.80
-6.32
-2.84
2.47
6.34
6.32
2.24
-3.63
-7.96
-8.31
-4.57
1.01
5.15
5.49
1.92
-3.40
-7.30
-7.47
-3.76
1.70
5.81
6.28
2.97
-2.05
-5.68
-5.68
-1.93
3.39
7.18
7.18
3.39
-1.95
-5.62
-5.46
-1.55
3.73
7.18
6.69
2.51
-2.97
-6.56
-6.18
-2.12
3.14
6.44
5.72
1.32
-4.29
-7.80
-7.07
-2.32
3.91
8.22
8.28
4.15
-1.74
-6.00
-6.25
-2.49
2.95
6.82
6.87
3.20
-1.88
-5.19
-4.68
-0.61
4.56
7.65
6.66
1.96
-3.93
-7.78
-7.53
-3.50
1.85
5.36
4.97
0.97
-4.27
-7.64
-7.16
-3.09
2.20
5.68
5.37
1.57
-3.39
-6.48
-5.76
-1.57
3.73
7.14
6.76
3.00
-1.80
-4.73
-4.01
-0.17
4.40
6.80
5.37
0.70
-4.73
-7.89
-7.05
-2.68
2.77
6.30
6.06
2.37
-2.49
-5.64
-5.28
-1.77
2.71
5.37
4.60
0.85
-3.62
-6.09
-5.04
-1.03
3.60
6.14
5.13
1.16
-3.46
-6.06
-5.24
-1.62
2.53
4.65
3.41
-0.49
-4.72
-6.70
-5.12
-0.70
4.19
6.88
5.98
2.13
-2.38
-4.91
-3.98
-0.09
4.63
7.63
7.47
4.52
0.68
-1.77
-1.56
0.94
3.91
5.30
4.06
0.82
-2.53
-3.91
-2.37
1.36
5.18
6.87
5.40
1.59
-2.39
-4.12
-2.42
2.06
7.13
10.32
10.31
7.63
4.36
2.85
4.45
8.64
13.38
16.27
15.91
12.72
8.64
6.05
6.38
9.33
13.00
15.08
14.17
10.64
6.38
3.69
3.97
6.87
10.50
12.58
11.70
8.25
4.05
1.42
1.76
4.79
8.65
11.03
10.45
7.08
2.60
-0.73
-1.38
0.58
3.54
5.34
4.52
1.20
-2.96
-5.73
-5.61
-2.74
1.15
3.73
3.46
0.44
-3.62
-6.43
-6.42
-3.68
0.08
2.61
2.40
-0.43
-4.19
-6.60
-6.14
-2.92
1.27
4.05
3.74
0.38
-4.36
-7.96
-8.60
-6.16
-2.29
0.48
0.24
-3.20
-8.19
-12.17
-13.13
-10.88
-7.06
-4.20
-4.21
-7.25
-11.68
-15.02
-15.49
-13.08
-9.64
-7.73
-9.16
-13.90
-20.07
-24.97
-26.66
-25.07
-22.09
-20.46
-22.22
-27.57
-34.74
-40.94
-44.03
-43.75
-41.91
-41.33
-44.27
-51.05
-59.88
-67.86
-72.64
-73.84
-73.26
-73.83
-77.81
-85.54
-95.09
-103.40
-108.13
-108.96
-107.83
-107.70
-110.71
-116.92
-124.18
-129.30
-129.91
-125.70
-118.45
-110.73
-104.20
-98.46
-91.17
-79.42
-61.56
-38.46
-13.40
9.34
26.34
36.40
40.82
42.32
43.42
45.17
46.93
47.43
46.21
44.61
45.65
52.72
67.62
89.42
114.42
137.70
155.16
165.11
168.64
168.49
167.17
165.53
162.46
155.98
144.84
129.76
113.55
99.77
90.91
87.10
85.94
83.93
78.38
68.93
57.68
47.92
42.16
40.70
41.48
41.41
38.11
31.39
23.29
16.78
14.07
15.20
18.06
19.64
17.79
12.42
5.61
0.33
-1.19
1.17
5.43
8.60
8.38
4.51
-1.12
-5.54
-6.42
-3.44
1.46
5.26
5.51
1.88
-3.68
-8.07
-8.78
-5.46
-0.08
4.19
4.90
1.74
-3.29
-7.09
-7.29
-3.74
1.44
5.09
4.94
0.92
-4.75
-8.81
-8.87
-4.85
0.98
5.33
5.70
1.97
-3.63
-7.78
-8.01
-4.19
1.40
5.40
5.41
1.35
-4.41
-8.46
-8.34
-4.04
1.97
6.22
6.23
1.99
-4.06
-8.41
-8.55
-4.41
1.60
5.96
6.13
1.97
-4.17
-8.76
-9.23
-5.38
0.40
4.62
4.69
0.50
-5.50
-9.70
-9.52
-5.01
1.17
5.25
4.69
-0.33
-6.95
-11.26
-10.67
-5.44
1.47
6.09
5.82
0.88
-5.80
-10.29
-9.97
-5.00
1.81
6.65
6.90
2.64
-3.41
-7.52
-7.16
-2.48
3.65
7.45
6.42
0.90
-6.04
-10.38
-9.60
-4.11
2.81
6.98
5.77
-0.32
-7.89
-12.63
-11.86
-6.07
1.34
6.08
5.50
0.09
-6.75
-10.79
-9.45
-3.31
4.15
8.67
7.71
1.92
-5.18
-9.29
-7.89
-1.72
5.55
9.56
7.78
1.05
-6.85
-11.42
-10.05
-3.57
4.20
8.75
7.43
1.07
-6.52
-10.83
-9.29
-2.82
4.73
8.88
7.13
0.49
-7.13
-11.28
-9.57
-3.07
4.26
8.04
6.03
-0.50
-7.54
-10.79
-8.16
-1.15
6.11
9.33
6.61
-0.37
-7.42
-10.27
-7.16
0.07
7.13
9.82
6.52
-0.83
-7.91
-10.53
-7.13
0.29
7.41
10.04
6.62
-0.88
-8.16
-11.04
-7.88
-0.62
6.42
9.02
5.59
-1.97
-9.29
-12.12
-8.85
-1.47
5.63
8.24
4.89
-2.34
-9.02
-11.05
-7.11
0.54
7.41
9.45
5.43
-2.32
-9.31
-11.52
-7.76
-0.37
6.24
8.16
4.34
-2.85
-8.96
-10.19
-5.61
2.22
8.74
10.08
5.42
-2.57
-9.26
-10.75
-6.26
1.47
7.73
8.71
3.71
-4.42
-10.94
-11.99
-6.95
1.25
7.81
8.93
4.03
-3.94
-10.19
-10.98
-5.82
2.26
8.42
8.96
3.44
-5.12
-11.96
-13.39
-8.96
-1.58
4.21
4.99
0.41
-6.63
-11.77
-11.75
-6.40
1.29
6.92
7.27
2.20
-5.34
-10.93
-11.33
-6.30
1.30
7.15
8.07
3.78
-3.00
-8.13
-8.56
-4.07
2.61
7.43
7.47
2.60
-4.42
-9.55
-9.83
-5.11
1.86
7.07
7.57
3.15
-3.56
-8.62
-9.15
-4.89
1.58
6.43
6.85
2.64
-3.65
-8.25
-8.45
-4.12
2.11
6.52
6.41
1.72
-4.96
-9.85
-10.28
-6.12
0.11
4.75
5.14
1.09
-4.98
-9.56
-10.03
-6.20
-0.41
3.93
4.30
0.57
-4.91
-8.75
-8.52
-4.24
1.56
5.43
4.96
0.29
-5.98
-10.27
-10.11
-5.60
0.67
5.14
5.38
1.39
-4.37
-8.52
-8.70
-4.89
0.60
4.61
4.93
1.54
-3.37
-6.81
-6.69
-3.07
1.87
5.19
4.90
1.13
-3.86
-7.10
-6.55
-2.33
3.26
7.19
7.31
3.72
-1.41
-5.11
-5.32
-2.10
2.46
5.53
5.20
1.57
-3.29
-6.65
-6.62
-3.31
1.26
4.42
4.27
0.88
-3.77
-6.98
-6.78
-3.11
2.08
6.06
6.76
4.04
-0.21
-3.26
-3.03
0.63
5.86
9.94
10.83
8.45
4.66
2.23
3.20
7.67
13.75
18.72
20.55
19.13
16.33
14.90
16.92
22.57
30.10
36.84
40.79
41.70
41.27
42.03
45.96
53.25
62.23
70.46
76.11
79.16
81.35
85.23
92.67
103.73
116.60
128.71
138.21
145.12
151.22
159.13
170.69
185.85
202.73
218.65
231.64
241.56
250.02
259.49
271.68
286.61
302.41
316.31
326.14
331.28
332.74
332.37
331.50
329.87
325.67
316.38
300.15
276.87
248.17
216.75
184.94
153.82
123.01
91.43
58.50
24.99
-6.97
-34.78
-56.69
-72.75
-84.95
-96.31
-109.56
-125.97
-145.16
-165.63
-186.03
-206.04
-226.62
-249.38
-275.35
-304.02
-333.13
-359.38
-379.82
-393.02
-399.60
-401.51
-400.81
-398.42
-393.62
-384.67
-370.13
-350.00
-326.24
-301.94
-279.91
-261.44
-245.78
-230.81
-214.48
-195.97
-176.31
-157.74
-142.36
-131.00
-122.63
-115.00
-105.85
-94.16
-80.77
-67.86
-57.77
-51.65
-48.82
-47.08
-44.00
-38.21
-30.26
-22.21
-16.38
-14.01
-14.44
-15.55
-15.00
-11.65
-6.26
-1.03
1.73
0.98
-2.35
-5.90
-7.24
-5.23
-0.80
3.70
5.76
4.18
-0.18
-4.93
-7.41
-6.28
-2.30
2.09
4.15
2.55
-1.92
-6.69
-8.91
-7.13
-2.26
3.06
5.88
4.72
0.41
-4.40
-6.78
-5.30
-0.83
4.04
6.45
5.02
0.58
-4.25
-6.65
-5.19
-0.73
4.18
6.70
5.42
1.12
-3.67
-6.14
-4.87
-0.70
3.84
5.95
4.31
-0.19
-4.90
-7.02
-5.30
-0.81
3.71
5.46
3.26
-1.75
-6.72
-8.83
-6.93
-2.29
2.19
3.60
0.81
-4.93
-10.65
-13.35
-11.73
-6.95
-1.96
0.22
-1.75
-6.80
-11.97
-14.27
-12.35
-7.35
-2.26
-0.07
-2.02
-6.87
-11.51
-12.94
-10.01
-4.19
1.28
3.31
0.74
-4.90
-10.28
-12.27
-9.64
-3.83
1.95
4.66
3.05
-1.58
-6.20
-7.92
-5.63
-0.64
4.13
5.87
3.60
-1.27
-5.61
-6.56
-3.19
2.83
8.16
9.74
6.60
0.52
-4.94
-6.59
-3.43
2.67
8.09
9.65
6.43
0.37
-4.93
-6.38
-3.14
2.80
7.97
9.42
6.49
1.11
-3.28
-3.84
0.01
6.25
11.44
12.75
9.58
3.95
-0.66
-1.35
2.51
8.88
14.29
15.83
12.91
7.61
3.48
3.46
8.14
15.37
21.58
23.82
21.49
16.73
13.11
13.58
18.75
26.47
33.21
36.09
34.59
30.87
28.50
30.36
36.96
46.06
54.12
58.30
58.19
56.06
55.49
59.21
67.49
77.91
86.85
91.62
92.06
90.64
91.01
95.80
105.00
115.91
124.67
128.48
127.21
123.37
120.57
121.26
125.04
128.65
127.59
118.59
101.28
78.47
54.64
33.67
17.11
3.92
-8.19
-20.81
-33.45
-43.60
-48.26
-45.92
-38.00
-28.58
-22.71
-24.17
-33.81
-49.50
-67.59
-84.91
-100.38
-114.96
-130.34
-147.06
-163.41
-175.87
-180.79
-176.49
-164.47
-148.85
-134.48
-124.54
-119.21
-115.96
-111.29
-102.95
-91.24
-78.84
-69.05
-63.90
-62.84
-63.11
-61.33
-55.46
-46.09
-36.05
-28.76
-26.27
-27.95
-30.87
-31.49
-27.65
-19.87
-11.05
-4.70
-2.99
-5.40
-9.17
-10.94
-8.72
-3.13
3.07
6.65
5.84
1.37
-3.92
-6.78
-5.41
-0.48
5.22
8.47
7.41
2.70
-2.94
-6.19
-5.17
-0.45
5.19
8.45
7.41
2.66
-3.07
-6.47
-5.71
-1.40
3.71
6.49
5.30
0.93
-3.90
-6.15
-4.30
0.72
6.13
8.90
7.58
3.03
-1.99
-4.47
-2.89
1.92
7.21
9.94
8.49
3.64
-1.92
-5.06
-4.08
0.35
5.53
8.38
7.26
2.87
-2.13
-4.73
-3.39
1.10
6.06
8.59
7.26
2.98
-1.65
-3.81
-2.20
2.29
7.06
9.39
8.00
3.71
-1.04
-3.66
-2.89
0.53
4.27
5.85
4.07
-0.26
-4.74
-6.79
-5.15
-0.63
4.28
6.89
5.83
1.87
-2.54
-4.71
-3.29
0.95
5.58
7.99
6.91
3.05
-1.28
-3.62
-2.79
0.56
4.27
6.11
4.96
1.55
-2.04
-3.61
-2.10
1.73
5.73
7.63
6.25
2.34
-1.92
-4.10
-2.95
0.89
5.16
7.40
6.34
2.62
-1.61
-3.92
-3.07
0.36
4.34
6.63
6.05
3.12
-0.34
-2.31
-1.73
0.91
3.88
5.30
4.17
1.00
-2.51
-4.35
-3.41
-0.12
3.78
6.19
5.90
3.22
-0.15
-2.18
-1.68
0.91
3.91
5.35
4.26
1.21
-2.03
-3.54
-2.40
0.71
3.97
5.47
4.32
1.13
-2.28
-3.96
-2.90
0.39
4.11
6.26
5.67
2.70
-0.93
-3.09
-2.48
0.64
4.57
7.18
7.10
4.52
1.04
-1.28
-1.16
1.15
4.07
5.68
4.89
2.03
-1.32
-3.24
-2.72
-0.04
3.22
5.22
4.83
2.26
-1.08
-3.36
-3.37
-1.15
2.00
4.33
4.60
2.75
-0.02
-1.98
-1.86
0.33
3.34
5.38
5.18
2.74
-0.64
-3.04
-3.10
-0.73
2.77
5.46
5.87
3.77
0.41
-2.30
-2.82
-0.86
2.45
5.23
5.92
4.20
1.17
-1.30
-1.68
0.27
3.29
5.43
5.18
2.39
-1.49
-4.31
-4.41
-1.67
2.34
5.27
5.32
2.31
-2.13
-5.49
-5.78
-2.73
2.02
5.93
6.92
4.64
0.62
-2.60
-2.96
-0.14
4.30
7.83
8.43
5.79
1.49
-1.98
-2.60
-0.14
3.81
6.76
6.74
3.56
-1.12
-4.73
-5.23
-2.37
2.15
5.69
6.16
3.23
-1.47
-5.30
-6.10
-3.48
0.95
4.56
5.20
2.49
-1.89
-5.23
-5.36
-1.96
3.21
7.31
8.06
5.09
0.14
-3.91
-4.76
-2.00
2.67
6.48
7.25
4.62
0.33
-2.95
-3.16
-0.16
4.22
7.27
7.04
3.58
-1.12
-4.19
-3.71
0.15
5.13
8.23
7.48
3.16
-2.26
-5.64
-4.92
-0.42
5.36
9.17
8.90
4.77
-0.86
-4.80
-4.97
-1.52
3.25
6.27
5.60
1.46
-3.74
-6.87
-5.91
-1.19
4.78
8.70
8.46
4.31
-1.21
-4.84
-4.55
-0.67
4.27
7.08
5.86
1.12
-4.50
-7.78
-6.81
-2.13
3.58
7.08
6.45
2.14
-3.20
-6.34
-5.32
-0.57
5.32
9.12
8.81
4.74
-0.56
-3.95
-3.45
0.53
5.49
8.33
7.21
2.70
-2.57
-5.45
-4.18
0.50
5.74
8.30
6.46
1.09
-4.87
-8.06
-6.79
-1.94
3.48
6.14
4.28
-1.29
-7.70
-11.71
-11.60
-8.13
-4.02
-2.38
-4.81
-10.54
-16.82
-20.57
-20.24
-16.75
-13.03
-12.35
-16.34
-24.08
-32.54
-38.41
-40.06
-38.53
-36.93
-38.56
-44.97
-55.07
-65.76
-73.87
-77.98
-79.28
-80.85
-85.78
-95.45
-108.80
-122.94
-134.91
-143.35
-149.34
-155.70
-165.38
-179.73
-197.66
-216.28
-232.57
-245.13
-255.03
-265.13
-278.30
-295.57
-315.46
-334.63
-349.79
-359.48
-364.78
-368.47
-373.09
-379.18
-384.81
-386.29
-380.21
-365.11
-342.19
-314.56
-285.39
-256.30
-226.72
-194.52
-157.88
-116.82
-73.86
-33.10
1.68
28.87
49.72
67.54
85.87
106.57
129.08
151.19
170.87
187.99
204.69
224.44
250.05
281.92
317.63
352.94
383.83
408.14
426.25
440.19
452.03
462.21
469.17
470.14
462.84
447.00
424.83
400.18
376.68
356.11
337.69
318.99
297.62
272.95
246.68
222.00
201.78
186.78
175.31
164.12
150.43
133.53
115.21
98.76
86.90
80.25
76.83
73.33
66.95
57.01
45.30
34.96
28.65
26.91
27.88
28.43
26.02
20.14
12.58
6.40
4.00
5.71
9.55
12.35
11.64
7.05
0.52
-4.81
-6.49
-4.15
0.32
3.88
4.19
0.93
-4.04
-7.78
-8.06
-4.61
0.65
4.76
5.47
2.53
-2.20
-5.77
-5.98
-2.54
2.63
6.63
7.19
4.02
-1.08
-5.20
-6.19
-3.75
0.32
3.31
3.24
0.04
-4.38
-7.28
-6.79
-2.98
2.07
5.49
5.27
1.43
-3.95
-7.91
-8.31
-5.04
-0.05
3.80
4.42
1.65
-2.65
-5.71
-5.56
-2.12
2.65
5.94
5.74
1.99
-3.30
-7.25
-7.77
-4.75
-0.10
3.37
3.63
0.62
-3.79
-6.89
-6.83
-3.68
0.58
3.37
2.99
-0.38
-4.74
-7.59
-7.28
-3.98
0.43
3.56
3.82
1.33
-2.21
-4.52
-4.07
-0.97
3.10
5.84
5.69
2.69
-1.47
-4.45
-4.63
-2.02
1.69
4.25
4.12
1.45
-2.09
-4.30
-3.80
-0.85
2.77
4.91
4.27
1.16
-2.71
-5.28
-5.29
-2.96
0.12
2.03
1.55
-1.12
-4.50
-6.69
-6.42
-3.85
-0.38
2.00
2.00
-0.33
-3.56
-5.72
-5.45
-2.81
0.71
3.10
2.91
0.23
-3.48
-6.15
-6.32
-3.98
-0.52
2.05
2.27
0.08
-3.16
-5.44
-5.26
-2.55
1.28
4.14
4.41
1.93
-1.88
-4.86
-5.27
-2.88
1.03
4.30
5.25
3.56
0.43
-2.12
-2.51
-0.47
2.77
5.28
5.50
3.22
-0.36
-3.29
-3.96
-2.16
0.96
3.47
3.86
1.91
-1.27
-3.80
-4.29
-2.57
0.16
2.10
1.91
-0.48
-3.90
-6.50
-6.91
-4.97
-1.84
0.63
1.00
-0.96
-4.10
-6.52
-6.65
-4.23
-0.45
2.65
3.40
1.46
-2.04
-5.04
-5.85
-4.05
-0.75
2.06
2.79
1.11
-1.88
-4.29
-4.62
-2.57
0.73
3.39
3.92
2.01
-1.23
-3.87
-4.30
-2.10
1.64
4.94
6.03
4.40
1.03
-2.06
-3.07
-1.39
1.96
4.95
5.71
3.63
-0.26
-3.85
-5.22
-3.73
-0.46
2.51
3.28
1.23
-2.58
-6.11
-7.44
-5.94
-2.59
0.60
1.73
0.13
-3.24
-6.35
-7.22
-5.11
-1.00
2.96
4.62
3.06
-0.81
-4.76
-6.43
-4.77
-0.69
3.50
5.43
4.07
0.35
-3.38
-4.78
-2.97
0.93
4.58
5.72
3.64
-0.45
-4.12
-5.21
-3.10
0.88
4.33
5.10
2.67
-1.63
-5.27
-6.10
-3.51
1.06
5.07
6.21
3.87
-0.62
-4.62
-5.86
-3.68
0.55
4.25
5.11
2.55
-2.02
-5.93
-6.90
-4.34
0.19
4.00
4.74
1.85
-3.07
-7.17
-7.99
-4.90
0.48
5.23
6.75
4.28
-0.66
-5.20
-6.78
-4.66
-0.36
3.29
3.91
1.00
-3.68
-7.16
-7.06
-3.12
2.60
6.87
7.19
3.33
-2.53
-7.08
-7.80
-4.43
0.94
5.14
5.76
2.54
-2.52
-6.39
-6.79
-3.54
1.33
4.77
4.53
0.51
-5.09
-8.98
-8.75
-4.27
2.09
6.81
7.29
3.35
-2.56
-6.88
-7.01
-2.89
2.95
6.98
6.75
2.34
-3.64
-7.68
-7.47
-3.19
2.57
6.44
6.19
2.03
-3.56
-7.27
-6.92
-2.71
2.93
6.73
6.54
2.51
-2.88
-6.36
-5.76
-1.33
4.39
8.04
7.45
2.88
-3.06
-7.01
-6.83
-2.86
2.29
5.33
4.28
-0.38
-5.96
-9.21
-8.18
-3.45
2.24
5.60
4.68
0.06
-5.53
-8.73
-7.58
-2.63
3.28
6.78
5.85
1.04
-4.83
-8.35
-7.44
-2.67
3.14
6.59
5.71
1.13
-4.31
-7.31
-6.03
-1.24
4.16
6.91
5.32
0.23
-5.40
-8.32
-6.80
-1.71
3.95
6.86
5.23
-0.09
-6.13
-9.45
-8.14
-2.91
3.28
6.97
6.21
1.69
-3.69
-6.53
-5.00
0.05
5.64
8.47
6.86
1.77
-3.77
-6.52
-4.88
0.13
5.52
8.11
6.37
1.30
-4.14
-6.86
-5.35
-0.61
4.44
6.75
4.83
-0.32
-5.80
-8.53
-7.04
-2.37
2.55
4.70
2.70
-2.30
-7.33
-9.37
-7.11
-1.79
3.60
6.02
4.22
-0.59
-5.44
-7.37
-5.14
0.03
5.22
7.53
5.75
1.01
-3.86
-6.03
-4.32
0.11
4.49
6.07
3.74
-1.23
-6.01
-7.81
-5.56
-0.61
4.08
5.71
3.23
-1.91
-6.65
-8.08
-5.18
0.56
5.96
8.05
5.73
0.46
-4.60
-6.52
-4.21
0.88
5.69
7.35
4.86
-0.33
-5.19
-6.87
-4.42
0.70
5.41
6.93
4.34
-0.88
-5.65
-7.18
-4.58
0.57
5.20
6.56
3.84
-1.35
-5.93
-7.22
-4.56
0.36
4.51
5.36
2.41
-2.55
-6.43
-6.77
-3.12
2.59
7.24
8.24
5.07
-0.52
-5.45
-7.13
-4.88
-0.29
3.75
4.79
2.21
-2.41
-6.26
-6.98
-4.10
0.66
4.46
5.01
1.94
-2.94
-6.74
-7.21
-4.04
0.94
4.88
5.57
2.76
-1.82
-5.38
-5.76
-2.67
2.20
6.12
6.93
4.24
-0.38
-4.29
-5.33
-3.07
1.00
4.32
4.82
2.16
-2.15
-5.57
-6.08
-3.37
0.97
4.37
4.83
2.02
-2.49
-6.09
-6.76
-4.11
0.27
3.81
4.45
1.85
-2.45
-5.89
-6.44
-3.78
0.54
4.01
4.63
2.13
-1.92
-5.04
-5.28
-2.34
2.25
6.00
6.90
4.54
0.26
-3.50
-4.73
-2.94
0.54
3.39
3.66
0.98
-3.14
-6.22
-6.25
-2.96
1.97
5.85
6.57
3.83
-0.65
-4.20
-4.71
-1.95
2.38
5.64
5.86
2.88
-1.65
-5.20
-5.86
-3.43
0.51
3.57
3.91
1.32
-2.73
-5.85
-6.25
-3.61
0.61
4.05
4.78
2.45
-1.53
-4.74
-5.20
-2.56
1.69
5.04
5.44
2.55
-2.11
-5.97
-6.93
-4.53
-0.23
3.49
4.52
2.31
-1.85
-5.63
-6.92
-5.08
-1.20
2.49
3.95
2.44
-1.00
-4.19
-5.06
-2.94
1.01
4.46
5.26
2.76
-1.70
-5.56
-6.52
-3.94
0.74
4.87
6.11
3.83
-0.58
-4.46
-5.58
-3.33
0.85
4.47
5.37
3.07
-1.02
-4.43
-5.07
-2.49
1.85
5.43
6.10
3.38
-1.24
-5.15
-6.11
-3.60
0.84
4.55
5.31
2.69
-1.74
-5.29
-5.79
-2.95
1.52
4.93
5.23
2.22
-2.30
-5.69
-5.90
-2.81
1.82
5.33
5.66
2.58
-2.20
-5.98
-6.61
-3.70
1.05
4.93
5.72
2.97
-1.75
-5.68
-6.58
-4.00
0.51
4.27
5.11
2.64
-1.55
-4.77
-4.94
-1.78
2.95
6.47
6.66
3.27
-1.89
-5.93
-6.60
-3.57
1.37
5.32
6.00
3.01
-1.93
-5.99
-6.87
-4.09
0.66
4.64
5.55
2.89
-1.75
-5.64
-6.50
-3.89
0.58
4.20
4.81
2.02
-2.45
-5.84
-6.03
-2.80
2.03
5.66
5.99
2.85
-1.89
-5.42
-5.63
-2.35
2.51
6.12
6.38
3.09
-1.86
-5.61
-6.00
-2.83
1.98
5.56
5.76
2.42
-2.52
-6.15
-6.36
-3.07
1.71
5.12
5.12
1.72
-3.09
-6.48
-6.47
-3.06
1.82
5.46
5.95
3.27
-0.78
-3.66
-3.61
-0.69
3.25
5.66
4.80
0.84
-4.22
-7.57
-7.31
-3.54
1.61
5.21
5.21
1.68
-3.22
-6.51
-6.15
-2.24
3.04
6.67
6.58
2.82
-2.48
-6.37
-6.76
-3.60
1.08
4.42
4.42
1.02
-3.78
-7.11
-6.88
-3.08
2.24
6.12
6.41
3.01
-1.97
-5.52
-5.47
-1.80
3.30
6.75
6.40
2.35
-3.08
-6.72
-6.45
-2.47
2.81
6.22
5.73
1.62
-3.65
-6.92
-6.20
-1.81
3.77
7.38
6.98
2.86
-2.60
-6.24
-5.98
-1.98
3.39
6.99
6.70
2.62
-2.89
-6.67
-6.57
-2.78
2.30
5.51
4.85
0.67
-4.50
-7.51
-6.45
-1.88
3.57
6.74
5.82
1.44
-3.75
-6.63
-5.50
-1.07
3.94
6.43
4.77
-0.25
-5.88
-8.96
-7.77
-3.04
2.48
5.65
4.74
0.46
-4.53
-7.14
-5.76
-1.16
3.93
6.51
5.02
0.31
-4.87
-7.51
-6.05
-1.33
3.97
6.86
5.82
1.63
-3.15
-5.64
-4.33
0.07
5.08
7.91
7.10
3.28
-1.15
-3.46
-2.23
1.80
6.13
8.00
6.03
1.12
-4.03
-6.48
-4.80
0.03
5.12
7.37
5.29
-0.11
-5.88
-8.83
-7.47
-2.85
2.06
4.21
2.26
-2.60
-7.34
-8.93
-6.17
-0.42
5.12
7.36
5.14
-0.16
-5.34
-7.33
-4.95
0.36
5.36
7.06
4.32
-1.31
-6.55
-8.26
-5.33
0.67
6.31
8.41
5.82
0.11
-5.29
-7.18
-4.38
1.48
7.02
9.07
6.56
1.04
-4.23
-6.26
-4.11
0.60
4.74
5.58
2.44
-2.92
-7.38
-8.26
-4.96
0.67
5.44
6.67
3.69
-1.76
-6.50
-7.81
-4.87
0.63
5.56
7.13
4.47
-0.82
-5.58
-6.95
-4.06
1.51
6.61
8.39
6.00
0.98
-3.60
-5.04
-2.58
2.14
6.14
6.85
3.66
-1.74
-6.36
-7.68
-5.11
-0.30
3.82
4.76
1.96
-2.93
-7.00
-7.79
-4.77
0.32
4.52
5.38
2.43
-2.48
-6.32
-6.63
-3.04
2.47
6.82
7.55
4.35
-0.81
-4.88
-5.56
-2.64
1.93
5.32
5.44
2.20
-2.50
-5.96
-6.14
-3.00
1.66
5.16
5.50
2.51
-2.09
-5.64
-6.04
-3.02
1.76
5.64
6.43
3.76
-0.73
-4.38
-5.02
-2.30
2.10
5.54
5.91
2.98
-1.57
-5.07
-5.49
-2.56
2.06
5.73
6.39
3.65
-1.01
-5.08
-6.43
-4.50
-0.55
3.10
4.36
2.64
-0.95
-4.17
-5.08
-3.12
0.53
3.68
4.42
2.26
-1.54
-4.73
-5.40
-3.11
0.86
4.16
4.81
2.33
-1.96
-5.66
-6.61
-4.16
0.49
4.89
6.74
5.16
1.16
-2.90
-4.74
-3.46
-0.09
3.09
3.87
1.54
-2.71
-6.41
-7.28
-4.65
0.12
4.37
5.73
3.52
-0.87
-4.75
-5.80
-3.36
1.11
4.95
5.84
3.16
-1.66
-5.95
-7.31
-4.97
-0.19
4.43
6.51
5.15
1.41
-2.24
-3.47
-1.37
2.93
6.89
8.08
5.63
0.75
-3.89
-5.71
-3.81
0.53
4.61
5.91
3.61
-0.97
-5.14
-6.46
-4.16
0.41
4.65
6.20
4.30
0.16
-3.80
-5.36
-3.75
-0.07
3.37
4.46
2.50
-1.40
-4.90
-5.88
-3.59
0.74
4.62
5.76
3.30
-1.53
-6.13
-8.04
-6.28
-1.99
2.31
4.16
2.64
-1.16
-4.80
-5.98
-3.86
0.38
4.32
5.73
3.87
-0.10
-3.74
-4.81
-2.57
1.77
5.74
7.04
4.90
0.52
-3.56
-4.97
-2.87
1.52
5.60
6.91
4.58
-0.18
-4.74
-6.55
-4.66
-0.21
4.23
6.19
4.66
0.66
-3.35
-5.01
-3.35
0.55
4.31
5.60
3.50
-0.96
-5.32
-7.13
-5.36
-1.04
3.31
5.18
3.48
-0.80
-5.09
-6.78
-4.75
-0.09
4.56
6.49
4.62
0.02
-4.58
-6.49
-4.64
-0.16
4.27
6.03
4.08
-0.43
-4.86
-6.62
-4.69
-0.21
4.18
5.90
3.95
-0.53
-4.83
-6.34
-4.03
0.89
5.67
7.59
5.62
0.92
-3.74
-5.71
-3.95
0.26
4.21
5.36
2.86
-1.90
-6.09
-7.14
-4.24
1.11
5.98
7.64
5.16
-0.07
-5.07
-7.04
-4.95
-0.14
4.44
6.04
3.63
-1.39
-6.05
-7.54
-4.92
0.31
5.16
6.84
4.43
-0.60
-5.19
-6.63
-4.01
1.11
5.74
7.19
4.60
-0.52
-5.15
-6.59
-3.96
1.19
5.84
7.28
4.66
-0.45
-5.01
-6.30
-3.53
1.62
6.10
7.21
4.25
-1.04
-5.56
-6.63
-3.64
1.60
5.95
6.74
3.38
-2.28
-7.02
-8.16
-5.08
0.40
5.07
6.26
3.34
-1.91
-6.35
-7.31
-4.20
1.20
5.75
6.81
3.79
-1.53
-6.06
-7.15
-4.15
1.14
5.64
6.74
3.82
-1.32
-5.55
-6.26
-2.91
2.60
7.04
7.80
4.46
-1.00
-5.29
-5.78
-2.12
3.60
8.04
8.57
4.86
-0.99
-5.70
-6.64
-3.43
1.86
6.03
6.54
3.03
-2.49
-6.78
-7.31
-3.77
1.79
6.08
6.58
2.98
-2.59
-6.81
-7.14
-3.30
2.46
6.75
6.98
2.95
-3.11
-7.71
-8.21
-4.32
1.70
6.36
6.99
3.28
-2.60
-7.21
-7.87
-4.27
1.44
5.88
6.44
2.85
-2.74
-6.97
-7.29
-3.42
2.42
6.88
7.40
3.70
-2.04
-6.44
-6.90
-3.13
2.65
7.01
7.38
3.57
-2.13
-6.27
-6.29
-2.14
3.73
7.85
7.75
3.45
-2.58
-6.86
-7.00
-3.04
2.53
6.34
6.10
1.90
-3.85
-7.83
-7.78
-3.76
1.87
5.81
5.81
1.93
-3.48
-7.08
-6.60
-2.08
3.98
8.16
8.11
3.93
-1.87
-5.81
-5.53
-1.19
4.60
8.39
7.92
3.44
-2.40
-6.21
-5.83
-1.60
3.80
7.07
6.14
1.43
-4.38
-7.95
-7.21
-2.58
3.26
6.88
6.14
1.38
-4.69
-8.51
-7.76
-2.70
3.87
8.32
8.18
3.68
-2.47
-6.63
-6.46
-2.26
3.18
6.40
5.31
0.48
-5.22
-8.35
-7.02
-1.99
3.73
6.78
5.38
0.38
-5.25
-8.21
-6.74
-1.66
4.16
7.49
6.54
2.01
-3.41
-6.52
-5.54
-1.09
4.12
6.95
5.66
0.95
-4.39
-7.14
-5.53
-0.36
5.45
8.61
7.32
2.36
-3.42
-6.71
-5.75
-1.23
4.10
7.13
6.16
1.85
-3.18
-5.89
-4.63
-0.08
5.11
7.95
6.76
2.25
-2.91
-5.59
-4.07
0.98
6.83
10.30
9.59
5.38
0.40
-2.12
-0.36
5.03
11.30
15.20
14.86
10.86
5.81
2.91
4.00
8.58
14.07
17.42
16.80
12.75
7.79
4.98
6.06
10.41
15.36
17.81
16.01
10.64
4.49
0.86
1.59
6.04
11.39
14.33
12.95
7.86
1.81
-1.99
-1.73
1.97
6.47
8.73
7.14
2.45
-2.73
-5.46
-4.24
0.09
4.85
7.10
5.32
0.31
-5.27
-8.41
-7.49
-3.22
1.80
4.56
3.41
-0.99
-6.05
-8.77
-7.52
-3.03
2.10
4.91
3.86
-0.32
-5.02
-7.41
-6.09
-1.95
2.37
4.08
1.90
-3.17
-8.42
-10.99
-9.54
-5.04
-0.20
2.09
0.37
-4.53
-9.98
-13.12
-12.48
-8.86
-4.85
-3.27
-5.55
-10.87
-16.67
-20.11
-19.79
-16.58
-13.12
-12.25
-15.32
-21.44
-28.01
-32.21
-32.71
-30.41
-27.89
-27.90
-31.74
-38.56
-45.89
-51.06
-52.80
-51.93
-50.89
-52.30
-57.43
-65.54
-74.22
-80.86
-84.08
-84.61
-84.83
-87.38
-93.59
-102.64
-111.93
-118.50
-120.80
-119.45
-117.00
-116.30
-118.78
-123.56
-127.76
-128.09
-122.52
-111.24
-96.32
-80.32
-64.84
-49.80
-33.94
-16.00
3.92
23.90
40.72
51.47
54.88
52.05
46.06
40.65
38.69
41.26
47.70
56.55
66.77
78.39
92.33
109.40
129.13
149.22
166.04
176.10
177.64
171.48
160.65
148.99
139.28
132.11
126.01
118.80
109.14
97.57
86.20
77.48
72.61
70.76
69.48
66.14
59.43
50.14
40.72
33.86
30.98
31.36
32.61
31.99
27.99
21.15
13.79
8.71
7.54
9.77
13.02
14.41
12.20
6.79
0.54
-3.61
-3.90
-0.78
3.35
5.58
4.18
-0.31
-5.48
-8.35
-7.26
-2.80
2.48
5.57
4.74
0.47
-4.72
-7.76
-6.76
-2.10
3.78
7.74
7.68
3.66
-2.09
-6.46
-7.18
-4.09
0.81
4.53
4.84
1.52
-3.45
-7.12
-7.30
-3.90
1.00
4.37
4.01
-0.12
-5.80
-9.82
-9.85
-5.85
-0.18
3.84
3.80
-0.35
-6.21
-10.29
-10.09
-5.59
0.70
5.21
5.33
1.02
-5.20
-9.64
-9.69
-5.25
1.11
5.75
5.97
1.62
-4.83
-9.75
-10.44
-6.63
-0.62
4.12
4.94
1.52
-3.96
-8.14
-8.48
-4.72
0.91
5.09
5.31
1.47
-4.04
-7.72
-7.07
-2.13
4.39
8.75
8.35
3.32
-3.43
-7.96
-7.59
-2.53
4.23
8.73
8.29
3.12
-3.88
-8.82
-9.11
-4.95
0.84
4.54
3.68
-1.47
-8.07
-12.34
-11.75
-6.55
0.36
5.07
4.89
0.00
-6.65
-11.02
-10.40
-5.00
2.06
6.64
6.03
0.62
-6.25
-10.34
-9.00
-2.85
4.63
9.12
8.07
2.16
-5.05
-9.34
-8.21
-2.42
4.56
8.60
7.35
1.58
-5.31
-9.26
-7.97
-2.18
4.68
8.57
7.16
1.21
-5.85
-9.92
-8.65
-2.87
3.88
7.45
5.58
-0.77
-7.93
-11.66
-9.73
-3.22
4.05
7.79
5.76
-0.87
-8.23
-11.99
-9.89
-3.07
4.65
8.88
7.30
0.95
-6.44
-10.54
-8.97
-2.69
4.55
8.45
6.70
0.37
-6.74
-10.27
-7.95
-0.97
6.67
10.54
8.43
1.63
-5.82
-9.53
-7.40
-0.82
6.14
9.27
6.69
-0.05
-6.91
-9.77
-6.94
-0.12
6.55
9.03
5.73
-1.54
-8.54
-11.12
-7.67
-0.08
7.22
9.95
6.44
-1.32
-8.82
-11.72
-8.34
-0.78
6.32
8.61
4.63
-3.38
-10.68
-12.94
-8.80
-0.63
6.81
9.26
5.48
-2.16
-9.03
-11.07
-7.14
0.30
6.73
8.27
3.99
-3.64
-10.13
-11.69
-7.41
0.13
6.41
7.70
3.20
-4.46
-10.70
-11.74
-6.78
1.50
8.46
10.24
5.87
-2.17
-9.41
-11.99
-8.76
-1.92
4.39
6.56
3.49
-2.82
-8.51
-10.14
-6.66
-0.09
5.71
7.31
3.67
-3.26
-9.55
-11.65
-8.37
-1.63
4.69
6.99
4.04
-2.34
-8.37
-10.49
-7.51
-1.26
4.51
6.38
3.27
-2.95
-8.59
-10.30
-7.09
-0.88
4.64
6.18
2.81
-3.52
-9.08
-10.53
-6.84
0.04
6.29
8.47
5.41
-1.05
-7.15
-9.37
-6.47
-0.23
5.66
7.71
4.72
-1.55
-7.40
-9.44
-6.51
-0.41
5.20
7.01
3.97
-2.13
-7.69
-9.50
-6.55
-0.69
4.52
5.92
2.57
-3.70
-9.32
-11.10
-8.07
-2.04
3.47
5.27
2.42
-3.30
-8.40
-9.77
-6.47
-0.40
4.93
6.36
3.03
-3.20
-8.73
-10.37
-7.13
-0.83
5.02
7.24
4.76
-0.78
-6.03
-7.91
-5.35
0.07
5.07
6.63
3.74
-2.05
-7.43
-9.39
-6.85
-1.38
3.74
5.43
2.61
-3.17
-8.57
-10.45
-7.62
-1.60
4.31
6.95
5.11
0.20
-4.59
-6.26
-3.71
1.60
6.55
8.27
5.81
0.69
-3.95
-5.23
-2.22
3.54
8.91
11.04
8.98
4.23
-0.12
-1.18
2.07
8.16
13.99
16.63
15.02
10.57
6.37
5.41
8.87
15.46
22.20
26.23
26.45
24.16
22.32
23.71
29.40
38.00
46.58
52.38
54.49
54.36
55.04
59.34
68.17
80.04
91.86
100.79
105.86
108.55
111.93
118.95
130.71
145.88
161.50
174.68
184.25
191.36
198.81
209.35
224.10
241.84
259.68
274.65
285.32
292.53
298.81
306.69
317.13
328.68
338.13
342.17
339.13
329.69
316.33
301.70
286.95
271.02
251.30
225.41
192.78
155.41
117.04
81.47
50.83
24.80
1.23
-22.26
-46.76
-71.41
-94.00
-112.52
-126.63
-138.25
-150.88
-167.83
-190.68
-218.46
-248.22
-276.65
-301.64
-323.17
-342.75
-362.07
-381.41
-399.04
-411.83
-416.78
-412.71
-400.93
-384.73
-367.68
-351.95
-337.48
-322.37
-304.41
-282.70
-258.45
-234.47
-213.73
-197.64
-185.41
-174.47
-162.03
-146.75
-129.51
-112.89
-99.62
-90.91
-85.78
-81.55
-75.46
-66.20
-54.73
-43.65
-35.66
-31.99
-31.69
-32.11
-30.48
-25.45
-17.89
-10.35
-5.54
-4.78
-7.14
-10.03
-10.66
-7.69
-2.06
3.55
6.35
5.00
0.48
-4.48
-7.01
-5.77
-1.66
2.72
4.68
3.09
-1.03
-5.08
-6.48
-4.21
0.57
5.19
7.01
4.96
0.15
-4.75
-7.03
-5.45
-0.93
3.96
6.45
5.11
0.61
-4.60
-7.69
-7.04
-3.12
1.72
4.69
4.13
0.54
-3.75
-5.95
-4.53
-0.22
4.45
6.62
4.81
-0.15
-5.54
-8.44
-7.38
-3.20
1.42
3.59
1.95
-2.60
-7.40
-9.62
-7.91
-3.25
1.68
4.00
2.32
-2.45
-7.67
-10.46
-9.41
-5.38
-0.98
0.98
-0.84
-5.55
-10.51
-12.90
-11.39
-6.92
-2.12
0.20
-1.29
-5.69
-10.35
-12.53
-10.92
-6.45
-1.73
0.48
-1.09
-5.45
-9.95
-11.78
-9.65
-4.55
0.84
3.62
2.44
-1.75
-6.25
-8.19
-6.26
-1.44
3.50
5.71
3.88
-0.90
-5.80
-7.85
-5.74
-0.56
4.79
7.33
5.70
0.98
-3.95
-6.13
-4.23
0.64
5.64
7.85
6.00
1.16
-3.84
-6.09
-4.31
0.50
5.62
8.20
6.93
2.74
-1.74
-3.75
-1.99
2.63
7.48
9.76
8.21
3.78
-0.79
-2.65
-0.48
4.68
10.05
12.70
11.31
6.90
2.34
0.57
2.98
8.53
14.41
17.66
16.95
13.30
9.52
8.55
11.73
17.97
24.41
28.11
27.80
24.63
21.53
21.47
25.67
32.89
40.13
44.48
44.84
42.60
40.84
42.49
48.63
57.81
66.85
72.75
74.34
73.00
71.83
73.92
80.53
90.45
100.66
108.10
111.35
111.40
110.98
112.86
118.17
125.65
132.36
135.34
133.20
126.71
118.10
109.39
101.02
91.48
78.27
59.69
36.24
10.88
-12.07
-28.82
-37.72
-39.79
-37.91
-35.29
-33.95
-34.21
-35.25
-36.29
-37.79
-41.68
-50.58
-66.23
-88.22
-113.64
-137.93
-156.73
-167.56
-170.74
-168.80
-164.87
-160.97
-157.14
-151.81
-143.17
-130.81
-116.28
-102.54
-92.40
-86.91
-84.80
-83.11
-78.93
-71.02
-60.53
-50.27
-43.02
-39.95
-39.90
-40.09
-37.83
-32.08
-24.14
-16.85
-12.82
-12.91
-15.72
-18.32
-17.99
-13.86
-7.36
-1.44
1.20
-0.28
-4.40
-8.20
-8.94
-5.77
-0.16
4.95
6.87
4.73
-0.04
-4.56
-6.17
-3.95
0.74
5.16
6.77
4.72
0.35
-3.61
-4.65
-1.99
2.96
7.38
8.67
6.01
0.84
-3.89
-5.45
-2.91
2.31
7.26
9.14
6.93
1.94
-2.96
-5.03
-3.23
1.26
5.73
7.60
5.90
1.73
-2.35
-3.91
-2.07
2.03
5.90
7.21
5.18
0.99
-2.84
-3.99
-1.70
2.81
6.97
8.42
6.34
1.95
-2.19
-3.66
-1.57
2.84
6.97
8.36
6.11
1.46
-2.93
-4.58
-2.60
1.73
5.72
6.86
4.32
-0.59
-5.18
-6.98
-5.14
-0.94
3.08
4.65
3.06
-0.48
-3.59
-4.22
-1.84
2.25
5.72
6.58
4.37
0.42
-2.94
-3.68
-1.29
2.93
6.61
7.68
5.56
1.51
-2.11
-3.18
-1.07
2.98
6.63
7.76
5.71
1.64
-2.10
-3.42
-1.59
2.26
5.88
7.18
5.43
1.70
-1.81
-3.07
-1.38
2.16
5.37
6.23
4.14
0.23
-3.23
-4.18
-2.02
2.05
5.68
6.78
4.70
0.60
-3.21
-4.58
-2.78
1.11
4.85
6.37
4.92
1.48
-1.81
-3.00
-1.36
2.16
5.55
6.91
5.56
2.31
-0.95
-2.45
-1.49
1.12
3.61
4.33
2.70
-0.42
-3.21
-3.89
-1.83
2.07
5.85
7.57
6.44
3.23
-0.12
-1.63
-0.42
2.72
5.91
7.17
5.66
2.11
-1.60
-3.48
-2.61
0.32
3.44
4.83
3.57
0.34
-2.98
-4.44
-3.09
0.36
3.97
5.68
4.53
1.23
-2.23
-3.74
-2.32
1.25
4.90
6.49
5.08
1.38
-2.52
-4.40
-3.19
0.42
4.39
6.51
5.63
2.27
-1.62
-3.81
-3.05
0.20
4.06
6.29
5.61
2.45
-1.24
-3.09
-1.76
2.27
6.86
9.47
8.58
4.59
-0.37
-3.67
-3.69
-0.75
3.09
5.29
4.36
0.68
-3.67
-6.14
-5.23
-1.36
3.32
6.24
5.82
2.42
-1.90
-4.61
-4.13
-0.79
3.44
6.08
5.65
2.45
-1.50
-3.69
-2.64
1.27
5.91
8.68
7.99
4.24
-0.40
-3.26
-2.72
0.78
5.09
7.52
6.50
2.47
-2.34
-5.27
-4.74
-1.20
3.18
5.80
5.11
1.51
-2.79
-5.17
-4.04
0.15
5.16
8.21
7.62
3.72
-1.16
-4.19
-3.62
0.17
4.86
7.61
6.72
2.66
-2.14
-4.84
-3.78
0.45
5.35
8.03
6.85
2.39
-2.77
-5.72
-4.78
-0.57
4.36
7.06
5.86
1.34
-3.92
-6.92
-5.90
-1.40
4.00
7.20
6.35
1.91
-3.56
-6.88
-6.07
-1.58
4.09
7.73
7.38
3.44
-1.53
-4.39
-3.28
1.23
6.50
9.42
8.24
3.67
-1.63
-4.60
-3.66
0.40
4.96
7.11
5.44
0.83
-4.10
-6.51
-5.05
-0.68
4.01
6.26
4.81
0.64
-3.60
-5.19
-2.95
2.03
6.98
9.10
7.18
2.35
-2.60
-4.82
-3.08
1.49
6.15
8.11
6.19
1.49
-3.26
-5.27
-3.35
1.36
6.13
8.16
6.24
1.45
-3.48
-5.74
-4.14
0.22
4.59
6.19
3.88
-1.10
-5.92
-7.76
-5.52
-0.50
4.36
6.20
3.91
-1.28
-6.50
-8.92
-7.43
-3.22
0.93
2.27
-0.29
-5.65
-11.13
-14.13
-13.59
-10.67
-8.02
-8.26
-12.39
-19.23
-26.04
-30.13
-30.40
-28.11
-26.08
-27.14
-32.42
-40.79
-49.44
-55.61
-58.23
-58.56
-59.45
-63.64
-72.16
-83.75
-95.66
-105.27
-111.67
-116.16
-121.40
-129.89
-142.46
-157.89
-173.60
-187.27
-198.12
-207.46
-217.82
-231.49
-249.08
-269.07
-288.55
-304.80
-316.77
-325.69
-334.21
-344.77
-358.02
-372.17
-383.82
-389.65
-388.12
-380.10
-368.07
-354.42
-339.94
-323.24
-301.62
-272.90
-236.90
-195.97
-154.00
-114.65
-79.68
-48.55
-19.16
10.44
40.61
69.77
95.31
115.30
129.91
141.75
154.82
172.64
196.68
225.76
256.94
287.25
315.17
341.12
366.72
393.17
419.90
444.29
462.70
472.25
472.22
464.44
452.22
438.57
424.78
410.00
392.24
369.98
343.49
315.06
287.99
264.92
246.49
231.14
216.16
199.25
179.92
159.72
141.33
126.93
116.95
109.80
102.72
93.47
81.51
68.38
56.80
49.03
45.49
44.42
42.91
38.52
30.76
21.41
13.49
9.50
9.93
12.96
15.53
15.08
10.96
4.79
-0.62
-2.90
-1.53
1.93
4.83
4.98
2.00
-2.61
-6.26
-6.85
-4.06
0.49
4.17
4.82
2.09
-2.42
-6.02
-6.53
-3.62
1.01
4.62
5.04
1.96
-2.89
-6.75
-7.43
-4.56
0.17
4.11
5.13
2.83
-1.29
-4.76
-5.59
-3.39
0.38
3.38
3.68
0.97
-3.31
-6.69
-7.17
-4.34
0.30
4.19
5.20
2.84
-1.42
-4.97
-5.69
-3.16
1.03
4.24
4.36
1.12
-3.73
-7.40
-7.73
-4.45
0.65
4.77
5.73
3.16
-1.34
-5.13
-6.17
-4.06
-0.33
2.59
2.80
0.07
-4.05
-7.08
-7.15
-4.09
0.43
3.85
4.28
1.58
-2.53
-5.47
-5.37
-2.14
2.38
5.63
5.77
2.75
-1.65
-4.88
-5.13
-2.32
1.82
4.86
4.99
2.06
-2.36
-5.89
-6.70
-4.54
-0.88
2.00
2.33
-0.07
-3.73
-6.34
-6.19
-3.19
1.02
4.06
4.16
1.26
-2.95
-5.99
-6.06
-3.11
1.15
4.28
4.53
1.83
-2.15
-5.05
-5.17
-2.47
1.39
4.08
3.92
0.90
-3.33
-6.41
-6.59
-3.76
0.48
3.73
4.18
1.60
-2.50
-5.71
-6.11
-3.42
0.82
4.16
4.64
1.96
-2.30
-5.59
-5.92
-3.01
1.50
5.06
5.67
3.07
-1.14
-4.49
-5.07
-2.70
1.04
3.76
3.68
0.72
-3.50
-6.53
-6.59
-3.58
0.82
4.09
4.36
1.44
-2.96
-6.26
-6.48
-3.42
1.16
4.59
4.86
1.79
-2.84
-6.34
-6.71
-3.83
0.49
3.67
3.82
0.90
-3.28
-6.19
-5.98
-2.60
2.18
5.83
6.45
3.79
-0.56
-4.17
-5.09
-3.04
0.49
3.12
3.04
0.08
-4.12
-7.04
-6.84
-3.45
1.26
4.65
4.82
1.78
-2.61
-5.69
-5.68
-2.64
1.53
4.31
4.04
0.88
-3.30
-6.04
-5.71
-2.46
1.91
4.95
5.01
2.12
-2.01
-4.95
-4.97
-2.03
2.16
5.10
4.98
1.73
-2.91
-6.33
-6.62
-3.71
0.63
3.78
3.90
0.95
-3.25
-6.15
-6.00
-2.91
1.24
3.92
3.47
0.09
-4.33
-7.21
-6.83
-3.33
1.38
4.70
4.87
1.91
-2.27
-5.08
-4.71
-1.24
3.36
6.41
6.04
2.30
-2.82
-6.55
-6.98
-4.08
0.24
3.35
3.44
0.49
-3.63
-6.42
-6.12
-2.83
1.60
4.64
4.54
1.40
-2.94
-5.87
-5.59
-2.15
2.53
5.75
5.62
2.17
-2.62
-5.99
-5.95
-2.57
2.14
5.39
5.25
1.77
-3.00
-6.27
-6.17
-2.79
1.84
5.00
4.89
1.64
-2.74
-5.58
-5.13
-1.59
2.95
5.76
5.06
1.08
-4.01
-7.34
-7.02
-3.24
1.82
5.26
5.14
1.61
-3.19
-6.41
-6.16
-2.66
1.95
4.88
4.37
0.69
-3.97
-6.91
-6.40
-2.78
1.78
4.56
3.92
0.23
-4.32
-7.01
-6.20
-2.25
2.59
5.56
4.95
1.13
-3.66
-6.64
-6.04
-2.20
2.67
5.73
5.23
1.45
-3.39
-6.47
-5.98
-2.20
2.67
5.77
5.30
1.54
-3.27
-6.25
-5.59
-1.61
3.36
6.41
5.74
1.71
-3.36
-6.54
-6.03
-2.18
2.69
5.71
5.14
1.37
-3.32
-6.09
-5.24
-1.21
3.69
6.59
5.77
1.66
-3.41
-6.59
-6.10
-2.39
2.19
4.80
3.81
-0.27
-4.99
-7.53
-6.31
-2.02
2.84
5.45
4.29
0.08
-4.68
-7.19
-5.93
-1.65
3.19
5.77
4.61
0.40
-4.39
-6.93
-5.74
-1.52
3.16
5.43
3.77
-1.02
-6.28
-9.00
-7.59
-2.81
2.63
5.63
4.59
0.21
-4.87
-7.65
-6.55
-2.33
2.41
4.82
3.47
-0.80
-5.37
-7.44
-5.70
-1.11
3.67
5.91
4.39
0.10
-4.34
-6.24
-4.44
0.04
4.54
6.41
4.53
-0.03
-4.56
-6.34
-4.25
0.54
5.24
7.05
4.84
-0.21
-5.23
-7.34
-5.34
-0.39
4.62
6.88
5.14
0.57
-4.08
-6.01
-4.12
0.49
5.07
6.94
5.00
0.37
-4.21
-6.04
-3.96
0.89
5.74
7.78
5.80
0.84
-4.34
-6.93
-5.63
-1.46
2.86
4.62
2.65
-1.89
-6.25
-7.75
-5.34
-0.32
4.48
6.38
4.39
-0.23
-4.72
-6.46
-4.49
-0.06
4.16
5.64
3.53
-0.94
-5.09
-6.43
-4.07
0.69
5.13
6.68
4.40
-0.47
-5.17
-7.04
-5.08
-0.51
3.88
5.42
3.14
-1.67
-6.17
-7.68
-5.25
-0.23
4.52
6.36
4.36
-0.14
-4.39
-5.85
-3.69
0.77
4.78
5.86
3.21
-1.81
-6.44
-8.09
-5.89
-1.15
3.39
5.12
3.14
-1.29
-5.42
-6.75
-4.45
0.08
4.10
5.18
2.68
-1.94
-5.88
-6.78
-4.03
0.83
5.06
6.30
3.92
-0.69
-4.85
-6.19
-4.01
0.41
4.53
6.02
4.06
-0.17
-4.16
-5.58
-3.62
0.49
4.24
5.29
2.91
-1.56
-5.43
-6.34
-3.61
1.25
5.41
6.39
3.50
-1.71
-6.35
-7.87
-5.47
-0.59
3.99
5.78
3.99
-0.12
-3.94
-5.12
-2.94
1.28
4.98
5.92
3.43
-1.09
-5.04
-6.18
-3.91
0.32
3.93
4.71
2.14
-2.27
-5.88
-6.52
-3.70
1.00
4.92
5.85
3.31
-1.22
-5.12
-6.25
-4.06
0.04
3.59
4.54
2.39
-1.53
-4.85
-5.63
-3.38
0.57
3.87
4.60
2.32
-1.62
-4.82
-5.32
-2.68
1.62
5.07
5.56
2.65
-2.12
-6.04
-6.85
-3.98
1.01
5.39
6.83
4.72
0.49
-3.25
-4.33
-2.20
1.72
4.95
5.44
2.79
-1.56
-5.17
-6.05
-3.84
0.00
3.07
3.45
0.84
-3.26
-6.41
-6.70
-3.80
0.76
4.55
5.61
3.55
-0.26
-3.53
-4.36
-2.33
1.30
4.39
5.14
3.13
-0.46
-3.52
-4.29
-2.34
1.10
3.93
4.33
1.92
-1.99
-5.10
-5.55
-2.94
1.30
4.74
5.40
2.85
-1.47
-5.11
-6.09
-3.96
-0.14
3.07
3.80
1.75
-1.68
-4.26
-4.26
-1.53
2.35
5.08
4.89
1.65
-3.04
-6.70
-7.37
-4.78
-0.44
3.24
4.29
2.33
-1.26
-4.15
-4.48
-1.93
2.06
5.17
5.54
2.89
-1.33
-4.70
-5.29
-2.75
1.45
4.86
5.46
2.82
-1.65
-5.47
-6.54
-4.33
-0.21
3.39
4.42
2.35
-1.50
-4.79
-5.57
-3.38
0.40
3.53
4.20
2.10
-1.39
-4.06
-4.17
-1.51
2.44
5.39
5.53
2.63
-1.81
-5.38
-6.08
-3.47
1.00
4.84
5.93
3.70
-0.50
-4.22
-5.30
-3.19
0.76
4.08
4.67
2.02
-2.41
-6.09
-6.89
-4.36
-0.02
3.59
4.36
1.85
-2.42
-5.89
-6.44
-3.63
1.00
4.86
5.83
3.47
-0.70
-4.06
-4.46
-1.48
3.22
6.97
7.55
4.57
-0.31
-4.27
-5.04
-2.19
2.55
6.36
6.95
3.88
-1.17
-5.41
-6.61
-4.35
-0.25
3.06
3.46
0.58
-4.01
-7.70
-8.40
-5.72
-1.23
2.49
3.35
0.96
-3.10
-6.19
-6.15
-2.61
2.67
6.87
7.65
4.58
-0.54
-4.74
-5.59
-2.66
2.24
6.13
6.65
3.41
-1.71
-5.70
-6.19
-2.83
2.45
6.61
7.20
3.83
-1.64
-6.15
-7.23
-4.41
0.54
4.64
5.53
2.80
-1.77
-5.24
-5.38
-1.99
2.97
6.56
6.58
2.97
-2.17
-5.79
-5.73
-1.99
3.25
6.87
6.69
2.66
-2.98
-7.13
-7.56
-4.18
0.80
4.37
4.37
0.81
-4.17
-7.57
-7.30
-3.48
1.66
5.08
4.77
0.89
-4.27
-7.66
-7.25
-3.22
2.09
5.65
5.49
1.85
-2.95
-5.85
-4.95
-0.57
4.81
8.11
7.44
3.19
-2.13
-5.44
-4.87
-0.85
4.13
6.99
5.91
1.35
-4.22
-7.70
-7.20
-3.11
2.12
5.47
5.03
1.14
-3.86
-6.95
-6.29
-2.21
2.92
6.12
5.58
1.69
-3.21
-6.12
-5.31
-1.25
3.61
6.33
5.21
0.84
-4.28
-7.15
-6.03
-1.51
3.85
6.98
6.07
1.61
-3.86
-7.26
-6.70
-2.61
2.57
5.80
5.32
1.59
-2.94
-5.33
-3.98
0.42
5.23
7.49
5.68
0.69
-4.69
-7.37
-5.81
-0.92
4.47
7.27
5.89
1.12
-4.35
-7.47
-6.64
-2.55
2.25
4.88
3.84
-0.17
-4.68
-6.88
-5.41
-1.09
3.48
5.52
3.73
-0.90
-5.60
-7.52
-5.34
-0.17
5.13
7.60
5.93
1.20
-3.78
-6.11
-4.46
0.18
5.05
7.33
5.65
0.98
-4.01
-6.46
-4.92
-0.22
5.02
7.89
6.89
2.77
-1.89
-4.21
-2.75
1.58
6.08
7.83
5.55
0.29
-5.06
-7.52
-5.82
-1.12
3.70
5.72
3.70
-1.21
-6.20
-8.44
-6.72
-2.13
2.60
4.72
3.00
-1.54
-6.24
-8.27
-6.32
-1.29
4.11
7.01
5.99
1.90
-2.65
-4.83
-3.26
1.10
5.56
7.31
5.08
-0.07
-5.37
-7.94
-6.49
-2.03
2.73
4.99
3.49
-0.81
-5.24
-7.10
-5.17
-0.48
4.30
6.42
4.69
0.15
-4.48
-6.47
-4.63
-0.06
4.54
6.49
4.70
0.32
-3.92
-5.36
-3.03
1.74
6.12
7.39
4.60
-0.84
-5.93
-7.85
-5.55
-0.42
4.54
6.49
4.38
-0.44
-5.04
-6.64
-4.28
0.69
5.44
7.34
5.47
1.09
-3.11
-4.66
-2.71
1.46
5.29
6.42
4.06
-0.48
-4.63
-5.99
-3.79
0.70
4.82
6.09
3.67
-1.20
-5.86
-7.75
-5.90
-1.46
2.97
4.90
3.36
-0.56
-4.41
-5.80
-3.88
0.22
4.07
5.41
3.51
-0.45
-4.09
-5.24
-3.24
0.68
4.14
5.07
2.88
-1.18
-4.76
-5.77
-3.61
0.47
4.15
5.33
3.35
-0.60
-4.22
-5.43
-3.60
0.14
3.48
4.36
2.21
-1.71
-5.03
-5.74
-3.34
0.83
4.32
5.11
2.77
-1.28
-4.57
-5.11
-2.50
1.79
5.29
6.00
3.50
-0.84
-4.62
-5.82
-3.90
-0.08
3.42
4.71
3.26
0.20
-2.40
-2.77
-0.55
3.04
5.80
5.96
3.19
-1.17
-4.83
-5.84
-3.77
0.11
3.51
4.46
2.46
-1.28
-4.55
-5.42
-3.38
0.38
3.62
4.45
2.35
-1.46
-4.66
-5.27
-2.67
1.83
5.73
6.81
4.32
-0.48
-4.99
-6.75
-4.84
-0.43
3.93
5.78
4.22
0.32
-3.44
-4.73
-2.75
1.35
5.10
6.25
4.03
-0.38
-4.56
-6.16
-4.37
-0.29
3.61
4.95
2.80
-1.75
-6.21
-8.10
-6.42
-2.21
2.09
4.04
2.75
-0.75
-4.07
-4.96
-2.72
1.41
5.02
5.99
3.76
-0.36
-3.93
-4.90
-2.73
1.25
4.66
5.43
3.06
-1.13
-4.69
-5.50
-2.95
1.64
5.77
7.16
5.05
0.60
-3.74
-5.64
-4.23
-0.54
3.14
4.57
2.93
-0.84
-4.50
-5.93
-4.33
-0.66
2.95
4.40
2.87
-0.75
-4.34
-5.76
-4.07
-0.08
4.09
6.16
4.99
1.24
-2.90
-4.97
-3.61
0.58
5.35
8.05
7.22
3.33
-1.33
-4.09
-3.48
-0.11
3.77
5.61
4.14
0.13
-4.16
-6.23
-4.97
-1.23
2.69
4.44
2.94
-0.93
-4.86
-6.39
-4.41
0.16
4.87
7.06
5.48
1.00
-3.79
-6.08
-4.58
-0.30
4.01
5.53
3.09
-2.08
-7.03
-8.92
-6.74
-1.86
2.79
4.55
2.56
-1.75
-5.58
-6.44
-3.63
1.42
5.90
7.34
4.96
0.12
-4.47
-6.23
-4.22
0.34
4.79
6.55
4.58
0.08
-4.27
-5.87
-3.74
0.84
5.13
6.52
4.14
-0.65
-4.99
-6.27
-3.66
1.36
5.87
7.21
4.52
-0.71
-5.49
-7.07
-4.52
0.71
5.63
7.39
4.95
-0.36
-5.55
-7.71
-5.73
-0.92
3.74
5.39
2.99
-2.02
-6.56
-7.76
-4.66
1.12
6.34
7.99
5.10
-0.69
-6.05
-7.87
-5.06
0.81
6.44
8.72
6.47
1.13
-4.08
-6.08
-3.63
1.89
7.28
9.37
6.85
1.07
-4.73
-7.30
-5.28
-0.02
5.13
6.90
4.01
-1.99
-7.65
-9.58
-6.57
-0.28
5.72
8.07
5.60
-0.02
-5.28
-6.96
-4.01
1.78
6.93
8.31
4.98
-1.18
-6.63
-8.19
-4.95
1.23
6.70
8.22
4.87
-1.51
-7.20
-8.92
-5.66
0.67
6.38
8.18
5.09
-0.99
-6.46
-8.08
-4.97
1.01
6.34
7.99
5.11
-0.46
-5.35
-6.69
-3.77
1.57
6.05
6.94
3.64
-1.99
-6.66
-7.62
-4.25
1.51
6.30
7.31
3.87
-2.11
-7.21
-8.49
-5.21
0.75
6.01
7.62
4.75
-0.87
-5.96
-7.64
-5.09
0.02
4.58
5.89
3.26
-1.57
-5.49
-5.89
-2.23
3.56
8.24
9.11
5.65
-0.17
-4.98
-6.00
-2.67
2.93
7.40
7.99
4.20
-1.85
-6.68
-7.56
-4.07
1.51
5.69
5.75
1.47
-4.73
-9.18
-9.14
-4.50
2.12
6.87
6.98
2.34
-4.37
-9.24
-9.45
-4.80
2.05
7.34
8.27
4.70
-0.94
-5.04
-5.03
-0.91
4.81
8.63
8.16
3.53
-2.62
-6.74
-6.46
-1.99
3.90
7.57
6.61
1.30
-5.54
-10.16
-10.02
-5.26
1.41
6.26
6.75
2.83
-2.98
-7.16
-7.19
-3.05
2.84
7.05
7.13
3.04
-2.87
-7.14
-7.27
-3.06
3.18
8.05
8.98
5.64
0.16
-4.16
-4.79
-1.38
3.97
8.04
8.30
4.50
-1.24
-5.61
-6.07
-2.39
3.25
7.51
7.91
4.25
-1.23
-5.20
-5.19
-1.07
4.86
9.30
9.79
6.24
0.90
-2.96
-2.96
1.02
6.79
11.22
12.08
9.33
5.10
2.39
3.24
7.53
12.98
16.53
16.15
12.01
6.47
2.68
2.79
6.65
11.95
15.55
15.33
11.42
6.13
2.59
2.86
6.76
11.91
15.19
14.53
10.09
4.16
-0.18
-0.85
2.05
6.36
9.20
8.63
4.83
-0.07
-3.22
-2.80
0.91
5.65
8.47
7.49
3.05
-2.47
-6.04
-5.76
-2.00
2.84
5.75
4.92
0.76
-4.32
-7.42
-6.82
-2.93
1.99
5.16
4.91
1.53
-3.00
-6.14
-6.33
-3.72
-0.16
1.99
1.19
-2.38
-6.86
-9.77
-9.47
-6.18
-1.93
0.60
-0.34
-4.51
-9.73
-13.21
-13.16
-9.85
-5.47
-2.75
-3.38
-7.10
-11.91
-15.37
-16.04
-14.24
-11.80
-10.94
-12.91
-17.31
-22.38
-25.96
-26.84
-25.36
-23.32
-22.98
-25.74
-31.33
-37.91
-43.12
-45.37
-44.83
-43.39
-43.56
-47.09
-53.93
-62.31
-69.77
-74.52
-76.45
-77.12
-78.78
-83.04
-89.97
-98.07
-105.23
-109.82
-111.65
-112.04
-112.93
-115.74
-120.48
-125.64
-128.97
-128.67
-124.25
-116.74
-107.84
-98.75
-89.32
-78.09
-63.24
-43.91
-21.09
2.34
22.75
37.29
45.01
47.09
46.05
44.47
43.84
44.36
45.49
47.00
49.67
55.31
65.89
82.42
103.93
127.40
148.74
164.28
172.15
172.82
168.64
162.47
156.24
150.22
143.34
134.31
122.79
109.96
98.04
89.14
83.92
81.20
78.57
73.76
65.95
56.19
46.93
40.54
37.95
38.09
38.46
36.59
31.44
23.93
16.57
11.89
11.00
12.91
15.14
15.09
11.63
5.72
-0.13
-3.33
-2.74
0.65
4.32
5.73
3.77
-0.56
-4.72
-6.18
-3.98
0.65
4.97
6.35
3.79
-1.36
-6.24
-8.11
-6.02
-1.39
2.86
4.03
1.23
-4.10
-8.95
-10.56
-7.97
-2.65
2.41
4.43
2.38
-2.43
-7.00
-8.54
-5.99
-0.75
4.23
6.09
3.78
-1.30
-6.09
-7.64
-4.91
0.59
5.70
7.39
4.55
-1.38
-7.14
-9.62
-7.57
-2.37
2.83
4.91
2.63
-2.72
-7.95
-9.97
-7.49
-1.85
3.78
6.26
4.25
-0.98
-6.30
-8.55
-6.41
-1.18
4.01
6.01
3.53
-2.09
-7.61
-9.83
-7.46
-1.94
3.45
5.46
2.84
-2.86
-8.27
-10.08
-7.13
-1.10
4.49
6.28
3.12
-3.25
-9.21
-11.36
-8.52
-2.40
3.43
5.67
3.22
-2.20
-7.11
-8.39
-5.14
0.80
5.94
7.24
3.95
-1.94
-6.88
-7.86
-4.21
1.95
7.00
7.86
3.86
-2.84
-8.46
-9.81
-6.14
0.40
6.01
7.41
3.74
-2.87
-8.65
-10.28
-6.93
-0.66
4.79
6.23
2.89
-3.12
-8.07
-8.84
-4.81
1.74
6.96
7.72
3.42
-3.60
-9.35
-10.57
-6.61
0.17
5.77
6.87
2.81
-4.04
-9.64
-10.66
-6.49
0.44
6.06
7.12
3.11
-3.51
-8.71
-9.35
-5.05
1.61
6.60
6.89
2.26
-4.62
-9.69
-9.93
-5.10
2.08
7.53
8.18
3.77
-3.08
-8.35
-8.95
-4.54
2.25
7.46
8.01
3.62
-3.10
-8.12
-8.41
-3.70
3.26
8.32
8.39
3.31
-4.09
-9.49
-9.71
-4.61
2.80
8.08
8.00
2.49
-5.31
-10.85
-10.84
-5.20
2.84
8.70
9.18
4.25
-2.92
-7.90
-7.67
-2.40
4.65
9.11
8.17
2.16
-5.62
-10.80
-10.59
-5.32
1.68
6.17
5.44
-0.08
-7.09
-11.33
-10.14
-4.05
3.43
7.91
6.70
0.41
-7.34
-12.00
-10.83
-4.49
3.24
7.76
6.40
0.02
-7.49
-11.46
-9.27
-1.88
6.61
11.46
9.98
3.11
-5.12
-9.98
-8.78
-2.39
5.17
9.23
7.15
-0.16
-8.70
-13.72
-12.47
-5.80
2.30
7.15
6.08
-0.10
-7.54
-11.75
-10.18
-3.80
3.52
7.43
5.62
-0.84
-8.07
-11.73
-9.59
-2.84
4.58
8.39
6.38
-0.24
-7.59
-11.35
-9.25
-2.46
5.10
9.14
7.34
0.78
-6.72
-10.81
-9.18
-2.89
4.21
7.85
5.80
-0.80
-8.11
-11.88
-9.98
-3.64
3.30
6.79
4.86
-1.16
-7.55
-10.44
-8.09
-1.91
4.41
7.16
4.74
-1.43
-7.74
-10.51
-8.10
-1.83
4.77
8.04
6.22
0.45
-5.94
-9.31
-7.81
-2.44
3.58
6.68
4.97
-0.64
-6.99
-10.50
-9.27
-4.19
1.61
4.66
3.21
-1.79
-7.22
-9.72
-7.70
-2.30
3.31
5.84
3.81
-1.55
-7.07
-9.49
-7.39
-2.01
3.57
6.18
4.49
-0.29
-5.14
-7.05
-4.86
0.10
4.82
6.39
3.79
-1.58
-6.66
-8.56
-6.27
-1.22
3.59
5.31
2.95
-2.15
-7.08
-9.04
-6.95
-2.05
2.91
5.19
3.70
-0.48
-4.72
-6.33
-4.19
0.62
5.46
7.58
5.83
1.24
-3.48
-5.52
-3.58
1.32
6.45
8.92
7.41
2.88
-1.91
-4.04
-2.08
3.15
9.02
12.68
12.68
9.76
6.33
5.08
7.42
12.76
18.83
23.07
24.14
22.59
20.59
20.58
23.95
30.22
37.33
42.92
45.68
46.13
46.39
48.83
54.83
63.92
74.06
82.92
89.23
93.50
97.70
104.01
113.53
125.69
138.57
150.10
159.30
166.86
174.76
185.08
198.78
215.11
231.83
246.49
257.73
266.05
273.56
282.70
294.79
309.08
322.92
333.12
337.55
336.17
330.86
324.11
317.28
309.65
298.55
281.06
255.65
223.28
187.16
151.15
118.02
88.28
60.41
32.33
3.01
-26.67
-54.16
-76.82
-93.49
-105.43
-115.94
-128.79
-146.47
-169.12
-194.77
-220.62
-244.70
-266.88
-288.69
-311.97
-337.29
-363.08
-386.05
-402.57
-410.46
-410.01
-403.69
-394.67
-385.18
-375.40
-363.78
-348.24
-327.82
-303.53
-278.20
-254.97
-235.81
-220.56
-207.14
-192.91
-176.20
-157.44
-138.86
-123.19
-112.11
-105.10
-99.83
-93.34
-83.81
-71.58
-58.99
-48.92
-43.18
-41.37
-41.15
-39.55
-34.72
-26.99
-18.66
-12.58
-10.46
-11.86
-14.38
-15.14
-12.43
-6.72
-0.38
3.78
4.12
1.15
-2.83
-5.06
-3.98
-0.12
4.26
6.49
5.10
0.63
-4.60
-7.78
-7.28
-3.53
1.20
4.15
3.66
0.12
-4.20
-6.52
-5.19
-0.72
4.47
7.45
6.47
1.97
-3.61
-7.25
-7.11
-3.57
1.08
3.99
3.51
0.00
-4.28
-6.62
-5.46
-1.32
3.48
6.17
5.17
1.01
-3.95
-6.90
-6.23
-2.44
2.11
4.63
3.54
-0.62
-5.44
-8.07
-6.97
-2.81
1.86
4.15
2.56
-2.14
-7.31
-10.06
-8.92
-4.75
-0.21
1.84
-0.02
-4.88
-10.09
-12.77
-11.51
-7.15
-2.23
0.37
-0.85
-5.21
-10.22
-12.99
-11.92
-7.61
-2.56
0.31
-0.67
-4.90
-9.80
-12.41
-11.06
-6.41
-1.07
1.95
1.06
-2.96
-7.46
-9.48
-7.55
-2.59
2.73
5.51
4.38
0.26
-4.21
-6.24
-4.51
0.05
4.87
7.21
5.80
1.53
-3.06
-5.27
-3.83
0.37
4.85
6.89
5.27
0.86
-3.73
-5.81
-4.13
0.33
4.91
6.84
4.89
0.16
-4.55
-6.40
-4.14
1.09
6.43
8.95
7.38
2.82
-1.89
-3.81
-1.65
3.52
8.90
11.64
10.55
6.71
2.88
1.78
4.49
9.74
14.75
16.86
15.18
11.11
7.53
7.05
10.49
16.39
21.85
24.32
23.05
19.54
16.66
16.98
21.33
28.30
35.13
39.30
39.93
38.24
36.84
38.16
43.08
50.45
57.79
62.79
64.62
64.45
64.73
67.72
74.11
82.57
90.57
95.86
97.89
98.12
99.18
103.24
110.64
119.60
127.18
130.98
130.46
127.11
123.46
121.27
120.29
118.08
111.26
97.42
76.57
51.40
26.14
4.67
-11.00
-21.28
-28.13
-33.53
-38.23
-41.47
-41.85
-38.71
-33.25
-28.58
-28.50
-35.88
-51.19
-72.31
-95.45
-116.86
-134.28
-147.47
-157.54
-165.59
-171.64
-174.41
-172.09
-163.77
-150.41
-134.82
-120.50
-110.01
-103.81
-100.19
-96.34
-90.00
-80.77
-70.31
-61.20
-55.39
-53.04
-52.36
-50.70
-46.20
-38.87
-30.62
-24.10
-21.03
-21.25
-22.74
-22.86
-19.95
-14.29
-8.04
-3.86
-3.37
-6.11
-9.84
-11.73
-10.05
-5.11
0.86
5.01
5.54
2.60
-1.72
-4.66
-4.39
-1.04
3.40
6.30
6.02
2.81
-1.29
-3.66
-2.78
0.93
5.22
7.48
6.21
2.01
-2.79
-5.45
-4.43
-0.27
4.72
7.80
7.39
3.86
-0.68
-3.62
-3.37
-0.20
3.90
6.45
5.91
2.58
-1.51
-3.84
-2.86
1.01
5.57
8.17
7.26
3.31
-1.40
-4.12
-3.25
0.70
5.41
8.15
7.40
3.69
-0.70
-3.13
-2.16
1.62
5.92
8.16
6.97
3.00
-1.48
-3.88
-2.80
1.12
5.61
8.05
7.06
3.20
-1.27
-3.79
-3.04
0.32
4.01
5.51
3.49
-1.30
-6.51
-9.59
-9.17
-5.95
-2.27
-0.69
-2.48
-6.95
-11.71
-14.27
-13.50
-10.29
-7.25
-7.04
-10.82
-17.63
-25.01
-30.10
-31.64
-30.46
-28.85
-29.77
-34.94
-44.12
-55.32
-66.07
-74.06
-79.31
-83.72
-89.54
-99.07
-112.68
-128.75
-145.06
-160.37
-173.68
-186.49
-200.73
-216.77
-234.74
-253.60
-272.09
-289.94
-308.48
-327.12
-346.44
-366.13
-383.75
-397.76
-406.76
-409.97
-407.97
-403.01
-394.37
-382.92
-369.06
-334.53
-264.66
-150.86
5.71
192.17
368.41
513.33
616.76
675.28
688.67
660.06
591.36
487.16
362.88
237.67
135.04
71.09
50.51
66.90
104.93
148.12
185.12
211.61
227.99
239.31
248.11
254.44
257.65
256.74
251.75
243.96
235.05
225.33
215.81
205.57
193.29
178.40
161.06
142.05
122.65
104.00
85.93
68.27
49.80
29.24
5.97
-19.88
-47.66
-76.47
-105.51
-134.92
-165.08
-196.91
-231.24
-268.52
-308.48
-350.33
-393.02
-434.99
-475.17
-512.67
-546.47
-575.19
-596.80
-608.71
-608.01
-593.47
-562.38
-512.29
-441.54
-349.84
-238.62
-111.21
27.24
170.07
309.91
439.56
552.61
644.16
711.22
753.12
771.45
769.41
751.58
723.30
690.36
657.83
629.73
608.81
596.27
592.00
595.03
603.73
616.08
630.01
643.35
654.28
660.99
662.11
656.88
644.88
626.03
600.49
568.90
531.97
490.36
444.58
395.20
342.72
287.28
228.60
166.11
98.79
25.45
-54.25
-140.57
-233.30
-331.43
-433.39
-537.19
-640.35
-740.05
-833.12
-916.16
-985.72
-1040.11
-1077.00
-1094.24
-1090.08
-1063.92
-1016.39
-949.55
-866.85
-772.94
-673.49
-574.01
-479.89
-395.97
-326.28
-273.80
-240.16
-225.12
-227.36
-244.14
-271.27
-303.46
-335.00
-360.36
-374.77
-374.69
-357.75
-322.81
-269.07
-196.13
-104.32
5.15
129.67
265.13
405.90
545.69
678.36
798.63
902.92
989.17
1056.56
1105.32
1136.25
1150.71
1149.83
1133.65
1100.38
1046.52
968.49
865.04
739.08
598.21
452.02
308.90
173.42
46.12
-74.43
-188.84
-295.34
-390.47
-471.40
-537.65
-591.60
-636.47
-673.86
-702.12
-716.86
-712.79
-685.99
-635.80
-564.82
-478.02
-381.78
-283.36
-190.45
-110.44
-49.61
-11.48
4.57
3.22
-8.67
-24.86
-42.33
-61.74
-86.29
-118.74
-158.99
-203.74
-248.02
-287.37
-319.40
-343.07
-357.13
-359.33
-347.53
-322.30
-288.79
-255.67
-231.76
-221.82
-224.35
-233.67
-244.09
-253.49
-263.69
-277.48
-295.02
-311.55
-319.44
-313.37
-294.50
-270.62
-252.12
-246.05
-252.08
-262.20
-265.63
-254.98
-230.07
-197.36
-165.31
-138.56
-114.62
-84.90
-40.40
22.02
95.72
166.34
218.13
241.71
238.26
218.00
193.55
172.17
151.78
123.00
75.60
6.47
-77.67
-163.74
-239.79
-301.88
-356.08
-414.48
-487.17
-575.82
-672.17
-762.10
-832.47
-876.36
-893.95
-888.86
-862.76
-811.64
-726.65
-595.92
-409.36
-162.26
142.21
493.61
876.07
1271.01
1660.09
2027.20
2361.16
2654.73
2902.56
3099.03
3237.15
3309.54
3311.00
3241.05
3103.48
2907.18
2663.42
2382.91
2074.62
1746.57
1407.00
1065.06
737.62
434.23
159.80
-85.13
-303.36
-499.61
-678.87
-845.38
-1001.94
-1149.65
-1288.59
-1415.06
-1522.06
-1600.53
-1642.24
-1642.95
-1604.60
-1535.22
-1446.49
-1350.91
-1257.16
-1169.18
-1087.09
-1010.05
-937.33
-868.26
-801.22
-733.40
-662.68
-588.64
-514.09
-444.51
-385.61
-340.31
-306.58
-277.91
-245.81
-203.70
-148.61
-82.03
-8.30
66.95
138.62
202.96
257.27
299.53
327.95
341.86
342.30
332.50
316.91
299.37
281.14
260.26
232.59
193.93
143.10
83.43
21.84
-33.34
-75.12
-99.17
-103.28
-86.34
-47.54
13.63
96.34
196.74
307.58
418.63
518.69
598.00
653.03
683.33
690.26
675.86
641.39
587.05
512.06
415.63
298.05
159.20
1.82
-168.75
-343.84
-511.46
-657.60
-769.40
-842.00
-875.98
-877.28
-855.18
-819.23
-776.64
-731.39
-683.57
-633.52
-582.52
-531.83
-482.49
-434.66
-387.56
-340.11
-291.91
-243.70
-197.54
-155.79
-119.70
-89.30
-63.55
-40.83
-19.67
0.73
20.25
37.87
52.35
63.13
70.34
74.90
78.00
80.73
83.65
86.84
89.73
91.59
92.06
91.10
88.87
85.63
81.44
76.21
69.66
61.41
51.34
39.76
27.22
14.36
1.62
-10.80
-22.99
-34.98
-46.60
-57.16
-65.70
-71.26
-73.26
-71.85
-67.96
-62.99
-58.16
-53.80
-49.28
-43.04
-33.41
-19.37
-1.31
19.06
39.37
57.67
73.34
87.51
102.45
120.73
143.91
171.92
203.06
234.56
263.23
286.03
300.26
304.02
296.78
280.24
258.57
237.41
221.35
211.57
205.07
196.24
180.27
156.33
128.47
104.01
89.70
88.12
96.00
105.56
108.25
99.33
80.44
58.82
43.46
40.18
48.09
59.74
65.06
57.01
35.96
9.66
-11.26
-19.22
-13.44
1.08
17.97
33.72
48.55
63.59
77.08
83.11
74.82
49.53
12.76
-22.33
-40.55
-32.10
2.27
51.52
99.45
131.82
141.41
129.30
102.43
69.68
38.55
13.66
-2.89
-10.85
-10.90
-4.57
5.60
15.73
20.61
14.76
-5.66
-40.81
-86.13
-132.96
-171.12
-192.41
-193.45
-176.51
-147.92
-114.94
-82.77
-53.04
-24.65
3.76
31.25
53.71
65.28
61.37
41.47
10.23
-24.02
-52.57
-69.67
-74.46
-70.21
-61.88
-53.48
-46.28
-38.96
-29.31
-16.23
-1.24
11.63
17.62
13.83
1.48
-13.76
-23.98
-23.03
-10.27
8.40
23.46
26.95
17.33
0.65
-12.93
-15.24
-5.16
10.63
21.94
21.57
10.17
-3.90
-9.61
-0.27
21.73
45.60
58.17
51.34
27.08
-3.45
-26.17
-31.71
-20.20
-0.35
16.03
20.60
12.37
-3.00
-17.48
-25.56
-27.13
-26.67
-29.67
-38.67
-51.06
-60.13
-58.61
-42.94
-15.80
14.45
37.73
47.30
43.22
32.21
23.64
24.06
33.58
46.23
54.22
52.78
43.08
31.19
24.02
25.04
32.19
39.21
39.50
30.20
14.00
-2.01
-10.10
-6.10
8.14
25.54
37.43
38.12
27.73
11.77
-2.43
-10.23
-12.48
-14.87
-24.17
-43.41
-69.39
-93.82
-107.73
-106.69
-93.40
-76.34
-64.85
-63.99
-71.78
-80.70
-82.70
-74.30
-58.95
-45.26
-41.77
-51.83
-72.01
-94.44
-112.00
-122.83
-131.58
-146.43
-174.13
-214.71
-260.29
-298.04
-316.06
-308.90
-279.81
-238.58
-196.26
-159.96
-129.14
-96.77
-53.39
8.08
89.21
186.07
291.54
398.26
499.96
592.66
673.19
738.17
783.73
806.41
804.39
778.74
736.96
685.98
631.77
578.53
528.23
480.88
435.53
391.41
348.67
308.68
272.78
242.55
218.71
200.71
186.76
174.47
161.94
147.92
131.91
113.47
92.59
69.07
42.39
11.93
-22.59
-60.66
-100.83
-140.99
-179.02
-213.04
-242.09
-266.30
-286.66
-304.16
-319.39
-332.44
-342.62
-349.27
-352.31
-352.61
-352.24
-353.56
-358.07
-366.00
-376.09
-385.91
-392.78
-395.13
-393.20
-389.00
-385.50
-385.35
-391.01
-404.46
-426.03
-453.46
-481.21
-501.24
-505.22
-488.04
-449.70
-397.25
-343.04
-299.37
-273.76
-266.97
-274.50
-290.89
-313.30
-341.94
-375.78
-415.22
-458.84
-502.47
-540.11
-566.44
-578.35
-581.68
-579.33
-572.01
-558.97
-538.16
-507.65
-466.78
-415.05
-355.52
-293.06
-232.09
-176.38
-128.64
-89.38
-57.13
-29.05
-2.14
25.49
54.41
85.04
117.18
149.97
182.81
216.32
252.10
291.57
335.54
384.49
439.35
500.65
566.96
634.15
696.92
750.67
793.52
827.53
856.89
887.87
925.69
971.60
1021.35
1068.42
1105.97
1128.58
1132.64
1116.01
1077.46
1016.22
937.53
842.54
731.96
607.84
475.10
341.00
213.80
97.96
-2.59
-87.94
-163.25
-234.81
-307.00
-380.41
-452.17
-518.08
-575.01
-622.03
-660.39
-692.80
-720.59
-743.12
-758.56
-765.44
-763.61
-754.15
-740.29
-723.96
-706.29
-686.68
-663.39
-634.61
-599.60
-559.05
-515.02
-470.06
-426.58
-386.59
-350.89
-319.15
-290.55
-264.33
-240.27
-218.65
-200.04
-184.70
-172.41
-162.11
-151.97
-139.96
-124.49
-104.55
-80.01
-51.44
-19.60
14.86
51.58
90.53
131.73
174.88
218.93
262.00
301.90
336.86
366.00
389.56
408.73
425.38
441.56
459.52
481.60
509.77
544.53
583.67
621.68
650.74
662.90
652.83
619.87
568.10
504.59
436.74
370.17
308.07
251.62
200.89
155.47
114.06
73.95
31.09
-18.12
-74.31
-133.41
-186.63
-222.80
-232.19
-210.24
-159.84
-90.89
-17.25
47.40
93.60
118.72
127.17
128.48
134.04
153.01
189.79
243.51
309.13
379.93
449.85
514.59
571.08
617.11
650.08
667.16
665.62
643.17
597.69
527.07
429.52
303.16
150.91
-18.87
-192.76
-355.21
-492.98
-598.91
-673.96
-725.13
-760.95
-787.30
-805.76
-813.85
-806.68
-778.92
-727.83
-654.73
-565.29
-468.28
-373.24
-287.49
-213.69
-149.50
-89.88
-30.48
29.53
87.07
136.60
172.98
192.92
195.12
179.33
146.78
101.15
49.58
2.16
-31.41
-45.98
-43.73
-33.56
-26.64
-30.76
-46.71
-68.20
-85.65
-90.95
-80.36
-54.89
-18.21
25.90
74.61
125.41
175.27
220.14
255.71
278.81
288.52
286.29
275.69
260.71
244.36
228.17
212.22
195.84
178.74
161.58
146.29
135.37
131.05
134.23
144.07
158.20
173.35
186.30
194.74
197.42
194.29
185.87
172.94
156.33
136.58
114.31
90.38
65.78
41.78
19.77
0.63
-15.08
-27.40
-36.82
-43.94
-49.18
-52.67
-54.33
-54.39
-53.26
-51.78
-51.17
-52.27
-55.49
-60.37
-65.81
-70.80
-74.75
-78.05
-81.98
-88.01
-97.19
-109.33
-122.89
-135.80
-146.20
-153.65
-159.65
-166.65
-177.27
-192.56
-211.27
-230.83
-248.65
-264.26
-279.57
-296.91
-316.93
-337.44
-354.09
-363.60
-365.76
-363.67
-360.74
-356.81
-347.23
-325.51
-289.51
-245.10
-204.74
-181.21
-179.88
-194.89
-212.90
-221.38
-216.68
-207.48
-208.56
-232.40
-282.53
-352.13
-428.81
-501.66
-565.50
-621.17
-672.90
-723.06
-770.21
-809.57
-835.80
-845.48
-838.02
-815.25
-773.18
-708.50
-617.26
-496.06
-344.19
-165.24
32.32
236.13
432.66
609.80
758.25
873.53
955.29
1006.26
1030.78
1033.47
1018.81
990.94
953.43
908.90
859.90
808.70
756.69
705.22
655.20
607.31
562.06
519.46
478.95
439.71
401.05
362.84
325.51
290.07
257.88
231.78
211.44
195.29
181.27
167.30
151.86
134.67
116.38
97.82
79.90
62.45
44.36
24.21
0.60
-27.55
-60.96
-99.73
-142.72
-186.52
-223.44
-246.19
-249.78
-233.90
-203.67
-168.19
-136.75
-115.60
-106.18
-105.76
-109.87
-114.89
-119.44
-123.64
-128.08
-132.49
-135.77
-136.65
-135.07
-132.26
-130.14
-130.80
-135.38
-143.65
-154.20
-165.23
-175.22
-183.28
-189.40
-194.37
-198.86
-202.82
-205.39
-205.19
-200.63
-190.74
-176.96
-159.93
-140.54
-119.86
-98.86
-78.19
-58.08
-38.77
-20.56
-4.14
9.96
21.02
28.36
31.62
31.02
26.95
20.02
10.73
-0.26
-12.09
-24.00
-35.09
-44.79
-52.50
-57.48
-59.34
-57.75
-52.50
-43.49
-31.12
-16.14
0.32
17.33
33.71
48.46
60.97
70.91
78.20
82.85
84.90
84.73
82.61
78.93
74.18
69.00
63.93
59.38
55.59
53.01
51.86
52.41
54.98
59.05
64.18
69.76
74.90
78.83
80.60
79.50
75.13
67.18
55.82
41.53
24.86
6.74
-11.96
-30.27
-47.18
-62.05
-74.31
-83.76
-90.53
-94.77
-96.96
-97.52
-96.78
-95.23
-93.14
-90.81
-88.66
-86.83
-85.66
-85.34
-85.90
-87.32
-89.45
-92.09
-95.10
-98.09
-100.86
-103.17
-104.73
-105.46
-105.17
-103.78
-101.36
-97.84
-93.48
-88.57
-83.39
-78.44
-73.95
-70.03
-66.72
-63.64
-60.62
-57.51
-54.29
-51.33
-48.97
-47.50
-47.02
-47.01
-46.71
-45.26
-41.97
-36.91
-30.55
-23.79
-17.49
-11.65
-5.56
2.22
13.20
27.85
45.42
63.69
79.73
91.49
98.46
102.35
106.46
113.85
126.10
142.06
158.18
170.49
176.43
176.53
174.57
175.36
182.79
197.63
217.50
239.15
260.03
279.36
296.84
310.07
314.39
304.55
278.60
241.41
203.43
176.05
164.89
165.52
165.92
153.59
123.82
83.87
48.61
31.65
36.42
52.98
64.10
55.66
25.54
-14.03
-43.82
-48.94
-28.23
3.86
25.48
19.48
-16.33
-67.33
-110.58
-127.62
-114.97
-85.85
-61.32
-57.38
-75.72
-102.98
-120.62
-117.15
-95.63
-71.48
-61.74
-73.58
-99.46
-121.97
-125.48
-106.47
-75.25
-49.57
-42.76
-55.56
-75.81
-85.31
-70.59
-29.90
26.21
80.78
119.43
136.64
137.57
134.18
138.03
153.92
176.99
195.16
195.35
170.65
124.33
68.82
19.56
-12.54
-26.10
-28.23
-29.05
-34.51
-42.22
-43.39
-28.77
3.54
45.48
82.28
100.68
96.40
76.80
55.87
45.39
47.92
55.55
56.03
41.38
13.41
-16.50
-34.29
-31.27
-9.52
18.72
38.07
37.96
18.41
-9.69
-30.73
-32.59
-13.56
16.11
39.94
44.22
26.03
-4.54
-30.55
-38.05
-24.81
-1.74
14.22
10.72
-12.34
-42.24
-61.67
-59.20
-36.24
-6.89
11.03
6.31
-18.82
-49.22
-65.78
-56.00
-21.48
22.20
54.10
59.23
36.60
-0.12
-31.14
-41.70
-30.21
-8.58
6.43
3.71
-15.23
-37.10
-45.88
-32.80
-2.36
29.56
45.14
34.78
2.82
-33.98
-56.02
-51.18
-21.52
17.34
45.11
47.49
24.11
-11.27
-39.12
-45.06
-28.18
-1.18
18.13
17.84
-0.69
-23.62
-33.96
-22.31
6.71
36.62
49.38
36.10
2.82
-32.34
-49.97
-40.26
-8.65
26.97
46.92
40.61
12.33
-21.18
-40.99
-36.63
-12.10
16.62
31.59
23.35
-3.39
-32.39
-45.98
-35.41
-6.31
24.20
37.87
25.65
-6.69
-41.53
-59.69
-50.96
-20.10
15.89
37.82
35.05
11.35
-17.61
-34.30
-29.71
-8.64
13.47
20.79
6.84
-21.16
-46.09
-51.52
-31.18
6.79
43.88
61.58
51.18
18.63
-18.59
-41.18
-38.16
-12.63
20.14
41.81
41.21
20.60
-5.83
-21.15
-15.91
5.80
28.76
36.49
21.54
-9.46
-39.09
-49.76
-34.04
0.60
35.44
51.43
39.53
5.76
-31.93
-54.19
-50.56
-25.12
6.09
24.88
21.09
-1.55
-27.80
-40.46
-30.45
-2.50
27.63
42.99
35.35
10.24
-16.28
-27.70
-16.80
9.94
35.87
44.42
28.74
-3.95
-36.00
-49.64
-36.79
-3.92
31.22
49.86
42.35
13.62
-19.40
-37.85
-31.36
-4.13
27.11
43.03
32.59
-0.37
-38.86
-62.53
-58.89
-30.57
6.17
31.11
31.51
9.31
-20.15
-38.07
-33.35
-9.36
18.01
30.75
19.65
-9.55
-39.07
-49.99
-33.31
4.22
43.38
63.61
54.33
20.82
-18.52
-43.15
-41.56
-17.40
13.10
31.50
27.71
5.84
-18.66
-29.15
-17.79
9.21
35.27
43.72
27.82
-4.86
-36.36
-49.06
-35.62
-3.36
29.80
45.98
37.24
9.89
-19.25
-33.27
-24.82
-0.35
23.93
32.33
19.07
-8.16
-32.37
-37.89
-19.41
14.25
44.67
54.43
36.64
-0.73
-38.77
-58.07
-48.95
-16.88
20.37
42.88
39.34
13.23
-19.23
-39.06
-35.31
-11.64
16.02
29.59
19.80
-8.07
-36.92
-48.64
-34.83
-2.24
30.89
45.88
34.32
2.96
-30.08
-46.46
-37.93
-11.05
17.02
29.35
19.14
-6.22
-29.64
-35.22
-17.81
13.51
40.55
47.12
28.47
-5.52
-35.58
-44.29
-25.62
11.33
47.32
63.77
52.83
21.27
-13.44
-33.69
-31.45
-12.60
7.13
12.35
-2.63
-30.14
-53.64
-58.08
-39.04
-6.10
22.63
31.21
15.16
-15.75
-42.89
-49.92
-32.00
1.31
31.36
41.57
26.72
-3.87
-31.44
-38.84
-20.12
15.72
49.83
64.46
52.95
23.33
-6.17
-18.22
-6.06
22.37
49.33
58.05
42.45
10.78
-19.17
-30.99
-19.14
7.48
30.91
35.15
15.64
-17.77
-46.17
-53.06
-33.77
1.41
33.02
43.80
28.41
-3.73
-33.67
-44.35
-30.01
0.51
29.04
39.07
24.99
-4.71
-32.51
-42.48
-29.32
-1.74
22.76
28.45
10.56
-21.52
-49.38
-56.61
-38.19
-3.92
27.06
37.65
22.61
-8.23
-35.45
-41.84
-22.23
13.09
44.27
53.78
36.40
2.16
-29.24
-40.24
-25.15
6.77
37.11
49.37
37.98
10.97
-15.18
-25.93
-16.73
4.41
22.07
23.17
4.60
-24.54
-47.89
-51.45
-31.47
2.84
34.22
47.15
36.33
9.68
-16.01
-25.18
-12.34
14.46
38.17
43.19
24.50
-9.09
-39.42
-49.73
-33.96
-0.64
31.81
45.62
33.48
2.50
-29.66
-45.43
-36.99
-10.89
15.97
26.66
14.16
-14.26
-41.11
-49.32
-32.18
2.18
35.34
49.53
37.79
8.06
-21.38
-33.16
-20.77
7.55
33.83
41.55
25.29
-5.91
-33.85
-42.34
-26.55
3.91
30.83
38.46
22.68
-6.56
-30.96
-35.14
-15.48
17.47
44.95
51.25
32.59
-0.47
-28.78
-35.75
-16.47
19.14
51.77
63.66
48.24
13.80
-21.06
-38.19
-29.73
-2.66
25.52
37.23
24.95
-4.42
-33.55
-45.43
-33.32
-5.10
21.55
30.09
15.00
-14.88
-41.44
-48.69
-32.14
-1.76
23.83
28.71
8.84
-25.36
-54.78
-62.95
-45.07
-10.96
20.62
32.96
20.58
-7.78
-34.22
-42.53
-27.29
2.74
29.92
38.32
22.97
-7.10
-34.06
-42.11
-26.65
2.72
27.73
32.55
12.93
-20.90
-49.69
-56.58
-36.48
0.54
34.85
48.63
35.74
5.36
-23.23
-32.01
-14.41
20.58
53.62
66.50
52.59
20.85
-9.26
-19.58
-3.72
28.79
57.92
65.08
43.85
3.97
-33.84
-50.02
-36.97
-3.36
31.29
48.33
40.39
15.15
-9.90
-18.82
-6.72
17.19
35.34
33.08
7.64
-29.57
-59.09
-64.91
-43.38
-5.71
28.25
41.26
27.81
-3.10
-33.38
-46.74
-37.59
-14.18
6.71
10.23
-7.67
-37.47
-61.35
-63.94
-41.20
-3.50
29.93
42.10
27.63
-3.90
-33.06
-41.81
-23.38
13.58
49.73
66.08
54.43
21.85
-13.46
-33.03
-28.40
-5.97
17.38
24.92
10.06
-19.46
-46.13
-53.57
-36.23
-3.24
26.97
37.65
23.32
-6.99
-35.15
-44.98
-31.46
-3.67
20.82
26.85
10.45
-18.82
-43.47
-49.06
-32.56
-4.55
16.86
16.87
-7.53
-45.28
-76.82
-85.04
-64.18
-23.32
18.57
42.90
41.07
18.67
-7.76
-20.64
-10.99
16.57
46.59
62.20
54.80
29.38
2.05
-9.13
5.99
43.53
88.04
121.51
133.15
124.73
108.58
98.22
99.51
106.55
105.33
83.65
40.16
-12.58
-53.02
-61.82
-32.08
26.06
89.37
131.87
136.20
100.16
36.85
-32.15
-85.83
-111.88
-110.06
-89.99
-64.98
-45.55
-35.34
-31.14
-26.96
-18.78
-7.75
0.75
1.03
-8.61
-22.81
-31.45
-24.94
-0.04
36.82
71.66
90.35
86.23
64.46
39.74
28.06
37.65
64.08
92.27
105.66
95.57
66.47
32.99
11.33
9.72
23.98
40.10
43.25
26.75
-3.78
-33.20
-46.01
-35.10
-6.46
23.69
38.19
28.35
-0.74
-33.06
-51.03
-45.44
-20.80
6.72
19.20
7.36
-23.87
-57.85
-76.22
-69.38
-42.16
-11.48
3.78
-6.72
-38.74
-76.25
-101.14
-103.43
-86.85
-66.77
-60.33
-76.30
-109.62
-143.84
-161.03
-151.83
-121.03
-85.01
-62.24
-62.98
-83.60
-109.15
-122.65
-114.74
-88.68
-58.16
-38.13
-35.63
-45.06
-51.25
-38.70
-0.86
55.02
110.36
144.96
147.01
119.37
78.02
42.96
27.83
32.86
45.42
48.43
31.10
-4.14
-43.09
-68.15
-69.32
-50.60
-27.16
-16.09
-25.62
-49.66
-71.71
-75.68
-56.17
-22.58
6.11
13.03
-6.64
-41.94
-71.85
-77.21
-51.36
-3.46
45.82
75.79
75.91
50.59
16.05
-8.92
-12.32
5.84
35.73
65.05
86.51
102.06
119.58
146.00
180.65
212.86
226.84
210.94
165.22
103.80
49.33
21.65
28.18
59.54
94.19
110.02
