1556028453.000000, IBI
35.204737,1.031297
41.251889,0.953169
42.501946,1.250057
78.191079,0.828163
82.441274,0.906291
90.222880,0.953169
91.254177,1.031297
92.254223,1.000046
107.661178,1.046923
108.692476,1.031297
109.723773,1.031297
115.255276,0.984420
116.270947,1.015671
124.271314,1.000046
125.224482,0.953169
126.365160,1.140677
132.990463,1.000046
134.068637,1.078174
151.647567,0.968794
152.678864,1.031297
153.538278,0.859414
154.616453,1.078174
155.710253,1.093800
156.710299,1.000046
157.741596,1.031297
158.819770,1.078174
159.944822,1.125051
160.929242,0.984420
161.819907,0.890666
162.944959,1.125051
203.087421,1.093800
204.087467,1.000046
208.900187,1.203180
216.166145,0.921917
217.088062,0.921917
218.088108,1.000046
219.041277,0.953169
219.900691,0.859414
220.838234,0.937543
221.916408,1.078174
223.119588,1.203180
239.464087,1.031297
240.495384,1.031297
241.401675,0.906291
242.464224,1.062549
243.542398,1.078174
244.792455,1.250057
249.042650,0.921917
249.870813,0.828163
259.590008,0.937543
260.418171,0.828163
264.230845,1.046923
265.168388,0.937543
286.903758,0.906291
288.013184,1.109426
289.122610,1.109426
290.122655,1.000046
291.044573,0.921917
292.013367,0.968794
293.107167,1.093800
332.687104,0.625029
348.875345,1.062549
349.812888,0.937543
350.828559,1.015671
351.812979,0.984420
361.094654,0.984420
362.204080,1.109426
363.157249,0.953169
364.110417,0.953169
365.204217,1.093800
366.251140,1.046923
367.219935,0.968794
368.360612,1.140677
374.626524,0.765660
375.579692,0.953169
387.314605,1.031297
388.299025,0.984420
389.111562,0.812537
390.017853,0.906291
391.111653,1.093800
392.033571,0.921917
397.565074,1.046923
398.518242,0.953169
399.393282,0.875040
400.237071,0.843789
401.221491,0.984420
402.127783,0.906291
402.971571,0.843789
403.924740,0.953169
404.893534,0.968794
427.066424,0.859414
461.442998,1.046923
462.380541,0.937543
463.286832,0.906291
464.349381,1.062549
488.850502,0.781286
533.540048,0.859414
534.399462,0.859414
535.227625,0.828163
536.180794,0.953169
537.274594,1.093800
561.791341,0.781286
562.557001,0.765660
563.463292,0.906291
564.182075,0.718783
565.072741,0.890666
565.932155,0.859414
566.994704,1.062549
572.229319,0.906291
573.119984,0.890666
574.088779,0.968794
575.088825,1.000046
575.870110,0.781286
576.854530,0.984420
577.838950,0.984420
578.760868,0.921917
579.589031,0.828163
580.526573,0.937543
581.339111,0.812537
582.198525,0.859414
583.026688,0.828163
583.948605,0.921917
584.745517,0.796911
585.667434,0.921917
586.479971,0.812537
587.448765,0.968794
588.276928,0.828163
589.230097,0.953169
590.136388,0.906291
590.980177,0.843789
591.964597,0.984420
592.855263,0.890666
593.699051,0.843789
594.792851,1.093800
595.839774,1.046923
596.871072,1.031297
597.933620,1.062549
599.074297,1.140677
600.089969,1.015671
601.261898,1.171929
602.371323,1.109426
603.449498,1.078174
604.605801,1.156303
605.605846,1.000046
606.496512,0.890666
607.324675,0.828163
608.230967,0.906291
618.450184,1.125051
619.590862,1.140677
620.465902,0.875040
621.387819,0.921917
622.325362,0.937543
623.231653,0.906291
624.341079,1.109426
625.388002,1.046923
626.372422,0.984420
627.497473,1.125051
628.560022,1.062549
629.481939,0.921917
630.544488,1.062549
631.653914,1.109426
632.669585,1.015671
633.763385,1.093800
634.966565,1.203180
636.122868,1.156303
637.122914,1.000046
638.247966,1.125051
639.341766,1.093800
650.279766,0.906291
651.295438,1.015671
652.201729,0.906291
653.045518,0.843789
654.076815,1.031297
659.608318,0.984420
660.498984,0.890666
661.374024,0.875040
662.374070,1.000046
663.405367,1.031297
750.940624,0.765660
751.800038,0.859414
786.207863,1.062549
787.176658,0.968794
788.129826,0.953169
789.161124,1.031297
790.270549,1.109426
791.254969,0.984420
792.130009,0.875040
793.036301,0.906291
793.786335,0.750034
801.849204,1.046923
814.959180,1.062549
815.834220,0.875040
816.849891,1.015671
823.287686,0.875040
824.256480,0.968794
825.334655,1.078174
833.960049,0.875040
834.928844,0.968794
835.788258,0.859414
840.304090,0.828163
841.116627,0.812537
842.007293,0.890666
842.976087,0.968794
843.991759,1.015671
844.882424,0.890666
845.710587,0.828163
846.538750,0.828163
847.257533,0.718783
851.023330,1.000046
857.039231,0.765660
857.914271,0.875040
865.258357,0.937543
866.149023,0.890666
867.117817,0.968794
867.992857,0.875040
868.961652,0.968794
869.914820,0.953169
870.821112,0.906291
871.649275,0.828163
872.602443,0.953169
873.649366,1.046923
874.649412,1.000046
875.602581,0.953169
876.540123,0.937543
883.946712,0.968794
908.150945,0.906291
908.947857,0.796911
909.807271,0.859414
910.854194,1.046923
911.776111,0.921917
912.635526,0.859414
913.635571,1.000046
914.651243,1.015671
915.541909,0.890666
916.401323,0.859414
917.354492,0.953169
918.417040,1.062549
919.354583,0.937543
920.245249,0.890666
921.354675,1.109426
922.464101,1.109426
923.495398,1.031297
924.495444,1.000046
925.620495,1.125051
926.698669,1.078174
927.651838,0.953169
928.667510,1.015671
929.714432,1.046923
934.355270,0.875040
944.027588,0.906291
944.902628,0.875040
945.965176,1.062549
947.058976,1.093800
948.012145,0.953169
948.918437,0.906291
949.918482,1.000046
955.449986,0.859414
964.419146,1.078174
965.403566,0.984420
966.262980,0.859414
967.200523,0.937543
967.997435,0.796911
968.809972,0.812537
969.606884,0.796911
979.044816,1.109426
985.951382,0.906291
986.920176,0.968794
994.826788,1.000046
995.779957,0.953169
996.780002,1.000046
997.764422,0.984420
998.701965,0.937543
999.670760,0.968794
1000.686431,1.015671
1001.639600,0.953169
1002.545891,0.906291
1003.483434,0.937543
1004.467854,0.984420
1005.405397,0.937543
1006.389817,0.984420
1007.358612,0.968794
1008.264903,0.906291
1009.249323,0.984420
1010.249369,1.000046
1011.218163,0.968794
1012.233835,1.015671
1013.249506,1.015671
1014.202675,0.953169
1015.233972,1.031297
1016.218392,0.984420
1017.155935,0.937543
1018.140355,0.984420
1019.171652,1.031297
1020.124821,0.953169
1021.093615,0.968794
1022.062410,0.968794
1022.968701,0.906291
1023.859367,0.890666
1024.843787,0.984420
1025.750078,0.906291
1026.609493,0.859414
1027.578287,0.968794
1028.609584,1.031297
1029.578379,0.968794
1041.032028,0.796911
1041.750811,0.718783
1042.672728,0.921917
1046.204140,0.921917
1047.094805,0.890666
1051.657514,0.953169
1052.688812,1.031297
1053.626354,0.937543
1054.485769,0.859414
1055.376435,0.890666
1056.329603,0.953169
1057.157766,0.828163
1058.017180,0.859414
1058.970349,0.953169
1059.986021,1.015671
1060.845435,0.859414
1061.829855,0.984420
1062.845526,1.015671
1063.829947,0.984420
1064.720612,0.890666
1065.736284,1.015671
1066.798832,1.062549
1067.845755,1.046923
1068.767673,0.921917
1069.798970,1.031297
1070.845893,1.046923
1071.814687,0.968794
1072.627224,0.812537
1073.455387,0.828163
1074.564813,1.109426
1075.486730,0.921917
1076.455524,0.968794
1077.486822,1.031297
1078.486867,1.000046
1079.408785,0.921917
1080.377579,0.968794
1081.361999,0.984420
1082.221413,0.859414
1083.205833,0.984420
1084.252756,1.046923
1085.112171,0.859414
1086.112216,1.000046
1087.159139,1.046923
1088.174811,1.015671
1089.065477,0.890666
1090.112400,1.046923
1091.174948,1.062549
1092.065614,0.890666
1093.050034,0.984420
1094.096957,1.046923
1095.034500,0.937543
1095.909540,0.875040
1096.925211,1.015671
1097.972134,1.046923
1098.862800,0.890666
1100.003477,1.140677
1101.112903,1.109426
1102.159826,1.046923
1103.003615,0.843789
1103.863029,0.859414
1104.863075,1.000046
1105.956875,1.093800
1106.847541,0.890666
1107.894464,1.046923
1108.925761,1.031297
1109.894555,0.968794
1110.816472,0.921917
1111.879021,1.062549
1112.910318,1.031297
1113.785358,0.875040
1114.863533,1.078174
1116.035461,1.171929
1117.066758,1.031297
1118.004301,0.937543
1119.051224,1.046923
1120.145024,1.093800
1121.191947,1.046923
1122.035736,0.843789
1122.988904,0.953169
1124.004576,1.015671
1125.067125,1.062549
1125.973416,0.906291
1126.973462,1.000046
1128.036011,1.062549
1129.004805,0.968794
1129.942348,0.937543
1131.067399,1.125051
1132.176825,1.109426
1133.239374,1.062549
1134.286297,1.046923
1135.301968,1.015671
1136.255137,0.953169
1137.239557,0.984420
1138.302105,1.062549
1139.224023,0.921917
1140.161566,0.937543
1141.224114,1.062549
1142.146031,0.921917
1143.114826,0.968794
1144.177374,1.062549
1145.099292,0.921917
1146.005583,0.906291
1146.880623,0.875040
1147.708786,0.828163
1148.521323,0.812537
1149.318235,0.796911
1150.146398,0.828163
1151.068315,0.921917
1151.880852,0.812537
1152.755892,0.875040
1153.755938,1.000046
1154.787235,1.031297
1155.662275,0.875040
1156.662321,1.000046
1157.662367,1.000046
1158.693664,1.031297
1159.584330,0.890666
1160.678130,1.093800
1161.584421,0.906291
1162.428210,0.843789
1170.131687,0.859414
1171.100482,0.968794
1172.100528,1.000046
1173.022445,0.921917
1173.850608,0.828163
1174.819402,0.968794
1175.835073,1.015671
1176.897622,1.062549
1177.850791,0.953169
1178.678954,0.828163
1179.616497,0.937543
1180.679045,1.062549
1181.710342,1.031297
1182.632260,0.921917
1183.647931,1.015671
1184.710480,1.062549
1185.663648,0.953169
1186.538688,0.875040
1187.507483,0.968794
1188.523154,1.015671
1189.538826,1.015671
1190.398240,0.859414
1191.367034,0.968794
1192.382706,1.015671
1193.288997,0.906291
1194.148412,0.859414
1195.148458,1.000046
1196.211006,1.062549
1197.070421,0.859414
1198.039215,0.968794
1199.008009,0.968794
1199.883049,0.875040
1200.758089,0.875040
1201.726884,0.968794
1202.758181,1.031297
1203.648847,0.890666
1204.711395,1.062549
1205.805195,1.093800
1206.867744,1.062549
1207.742784,0.875040
1208.570947,0.828163
1209.524116,0.953169
1210.524161,1.000046
1211.399201,0.875040
1212.336744,0.937543
1213.352416,1.015671
1214.368087,1.015671
1215.290004,0.921917
1216.243173,0.953169
1217.274470,1.031297
1218.149510,0.875040
1219.087053,0.937543
1220.133976,1.046923
1221.102771,0.968794
1221.930933,0.828163
1222.665342,0.734409
1246.541435,0.765660
1247.213341,0.671906
1247.916498,0.703157
1248.729035,0.812537
1249.572824,0.843789
1250.432238,0.859414
1251.432284,1.000046
1255.666853,0.750034
1256.510641,0.843789
1257.354430,0.843789
1258.245096,0.890666
1258.995130,0.750034
1259.760790,0.765660
1260.542076,0.781286
1261.479619,0.937543
1262.167150,0.687531
1262.995313,0.828163
1263.885979,0.890666
1264.792270,0.906291
1265.589182,0.796911
1266.386093,0.796911
1267.261133,0.875040
1268.245553,0.984420
1269.261225,1.015671
1270.105014,0.843789
1271.011305,0.906291
1271.917597,0.906291
1272.777011,0.859414
1273.527045,0.750034
1274.339582,0.812537
1275.167745,0.828163
1276.074037,0.906291
1276.808445,0.734409
1277.589731,0.781286
1278.371017,0.781286
1279.371063,1.000046
1280.292980,0.921917
1281.199271,0.906291
1285.824483,0.750034
1286.621395,0.796911
1287.465183,0.843789
1288.293346,0.828163
1289.168386,0.875040
1290.184058,1.015671
1291.074723,0.890666
1291.902886,0.828163
1292.809178,0.906291
1293.746721,0.937543
1294.746767,1.000046
1295.528052,0.781286
1296.528098,1.000046
1297.621898,1.093800
1298.528190,0.906291
1299.403230,0.875040
1300.403275,1.000046
1301.325193,0.921917
1302.153356,0.828163
1303.106524,0.953169
1304.090944,0.984420
1304.997236,0.906291
1305.825399,0.828163
1306.825444,1.000046
1307.887993,1.062549
1308.903665,1.015671
1309.825582,0.921917
1310.778750,0.953169
1311.763170,0.984420
1312.575708,0.812537
1313.653882,1.078174
1314.778934,1.125051
1315.716476,0.937543
1316.732148,1.015671
1317.825948,1.093800
1318.904122,1.078174
1319.997922,1.093800
1321.044845,1.046923
1322.013640,0.968794
1323.060563,1.046923
1324.123111,1.062549
1325.060654,0.937543
1326.123203,1.062549
1409.486394,0.812537
1410.252054,0.765660
1411.173971,0.921917
1440.753450,1.140677
1441.800373,1.046923
1442.909799,1.109426
1444.034850,1.125051
1444.909890,0.875040
1445.925562,1.015671
1446.831853,0.906291
1447.706893,0.875040
1448.894448,1.187554
1457.129200,1.046923
1458.191748,1.062549
1459.191794,1.000046
1460.160588,0.968794
1461.176260,1.015671
1462.129428,0.953169
1463.145100,1.015671
1464.160771,1.015671
1465.067063,0.906291
1466.098360,1.031297
1467.145283,1.046923
1468.098452,0.953169
1468.989117,0.890666
1469.957912,0.968794
1470.911080,0.953169
1471.754869,0.843789
1472.723663,0.968794
1473.801838,1.078174
1474.708129,0.906291
1475.755052,1.046923
1476.817601,1.062549
1477.755144,0.937543
1478.630184,0.875040
1479.598978,0.968794
1480.599024,1.000046
1481.474064,0.875040
1482.599115,1.125051
1483.661664,1.062549
1484.724213,1.062549
1489.318173,1.046923
1490.333844,1.015671
1491.193259,0.859414
1492.193305,1.000046
1493.271479,1.078174
1494.255899,0.984420
1495.365325,1.109426
1502.506277,1.062549
1503.553200,1.046923
1504.459491,0.906291
1505.459537,1.000046
1506.600214,1.140677
1507.475254,0.875040
1547.180197,1.140677
1548.195868,1.015671
1549.180288,0.984420
1550.274088,1.093800
1551.352262,1.078174
1552.274180,0.921917
1603.214011,0.890666
1604.010923,0.796911
1604.901589,0.890666
1605.870383,0.968794
1614.152012,0.890666
1615.120806,0.968794
1615.995847,0.875040
1617.089647,1.093800
1618.199072,1.109426
1619.277247,1.078174
1620.324170,1.046923
1621.417970,1.093800
1622.496144,1.078174
1623.449313,0.953169
1624.277476,0.828163
1625.152516,0.875040
1626.183813,1.031297
1627.199484,1.015671
1628.199530,1.000046
1629.308956,1.109426
1630.324627,1.015671
1631.277796,0.953169
1632.293468,1.015671
1633.324765,1.031297
1634.356062,1.031297
1635.418611,1.062549
1636.528036,1.109426
1637.559334,1.031297
1638.434374,0.875040
1639.512548,1.078174
1640.496968,0.984420
1641.450137,0.953169
1642.450182,1.000046
1643.497105,1.046923
1644.419023,0.921917
1645.403443,0.984420
1646.403488,1.000046
1647.262903,0.859414
1648.184820,0.921917
1649.262994,1.078174
1650.106783,0.843789
1651.075577,0.968794
1652.091249,1.015671
1653.060043,0.968794
1653.950709,0.890666
1654.997632,1.046923
1655.919549,0.921917
1656.810215,0.890666
1657.825886,1.015671
1658.888435,1.062549
1659.841604,0.953169
1660.841649,1.000046
1661.888572,1.046923
1662.826115,0.937543
1663.810535,0.984420
1664.779330,0.968794
1701.796649,0.984420
1702.796695,1.000046
1703.859243,1.062549
1704.968669,1.109426
1705.937464,0.968794
1706.890632,0.953169
1707.937555,1.046923
1709.031355,1.093800
1709.922021,0.890666
1710.875190,0.953169
1732.782442,1.000046
1733.751237,0.968794
1734.766908,1.015671
1769.284113,0.921917
1770.268533,0.984420
1771.081070,0.812537
1771.956110,0.875040
1773.018659,1.062549
1773.862448,0.843789
1774.737488,0.875040
1775.831288,1.093800
1776.909462,1.078174
1777.847005,0.937543
1778.909554,1.062549
1779.940851,1.031297
1780.987774,1.046923
1782.144077,1.156303
1783.284754,1.140677
1850.272195,1.000046
1859.694502,0.859414
1865.351011,1.031297
1866.476062,1.125051
1867.335476,0.859414
1868.163639,0.828163
1869.194937,1.031297
1878.523489,0.843789
1879.336026,0.812537
1880.211066,0.875040
1881.054854,0.843789
1881.804889,0.750034
1882.648677,0.843789
1883.633097,0.984420
1884.508137,0.875040
1900.821384,0.937543
1901.649547,0.828163
1902.680844,1.031297
1903.680890,1.000046
1904.649684,0.968794
1905.649730,1.000046
1906.571647,0.921917
1907.446687,0.875040
1908.352979,0.906291
1909.212393,0.859414
1910.071808,0.859414
1911.134356,1.062549
1997.169545,0.937543
1998.513356,1.343812
2118.300089,1.171929
2245.337155,1.140677
2246.509083,1.171929
2331.372343,0.843789
2332.044249,0.671906
2339.903984,1.250057
2341.029035,1.125051
2342.372847,1.343812
2386.531118,0.781286
2541.522587,0.812537
2542.335124,0.812537
2543.413299,1.078174
2743.141191,0.937543
2768.579856,1.015671
2839.786240,0.828163
2843.427032,0.937543
