1561053811.000000, IBI
13.797507,0.781286
14.516289,0.718783
15.344452,0.828163
16.203867,0.859414
17.063281,0.859414
17.766438,0.703157
18.485221,0.718783
19.297758,0.812537
20.157173,0.859414
72.050173,0.906291
72.940839,0.890666
114.098973,0.734409
179.523843,0.937543
180.352005,0.828163
181.086414,0.734409
181.883326,0.796911
182.727114,0.843789
183.664657,0.937543
184.524071,0.859414
185.195977,0.671906
185.992889,0.796911
186.836677,0.843789
198.805975,0.859414
199.665390,0.859414
200.509178,0.843789
204.556238,0.750034
205.290647,0.734409
206.025056,0.734409
206.759464,0.734409
207.587627,0.828163
216.431782,0.828163
217.150565,0.718783
217.900599,0.750034
218.697511,0.796911
219.431919,0.734409
220.228831,0.796911
220.947614,0.718783
221.666397,0.718783
222.463308,0.796911
223.432102,0.968794
224.275891,0.843789
224.994674,0.718783
225.979094,0.984420
229.682389,0.859414
230.385546,0.703157
231.166831,0.781286
232.010620,0.843789
232.854409,0.843789
233.713823,0.859414
234.448232,0.734409
235.260769,0.812537
235.979552,0.718783
236.823340,0.843789
237.604626,0.781286
238.385912,0.781286
239.167198,0.781286
239.964109,0.796911
240.901652,0.937543
241.682938,0.781286
242.495475,0.812537
243.261135,0.765660
248.105107,0.859414
248.870767,0.765660
249.605175,0.734409
250.495841,0.890666
251.230250,0.734409
261.605725,0.843789
262.215128,0.609403
262.933911,0.718783
309.264156,0.875040
310.154822,0.890666
311.061114,0.906291
311.936154,0.875040
312.670562,0.734409
313.467474,0.796911
328.374406,0.796911
329.077563,0.703157
378.876718,0.859414
379.720506,0.843789
380.595546,0.875040
390.877267,0.734409
391.596050,0.718783
455.708360,0.734409
456.474020,0.765660
457.177177,0.703157
457.942837,0.765660
458.724123,0.781286
490.491202,0.875040
491.241236,0.750034
492.038148,0.796911
492.928813,0.890666
493.772602,0.843789
494.585139,0.812537
495.335174,0.750034
513.867272,0.843789
514.804815,0.937543
515.617352,0.812537
516.429889,0.812537
529.383607,0.906291
545.056200,0.765660
609.434147,0.718783
610.418567,0.984420
627.731859,0.953169
673.749591,0.734409
674.499625,0.750034
675.374665,0.875040
676.312208,0.937543
677.155997,0.843789
677.968534,0.812537
678.890451,0.921917
679.577982,0.687531
680.390520,0.812537
681.203057,0.812537
681.984343,0.781286
690.969129,0.812537
691.734789,0.765660
692.516075,0.781286
693.359864,0.843789
694.219278,0.859414
695.203698,0.984420
695.938107,0.734409
699.735155,0.734409
700.485190,0.750034
701.344604,0.859414
702.297773,0.953169
703.141561,0.843789
704.063478,0.921917
704.766636,0.703157
705.688553,0.921917
706.501090,0.812537
707.329253,0.828163
708.376176,1.046923
709.126210,0.750034
710.157507,1.031297
726.236369,0.812537
739.690109,0.718783
740.377641,0.687531
741.237055,0.859414
741.955838,0.718783
751.987547,0.890666
752.784459,0.796911
753.471990,0.687531
754.362656,0.890666
755.378328,1.015671
756.190865,0.812537
756.878396,0.687531
757.722185,0.843789
758.487845,0.765660
759.456639,0.968794
760.206674,0.750034
760.956708,0.750034
761.737994,0.781286
762.628659,0.890666
763.550577,0.921917
764.441242,0.890666
765.191277,0.750034
766.035065,0.843789
766.988234,0.953169
767.925777,0.937543
768.816443,0.890666
769.519600,0.703157
770.363389,0.843789
771.222803,0.859414
778.723146,0.796911
779.551309,0.828163
780.379472,0.828163
781.270138,0.890666
782.051424,0.781286
782.848335,0.796911
783.535866,0.687531
784.317152,0.781286
785.082812,0.765660
785.926601,0.843789
786.895395,0.968794
787.723558,0.828163
788.504844,0.781286
789.348633,0.843789
790.114293,0.765660
791.114338,1.000046
794.973890,0.937543
795.817679,0.843789
796.645842,0.828163
797.520882,0.875040
798.317793,0.796911
806.099399,1.000046
806.849434,0.750034
807.661971,0.812537
808.568262,0.906291
809.443302,0.875040
810.333968,0.890666
817.849937,0.828163
818.646849,0.796911
819.350006,0.703157
820.334426,0.984420
821.303220,0.968794
822.178260,0.875040
826.256572,0.703157
827.115986,0.859414
828.084781,0.968794
828.803564,0.718783
829.741107,0.937543
830.506767,0.765660
862.398851,0.687531
863.336394,0.937543
864.180183,0.843789
876.446369,0.843789
877.149527,0.703157
877.821432,0.671906
883.618573,0.812537
884.477987,0.859414
885.415530,0.937543
886.384324,0.968794
887.212487,0.828163
887.993773,0.781286
888.681304,0.687531
898.181740,0.890666
898.947400,0.765660
899.728685,0.781286
900.463094,0.734409
901.338134,0.875040
902.338180,1.000046
906.260234,0.937543
907.213403,0.953169
915.557535,0.718783
916.526329,0.968794
917.276364,0.750034
917.995147,0.718783
918.885812,0.890666
919.588969,0.703157
920.448384,0.859414
921.370301,0.921917
922.307844,0.937543
923.011001,0.703157
923.917293,0.906291
924.620450,0.703157
925.432987,0.812537
926.104893,0.671906
931.308256,0.984420
932.136419,0.828163
933.011459,0.875040
933.761493,0.750034
934.542779,0.781286
943.152548,1.000046
944.027588,0.875040
944.933880,0.906291
945.683914,0.750034
1047.094806,0.703157
1047.938595,0.843789
1048.657377,0.718783
1063.954953,0.906291
1064.861244,0.906291
1065.595653,0.734409
1066.501944,0.906291
1067.251979,0.750034
1081.877648,0.875040
1082.674560,0.796911
1104.691193,0.828163
1111.160239,0.796911
1150.787053,0.859414
1151.693344,0.906291
1164.240793,0.671906
1170.584834,0.734409
1171.475500,0.890666
1172.272411,0.796911
1173.022445,0.750034
1173.803731,0.781286
1174.553766,0.750034
1235.447178,0.781286
1236.197212,0.750034
1245.072618,0.656280
1245.713273,0.640654
1346.374130,1.171929
1426.205910,0.718783
1492.427691,0.718783
1493.162100,0.734409
1494.005888,0.843789
1494.787174,0.781286
1495.568460,0.781286
1496.302868,0.734409
1497.037277,0.734409
1497.865440,0.828163
1498.771731,0.906291
1510.444140,0.859414
1511.225426,0.781286
1512.006712,0.781286
1512.787998,0.781286
1513.538032,0.750034
1536.664091,0.765660
1537.398499,0.734409
1538.242288,0.843789
1539.039200,0.796911
1539.851737,0.812537
1557.946315,0.875040
1558.836981,0.890666
1559.790149,0.953169
1580.478596,0.843789
1591.697860,0.890666
1592.479146,0.781286
1647.606669,0.718783
1648.481709,0.875040
1691.483678,0.812537
1692.546226,1.062549
1693.358763,0.812537
1705.234307,0.671906
1706.031219,0.796911
1752.392716,0.828163
1753.095873,0.703157
1780.581506,0.906291
1811.426668,0.859414
1812.254831,0.828163
1813.176748,0.921917
1813.911157,0.734409
1814.614314,0.703157
1815.286220,0.671906
1816.083131,0.796911
1816.926920,0.843789
1817.739457,0.812537
1818.551994,0.812537
1819.239526,0.687531
1820.098940,0.859414
1820.989606,0.890666
1821.802143,0.812537
1822.708434,0.906291
1823.552223,0.843789
1824.239754,0.687531
1824.974163,0.734409
1825.880455,0.906291
1826.661740,0.781286
1827.427400,0.765660
1828.286815,0.859414
1828.958720,0.671906
1829.708755,0.750034
1830.349409,0.640654
1857.569405,0.796911
1858.413194,0.843789
1859.319485,0.906291
1868.944926,0.890666
1869.819966,0.875040
1870.601252,0.781286
1871.460666,0.859414
1872.351332,0.890666
1873.116992,0.765660
1873.945155,0.828163
1874.695189,0.750034
1875.398346,0.703157
1876.101503,0.703157
1876.820286,0.718783
1877.617198,0.796911
1878.523489,0.906291
1879.414155,0.890666
1880.242318,0.828163
1881.242364,1.000046
1893.961696,0.921917
1894.836736,0.875040
1895.586770,0.750034
1896.368056,0.781286
1897.180593,0.812537
1957.230217,0.781286
1958.011503,0.781286
1958.870917,0.859414
1959.824086,0.953169
1960.605371,0.781286
1978.215553,0.890666
1979.106218,0.890666
1979.918756,0.812537
1990.294230,0.875040
1991.200522,0.906291
1992.091188,0.890666
1992.903725,0.812537
1993.653759,0.750034
1994.481922,0.828163
1995.403839,0.921917
1996.403885,1.000046
1997.341428,0.937543
1998.091462,0.750034
1998.919625,0.828163
1999.810291,0.890666
2000.700957,0.890666
2001.529120,0.828163
2015.951655,0.781286
2016.701689,0.750034
2017.545478,0.843789
2018.420518,0.875040
2019.295558,0.875040
2033.796222,0.890666
2049.781328,0.812537
2050.593866,0.812537
2051.484531,0.890666
2052.343946,0.859414
2053.093980,0.750034
2053.828389,0.734409
2054.578423,0.750034
2055.422212,0.843789
2056.359755,0.937543
2057.281672,0.921917
2058.078583,0.796911
2058.922372,0.843789
2059.781786,0.859414
2060.641201,0.859414
2061.516241,0.875040
2062.281901,0.765660
2063.063186,0.781286
2063.844472,0.781286
2064.688261,0.843789
2065.594552,0.906291
2066.438341,0.843789
2083.517248,0.750034
2084.236031,0.718783
2085.017316,0.781286
2085.876731,0.859414
2086.736145,0.859414
2087.533056,0.796911
2088.283091,0.750034
2089.064377,0.781286
2089.923791,0.859414
2090.814457,0.890666
2091.626994,0.812537
2092.377028,0.750034
2100.111757,0.687531
2100.783663,0.671906
