1557760240.000000, IBI
12.078678,0.921917
13.047472,0.968794
14.031892,0.984420
15.016312,0.984420
16.063235,1.046923
16.953901,0.890666
17.907070,0.953169
18.969618,1.062549
25.204279,1.156303
26.344956,1.140677
27.391879,1.046923
28.501305,1.109426
29.657608,1.156303
30.798285,1.140677
31.860833,1.062549
32.939008,1.078174
34.064059,1.125051
35.157859,1.093800
36.126654,0.968794
37.189202,1.062549
38.204874,1.015671
39.236171,1.031297
40.189340,0.953169
41.189385,1.000046
42.205057,1.015671
43.267606,1.062549
44.236400,0.968794
45.220820,0.984420
46.252117,1.031297
47.267789,1.015671
48.205332,0.937543
49.205377,1.000046
50.221049,1.015671
51.174217,0.953169
52.174263,1.000046
53.174309,1.000046
54.205606,1.031297
55.127523,0.921917
56.143195,1.015671
57.174492,1.031297
58.205789,1.031297
59.190209,0.984420
60.190255,1.000046
61.299681,1.109426
62.268475,0.968794
63.268521,1.000046
89.300963,0.984420
90.441640,1.140677
91.566692,1.125051
92.691743,1.125051
93.691789,1.000046
94.754338,1.062549
95.910640,1.156303
97.191949,1.281309
110.786321,1.109426
111.833244,1.046923
112.895793,1.062549
113.989593,1.093800
115.005265,1.015671
116.005310,1.000046
116.942853,0.937543
118.083530,1.140677
119.224208,1.140677
120.396136,1.171929
121.521188,1.125051
122.599362,1.078174
123.724414,1.125051
124.880717,1.156303
125.927639,1.046923
153.163261,1.203180
154.132056,0.968794
183.633406,1.046923
184.711580,1.078174
185.852257,1.140677
187.039812,1.187554
208.072025,0.968794
209.103322,1.031297
210.197122,1.093800
211.337799,1.140677
212.400348,1.062549
213.509773,1.109426
214.634825,1.125051
215.587994,0.953169
216.494285,0.906291
233.307555,1.078174
328.124395,1.187554
329.077564,0.953169
362.204080,0.921917
379.048601,1.109426
379.908015,0.859414
410.003143,1.156303
424.488181,1.046923
425.488227,1.000046
478.365647,1.062549
479.615704,1.250057
498.882211,0.781286
508.710786,0.906291
509.663954,0.953169
517.523689,0.968794
518.492484,0.968794
547.525063,0.953169
548.540734,1.015671
549.509528,0.968794
550.431446,0.921917
560.291272,0.781286
567.057207,1.125051
567.963498,0.906291
568.916667,0.953169
569.994841,1.078174
571.026138,1.031297
572.073061,1.046923
580.667205,0.953169
581.620373,0.953169
582.542290,0.921917
583.542336,1.000046
584.401751,0.859414
585.308042,0.906291
586.292462,0.984420
587.261256,0.968794
617.497015,1.109426
618.606441,1.109426
619.637738,1.031297
634.575922,1.140677
641.560617,0.968794
642.654417,1.093800
643.638837,0.984420
644.607631,0.968794
645.623303,1.015671
646.607723,0.984420
647.576517,0.968794
648.529686,0.953169
649.623486,1.093800
654.217446,1.000046
660.202095,1.031297
661.280270,1.078174
662.202187,0.921917
663.170981,0.968794
664.139776,0.968794
665.217950,1.078174
666.202370,0.984420
730.502188,0.781286
741.502692,0.828163
742.533989,1.031297
743.409029,0.875040
744.440326,1.031297
745.315367,0.875040
746.331038,1.015671
747.377961,1.046923
748.299878,0.921917
749.378052,1.078174
750.315595,0.937543
776.707428,0.984420
777.707474,1.000046
778.707520,1.000046
779.676314,0.968794
780.629483,0.953169
781.645154,1.015671
782.660826,1.015671
783.535866,0.875040
789.364258,0.906291
790.317426,0.953169
791.301847,0.984420
802.239847,0.953169
803.302396,1.062549
804.208687,0.906291
805.208733,1.000046
806.208779,1.000046
807.208825,1.000046
808.161993,0.953169
809.302670,1.140677
810.255839,0.953169
811.224633,0.968794
820.037537,1.000046
821.037583,1.000046
821.943874,0.906291
822.881417,0.937543
823.834586,0.953169
834.647581,0.968794
835.632001,0.984420
836.600795,0.968794
837.600841,1.000046
838.538384,0.937543
839.491552,0.953169
840.569727,1.078174
841.507270,0.937543
842.397935,0.890666
843.429233,1.031297
849.960782,0.984420
851.101459,1.140677
858.976819,1.046923
859.867485,0.890666
865.758380,1.000046
866.867805,1.109426
867.727220,0.859414
891.493933,0.828163
892.509604,1.015671
901.760028,1.015671
902.525688,0.765660
903.478856,0.953169
904.385148,0.906291
905.197685,0.812537
906.213356,1.015671
906.994642,0.781286
907.775928,0.781286
908.588465,0.812537
909.510382,0.921917
910.354171,0.843789
911.151083,0.796911
911.994871,0.843789
912.916788,0.921917
916.557580,0.859414
917.526374,0.968794
918.510794,0.984420
919.385834,0.875040
920.323377,0.937543
921.307797,0.984420
935.652204,1.078174
936.464741,0.812537
937.355407,0.890666
1006.655454,0.843789
1007.608623,0.953169
1008.593043,0.984420
1009.624340,1.031297
1031.687850,0.890666
1046.782291,0.703157
1109.410157,0.921917
1115.660444,1.031297
1116.769869,1.109426
1123.129535,0.750034
1124.051453,0.921917
1146.990003,1.000046
1148.068177,1.078174
1157.474858,0.875040
1158.428026,0.953169
1193.726517,1.015671
1194.789066,1.062549
1195.804737,1.015671
1196.757906,0.953169
1197.836080,1.078174
1198.789249,0.953169
1199.867423,1.078174
1200.742463,0.875040
1201.711257,0.968794
1202.633175,0.921917
1203.680098,1.046923
1204.555138,0.875040
1205.539558,0.984420
1206.570855,1.031297
1207.539649,0.968794
1208.461566,0.921917
1209.399109,0.937543
1210.477284,1.078174
1211.477329,1.000046
1215.086870,0.875040
1216.008787,0.921917
1216.961956,0.953169
1217.758867,0.796911
1218.712036,0.953169
1219.602701,0.890666
1220.540244,0.937543
1221.384033,0.843789
1222.399704,1.015671
1223.290370,0.890666
1224.134159,0.843789
1225.087327,0.953169
1226.149876,1.062549
1227.087419,0.937543
1228.071839,0.984420
1228.962505,0.890666
1229.915673,0.953169
1231.071976,1.156303
1235.556557,1.031297
1236.415971,0.859414
1261.120227,1.078174
1262.073395,0.953169
1263.167196,1.093800
1267.823659,0.906291
1268.761202,0.937543
1269.839376,1.078174
1276.605311,1.093800
1277.449099,0.843789
1278.339765,0.890666
1279.417939,1.078174
1280.339857,0.921917
1281.230522,0.890666
1282.136814,0.906291
1283.058731,0.921917
1296.199958,1.109426
1297.106249,0.906291
1298.059418,0.953169
1299.043838,0.984420
1300.153264,1.109426
1301.075181,0.921917
1301.903344,0.828163
1302.840887,0.937543
1314.435167,1.015671
1321.482365,1.031297
1322.482411,1.000046
1323.341825,0.859414
1324.279368,0.937543
1325.279414,1.000046
1326.248208,0.968794
1327.248254,1.000046
1328.310802,1.062549
1329.357725,1.046923
1330.467151,1.109426
1331.342191,0.875040
1332.248483,0.906291
1333.139148,0.890666
1334.107943,0.968794
1335.201743,1.093800
1336.108034,0.906291
1337.123706,1.015671
1338.061249,0.937543
1339.014417,0.953169
1340.030089,1.015671
1340.967632,0.937543
1341.983303,1.015671
1343.014601,1.031297
1344.045898,1.031297
1345.077195,1.031297
1346.108492,1.031297
1346.999158,0.890666
1347.889824,0.890666
1348.858618,0.968794
1349.983670,1.125051
1350.827458,0.843789
1351.765001,0.937543
1352.655667,0.890666
1353.733841,1.078174
1358.546561,1.062549
1359.530982,0.984420
1360.624782,1.093800
1361.562325,0.937543
1362.609247,1.046923
1363.640545,1.031297
1364.656216,1.015671
1365.703139,1.046923
1366.546928,0.843789
1367.625102,1.078174
1368.484516,0.859414
1369.390808,0.906291
1370.343976,0.953169
1371.406525,1.062549
1377.734940,0.984420
1378.828740,1.093800
1379.891289,1.062549
1380.985089,1.093800
1381.828877,0.843789
1389.235466,0.843789
1390.157383,0.921917
1391.141804,0.984420
1392.157475,1.015671
1393.235649,1.078174
1394.126315,0.890666
1395.016981,0.890666
1395.954524,0.937543
1396.985821,1.031297
1398.048370,1.062549
1399.126544,1.078174
1400.267221,1.140677
1401.376647,1.109426
1402.501698,1.125051
1403.626750,1.125051
1404.673673,1.046923
1405.548713,0.875040
1406.408127,0.859414
1407.392547,0.984420
1408.330090,0.937543
1409.236382,0.906291
1410.298930,1.062549
1411.252099,0.953169
1412.314648,1.062549
1413.314693,1.000046
1414.330365,1.015671
1415.408539,1.078174
1416.455462,1.046923
1417.455508,1.000046
1418.471179,1.015671
1419.533728,1.062549
1420.627528,1.093800
1421.596323,0.968794
1422.455737,0.859414
1423.221397,0.765660
1424.237068,1.015671
1425.018354,0.781286
1425.862143,0.843789
1426.784060,0.921917
1427.768480,0.984420
1428.846654,1.078174
1429.940454,1.093800
1430.956126,1.015671
1431.940546,0.984420
1432.971843,1.031297
1434.018766,1.046923
1435.081315,1.062549
1436.096986,1.015671
1437.050155,0.953169
1438.050201,1.000046
1439.097124,1.046923
1440.065918,0.968794
1441.097215,1.031297
1442.097261,1.000046
1471.707991,0.796911
1472.614283,0.906291
1473.645580,1.031297
1474.645626,1.000046
1475.645672,1.000046
1476.598840,0.953169
1477.552009,0.953169
1478.442675,0.890666
1483.474155,1.031297
1484.505452,1.031297
1485.521124,1.015671
1486.489918,0.968794
1487.489964,1.000046
1488.521261,1.031297
1489.615061,1.093800
1490.521353,0.906291
1491.474521,0.953169
1492.458941,0.984420
1493.552741,1.093800
1494.459033,0.906291
1495.349699,0.890666
1496.412247,1.062549
1497.193533,0.781286
1498.146702,0.953169
1499.037367,0.890666
1500.021787,0.984420
1500.959330,0.937543
1501.865622,0.906291
1502.881293,1.015671
1503.959468,1.078174
1504.865759,0.906291
1505.818928,0.953169
1506.865851,1.046923
1507.819019,0.953169
1508.709685,0.890666
1509.553474,0.843789
1510.412888,0.859414
1511.522314,1.109426
1517.569466,1.031297
1518.600763,1.031297
1519.663311,1.062549
1520.772737,1.109426
1521.710280,0.937543
1522.679075,0.968794
1523.741623,1.062549
1524.835423,1.093800
1525.788592,0.953169
1526.741760,0.953169
1527.741806,1.000046
1528.819981,1.078174
1529.804401,0.984420
1530.804446,1.000046
1531.788867,0.984420
1532.835789,1.046923
1533.835835,1.000046
1534.789004,0.953169
1535.773424,0.984420
1536.835973,1.062549
1537.757890,0.921917
1538.695433,0.937543
1539.695478,1.000046
1540.742401,1.046923
1541.711196,0.968794
1542.664364,0.953169
1543.664410,1.000046
1544.711333,1.046923
1607.854848,0.968794
1627.996395,1.046923
1629.043318,1.046923
1630.043364,1.000046
1630.980907,0.937543
1631.918450,0.937543
1632.840367,0.921917
1633.902916,1.062549
1634.809207,0.906291
1635.731124,0.921917
1636.699919,0.968794
1637.778093,1.078174
1638.621882,0.843789
1639.637553,1.015671
1640.637599,1.000046
1641.762650,1.125051
1642.825199,1.062549
1643.793993,0.968794
1644.762788,0.968794
1645.778459,1.015671
1646.841008,1.062549
1647.794177,0.953169
1648.669217,0.875040
1670.295207,1.203180
1675.139178,0.937543
1676.154850,1.015671
1692.186834,0.906291
1693.202505,1.015671
1694.249428,1.046923
1695.280725,1.031297
1696.202642,0.921917
1697.171437,0.968794
1698.155857,0.984420
1699.234031,1.078174
1700.140323,0.906291
1701.077866,0.937543
1702.171666,1.093800
1703.156086,0.984420
1704.062377,0.906291
1705.015546,0.953169
1705.953089,0.937543
1706.937509,0.984420
1743.111040,0.984420
1744.032957,0.921917
1744.892371,0.859414
1745.751786,0.859414
1746.658077,0.906291
1747.720626,1.062549
1748.689420,0.968794
1749.564460,0.875040
1750.502003,0.937543
1751.564552,1.062549
1752.517720,0.953169
1753.408386,0.890666
1754.330303,0.921917
1755.283472,0.953169
1756.299143,1.015671
1757.346066,1.046923
1758.236732,0.890666
1759.143023,0.906291
1760.111818,0.968794
1761.111864,1.000046
1762.033781,0.921917
1762.908821,0.875040
1763.830738,0.921917
1764.815158,0.984420
1765.830830,1.015671
1766.721495,0.890666
1779.456453,0.937543
1820.145816,1.031297
1820.973979,0.828163
1822.052153,1.078174
1823.005322,0.953169
1823.849111,0.843789
1824.802279,0.953169
1825.786699,0.984420
1826.755494,0.968794
1827.614908,0.859414
1828.489948,0.875040
1829.380614,0.890666
1830.224402,0.843789
1831.240074,1.015671
1832.052611,0.812537
1832.865148,0.812537
1833.802691,0.937543
1834.693357,0.890666
1835.693403,1.000046
1836.552817,0.859414
1837.459109,0.906291
1838.334149,0.875040
1843.896903,1.000046
1844.787569,0.890666
1845.568855,0.781286
1846.428269,0.859414
1847.303309,0.875040
1848.256478,0.953169
1849.006512,0.750034
1881.617380,0.968794
1882.648677,1.031297
1883.695600,1.046923
1884.695646,1.000046
1885.648814,0.953169
1886.648860,1.000046
1887.617655,0.968794
1888.602075,0.984420
1889.570869,0.968794
1953.792559,0.984420
1954.870733,1.078174
1955.839527,0.968794
1956.823947,0.984420
1957.839619,1.015671
1958.824039,0.984420
1959.917839,1.093800
1960.871008,0.953169
1961.949182,1.078174
1963.058608,1.109426
1969.465151,0.875040
1970.512074,1.046923
2015.998531,0.984420
2031.046095,0.968794
2062.203771,0.875040
2063.141314,0.937543
2064.125734,0.984420
2082.376570,0.906291
2083.392241,1.015671
2084.423538,1.031297
2090.939462,0.968794
2091.970759,1.031297
2093.142688,1.171929
2094.048979,0.906291
2095.095902,1.046923
