1552620154.00
64.000000
-0.00
-0.00
-0.00
-0.00
-0.00
-0.00
-0.00
-0.00
-0.00
-0.00
0.00
0.01
0.01
-0.00
-0.03
-0.05
-0.05
0.00
0.13
0.36
0.66
1.01
1.37
1.72
2.06
2.40
2.79
3.24
3.80
4.42
5.06
5.66
6.20
6.68
7.15
7.68
8.31
9.15
10.09
11.04
11.88
12.56
13.13
13.76
14.67
16.01
17.98
20.36
22.88
25.22
27.24
29.03
30.95
33.46
36.88
41.57
47.14
53.02
58.62
63.59
68.03
72.45
77.60
83.97
92.05
101.27
110.75
119.57
127.19
133.74
139.95
147.23
154.26
163.18
174.38
187.79
202.12
214.56
221.00
217.09
199.66
167.82
123.71
70.75
12.89
-46.79
-106.59
-165.79
-223.95
-280.38
-334.23
-384.42
-430.71
-473.05
-511.12
-543.80
-569.05
-584.30
-587.21
-576.59
-552.58
-517.05
-472.84
-423.29
-371.62
-320.26
-270.30
-221.15
-170.81
-116.75
-57.53
6.20
71.32
133.10
186.90
229.69
260.76
281.31
293.34
298.52
297.80
291.75
281.14
267.26
251.80
236.29
221.59
207.73
194.16
180.15
165.39
150.08
134.97
120.93
108.65
98.30
89.44
81.29
73.07
64.37
55.30
46.35
38.16
31.16
25.40
20.74
16.73
12.94
9.22
5.59
2.25
-0.59
-2.84
-4.50
-5.71
-6.64
-7.45
-8.22
-8.98
-9.71
-10.33
-10.74
-10.89
-10.75
-10.37
-9.80
-9.04
-8.10
-6.98
-5.74
-4.49
-3.42
-2.68
-2.39
-2.50
-2.84
-3.13
-3.13
-2.73
-2.01
-1.22
-0.67
-0.56
-0.91
-1.54
-2.19
-2.68
-2.95
-3.13
-3.33
-3.58
-3.77
-3.75
-3.42
-2.89
-2.36
-2.04
-2.04
-2.27
-2.55
-2.69
-2.63
-2.40
-2.10
-1.82
-1.60
-1.44
-1.32
-1.23
-1.16
-1.11
-1.08
-1.08
-1.16
-1.34
-1.60
-1.84
-1.91
-1.67
-1.05
-0.06
1.20
2.59
3.98
5.25
6.32
7.09
7.49
7.50
7.17
6.65
6.10
5.62
5.23
4.85
4.31
3.53
2.40
0.97
-0.59
-2.13
-3.50
-4.63
-5.47
-5.99
-6.17
-6.02
-5.59
-5.01
-4.44
-4.04
-3.86
-3.90
-4.07
-4.28
-4.45
-4.57
-4.64
-4.66
-4.63
-4.55
-4.42
-4.29
-4.17
-4.08
-4.00
-3.89
-3.69
-3.34
-2.79
-2.00
-1.01
0.11
1.20
2.07
2.56
2.62
2.32
1.84
1.39
1.11
1.01
1.01
0.97
0.80
0.48
0.06
-0.39
-0.79
-1.12
-1.38
-1.58
-1.69
-1.70
-1.56
-1.29
-0.92
-0.51
-0.16
0.04
0.03
-0.21
-0.65
-1.17
-1.64
-1.99
-2.21
-2.34
-2.51
-2.78
-3.20
-3.75
-4.43
-5.24
-6.21
-7.32
-8.47
-9.47
-10.06
-10.06
-9.39
-8.18
-6.69
-5.22
-4.01
-3.15
-2.55
-2.01
-1.37
-0.50
0.56
1.69
2.71
3.51
4.08
4.51
4.92
5.41
6.02
6.73
7.49
8.24
8.93
9.53
10.00
10.32
10.43
10.31
9.95
9.39
8.69
7.94
7.22
6.55
5.93
5.33
4.72
4.09
3.51
3.07
2.80
2.63
2.37
1.77
0.64
-1.06
-3.19
-5.45
-7.50
-8.99
-9.71
-9.57
-8.64
-7.11
-5.26
-3.42
-1.84
-0.67
0.05
0.41
0.56
0.63
0.76
1.00
1.37
1.82
2.21
2.41
2.32
1.98
1.52
1.13
0.98
1.10
1.41
1.81
2.18
2.48
2.72
2.90
2.98
2.91
2.66
2.29
1.93
1.68
1.60
1.61
1.56
1.32
0.87
0.27
-0.35
-0.88
-1.28
-1.58
-1.86
-2.23
-2.73
-3.42
-4.30
-5.31
-6.34
-7.21
-7.67
-7.52
-6.65
-5.13
-3.20
-1.21
0.54
1.84
2.63
2.98
2.99
2.73
2.28
1.70
1.07
0.51
0.14
0.02
0.13
0.35
0.54
0.59
0.47
0.26
0.09
0.10
0.35
0.81
1.34
1.72
1.78
1.44
0.77
0.02
-0.57
-0.83
-0.74
-0.48
-0.33
-0.51
-1.15
-2.17
-3.42
-4.71
-5.91
-6.97
-7.90
-8.69
-9.36
-9.90
-10.35
-10.74
-11.06
-11.27
-11.21
-10.74
-9.73
-8.15
-6.05
-3.60
-0.99
1.57
3.90
5.86
7.40
8.56
9.43
10.08
10.58
10.92
11.04
10.93
10.54
9.91
9.03
7.95
6.74
5.55
4.54
3.87
3.62
3.70
3.93
4.07
3.93
3.49
2.82
2.07
1.34
0.66
-0.01
-0.69
-1.34
-1.85
-2.13
-2.15
-1.97
-1.73
-1.52
-1.38
-1.22
-0.96
-0.58
-0.15
0.23
0.55
0.93
1.62
2.82
4.57
6.69
8.81
10.49
11.35
11.11
9.63
6.88
2.99
-1.67
-6.59
-11.15
-14.78
-17.12
-18.07
-17.76
-16.48
-14.57
-12.42
-10.37
-8.73
-7.66
-7.13
-6.93
-6.73
-6.22
-5.20
-3.70
-1.86
0.05
1.77
3.06
3.74
3.78
3.28
2.48
1.66
0.98
0.44
-0.18
-1.17
-2.74
-4.86
-7.20
-9.26
-10.56
-10.83
-10.12
-8.77
-7.26
-6.03
-5.35
-5.29
-5.77
-6.69
-7.96
-9.52
-11.27
-13.07
-14.69
-15.96
-16.79
-17.24
-17.42
-17.33
-16.79
-15.41
-12.84
-8.96
-4.02
1.45
6.89
11.93
16.50
20.76
24.86
28.83
32.55
35.83
38.55
40.67
42.12
42.78
42.43
40.90
38.19
34.53
30.35
26.09
22.10
18.60
15.75
13.64
12.32
11.72
11.57
11.50
11.15
10.33
9.03
7.44
5.77
4.21
2.80
1.52
0.35
-0.70
-1.58
-2.20
-2.55
-2.65
-2.61
-2.51
-2.37
-2.19
-1.91
-1.54
-1.11
-0.72
-0.45
-0.32
-0.35
-0.54
-0.94
-1.60
-2.54
-3.70
-4.94
-6.08
-7.00
-7.66
-8.12
-8.49
-8.90
-9.45
-10.18
-11.09
-12.16
-13.33
-14.51
-15.62
-16.51
-17.01
-16.98
-16.28
-14.90
-12.96
-10.76
-8.65
-7.01
-6.04
-5.80
-6.13
-6.79
-7.50
-8.10
-8.54
-8.88
-9.23
-9.66
-10.13
-10.58
-10.94
-11.25
-11.62
-12.22
-13.10
-14.15
-15.17
-15.97
-16.46
-16.69
-16.73
-16.59
-16.13
-15.12
-13.42
-11.02
-8.08
-4.87
-1.60
1.59
4.71
7.76
10.66
13.28
15.44
16.98
17.81
17.91
17.34
16.19
14.65
13.00
11.52
10.50
10.04
10.08
10.41
10.77
10.96
10.87
10.49
9.80
8.81
7.50
5.97
4.38
2.94
1.84
1.16
0.90
0.98
1.28
1.72
2.21
2.66
2.95
3.01
2.82
2.44
1.96
1.51
1.11
0.76
0.44
0.08
-0.31
-0.72
-1.12
-1.45
-1.68
-1.81
-1.84
-1.83
-1.87
-2.07
-2.56
-3.38
-4.46
-5.63
-6.61
-7.13
-7.08
-6.46
-5.44
-4.25
-3.10
-2.12
-1.38
-0.88
-0.59
-0.50
-0.58
-0.76
-0.97
-1.09
-1.00
-0.57
0.28
1.54
3.08
4.70
6.19
7.35
8.05
8.20
7.69
6.42
4.37
1.74
-1.05
-3.39
-4.76
-4.86
-3.70
-1.52
1.38
4.70
8.15
11.28
13.47
14.03
12.46
8.82
3.82
-1.44
-5.80
-8.55
-9.60
-9.36
-8.44
-7.35
-6.34
-5.45
-4.70
-4.21
-4.17
-4.66
-5.59
-6.63
-7.35
-7.42
-6.78
-5.61
-4.32
-3.29
-2.79
-2.84
-3.26
-3.76
-4.02
-3.83
-3.14
-2.09
-0.92
0.10
0.79
1.11
1.19
1.24
1.45
1.87
2.45
3.00
3.32
3.31
3.01
2.55
2.10
1.78
1.59
1.45
1.26
0.90
0.28
-0.63
-1.84
-3.31
-4.97
-6.64
-8.05
-8.85
-8.68
-7.36
-4.94
-1.76
1.67
4.81
7.27
8.89
9.78
10.17
10.30
10.34
10.29
10.11
9.76
9.27
8.72
8.23
7.86
7.57
7.31
6.96
6.38
5.44
3.99
1.90
-0.77
-3.81
-6.83
-9.37
-11.14
-12.07
-12.37
-12.40
-12.46
-12.71
-13.14
-13.64
-14.08
-14.45
-14.75
-15.03
-15.31
-15.61
-15.96
-16.38
-16.83
-17.17
-17.20
-16.67
-15.44
-13.48
-10.92
-7.98
-4.90
-1.89
0.85
3.21
5.11
6.53
7.57
8.42
9.24
10.12
11.03
11.84
12.39
12.59
12.44
12.03
11.51
11.02
10.66
10.51
10.57
10.76
10.94
10.92
10.54
9.71
8.48
6.98
5.37
3.81
2.41
1.25
0.35
-0.26
-0.65
-0.90
-1.14
-1.54
-2.17
-3.05
-4.09
-5.20
-6.27
-7.25
-8.14
-8.87
-9.30
-9.22
-8.43
-6.84
-4.58
-2.01
0.48
2.57
4.20
5.51
6.77
8.15
9.60
10.90
11.80
12.17
12.09
11.84
11.67
11.71
11.87
11.93
11.67
10.99
9.93
8.64
7.29
5.99
4.80
3.75
2.87
2.21
1.79
1.57
1.49
1.43
1.24
0.84
0.18
-0.72
-1.77
-2.82
-3.71
-4.33
-4.67
-4.80
-4.87
-4.99
-5.21
-5.51
-5.85
-6.17
-6.45
-6.64
-6.67
-6.43
-5.84
-4.90
-3.69
-2.39
-1.17
-0.15
0.66
1.35
1.99
2.62
3.20
3.69
4.07
4.42
4.83
5.35
5.92
6.36
6.42
5.96
4.95
3.58
2.11
0.80
-0.20
-0.86
-1.29
-1.60
-1.91
-2.30
-2.78
-3.35
-3.97
-4.58
-5.07
-5.35
-5.35
-5.09
-4.67
-4.25
-4.02
-4.09
-4.42
-4.89
-5.27
-5.39
-5.15
-4.60
-3.86
-3.10
-2.45
-2.00
-1.85
-2.05
-2.63
-3.45
-4.27
-4.70
-4.37
-3.11
-1.03
1.47
3.82
5.52
6.31
6.23
5.59
4.78
4.16
3.95
4.21
4.83
5.61
6.31
6.71
6.66
6.17
5.38
4.53
3.89
3.60
3.62
3.79
3.87
3.68
3.18
2.43
1.54
0.61
-0.33
-1.27
-2.16
-2.91
-3.41
-3.58
-3.50
-3.33
-3.26
-3.41
-3.79
-4.30
-4.80
-5.21
-5.48
-5.66
-5.78
-5.89
-6.02
-6.23
-6.60
-7.18
-7.93
-8.63
-9.00
-8.72
-7.65
-5.83
-3.52
-1.07
1.21
3.14
4.68
5.89
6.86
7.62
8.19
8.52
8.59
8.43
8.11
7.71
7.31
6.94
6.67
6.52
6.53
6.70
6.96
7.18
7.21
6.93
6.33
5.51
4.62
3.81
3.17
2.74
2.52
2.43
2.41
2.42
2.47
2.62
2.97
3.57
4.40
5.25
5.69
5.24
3.57
0.69
-2.96
-6.65
-9.53
-10.86
-10.26
-7.88
-4.24
-0.11
3.73
6.50
7.68
7.06
4.92
1.99
-0.95
-3.19
-4.37
-4.53
-3.95
-2.97
-1.65
0.23
3.62
8.88
15.27
21.04
24.38
24.48
21.80
17.61
13.39
9.91
7.19
4.99
3.18
1.86
1.32
1.62
2.39
2.66
1.92
-0.72
-5.58
-12.22
-19.54
-26.28
-31.49
-34.69
-35.75
-34.68
-31.64
-26.84
-20.75
-14.20
-8.22
-3.72
-1.15
-0.35
-0.75
-1.85
-3.36
-5.34
-7.98
-11.28
-14.92
-18.33
-20.95
-22.52
-23.16
-23.20
-22.99
-22.71
-22.41
-22.10
-21.85
-21.78
-22.03
-22.52
-22.95
-22.85
-21.79
-19.60
-16.44
-12.74
-8.96
-5.40
-2.08
1.02
3.82
5.93
6.87
6.42
4.99
3.70
3.93
6.71
12.06
18.95
25.74
30.95
33.83
34.55
33.81
32.34
30.50
28.23
25.36
21.92
18.28
14.97
12.43
10.80
9.77
8.80
7.32
4.97
1.77
-1.94
-5.55
-8.47
-10.28
-10.85
-10.36
-9.15
-7.53
-5.69
-3.64
-1.25
1.53
4.67
7.99
11.25
14.26
16.91
19.10
20.70
21.42
20.88
18.73
14.82
9.37
2.88
-3.97
-10.53
-16.34
-21.12
-24.81
-27.41
-29.02
-29.76
-29.80
-29.37
-28.73
-28.10
-27.61
-27.24
-26.81
-26.00
-24.44
-21.86
-18.13
-13.47
-8.29
-3.14
1.49
5.32
8.29
10.54
12.27
13.67
14.86
15.92
16.87
17.73
18.50
19.20
19.84
20.45
21.02
21.51
21.87
22.01
21.80
21.12
19.87
18.02
15.62
12.88
10.04
7.39
5.14
3.33
1.88
0.55
-0.90
-2.63
-4.70
-6.98
-9.30
-11.47
-13.37
-14.98
-16.39
-17.71
-18.99
-20.14
-20.90
-20.97
-20.08
-18.16
-15.35
-11.96
-8.38
-4.92
-1.81
0.88
3.18
5.12
6.74
8.03
8.98
9.60
9.94
10.06
10.04
9.93
9.72
9.38
8.85
8.09
7.13
6.05
4.96
3.95
3.11
2.48
2.09
1.99
2.21
2.77
3.64
4.79
6.11
7.45
8.68
9.65
10.26
10.47
10.28
9.72
8.84
7.74
6.54
5.49
4.85
4.87
5.68
7.16
9.02
10.83
12.19
12.87
12.83
12.23
11.36
10.50
9.88
9.65
9.80
10.24
10.80
11.27
11.42
11.09
10.19
8.72
6.74
4.41
1.94
-0.44
-2.54
-4.24
-5.54
-6.51
-7.30
-8.01
-8.70
-9.35
-9.91
-10.31
-10.53
-10.57
-10.40
-10.06
-9.55
-8.93
-8.29
-7.78
-7.50
-7.53
-7.91
-8.58
-9.45
-10.36
-11.08
-11.37
-10.96
-9.69
-7.60
-4.90
-2.01
0.63
2.64
3.85
4.37
4.47
4.52
4.77
5.29
5.97
6.59
6.92
6.84
6.40
5.72
4.98
4.31
3.76
3.34
3.01
2.72
2.47
2.23
1.97
1.68
1.31
0.83
0.24
-0.42
-1.08
-1.63
-1.96
-2.07
-2.03
-1.98
-2.07
-2.38
-2.92
-3.59
-4.31
-5.03
-5.72
-6.41
-7.11
-7.81
-8.48
-9.06
-9.47
-9.55
-9.12
-8.00
-6.09
-3.49
-0.52
2.41
4.88
6.65
7.70
8.21
8.40
8.52
8.68
8.91
9.14
9.27
9.23
8.95
8.45
7.79
7.04
6.26
5.50
4.75
4.00
3.29
2.64
2.12
1.74
1.47
1.21
0.85
0.31
-0.43
-1.30
-2.21
-3.08
-3.85
-4.53
-5.19
-5.86
-6.56
-7.22
-7.75
-8.03
-8.02
-7.72
-7.20
-6.53
-5.81
-5.15
-4.63
-4.36
-4.40
-4.76
-5.30
-5.79
-5.88
-5.29
-3.93
-1.92
0.43
2.71
4.55
5.79
6.45
6.68
6.70
6.65
6.60
6.50
6.33
6.10
5.87
5.73
5.76
5.91
6.10
6.17
6.03
5.69
5.22
4.72
4.26
3.81
3.32
2.76
2.15
1.56
1.05
0.68
0.41
0.12
-0.29
-0.91
-1.77
-2.80
-3.89
-4.89
-5.63
-6.03
-6.13
-6.08
-6.08
-6.33
-6.86
-7.54
-8.07
-8.13
-7.49
-6.13
-4.23
-2.13
-0.19
1.30
2.24
2.63
2.61
2.35
1.98
1.61
1.30
1.11
1.07
1.24
1.66
2.31
3.12
3.95
4.64
5.02
5.06
4.83
4.50
4.20
4.02
3.88
3.61
3.05
2.14
0.95
-0.37
-1.60
-2.65
-3.51
-4.23
-4.89
-5.50
-6.03
-6.43
-6.74
-7.04
-7.46
-8.10
-8.98
-10.00
-10.95
-11.55
-11.56
-10.80
-9.25
-7.03
-4.43
-1.81
0.47
2.10
2.97
3.19
3.03
2.82
2.87
3.28
4.03
4.91
5.72
6.27
6.50
6.43
6.12
5.60
4.91
4.08
3.15
2.20
1.31
0.49
-0.25
-0.97
-1.65
-2.24
-2.68
-2.88
-2.84
-2.64
-2.39
-2.22
-2.20
-2.33
-2.56
-2.84
-3.07
-3.18
-3.14
-2.95
-2.66
-2.39
-2.26
-2.37
-2.80
-3.54
-4.51
-5.61
-6.66
-7.42
-7.66
-7.18
-5.90
-3.94
-1.61
0.76
2.81
4.38
5.40
5.96
6.21
6.30
6.39
6.58
6.90
7.28
7.58
7.67
7.50
7.13
6.70
6.37
6.15
6.00
5.78
5.42
4.94
4.47
4.12
3.98
3.99
4.07
4.11
4.05
3.87
3.58
3.20
2.74
2.17
1.51
0.73
-0.19
-1.29
-2.55
-3.88
-5.12
-6.08
-6.64
-6.78
-6.64
-6.43
-6.41
-6.75
-7.49
-8.53
-9.60
-10.32
-10.33
-9.35
-7.34
-4.52
-1.33
1.71
4.12
5.62
6.19
6.03
5.44
4.73
4.09
3.60
3.25
2.99
2.79
2.66
2.63
2.70
2.83
2.95
3.00
3.00
3.04
3.25
3.70
4.38
5.15
5.82
6.27
6.47
6.50
6.54
6.74
7.20
7.93
8.83
9.77
10.61
11.23
11.59
11.69
11.59
11.37
11.06
10.68
10.26
9.79
9.26
8.60
7.65
6.20
4.11
1.42
-1.59
-4.48
-6.76
-8.09
-8.40
-7.83
-6.69
-5.27
-3.84
-2.53
-1.45
-0.68
-0.29
-0.29
-0.59
-0.99
-1.26
-1.18
-0.67
0.18
1.13
1.82
1.89
1.08
-0.69
-3.25
-6.25
-9.23
-11.76
-13.59
-14.64
-15.03
-14.91
-14.42
-13.68
-12.77
-11.80
-10.89
-10.10
-9.40
-8.64
-7.61
-6.18
-4.37
-2.34
-0.38
1.25
2.41
3.15
3.63
4.11
4.81
5.84
7.13
8.54
9.95
11.42
13.18
15.55
18.75
22.72
27.10
31.29
34.63
36.44
36.07
32.92
26.63
17.42
6.33
-4.86
-14.13
-19.95
-21.87
-20.62
-17.63
-14.30
-11.46
-9.21
-7.32
-5.75
-4.86
-5.30
-7.43
-11.01
-15.09
-18.42
-20.02
-19.56
-17.52
-14.84
-12.56
-11.38
-11.51
-12.74
-14.65
-16.87
-19.14
-21.48
-24.03
-27.07
-30.82
-35.36
-40.45
-45.50
-49.64
-51.97
-51.85
-49.11
-44.14
-37.79
-31.08
-24.95
-20.04
-16.66
-14.83
-14.40
-15.05
-16.24
-17.30
-17.47
-16.14
-13.02
-8.28
-2.48
3.65
9.41
14.29
18.07
20.74
22.40
23.20
23.23
22.56
21.19
19.17
16.65
13.96
11.59
10.07
9.78
10.66
12.21
13.59
13.94
12.72
9.87
5.77
1.01
-3.87
-8.57
-12.97
-17.00
-20.45
-23.02
-24.44
-24.66
-23.92
-22.58
-20.95
-19.09
-16.80
-13.83
-10.09
-5.81
-1.43
2.51
5.65
7.95
9.61
11.01
12.52
14.43
16.82
19.56
22.31
24.61
26.08
26.55
26.18
25.33
24.46
23.86
23.54
23.31
22.90
22.12
20.95
19.53
18.04
16.63
15.38
14.34
13.49
12.79
12.14
11.38
10.32
8.87
7.02
4.91
2.74
0.69
-1.08
-2.52
-3.60
-4.35
-4.88
-5.37
-6.05
-7.08
-8.42
-9.75
-10.48
-10.05
-8.13
-4.84
-0.69
3.57
7.29
10.14
12.10
13.39
14.27
14.90
15.32
15.40
14.86
13.36
10.65
6.70
1.75
-3.73
-9.12
-13.81
-17.40
-19.75
-20.95
-21.21
-20.85
-20.22
-19.61
-19.12
-18.54
-17.53
-15.90
-13.66
-10.93
-7.83
-4.46
-0.69
3.69
8.97
15.02
21.17
26.55
30.71
33.78
36.24
38.69
41.52
45.08
49.05
52.56
54.69
55.13
54.17
52.36
50.41
48.96
48.86
50.16
51.79
51.78
48.26
39.81
25.68
6.10
-19.40
-47.64
-72.76
-88.93
-94.98
-92.36
-83.05
-69.36
-53.14
-37.45
-24.77
-16.75
-13.87
-15.51
-20.02
-25.70
-31.35
-36.04
-38.77
-38.01
-32.79
-23.61
-12.47
-1.89
5.91
9.84
10.28
8.73
7.22
7.05
8.40
10.54
12.79
14.82
16.56
18.04
19.13
19.69
19.55
18.63
17.15
15.56
14.32
13.52
12.88
11.80
9.79
6.59
2.34
-2.45
-6.99
-10.47
-12.28
-12.17
-10.33
-7.25
-3.55
0.12
3.23
5.38
6.33
6.01
4.58
2.41
0.07
-1.82
-2.83
-2.82
-1.98
-0.76
0.33
0.89
0.74
-0.10
-1.45
-3.00
-4.42
-5.43
-5.91
-5.94
-5.82
-5.99
-6.79
-8.40
-10.66
-13.14
-15.29
-16.55
-16.53
-15.11
-12.59
-9.69
-7.42
-6.80
-8.42
-12.17
-17.15
-21.99
-25.42
-26.68
-25.79
-23.33
-20.09
-16.67
-13.30
-9.98
-6.71
-3.62
-0.94
1.13
2.63
3.84
5.11
6.73
8.73
10.89
12.92
14.58
15.87
16.96
18.08
19.36
20.75
22.00
22.84
23.06
22.64
21.65
20.23
18.48
16.46
14.20
11.79
9.31
6.87
4.61
2.61
0.98
-0.21
-0.88
-1.05
-0.79
-0.23
0.45
1.13
1.72
2.19
2.49
2.57
2.40
2.02
1.50
0.94
0.39
-0.16
-0.75
-1.37
-1.90
-2.12
-1.79
-0.82
0.66
2.32
3.71
4.50
4.59
4.16
3.59
3.20
3.18
3.46
3.80
3.96
3.78
3.29
2.60
1.86
1.16
0.48
-0.19
-0.86
-1.45
-1.85
-1.94
-1.70
-1.22
-0.65
-0.22
-0.05
-0.15
-0.37
-0.50
-0.37
0.06
0.66
1.19
1.42
1.24
0.70
0.01
-0.59
-0.93
-0.95
-0.70
-0.32
0.08
0.40
0.61
0.73
0.76
0.73
0.63
0.53
0.51
0.76
1.43
2.60
4.18
5.88
7.27
7.91
7.55
6.20
4.16
1.87
-0.21
-1.77
-2.72
-3.15
-3.27
-3.32
-3.51
-3.96
-4.74
-5.79
-6.98
-8.13
-9.08
-9.70
-9.98
-9.97
-9.76
-9.45
-9.15
-8.97
-9.02
-9.36
-9.98
-10.73
-11.41
-11.82
-11.91
-11.83
-11.81
-12.06
-12.62
-13.36
-14.01
-14.35
-14.31
-14.02
-13.68
-13.49
-13.51
-13.70
-13.93
-14.12
-14.20
-14.14
-13.81
-13.05
-11.66
-9.52
-6.70
-3.43
-0.04
3.16
6.01
8.45
10.51
12.21
13.55
14.52
15.14
15.48
15.68
15.88
16.16
16.52
16.89
17.15
17.19
16.92
16.37
15.68
15.03
14.63
14.57
14.81
15.17
15.42
15.36
14.91
14.06
12.88
11.46
9.93
8.39
6.95
5.65
4.48
3.39
2.30
1.15
-0.06
-1.28
-2.47
-3.60
-4.70
-5.74
-6.66
-7.32
-7.53
-7.12
-6.09
-4.60
-2.91
-1.35
-0.09
0.85
1.64
2.44
3.36
4.33
5.17
5.71
5.85
5.67
5.31
4.92
4.56
4.24
3.93
3.65
3.45
3.40
3.52
3.75
3.99
4.16
4.21
4.14
3.96
3.64
3.15
2.45
1.57
0.57
-0.43
-1.33
-2.04
-2.56
-2.93
-3.25
-3.61
-4.05
-4.51
-4.84
-4.85
-4.35
-3.30
-1.77
0.02
1.80
3.38
4.64
5.58
6.25
6.75
7.10
7.33
7.43
7.40
7.22
6.89
6.42
5.79
5.01
4.08
3.03
1.93
0.86
-0.13
-1.02
-1.85
-2.70
-3.62
-4.64
-5.70
-6.73
-7.64
-8.39
-9.01
-9.52
-9.97
-10.35
-10.64
-10.82
-10.92
-11.03
-11.25
-11.64
-12.08
-12.38
-12.25
-11.49
-10.03
-7.95
-5.51
-2.97
-0.56
1.58
3.36
4.74
5.68
6.21
6.41
6.42
6.42
6.53
6.80
7.13
7.40
7.43
7.12
6.46
5.55
4.54
3.61
2.92
2.54
2.45
2.52
2.56
2.41
1.97
1.27
0.40
-0.48
-1.26
-1.87
-2.35
-2.75
-3.14
-3.58
-4.04
-4.47
-4.79
-4.97
-5.02
-5.01
-5.05
-5.24
-5.64
-6.24
-6.94
-7.54
-7.82
-7.59
-6.75
-5.33
-3.51
-1.54
0.33
1.90
3.10
3.93
4.46
4.75
4.88
4.92
4.96
5.09
5.32
5.59
5.78
5.72
5.32
4.62
3.78
3.03
2.53
2.33
2.38
2.52
2.63
2.64
2.53
2.36
2.16
1.95
1.74
1.52
1.28
1.03
0.77
0.46
0.07
-0.42
-0.99
-1.57
-2.06
-2.36
-2.44
-2.32
-2.13
-1.99
-2.05
-2.33
-2.83
-3.47
-4.16
-4.86
-5.54
-6.18
-6.74
-7.10
-7.11
-6.64
-5.67
-4.29
-2.73
-1.23
0.02
0.95
1.59
2.00
2.22
2.28
2.19
2.03
1.90
1.88
1.98
2.15
2.28
2.29
2.13
1.85
1.51
1.16
0.84
0.56
0.34
0.21
0.20
0.26
0.34
0.35
0.22
-0.03
-0.36
-0.68
-0.91
-1.03
-1.07
-1.05
-1.01
-0.94
-0.86
-0.78
-0.76
-0.86
-1.15
-1.61
-2.21
-2.84
-3.42
-3.90
-4.24
-4.50
-4.73
-5.00
-5.30
-5.57
-5.69
-5.54
-5.03
-4.14
-2.96
-1.59
-0.16
1.20
2.35
3.20
3.68
3.81
3.68
3.41
3.12
2.86
2.60
2.30
1.95
1.61
1.34
1.23
1.24
1.34
1.43
1.47
1.47
1.47
1.53
1.65
1.77
1.82
1.70
1.39
0.92
0.39
-0.09
-0.41
-0.56
-0.55
-0.47
-0.41
-0.43
-0.54
-0.74
-0.99
-1.25
-1.52
-1.77
-2.00
-2.20
-2.37
-2.55
-2.75
-2.99
-3.30
-3.66
-4.05
-4.46
-4.80
-4.98
-4.87
-4.37
-3.46
-2.22
-0.87
0.39
1.35
1.93
2.17
2.24
2.29
2.40
2.54
2.60
2.46
2.09
1.59
1.08
0.67
0.39
0.23
0.13
0.09
0.16
0.41
0.83
1.32
1.72
1.86
1.71
1.34
0.92
0.63
0.53
0.56
0.59
0.47
0.18
-0.21
-0.57
-0.80
-0.87
-0.89
-0.95
-1.11
-1.34
-1.57
-1.73
-1.78
-1.76
-1.72
-1.71
-1.77
-1.93
-2.25
-2.76
-3.44
-4.20
-4.85
-5.23
-5.21
-4.76
-3.94
-2.81
-1.52
-0.20
0.97
1.86
2.39
2.56
2.48
2.29
2.12
2.06
2.12
2.27
2.47
2.66
2.80
2.83
2.71
2.45
2.09
1.70
1.39
1.20
1.14
1.19
1.28
1.37
1.45
1.54
1.64
1.74
1.77
1.69
1.44
1.02
0.50
-0.02
-0.45
-0.69
-0.72
-0.57
-0.35
-0.17
-0.17
-0.38
-0.75
-1.16
-1.45
-1.55
-1.51
-1.44
-1.51
-1.82
-2.34
-3.00
-3.69
-4.28
-4.71
-4.89
-4.76
-4.26
-3.37
-2.18
-0.85
0.41
1.42
2.08
2.38
2.39
2.21
2.00
1.87
1.89
2.06
2.31
2.57
2.76
2.88
2.93
2.95
2.94
2.91
2.84
2.73
2.61
2.51
2.43
2.38
2.29
2.09
1.74
1.26
0.70
0.19
-0.17
-0.32
-0.27
-0.16
-0.13
-0.32
-0.75
-1.31
-1.81
-2.06
-2.01
-1.71
-1.36
-1.16
-1.23
-1.54
-2.01
-2.51
-2.96
-3.40
-3.91
-4.54
-5.26
-5.95
-6.42
-6.54
-6.22
-5.50
-4.47
-3.23
-1.87
-0.48
0.86
2.06
3.00
3.55
3.68
3.43
2.94
2.41
2.03
1.86
1.90
2.04
2.18
2.26
2.27
2.26
2.25
2.23
2.20
2.14
2.05
1.94
1.80
1.63
1.41
1.16
0.91
0.73
0.66
0.72
0.85
0.96
0.95
0.76
0.39
-0.13
-0.69
-1.19
-1.55
-1.76
-1.83
-1.85
-1.89
-1.99
-2.13
-2.29
-2.44
-2.61
-2.85
-3.22
-3.74
-4.41
-5.14
-5.81
-6.31
-6.52
-6.36
-5.76
-4.75
-3.39
-1.82
-0.20
1.30
2.57
3.49
4.01
4.12
3.87
3.40
2.87
2.46
2.30
2.44
2.77
3.17
3.50
3.68
3.68
3.55
3.32
3.07
2.84
2.70
2.66
2.69
2.71
2.59
2.28
1.79
1.23
0.76
0.45
0.33
0.26
0.13
-0.17
-0.63
-1.14
-1.58
-1.84
-1.90
-1.81
-1.66
-1.53
-1.47
-1.51
-1.61
-1.76
-1.90
-2.04
-2.17
-2.31
-2.52
-2.85
-3.33
-3.95
-4.61
-5.14
-5.33
-4.99
-4.06
-2.59
-0.79
1.09
2.79
4.17
5.15
5.75
6.01
5.97
5.71
5.29
4.83
4.44
4.19
4.13
4.22
4.38
4.53
4.61
4.61
4.53
4.40
4.25
4.11
4.02
4.00
4.03
4.08
4.03
3.80
3.34
2.71
2.02
1.38
0.86
0.45
0.09
-0.26
-0.60
-0.89
-1.11
-1.27
-1.45
-1.76
-2.23
-2.85
-3.48
-3.97
-4.21
-4.18
-3.99
-3.80
-3.76
-3.92
-4.24
-4.63
-5.02
-5.38
-5.71
-6.01
-6.17
-6.05
-5.50
-4.44
-2.92
-1.10
0.80
2.55
3.96
4.91
5.33
5.26
4.83
4.25
3.71
3.35
3.17
3.09
2.99
2.83
2.64
2.50
2.49
2.57
2.63
2.57
2.32
1.94
1.54
1.27
1.16
1.16
1.15
1.03
0.72
0.26
-0.26
-0.73
-1.10
-1.37
-1.56
-1.70
-1.81
-1.84
-1.78
-1.66
-1.52
-1.49
-1.66
-2.06
-2.64
-3.29
-3.86
-4.29
-4.59
-4.85
-5.15
-5.54
-6.01
-6.52
-7.07
-7.61
-8.09
-8.40
-8.35
-7.78
-6.57
-4.75
-2.46
0.03
2.44
4.53
6.13
7.15
7.58
7.51
7.10
6.56
6.08
5.79
5.67
5.64
5.58
5.41
5.11
4.72
4.30
3.90
3.53
3.20
2.91
2.66
2.45
2.30
2.15
1.97
1.70
1.36
0.99
0.67
0.48
0.40
0.36
0.22
-0.11
-0.64
-1.28
-1.91
-2.40
-2.73
-2.94
-3.09
-3.22
-3.34
-3.43
-3.54
-3.77
-4.27
-5.09
-6.23
-7.51
-8.71
-9.63
-10.10
-10.05
-9.49
-8.48
-7.13
-5.54
-3.82
-2.08
-0.42
1.04
2.16
2.85
3.04
2.81
2.32
1.76
1.35
1.18
1.29
1.58
1.96
2.29
2.50
2.56
2.48
2.31
2.08
1.79
1.45
1.05
0.63
0.27
0.03
-0.09
-0.16
-0.28
-0.55
-0.99
-1.50
-1.95
-2.24
-2.33
-2.27
-2.15
-2.03
-1.95
-1.86
-1.72
-1.49
-1.20
-0.90
-0.67
-0.58
-0.66
-0.94
-1.41
-2.03
-2.71
-3.30
-3.58
-3.33
-2.41
-0.86
1.11
3.21
5.11
6.60
7.59
8.10
8.23
8.07
7.75
7.36
6.96
6.58
6.21
5.82
5.40
4.95
4.54
4.22
4.05
4.05
4.18
4.37
4.54
4.59
4.48
4.21
3.83
3.44
3.08
2.76
2.42
1.95
1.26
0.33
-0.74
-1.82
-2.75
-3.40
-3.73
-3.78
-3.63
-3.40
-3.22
-3.21
-3.43
-3.92
-4.61
-5.34
-5.87
-5.94
-5.35
-4.05
-2.20
-0.13
1.79
3.26
4.13
4.42
4.25
3.78
3.12
2.35
1.54
0.77
0.16
-0.25
-0.43
-0.44
-0.41
-0.44
-0.60
-0.90
-1.30
-1.76
-2.25
-2.78
-3.40
-4.19
-5.23
-6.55
-8.19
-10.12
-12.26
-14.50
-16.66
-18.57
-20.00
-20.85
-21.13
-21.04
-20.92
-21.10
-21.78
-22.94
-24.27
-25.30
-25.56
-24.73
-22.75
-19.85
-16.39
-12.75
-9.22
-5.94
-2.92
-0.13
2.49
4.90
7.01
8.66
9.72
10.14
10.07
9.97
10.49
12.40
16.27
22.17
29.45
36.86
42.88
46.18
46.20
43.28
38.61
33.73
29.88
27.43
25.69
23.25
18.65
11.18
1.30
-9.50
-19.25
-26.39
-30.32
-31.48
-30.97
-29.94
-29.13
-28.80
-28.85
-29.18
-29.77
-30.62
-31.56
-32.20
-31.98
-30.40
-27.35
-23.35
-19.56
-17.45
-18.21
-22.10
-28.11
-34.09
-37.45
-36.13
-29.43
-18.27
-4.69
8.98
21.07
30.99
39.04
45.92
52.17
57.86
62.63
66.03
67.81
68.07
67.14
65.39
62.91
59.50
54.73
48.35
40.51
31.93
23.70
16.85
11.89
8.62
6.26
3.81
0.64
-3.19
-6.99
-9.76
-10.78
-9.98
-8.04
-6.08
-5.11
-5.55
-7.03
-8.68
-9.59
-9.21
-7.57
-5.16
-2.54
-0.05
2.32
4.80
7.62
10.83
14.20
17.30
19.57
20.46
19.55
16.69
12.02
5.91
-1.19
-8.94
-17.07
-25.29
-33.13
-39.78
-44.24
-45.65
-43.67
-38.66
-31.67
-23.95
-16.53
-9.94
-4.18
1.03
5.92
10.51
14.60
17.95
20.45
22.21
23.48
24.49
25.36
26.05
26.38
26.26
25.74
25.01
24.33
23.73
22.98
21.50
18.64
13.95
7.47
-0.20
-8.09
-15.20
-20.86
-24.83
-27.32
-28.67
-29.21
-29.10
-28.41
-27.24
-25.79
-24.36
-23.21
-22.49
-22.17
-22.03
-21.78
-21.18
-20.07
-18.55
-16.86
-15.42
-14.63
-14.75
-15.91
-18.04
-20.96
-24.40
-28.03
-31.39
-33.92
-35.23
-35.17
-34.01
-32.28
-30.43
-28.47
-25.91
-21.98
-16.00
-7.84
2.06
12.85
23.65
33.77
42.83
50.63
57.03
61.79
64.78
66.01
65.77
64.56
62.90
61.19
59.55
57.86
55.80
52.97
49.04
43.80
37.25
29.62
21.38
13.18
5.71
-0.51
-5.41
-9.45
-13.45
-18.29
-24.40
-31.54
-38.80
-45.01
-49.15
-50.76
-50.03
-47.63
-44.39
-41.02
-37.95
-35.34
-33.12
-31.07
-28.99
-26.62
-23.78
-20.35
-16.26
-11.53
-6.20
-0.39
5.73
11.95
18.02
23.70
28.85
33.37
37.26
40.44
42.69
43.56
42.47
38.94
32.80
24.41
14.67
4.82
-3.94
-10.70
-15.06
-17.10
-17.18
-15.70
-13.15
-10.19
-7.81
-7.25
-9.71
-15.78
-25.18
-36.81
-49.16
-60.81
-70.83
-78.73
-84.08
-86.25
-84.35
-77.72
-66.46
-51.64
-35.18
-19.20
-5.48
4.90
11.52
14.54
14.50
12.28
9.02
5.92
4.01
3.86
5.50
8.46
12.05
15.51
18.18
19.57
19.39
17.65
14.76
11.52
8.89
7.67
8.30
10.72
14.49
18.96
23.49
27.54
30.74
32.90
33.95
33.91
32.87
30.93
28.18
24.70
20.57
15.91
10.90
5.82
1.00
-3.13
-6.21
-7.98
-8.40
-7.69
-6.27
-4.63
-3.22
-2.31
-1.95
-2.03
-2.31
-2.49
-2.24
-1.29
0.51
3.04
5.96
8.76
10.90
12.04
12.10
11.27
9.91
8.41
7.07
5.99
5.14
4.40
3.58
2.59
1.47
0.38
-0.39
-0.62
-0.26
0.56
1.49
2.17
2.39
2.15
1.70
1.34
1.35
1.81
2.66
3.78
5.08
6.52
8.17
10.05
12.18
14.50
16.96
19.55
22.29
25.18
28.16
31.02
33.51
35.34
36.35
36.49
35.78
34.17
31.46
27.31
21.37
13.54
4.16
-5.98
-15.85
-24.48
-31.31
-36.27
-39.73
-42.20
-44.02
-45.18
-45.39
-44.37
-42.02
-38.65
-34.81
-31.13
-28.01
-25.49
-23.25
-20.87
-18.07
-14.80
-11.29
-7.83
-4.62
-1.74
0.83
3.08
4.96
6.46
7.70
8.97
10.61
12.80
15.46
18.30
21.00
23.41
25.60
27.75
29.95
31.97
33.40
33.76
32.63
29.80
25.11
18.45
9.75
-0.77
-12.36
-23.63
-32.74
-37.90
-37.99
-33.03
-24.28
-13.90
-4.21
2.94
6.71
7.30
5.69
3.18
0.99
0.01
0.76
3.32
7.41
12.33
17.09
20.54
21.76
20.24
16.18
10.42
4.19
-1.18
-4.72
-6.07
-5.56
-4.02
-2.42
-1.48
-1.31
-1.47
-1.18
0.20
2.86
6.38
9.98
12.82
14.40
14.67
13.93
12.66
11.23
9.83
8.49
7.14
5.69
4.06
2.21
0.12
-2.07
-4.06
-5.36
-5.46
-3.96
-0.77
3.76
8.95
13.95
18.00
20.65
21.81
21.79
21.03
19.96
18.78
17.46
15.81
13.62
10.82
7.57
4.18
1.02
-1.63
-3.64
-5.03
-5.90
-6.35
-6.50
-6.47
-6.48
-6.80
-7.76
-9.55
-12.21
-15.50
-18.94
-22.00
-24.24
-25.52
-26.06
-26.35
-26.97
-28.26
-30.21
-32.44
-34.39
-35.64
-36.12
-36.16
-36.36
-37.26
-39.15
-41.87
-44.88
-47.43
-48.82
-48.59
-46.64
-43.18
-38.57
-33.19
-27.30
-21.12
-14.88
-8.85
-3.35
1.34
5.15
8.18
10.64
12.64
14.15
14.97
14.89
13.90
12.23
10.28
8.49
7.18
6.50
6.45
6.87
7.57
8.28
8.72
8.73
8.28
7.56
6.93
6.74
7.29
8.73
11.11
14.41
18.50
23.16
27.94
32.24
35.46
37.10
36.95
35.10
31.79
27.38
22.20
16.65
11.15
6.23
2.30
-0.43
-2.06
-3.02
-3.86
-5.01
-6.68
-8.76
-10.91
-12.76
-14.03
-14.59
-14.50
-13.93
-13.12
-12.27
-11.49
-10.79
-10.10
-9.36
-8.59
-7.91
-7.49
-7.43
-7.70
-8.13
-8.46
-8.48
-8.06
-7.20
-6.04
-4.72
-3.41
-2.23
-1.28
-0.60
-0.25
-0.27
-0.68
-1.48
-2.60
-3.91
-5.16
-6.12
-6.62
-6.62
-6.22
-5.59
-4.93
-4.33
-3.86
-3.51
-3.27
-3.13
-3.00
-2.81
-2.44
-1.81
-0.95
0.05
1.04
1.90
2.60
3.18
3.74
4.30
4.81
5.18
5.33
5.27
5.11
5.09
5.41
6.21
7.45
8.96
10.49
11.89
13.13
14.38
15.84
17.65
19.77
21.89
23.62
24.56
24.47
23.25
20.92
17.53
13.19
8.15
2.94
-1.73
-5.14
-6.98
-7.48
-7.29
-7.04
-6.96
-6.64
-5.36
-2.55
1.73
6.69
11.17
14.17
15.29
14.85
13.53
11.99
10.58
9.32
8.15
7.18
6.75
7.22
8.71
10.87
12.96
14.09
13.59
11.38
7.90
3.95
0.32
-2.46
-4.26
-5.26
-5.75
-5.98
-6.01
-5.71
-4.77
-2.83
0.36
4.83
10.30
16.24
22.02
27.06
30.97
33.52
34.53
33.89
31.52
27.58
22.57
17.28
12.58
9.03
6.65
4.84
2.70
-0.57
-5.23
-10.93
-16.85
-22.07
-25.98
-28.36
-29.36
-29.28
-28.39
-26.87
-24.84
-22.46
-20.01
-17.79
-16.06
-14.96
-14.38
-14.12
-13.92
-13.60
-13.12
-12.55
-12.07
-11.80
-11.82
-12.04
-12.27
-12.25
-11.76
-10.73
-9.27
-7.64
-6.19
-5.19
-4.75
-4.76
-4.97
-5.10
-4.95
-4.51
-3.94
-3.44
-3.23
-3.40
-3.93
-4.72
-5.59
-6.38
-6.88
-6.90
-6.30
-5.03
-3.20
-1.06
1.01
2.69
3.80
4.35
4.52
4.54
4.53
4.49
4.30
3.87
3.21
2.44
1.78
1.41
1.37
1.59
1.91
2.16
2.22
2.08
1.80
1.50
1.34
1.45
1.92
2.77
3.91
5.16
6.32
7.27
7.99
8.64
9.48
10.79
12.70
15.06
17.45
19.21
19.65
18.30
15.11
10.52
5.38
0.64
-2.93
-4.95
-5.48
-4.85
-3.45
-1.64
0.31
2.11
3.44
3.92
3.30
1.59
-0.85
-3.39
-5.36
-6.32
-6.21
-5.29
-3.93
-2.42
-0.84
0.90
2.88
5.04
7.11
8.73
9.61
9.66
8.98
7.78
6.25
4.46
2.41
0.13
-2.32
-4.82
-7.28
-9.62
-11.83
-13.92
-15.79
-17.26
-18.08
-18.00
-16.89
-14.79
-11.95
-8.74
-5.56
-2.79
-0.63
0.82
1.61
1.84
1.65
1.12
0.27
-0.88
-2.37
-4.22
-6.43
-8.92
-11.57
-14.13
-16.33
-17.89
-18.70
-18.80
-18.43
-17.83
-17.16
-16.38
-15.31
-13.76
-11.75
-9.46
-7.25
-5.42
-4.10
-3.22
-2.65
-2.29
-2.13
-2.26
-2.65
-3.17
-3.55
-3.54
-3.03
-2.12
-1.08
-0.18
0.45
0.81
1.11
1.59
2.43
3.69
5.26
6.98
8.65
10.12
11.28
12.06
12.42
12.34
11.87
11.13
10.30
9.56
9.04
8.80
8.77
8.83
8.85
8.70
8.28
7.52
6.38
4.91
3.19
1.38
-0.38
-2.01
-3.49
-4.91
-6.32
-7.71
-8.91
-9.64
-9.64
-8.78
-7.16
-5.05
-2.83
-0.80
0.87
2.16
3.14
3.87
4.35
4.55
4.48
4.23
3.92
3.67
3.53
3.44
3.28
2.99
2.60
2.23
1.98
1.90
1.89
1.80
1.53
1.06
0.44
-0.20
-0.78
-1.31
-1.81
-2.32
-2.81
-3.24
-3.58
-3.86
-4.16
-4.62
-5.33
-6.24
-7.19
-7.91
-8.08
-7.46
-6.00
-3.79
-1.13
1.60
4.04
5.92
7.18
7.87
8.15
8.19
8.11
7.97
7.80
7.55
7.23
6.84
6.42
6.02
5.68
5.36
5.01
4.53
3.93
3.23
2.57
2.08
1.79
1.65
1.48
1.12
0.48
-0.37
-1.31
-2.15
-2.78
-3.16
-3.36
-3.51
-3.77
-4.27
-5.07
-6.13
-7.26
-8.16
-8.48
-7.97
-6.58
-4.49
-2.06
0.31
2.31
3.77
4.68
5.13
5.25
5.15
4.96
4.74
4.60
4.57
4.64
4.77
4.89
4.94
4.89
4.72
4.48
4.19
3.88
3.57
3.23
2.81
2.24
1.48
0.52
-0.55
-1.60
-2.49
-3.11
-3.42
-3.47
-3.36
-3.28
-3.42
-3.96
-4.98
-6.35
-7.77
-8.83
-9.13
-8.44
-6.78
-4.39
-1.70
0.84
2.90
4.33
5.12
5.42
5.38
5.14
4.79
4.42
4.09
3.85
3.70
3.61
3.53
3.42
3.25
3.07
2.91
2.81
2.76
2.71
2.59
2.34
1.90
1.27
0.45
-0.48
-1.43
-2.28
-2.93
-3.37
-3.65
-3.91
-4.32
-4.98
-5.91
-6.97
-7.88
-8.29
-7.94
-6.73
-4.80
-2.48
-0.19
1.75
3.16
4.04
4.51
4.74
4.85
4.90
4.90
4.84
4.67
4.41
4.07
3.67
3.25
2.82
2.41
2.05
1.75
1.55
1.43
1.36
1.23
0.97
0.54
-0.05
-0.73
-1.42
-2.07
-2.66
-3.19
-3.65
-4.04
-4.36
-4.65
-4.96
-5.32
-5.74
-6.14
-6.35
-6.14
-5.31
-3.76
-1.54
1.09
3.78
6.16
7.95
9.10
9.70
9.96
10.09
10.24
10.45
10.72
11.00
11.26
11.45
11.56
11.58
11.54
11.49
11.44
11.37
11.22
10.86
10.24
9.35
8.27
7.12
6.01
4.94
3.82
2.54
0.99
-0.85
-2.88
-4.93
-6.82
-8.41
-9.68
-10.69
-11.56
-12.43
-13.37
-14.35
-15.26
-15.88
-15.96
-15.29
-13.79
-11.62
-9.12
-6.76
-4.99
-4.08
-4.06
-4.75
-5.86
-7.11
-8.31
-9.34
-10.13
-10.67
-11.01
-11.25
-11.55
-12.06
-12.79
-13.65
-14.39
-14.78
-14.68
-14.13
-13.32
-12.53
-11.96
-11.70
-11.67
-11.77
-11.86
-11.91
-11.97
-12.13
-12.47
-12.99
-13.65
-14.36
-15.02
-15.57
-15.92
-15.99
-15.71
-15.05
-14.04
-12.67
-10.91
-8.64
-5.67
-1.85
2.82
8.15
13.71
19.04
23.73
27.54
30.42
32.50
33.99
35.16
36.23
37.42
38.86
40.56
42.39
44.16
45.63
46.64
47.18
47.38
47.47
47.64
47.94
48.25
48.21
47.39
45.39
42.04
37.41
31.82
25.72
19.50
13.41
7.59
2.13
-2.81
-7.00
-10.19
-12.25
-13.26
-13.47
-13.28
-13.07
-13.15
-13.76
-15.03
-16.97
-19.42
-22.02
-24.27
-25.66
-25.82
-24.69
-22.56
-19.90
-17.28
-15.15
-13.75
-13.15
-13.24
-13.84
-14.71
-15.61
-16.30
-16.69
-16.73
-16.54
-16.24
-15.98
-15.81
-15.73
-15.68
-15.59
-15.39
-14.99
-14.35
-13.41
-12.19
-10.84
-9.61
-8.85
-8.80
-9.48
-10.64
-11.80
-12.46
-12.24
-11.04
-9.02
-6.55
-3.99
-1.67
0.22
1.60
2.48
2.99
3.37
3.87
4.67
5.68
6.60
7.01
6.69
5.76
4.70
4.11
4.38
5.46
6.86
7.93
8.21
7.60
6.40
5.04
3.85
2.91
2.11
1.27
0.30
-0.76
-1.73
-2.45
-2.78
-2.75
-2.46
-2.13
-1.94
-1.97
-2.15
-2.31
-2.26
-1.97
-1.54
-1.21
-1.10
-1.23
-1.45
-1.63
-1.74
-1.92
-2.33
-3.10
-4.16
-5.30
-6.28
-6.95
-7.27
-7.31
-7.13
-6.72
-5.99
-4.89
-3.39
-1.62
0.24
1.96
3.39
4.44
5.11
5.48
5.64
5.67
5.56
5.24
4.58
3.53
2.18
0.69
-0.70
-1.80
-2.59
-3.17
-3.71
-4.31
-4.95
-5.50
-5.82
-5.92
-5.99
-6.36
-7.33
-9.00
-11.24
-13.71
-16.03
-17.87
-19.08
-19.73
-19.97
-20.00
-19.94
-19.80
-19.55
-19.12
-18.41
-17.27
-15.52
-12.92
-9.26
-4.54
1.03
6.95
12.64
17.56
21.42
24.20
26.09
27.37
28.26
28.83
29.05
28.87
28.28
27.34
26.14
24.66
22.92
20.92
18.76
16.58
14.61
13.08
12.18
12.02
12.50
13.48
14.77
16.06
16.91
16.87
15.72
13.34
9.73
4.93
-0.76
-6.79
-12.43
-17.12
-20.74
-23.73
-26.94
-30.14
-33.39
-36.48
-39.13
-41.23
-43.07
-45.18
-47.98
-51.44
-54.99
-57.94
-59.55
-59.27
-56.64
-51.20
-42.52
-30.48
-15.64
0.68
16.48
29.97
40.17
47.08
51.47
54.22
55.90
56.59
56.16
54.67
52.63
50.85
49.98
50.07
50.47
50.03
47.61
42.67
35.42
26.84
18.19
10.57
4.54
0.10
-3.13
-5.56
-7.46
-8.92
-9.93
-10.57
-11.10
-11.88
-13.27
-15.38
-17.95
-20.40
-22.04
-22.32
-21.16
-18.97
-16.53
-14.66
-13.87
-14.26
-15.48
-16.99
-18.27
-18.99
-19.00
-18.30
-16.92
-14.94
-12.47
-9.71
-6.95
-4.53
-2.73
-1.74
-1.55
-2.07
-3.05
-4.28
-5.50
-6.55
-7.33
-7.80
-8.04
-8.15
-8.26
-8.45
-8.73
-8.98
-9.09
-8.91
-8.40
-7.62
-6.83
-6.44
-6.89
-8.52
-11.32
-14.85
-18.30
-20.71
-21.41
-20.17
-17.33
-13.62
-9.83
-6.57
-4.08
-2.21
-0.53
1.52
4.47
8.59
13.80
19.69
25.57
30.77
34.77
37.37
38.53
38.38
37.01
34.51
31.05
26.90
22.46
18.11
14.18
10.84
8.13
5.93
4.02
2.12
-0.05
-2.64
-5.65
-8.89
-12.07
-14.98
-17.55
-19.88
-22.13
-24.46
-26.90
-29.40
-31.84
-34.05
-35.85
-37.02
-37.36
-36.75
-35.23
-32.97
-30.20
-27.13
-23.89
-20.56
-17.19
-13.85
-10.64
-7.59
-4.68
-1.74
1.42
4.95
8.88
13.06
17.19
20.84
23.60
25.16
25.45
24.68
23.35
22.14
21.78
22.88
25.72
30.24
35.97
42.16
48.03
52.90
56.44
58.60
59.58
59.62
58.86
57.36
55.14
52.24
48.77
44.83
40.40
35.36
29.47
22.60
14.86
6.62
-1.53
-8.92
-14.97
-19.33
-21.85
-22.65
-22.01
-20.41
-18.41
-16.55
-15.25
-14.68
-14.76
-15.22
-15.71
-15.97
-15.85
-15.33
-14.46
-13.28
-11.78
-9.95
-7.80
-5.41
-2.93
-0.52
1.66
3.50
4.97
6.10
6.93
7.51
7.85
7.93
7.68
7.05
5.98
4.44
2.51
0.30
-2.00
-4.23
-6.29
-8.18
-9.97
-11.75
-13.55
-15.32
-16.93
-18.17
-18.81
-18.67
-17.61
-15.65
-12.95
-9.85
-6.72
-3.91
-1.58
0.35
2.06
3.74
5.44
7.05
8.38
9.23
9.54
9.35
8.76
7.93
6.98
5.96
4.89
3.76
2.55
1.29
0.01
-1.22
-2.31
-3.15
-3.64
-3.64
-3.00
-1.60
0.61
3.56
7.06
10.88
14.76
18.46
21.64
23.86
24.59
23.41
20.23
15.43
9.83
4.44
0.14
-2.59
-3.74
-3.64
-2.75
-1.43
0.11
1.74
3.34
4.74
5.77
6.28
6.23
5.62
4.49
2.89
0.90
-1.25
-3.22
-4.58
-4.99
-4.29
-2.61
-0.31
2.17
4.40
6.03
6.81
6.59
5.36
3.29
0.75
-1.76
-3.71
-4.82
-5.09
-4.87
-4.72
-5.25
-6.93
-9.89
-13.83
-18.03
-21.53
-23.46
-23.39
-21.45
-18.24
-14.58
-11.16
-8.36
-6.21
-4.57
-3.22
-2.01
-0.84
0.37
1.70
3.18
4.74
6.23
7.45
8.25
8.56
8.44
8.02
7.47
6.95
6.57
6.39
6.38
6.50
6.74
7.10
7.55
8.00
8.27
8.17
7.58
6.53
5.15
3.64
2.10
0.50
-1.25
-3.24
-5.41
-7.58
-9.50
-11.01
-12.07
-12.79
-13.35
-13.90
-14.47
-14.98
-15.33
-15.42
-15.25
-14.95
-14.74
-14.83
-15.36
-16.36
-17.71
-19.14
-20.36
-21.07
-21.08
-20.33
-18.87
-16.86
-14.58
-12.31
-10.28
-8.62
-7.26
-6.01
-4.58
-2.78
-0.52
2.10
4.84
7.43
9.69
11.53
12.99
14.14
15.05
15.75
16.25
16.58
16.76
16.79
16.63
16.19
15.40
14.23
12.76
11.17
9.68
8.46
7.64
7.20
7.07
7.12
7.14
6.95
6.44
5.59
4.56
3.60
2.93
2.62
2.59
2.63
2.66
2.75
3.21
4.41
6.58
9.64
13.19
16.65
19.40
21.08
21.63
21.31
20.54
19.79
19.29
19.01
18.62
17.66
15.67
12.44
8.05
2.94
-2.29
-6.99
-10.68
-13.13
-14.42
-14.83
-14.78
-14.74
-15.14
-16.33
-18.46
-21.44
-24.86
-28.06
-30.36
-31.23
-30.58
-28.77
-26.44
-24.28
-22.71
-21.82
-21.42
-21.24
-21.10
-20.98
-20.91
-20.87
-20.70
-20.09
-18.74
-16.51
-13.46
-9.85
-5.98
-2.11
1.59
5.01
8.05
10.65
12.71
14.24
15.27
15.87
16.09
15.98
15.58
15.01
14.42
13.95
13.62
13.31
12.77
11.77
10.27
8.38
6.37
4.44
2.60
0.72
-1.41
-3.82
-6.34
-8.63
-10.40
-11.61
-12.52
-13.59
-15.18
-17.34
-19.76
-21.84
-23.01
-22.91
-21.54
-19.20
-16.35
-13.40
-10.61
-8.01
-5.51
-2.92
-0.14
2.87
6.02
9.19
12.27
15.13
17.72
19.93
21.61
22.60
22.77
22.10
20.70
18.76
16.59
14.47
12.64
11.25
10.37
9.97
9.98
10.29
10.75
11.20
11.50
11.54
11.28
10.74
10.01
9.19
8.38
7.63
6.90
6.12
5.22
4.17
3.01
1.83
0.69
-0.42
-1.54
-2.73
-3.97
-5.20
-6.33
-7.37
-8.42
-9.59
-10.90
-12.15
-13.02
-13.16
-12.47
-11.13
-9.53
-8.08
-6.95
-6.03
-5.06
-3.82
-2.35
-0.94
0.03
0.33
-0.02
-0.72
-1.39
-1.73
-1.69
-1.43
-1.20
-1.20
-1.40
-1.63
-1.68
-1.45
-1.00
-0.54
-0.28
-0.26
-0.38
-0.41
-0.16
0.39
1.10
1.73
2.11
2.21
2.07
1.81
1.49
1.11
0.70
0.30
0.02
-0.02
0.23
0.71
1.31
1.90
2.36
2.63
2.66
2.39
1.79
0.91
-0.06
-0.83
-1.06
-0.51
0.82
2.67
4.63
6.29
7.39
7.90
7.99
7.86
7.63
7.37
7.04
6.62
6.16
5.70
5.30
4.91
4.46
3.90
3.19
2.39
1.57
0.78
0.05
-0.64
-1.28
-1.84
-2.28
-2.58
-2.76
-2.90
-3.09
-3.40
-3.87
-4.50
-5.21
-5.91
-6.50
-6.89
-7.06
-7.05
-6.97
-6.96
-7.19
-7.73
-8.58
-9.61
-10.60
-11.25
-11.31
-10.62
-9.22
-7.30
-5.15
-3.07
-1.26
0.21
1.37
2.30
3.08
3.70
4.13
4.35
4.36
4.24
4.08
4.00
4.08
4.33
4.71
5.13
5.46
5.63
5.58
5.30
4.82
4.18
3.45
2.72
2.08
1.56
1.18
0.89
0.62
0.30
-0.10
-0.54
-1.01
-1.46
-1.90
-2.37
-2.89
-3.45
-4.00
-4.52
-4.97
-5.37
-5.79
-6.33
-7.08
-8.08
-9.28
-10.49
-11.41
-11.71
-11.16
-9.67
-7.41
-4.71
-1.98
0.40
2.23
3.49
4.30
4.82
5.18
5.42
5.55
5.61
5.62
5.64
5.71
5.78
5.77
5.59
5.20
4.64
4.00
3.38
2.88
2.55
2.41
2.40
2.44
2.37
2.07
1.45
0.57
-0.37
-1.03
-1.03
-0.01
2.21
5.57
9.69
13.87
17.29
19.16
19.05
16.94
13.28
8.73
3.97
-0.59
-4.76
-8.57
-12.12
-15.49
-18.67
-21.56
-24.00
-25.76
-26.57
-26.23
-24.62
-21.87
-18.29
-14.29
-10.32
-6.71
-3.65
-1.24
0.52
1.68
2.36
2.74
3.02
3.40
4.01
4.88
6.00
7.33
8.84
10.50
12.25
13.96
15.51
16.75
17.53
17.73
17.26
16.05
14.15
11.71
8.98
6.27
3.88
2.00
0.69
-0.10
-0.50
-0.70
-0.87
-1.15
-1.64
-2.38
-3.30
-4.32
-5.37
-6.39
-7.43
-8.62
-10.14
-12.04
-14.30
-16.74
-19.03
-20.85
-21.86
-21.83
-20.76
-18.83
-16.37
-13.88
-11.82
-10.50
-10.06
-10.29
-10.85
-11.43
-11.79
-11.83
-11.49
-10.77
-9.61
-8.08
-6.15
-3.90
-1.47
1.01
3.50
5.94
8.17
9.98
11.10
11.60
11.81
12.23
12.75
13.20
13.38
13.08
12.95
12.85
12.81
13.18
13.88
15.20
17.43
20.65
24.61
28.73
32.24
34.56
35.45
35.04
33.73
32.08
30.49
29.19
28.24
27.56
27.15
27.05
27.20
27.48
27.75
27.79
27.42
26.52
24.94
22.61
19.38
15.06
9.54
2.85
-4.87
-13.34
-22.21
-31.14
-39.66
-47.19
-53.08
-56.76
-58.00
-57.03
-54.55
-51.43
-48.40
-45.77
-43.38
-40.81
-37.68
-33.81
-29.31
-24.50
-19.72
-15.22
-11.12
-7.50
-4.36
-1.69
0.55
2.39
3.91
5.15
6.17
7.06
7.89
8.80
9.88
11.16
12.54
13.80
14.68
14.93
14.46
13.35
11.76
9.82
7.59
5.05
2.21
-0.83
-3.82
-6.43
-8.43
-9.72
-10.32
-10.29
-9.66
-8.42
-6.63
-4.51
-2.43
-0.77
0.23
0.62
0.74
1.04
1.89
3.36
5.26
7.24
8.95
10.19
10.92
11.19
11.06
10.48
9.33
7.49
4.99
2.04
-0.94
-3.45
-5.11
-5.71
-5.34
-4.27
-2.91
-1.62
-0.67
-0.19
-0.16
-0.47
-1.01
-1.66
-2.35
-3.07
-3.78
-4.47
-5.03
-5.36
-5.37
-5.04
-4.46
-3.75
-3.07
-2.45
-1.84
-1.09
-0.02
1.45
3.29
5.33
7.30
8.97
10.14
10.79
10.98
10.89
10.74
10.74
11.01
11.58
12.36
13.16
13.76
13.98
13.77
13.27
12.75
12.54
12.88
13.90
15.52
17.51
19.50
21.18
22.24
22.60
22.40
21.87
21.25
20.55
19.47
17.53
14.30
9.64
3.87
-2.34
-8.25
-13.36
-17.49
-20.78
-23.47
-25.71
-27.52
-28.86
-29.86
-30.92
-32.62
-35.59
-40.21
-46.36
-53.39
-60.20
-65.54
-68.38
-68.18
-65.12
-59.93
-53.59
-46.90
-40.28
-33.73
-27.00
-19.86
-12.25
-4.29
3.75
11.63
19.09
25.85
31.55
35.82
38.38
39.16
38.41
36.64
34.43
32.25
30.34
28.68
27.12
25.47
23.68
21.85
20.20
19.00
18.37
18.29
18.59
19.05
19.51
19.86
20.07
20.10
19.92
19.48
18.79
17.84
16.67
15.32
13.83
12.23
10.54
8.72
6.71
4.36
1.53
-1.89
-5.80
-9.86
-13.54
-16.26
-17.64
-17.66
-16.65
-15.11
-13.51
-12.07
-10.75
-9.35
-7.69
-5.76
-3.68
-1.62
0.33
2.17
4.02
5.94
7.94
9.89
11.66
13.08
14.10
14.67
14.77
14.41
13.66
12.72
11.91
11.57
11.88
12.69
13.54
13.79
12.95
10.87
7.87
4.56
1.55
-0.76
-2.37
-3.53
-4.57
-5.75
-7.10
-8.46
-9.63
-10.42
-10.77
-10.74
-10.42
-9.90
-9.15
-8.14
-6.85
-5.47
-4.29
-3.62
-3.57
-3.92
-4.24
-4.00
-2.93
-1.06
1.29
3.74
6.07
8.25
10.45
12.83
15.41
18.00
20.25
21.78
22.29
21.48
19.10
14.80
8.27
-0.51
-10.98
-21.86
-31.45
-38.18
-41.31
-41.23
-39.28
-37.05
-35.56
-34.84
-34.15
-32.52
-29.38
-24.84
-19.56
-14.38
-9.98
-6.79
-5.00
-4.73
-6.02
-8.65
-12.11
-15.62
-18.37
-19.87
-20.11
-19.50
-18.77
-18.61
-19.34
-20.75
-22.20
-22.77
-21.77
-18.78
-13.85
-7.62
-1.07
4.80
9.34
12.38
14.14
14.87
15.01
14.81
14.06
12.13
8.38
2.50
-5.21
-14.03
-23.15
-31.41
-37.72
-41.57
-43.07
-42.68
-40.92
-38.26
-35.29
-32.85
-30.99
-28.84
-25.03
-18.11
-6.99
8.43
26.82
46.68
62.65
69.45
65.91
55.40
42.91
32.32
24.46
18.95
14.95
11.57
8.85
7.85
8.94
11.49
14.27
16.02
16.13
14.62
11.93
9.09
7.14
6.34
6.25
6.27
6.23
6.67
8.40
11.81
16.73
22.27
26.93
29.39
29.24
27.27
25.10
24.29
25.52
28.54
32.34
35.56
37.01
36.10
32.87
27.84
21.62
14.68
7.34
-0.09
-7.17
-13.44
-18.38
-21.70
-23.50
-24.46
-25.58
-27.75
-31.16
-35.14
-38.58
-40.41
-40.23
-38.38
-35.81
-33.47
-31.73
-29.98
-27.09
-22.10
-14.78
-5.80
3.63
12.18
18.70
21.91
21.43
18.24
14.24
11.47
10.70
12.00
14.91
18.53
21.60
22.97
21.97
18.61
13.71
8.70
5.23
4.59
7.18
12.26
18.32
23.53
26.29
25.77
22.11
16.29
9.91
4.54
1.18
0.06
0.83
2.87
5.75
9.34
13.42
17.89
22.37
26.00
27.71
26.73
23.00
17.03
9.64
1.22
-7.52
-15.65
-22.49
-27.94
-32.65
-37.81
-44.80
-54.44
-67.00
-80.73
-92.41
-98.77
-97.83
-89.45
-75.16
-57.69
-36.55
-15.23
1.86
12.86
19.21
23.43
27.01
30.15
32.46
33.87
34.16
33.83
33.46
32.94
31.42
27.96
22.55
15.87
9.41
4.24
1.48
1.87
5.20
10.28
15.09
17.84
17.63
14.82
10.44
6.23
3.88
4.15
6.98
11.09
14.78
16.84
17.15
16.13
14.50
12.65
10.34
7.32
2.95
-2.68
-8.84
-14.64
-19.66
-23.78
-27.12
-30.01
-31.85
-32.61
-32.29
-31.00
-28.07
-23.91
-19.65
-16.36
-15.00
-14.78
-14.81
-14.27
-12.55
-9.72
-6.55
-3.96
-2.55
-2.45
-3.15
-4.08
-4.48
-3.52
-0.66
4.20
10.80
18.46
26.20
33.01
37.93
40.53
41.04
40.12
38.40
36.29
33.79
30.65
26.69
22.02
17.27
13.38
11.10
10.51
11.05
11.71
11.52
10.07
7.54
4.48
1.41
-1.51
-4.55
-8.08
-12.26
-16.81
-21.16
-24.66
-26.85
-27.68
-27.41
-26.42
-24.94
-22.98
-20.34
-16.80
-12.34
-7.17
-1.73
3.49
8.17
12.25
15.89
19.23
22.24
24.66
26.09
26.22
24.93
22.52
19.68
17.28
15.98
16.03
17.22
19.09
21.10
22.56
23.07
22.45
20.71
17.77
13.56
8.18
2.03
-4.16
-9.96
-15.02
-19.14
-22.24
-24.47
-26.09
-27.33
-28.42
-29.67
-31.96
-35.99
-41.71
-48.26
-54.43
-59.11
-61.50
-61.17
-55.09
-42.19
-24.28
-5.34
10.79
21.63
26.27
25.20
20.00
12.80
5.10
-2.23
-8.77
-14.18
-18.07
-20.26
-20.22
-17.84
-13.71
-9.33
-6.15
-4.81
-4.82
-5.11
-4.68
-3.04
-0.37
2.76
5.73
8.42
10.78
13.21
15.77
17.98
19.09
18.57
16.57
13.82
11.38
10.07
10.15
11.18
12.39
13.25
13.69
14.10
14.92
16.38
18.37
20.68
23.20
26.04
29.47
33.61
38.07
41.85
43.61
42.17
37.03
28.58
17.98
6.81
-3.52
-12.13
-18.86
-24.12
-28.47
-32.13
-34.73
-35.35
-33.02
-27.29
-18.81
-9.24
-0.71
5.02
7.37
7.01
5.43
4.14
3.98
5.00
6.77
8.87
11.01
13.05
14.67
15.29
14.33
11.55
7.33
2.55
-1.86
-5.32
-7.81
-9.63
-10.99
-11.73
-11.33
-9.25
-5.32
0.09
6.21
12.16
17.28
21.28
24.19
26.10
27.05
26.94
25.62
23.00
19.22
14.68
10.11
6.37
4.35
4.63
7.19
11.38
16.02
19.85
22.02
22.35
21.36
19.81
18.24
16.61
14.44
11.22
6.82
1.78
-2.84
-5.95
-6.87
-5.67
-3.06
-0.17
1.90
2.35
1.00
-1.83
-5.43
-8.94
-11.72
-13.53
-14.53
-15.15
-15.84
-16.91
-18.38
-20.15
-22.07
-24.07
-26.11
-28.08
-29.83
-31.26
-32.52
-33.98
-36.14
-39.18
-42.73
-45.89
-47.59
-47.16
-44.66
-40.92
-37.03
-33.83
-31.50
-29.63
-27.48
-24.51
-20.59
-16.04
-11.42
-7.25
-3.83
-1.12
1.20
3.56
6.35
9.70
13.42
17.02
19.94
21.78
22.38
21.92
20.70
19.03
17.12
15.06
12.91
10.77
8.81
7.20
6.01
5.22
4.70
4.26
3.82
3.36
2.92
2.65
2.67
3.12
4.08
5.57
7.43
9.40
11.11
12.21
12.53
12.14
11.29
10.36
9.65
9.28
9.20
9.25
9.33
9.43
9.67
10.22
11.14
12.31
13.47
14.31
14.62
14.45
14.07
13.88
14.23
15.19
16.57
17.98
19.05
19.65
19.95
20.30
21.09
22.54
24.57
26.82
28.68
29.43
28.33
24.89
18.90
10.65
0.88
-9.27
-18.56
-25.92
-30.71
-32.84
-32.80
-31.41
-29.60
-28.15
-27.54
-27.89
-29.09
-30.84
-32.79
-34.55
-35.75
-36.09
-35.39
-33.68
-31.09
-27.86
-24.20
-20.27
-16.24
-12.33
-8.84
-6.05
-4.10
-2.96
-2.40
-2.12
-1.87
-1.50
-0.98
-0.44
-0.14
-0.43
-1.69
-4.10
-7.57
-11.62
-15.49
-18.36
-19.58
-18.86
-16.40
-12.80
-8.99
-5.90
-4.23
-4.13
-5.10
-5.98
-5.43
-2.48
2.88
9.65
16.14
20.78
22.88
23.00
22.56
23.08
25.28
28.74
32.19
34.25
34.09
31.69
27.62
22.45
16.40
9.33
1.02
-8.48
-18.69
-28.90
-38.48
-47.20
-55.29
-63.19
-71.30
-79.70
-88.05
-95.60
-101.27
-103.74
-101.69
-94.10
-80.72
-62.35
-40.82
-18.63
1.79
18.74
31.54
40.49
46.36
49.94
51.82
52.35
51.93
51.11
50.46
50.38
50.87
51.52
51.71
50.92
48.99
46.18
43.10
40.38
38.45
37.36
36.72
35.96
34.50
32.04
28.64
24.78
21.12
18.16
16.22
15.33
15.39
16.14
17.14
17.80
17.49
15.59
11.73
6.07
-0.63
-7.13
-12.20
-15.05
-15.54
-13.95
-10.88
-7.05
-2.94
1.18
5.29
9.31
12.99
15.98
18.20
19.58
20.02
19.45
17.82
15.33
12.24
8.82
3.92
-2.41
-9.13
-14.88
-18.45
-20.35
-21.17
-21.28
-20.97
-20.32
-19.14
-17.43
-15.51
-13.85
-12.96
-12.90
-13.47
-14.23
-14.69
-14.25
-12.66
-10.11
-7.06
-4.13
-1.70
-0.04
0.70
0.56
-0.09
-0.79
-1.07
-0.59
0.72
2.72
5.02
7.07
8.45
9.04
8.99
8.59
8.18
7.92
7.87
7.89
7.75
7.19
6.10
4.54
2.81
1.34
0.57
0.81
2.02
3.87
5.79
7.27
8.00
8.03
7.72
7.62
8.26
10.01
12.99
17.00
21.49
25.64
28.50
29.24
27.45
23.34
17.65
11.51
5.95
1.67
-1.13
-2.67
-3.32
-3.44
-3.24
-2.86
-2.49
-2.40
-2.90
-4.27
-6.58
-9.66
-13.11
-16.45
-19.26
-21.31
-22.58
-23.19
-23.34
-23.15
-22.60
-21.56
-19.95
-17.81
-15.44
-13.34
-12.00
-11.72
-12.51
-14.01
-15.75
-17.32
-18.57
-19.60
-20.63
-21.84
-23.22
-24.56
-25.53
-25.79
-25.06
-23.16
-20.00
-15.64
-10.25
-4.15
2.24
8.52
14.43
19.85
24.70
28.82
31.87
33.39
33.06
30.89
27.38
23.30
19.44
16.23
13.70
11.58
9.60
7.73
6.22
5.37
5.35
6.03
7.04
8.00
8.65
8.99
9.18
9.42
9.77
10.14
10.35
10.23
9.74
8.94
8.01
7.13
6.38
5.74
5.10
4.35
3.42
2.33
1.12
-0.09
-1.17
-1.91
-2.13
-1.65
-0.48
1.19
3.05
4.77
6.18
7.28
8.23
9.18
10.13
10.91
11.31
11.18
10.58
9.74
8.96
8.47
8.33
8.39
8.41
8.17
7.55
6.59
5.44
4.29
3.26
2.42
1.74
1.20
0.79
0.51
0.36
0.31
0.27
0.17
-0.06
-0.46
-1.10
-2.11
-3.67
-5.95
-9.02
-12.80
-16.97
-21.11
-24.74
-27.51
-29.22
-29.87
-29.65
-28.88
-27.94
-27.19
-26.86
-27.01
-27.49
-27.99
-28.24
-28.09
-27.54
-26.67
-25.46
-23.80
-21.49
-18.43
-14.74
-10.76
-6.93
-3.56
-0.70
1.86
4.43
7.15
9.91
12.40
14.25
15.28
15.59
15.45
15.20
15.04
14.94
14.71
14.09
12.86
10.94
8.34
5.16
1.55
-2.23
-5.78
-8.57
-10.03
-9.77
-7.82
-4.69
-1.27
1.46
2.71
2.15
-0.10
-3.59
-7.71
-11.89
-15.60
-18.41
-19.99
-20.11
-18.75
-16.10
-12.56
-8.64
-4.79
-1.31
1.71
4.34
6.74
9.07
11.37
13.58
15.44
16.60
16.71
15.51
12.95
9.21
4.75
0.11
-4.15
-7.67
-10.32
-12.24
-13.70
-14.96
-16.17
-17.23
-17.93
-17.96
-17.10
-15.29
-12.70
-9.65
-6.57
-3.86
-1.73
-0.14
1.11
2.29
3.59
5.02
6.39
7.51
8.25
8.61
8.74
8.83
9.01
9.39
10.13
11.42
13.44
16.24
19.61
23.05
25.92
27.66
27.99
26.96
24.83
21.83
18.07
13.50
8.08
2.03
-4.16
-9.76
-14.06
-16.71
-17.81
-17.90
-17.64
-17.56
-17.84
-18.28
-18.47
-18.00
-16.66
-14.50
-11.79
-8.91
-6.19
-3.88
-2.05
-0.60
0.64
1.86
3.17
4.56
5.93
7.15
8.17
9.07
9.99
11.07
12.32
13.55
14.49
14.89
14.68
14.06
13.35
12.89
12.84
13.13
13.50
13.67
13.41
12.63
11.35
9.59
7.44
4.99
2.39
-0.09
-2.19
-3.74
-4.70
-5.23
-5.52
-5.70
-5.68
-5.18
-3.83
-1.42
1.97
5.97
10.05
13.68
16.51
18.41
19.40
19.52
18.82
17.34
15.13
12.34
9.21
6.02
3.04
0.49
-1.52
-2.89
-3.59
-3.51
-2.58
-0.76
1.91
5.23
8.87
12.39
15.31
17.19
17.64
16.43
13.48
8.92
3.11
-3.38
-9.93
-15.96
-21.14
-25.33
-28.60
-31.07
-32.90
-34.19
-34.98
-35.25
-34.92
-33.90
-32.11
-29.56
-26.40
-22.90
-19.46
-16.40
-13.93
-12.07
-10.64
-9.43
-8.28
-7.19
-6.32
-5.88
-6.04
-6.78
-7.97
-9.36
-10.74
-11.97
-12.90
-13.34
-12.98
-11.56
-9.06
-5.81
-2.50
0.11
1.50
1.55
0.41
-1.72
-4.79
-8.80
-13.55
-18.30
-21.99
-23.57
-22.63
-19.70
-16.03
-12.93
-11.07
-10.17
-9.20
-7.03
-3.04
2.56
8.93
15.07
20.25
24.19
27.00
28.95
30.24
30.92
30.93
30.24
28.95
27.36
25.88
24.92
24.69
25.19
26.16
27.23
28.07
28.52
28.60
28.45
28.12
27.45
26.12
23.78
20.39
16.35
12.48
9.67
8.52
8.95
10.27
11.46
11.62
10.32
7.66
4.07
0.06
-3.92
-7.53
-10.43
-12.22
-12.54
-11.22
-8.33
-4.20
0.70
5.99
11.42
16.93
22.63
28.68
35.24
42.19
49.05
54.90
58.58
59.17
56.43
50.91
43.78
36.29
29.29
23.04
17.39
12.13
7.27
3.07
-0.27
-2.75
-4.68
-6.54
-8.76
-11.59
-15.17
-19.55
-24.72
-30.54
-36.67
-42.59
-47.76
-51.79
-54.54
-56.07
-56.54
-56.03
-54.57
-52.27
-49.39
-46.46
-44.05
-42.61
-42.25
-42.72
-43.57
-44.38
-44.93
-45.28
-45.52
-45.65
-45.36
-44.10
-41.30
-36.63
-30.18
-22.44
-14.07
-5.78
1.87
8.45
13.62
17.13
18.93
19.24
18.56
17.55
16.76
16.44
16.44
16.39
15.93
14.86
13.27
11.36
9.37
7.40
5.49
3.64
1.93
0.51
-0.42
-0.68
-0.18
0.99
2.59
4.27
5.63
6.36
6.34
5.68
4.67
3.68
2.99
2.65
2.52
2.34
1.89
1.13
0.16
-0.81
-1.65
-2.34
-2.97
-3.69
-4.60
-5.73
-7.02
-8.38
-9.70
-10.86
-11.76
-12.33
-12.50
-12.26
-11.62
-10.59
-9.22
-7.58
-5.72
-3.62
-1.14
1.95
5.91
10.84
16.53
22.46
27.86
31.97
34.25
34.58
33.23
30.73
27.69
24.64
21.94
19.78
18.19
17.07
16.26
15.53
14.64
13.41
11.75
9.75
7.65
5.75
4.37
3.71
3.78
4.43
5.35
6.18
6.64
6.57
6.06
5.42
4.97
4.95
5.26
5.53
5.20
3.78
1.15
-2.35
-5.94
-8.60
-9.45
-8.01
-4.36
0.86
6.61
11.67
14.83
15.33
13.09
8.90
4.19
0.55
-0.99
-0.35
1.60
3.50
4.11
2.84
-0.20
-4.37
-8.88
-12.97
-16.03
-17.60
-17.49
-15.86
-13.28
-10.59
-8.47
-7.16
-6.42
-5.69
-4.55
-2.88
-0.95
0.75
1.79
1.95
1.28
0.03
-1.38
-2.50
-2.91
-2.28
-0.47
2.44
6.18
10.40
14.71
18.85
22.72
26.29
29.38
31.47
31.48
27.94
19.44
5.26
-13.96
-36.03
-57.62
-75.08
-85.55
-87.82
-82.69
-72.66
-61.16
-51.58
-46.29
-46.07
-49.84
-55.06
-58.55
-57.65
-51.16
-39.73
-25.43
-10.80
2.15
12.60
20.72
27.14
32.21
35.82
37.60
37.51
36.15
34.67
34.25
35.48
38.08
41.17
43.68
44.84
44.26
41.74
37.08
30.15
21.19
11.08
1.26
-6.77
-12.05
-14.50
-14.72
-13.54
-11.39
-8.24
-3.80
1.84
7.95
13.20
16.14
15.84
12.24
6.11
-1.25
-8.47
-14.46
-18.63
-20.90
-21.55
-20.95
-19.29
-16.47
-12.13
-5.97
2.01
11.36
21.17
30.37
38.07
43.71
47.18
48.73
48.77
47.78
46.22
44.47
42.88
41.67
40.93
40.63
40.62
40.74
40.90
41.09
41.31
41.57
41.76
41.65
40.89
39.08
35.88
31.09
24.81
17.52
10.04
3.31
-1.96
-5.82
-9.29
-14.16
-22.27
-34.49
-50.04
-66.32
-79.70
-86.81
-85.76
-76.70
-61.69
-43.71
-25.98
-11.53
-3.23
-3.85
-15.37
-37.88
-68.57
-101.87
-130.83
-149.35
-154.12
-145.33
-125.98
-100.27
-72.23
-44.89
-20.41
-0.36
14.24
23.11
27.01
27.59
26.90
26.64
27.76
30.37
34.05
38.09
41.71
44.32
45.62
45.76
45.29
44.83
44.81
45.25
45.75
45.82
45.26
44.26
43.31
42.87
42.98
43.16
42.51
40.07
35.29
28.33
20.07
11.90
5.15
0.68
-1.43
-1.76
-1.28
-0.82
-0.81
-1.20
-1.70
-2.04
-2.23
-2.52
-3.20
-4.39
-5.94
-7.45
-8.52
-8.90
-8.64
-8.04
-7.50
-7.32
-7.57
-8.08
-8.52
-8.64
-8.30
-7.50
-6.32
-4.80
-2.94
-0.78
1.54
3.73
5.45
6.40
6.47
5.77
4.64
3.45
2.55
2.18
2.37
2.99
3.74
4.27
4.27
3.62
2.40
0.89
-0.64
-1.99
-3.13
-4.19
-5.42
-7.10
-9.53
-12.94
-17.39
-22.63
-28.04
-32.74
-35.84
-36.76
-35.47
-32.47
-28.60
-24.75
-21.54
-19.17
-17.48
-16.09
-14.59
-12.77
-10.61
-8.30
-6.09
-4.12
-2.36
-0.57
1.52
4.12
7.22
10.61
13.95
16.81
18.75
19.33
18.19
15.20
10.70
5.54
0.90
-2.09
-2.79
-1.37
1.31
4.07
5.93
6.48
5.96
5.00
4.26
4.18
4.86
6.17
7.95
10.07
12.44
14.94
17.39
19.57
21.38
22.90
24.34
25.88
27.48
28.76
29.11
27.97
25.09
20.78
15.77
10.94
7.00
4.31
2.83
2.30
2.41
2.90
3.56
4.15
4.36
3.89
2.52
0.25
-2.57
-5.39
-7.60
-8.74
-8.67
-7.54
-5.74
-3.65
-1.57
0.36
2.05
3.41
4.25
4.36
3.60
1.94
-0.44
-3.20
-5.97
-8.38
-10.20
-11.37
-11.94
-12.13
-12.20
-12.42
-13.01
-14.07
-15.50
-17.09
-18.46
-19.23
-19.10
-17.96
-15.92
-13.30
-10.52
-8.00
-6.04
-4.78
-4.13
-3.87
-3.69
-3.33
-2.73
-1.97
-1.30
-0.90
-0.86
-1.02
-1.16
-1.08
-0.72
-0.18
0.35
0.71
0.85
0.80
0.65
0.46
0.29
0.17
0.14
0.25
0.43
0.55
0.37
-0.37
-1.75
-3.66
-5.72
-7.43
-8.34
-8.18
-6.99
-5.07
-2.81
-0.58
1.39
3.02
4.27
5.10
5.44
5.23
4.51
3.44
2.25
1.21
0.54
0.33
0.65
1.53
3.02
5.19
7.99
11.31
14.90
18.49
21.80
24.61
26.73
27.95
28.02
26.73
24.00
20.02
15.21
10.08
5.11
0.56
-3.54
-7.23
-10.51
-13.22
-15.09
-15.87
-15.47
-14.01
-11.70
-8.82
-5.59
-2.19
1.20
4.38
7.13
9.35
11.02
12.27
13.20
13.80
13.88
13.18
11.40
8.47
4.51
-0.06
-4.72
-8.87
-12.05
-13.99
-14.67
-14.36
-13.50
-12.64
-12.22
-12.52
-13.54
-15.12
-16.99
-18.88
-20.54
-21.76
-22.32
-22.05
-20.83
-18.71
-15.92
-12.87
-10.03
-7.71
-6.04
-4.93
-4.13
-3.41
-2.69
-2.05
-1.71
-1.84
-2.50
-3.52
-4.60
-5.41
-5.71
-5.45
-4.76
-3.80
-2.72
-1.58
-0.32
1.09
2.63
4.11
5.30
5.97
6.03
5.50
4.56
3.39
2.13
0.87
-0.35
-1.44
-2.28
-2.70
-2.64
-2.11
-1.30
-0.40
0.45
1.26
2.15
3.32
4.86
6.70
8.61
10.27
11.44
11.95
11.84
11.22
10.25
9.09
7.89
6.77
5.79
5.00
4.32
3.65
2.89
1.98
0.96
-0.08
-1.02
-1.79
-2.37
-2.81
-3.19
-3.62
-4.17
-4.89
-5.75
-6.66
-7.40
-7.77
-7.58
-6.73
-5.24
-3.29
-1.10
1.06
2.91
4.28
5.08
5.37
5.33
5.15
4.97
4.85
4.73
4.54
4.26
3.93
3.66
3.54
3.58
3.72
3.86
3.89
3.74
3.42
2.98
2.52
2.07
1.65
1.19
0.60
-0.19
-1.17
-2.24
-3.25
-3.99
-4.30
-4.10
-3.39
-2.24
-0.80
0.77
2.30
3.65
4.69
5.34
5.60
5.50
5.14
4.65
4.15
3.72
3.39
3.16
3.01
2.94
2.94
3.02
3.12
3.12
2.91
2.37
1.43
0.15
-1.34
-2.90
-4.35
-5.56
-6.50
-7.18
-7.70
-8.13
-8.52
-8.82
-8.94
-8.71
-8.00
-6.73
-4.95
-2.82
-0.59
1.50
3.22
4.49
5.31
5.78
5.99
5.99
5.84
5.58
5.27
5.01
4.88
4.91
5.04
5.15
5.12
4.88
4.45
3.94
3.49
3.24
3.19
3.31
3.43
3.41
3.13
2.58
1.86
1.12
0.51
0.07
-0.28
-0.67
-1.21
-1.83
-2.36
-2.51
-2.07
-0.99
0.55
2.24
3.71
4.71
5.16
5.14
4.81
4.36
3.89
3.47
3.11
2.82
2.58
2.36
2.10
1.78
1.38
0.96
0.59
0.36
0.30
0.38
0.51
0.57
0.50
0.27
-0.07
-0.45
-0.82
-1.17
-1.52
-1.91
-2.37
-2.90
-3.42
-3.81
-3.93
-3.65
-2.93
-1.82
-0.50
0.81
1.91
2.64
2.97
2.99
2.85
2.66
2.48
2.29
1.99
1.56
1.03
0.52
0.15
0.01
0.10
0.37
0.71
1.04
1.27
1.33
1.18
0.80
0.26
-0.33
-0.84
-1.17
-1.34
-1.44
-1.59
-1.90
-2.40
-3.03
-3.68
-4.18
-4.40
-4.21
-3.58
-2.56
-1.29
0.00
1.15
2.01
2.52
2.67
2.50
2.06
1.43
0.71
0.04
-0.47
-0.73
-0.75
-0.59
-0.33
-0.05
0.20
0.39
0.50
0.49
0.37
0.17
-0.08
-0.30
-0.47
-0.62
-0.80
-1.10
-1.58
-2.24
-2.99
-3.68
-4.13
-4.18
-3.74
-2.80
-1.45
0.12
1.68
3.00
3.91
4.32
4.30
3.98
3.57
3.24
3.07
3.02
2.99
2.88
2.65
2.33
2.03
1.78
1.59
1.35
0.93
0.23
-0.78
-2.02
-3.38
-4.71
-5.84
-6.63
-7.02
-7.06
-6.94
-6.96
-7.34
-8.13
-9.15
-10.03
-10.36
-9.91
-8.64
-6.70
-4.29
-1.61
1.18
3.87
6.16
7.70
8.24
7.77
6.56
5.06
3.72
2.87
2.56
2.70
3.05
3.38
3.49
3.27
2.65
1.66
0.39
-0.98
-2.22
-3.10
-3.39
-2.93
-1.69
0.13
2.13
3.80
4.73
4.79
4.19
3.38
2.91
3.17
4.33
6.30
8.86
11.82
14.99
18.21
21.29
24.04
26.26
27.83
28.65
28.71
27.99
26.50
24.22
21.21
17.71
14.03
10.34
6.49
2.08
-3.28
-9.76
-17.06
-24.46
-30.80
-35.09
-37.05
-37.32
-37.06
-37.30
-38.53
-40.62
-42.96
-44.43
-44.01
-41.25
-36.51
-30.56
-24.22
-18.07
-12.50
-7.60
-2.59
3.72
12.30
23.38
36.35
50.01
62.56
71.80
73.09
63.25
43.47
19.78
-0.60
-13.13
-17.17
-14.85
-9.42
-3.63
1.47
6.03
10.62
14.88
17.78
18.52
17.03
14.00
10.54
7.94
7.02
7.71
8.95
9.41
8.14
5.01
0.48
-4.59
-9.11
-12.05
-12.93
-11.95
-9.80
-7.30
-5.18
-3.98
-3.99
-5.12
-7.07
-9.48
-11.99
-14.06
-14.94
-13.87
-10.57
-5.57
-0.21
3.79
5.00
2.89
-1.89
-7.87
-13.44
-17.56
-19.99
-21.12
-21.42
-21.09
-19.93
-17.65
-14.17
-9.86
-5.44
-1.78
0.40
0.78
-0.54
-3.14
-6.42
-9.71
-12.40
-13.98
-14.16
-12.89
-10.36
-6.96
-3.11
0.78
4.35
7.32
9.43
10.57
10.76
10.23
9.35
8.53
8.02
7.85
7.84
7.74
7.39
6.84
6.27
5.91
5.91
6.27
6.83
7.40
7.77
7.80
7.44
6.79
6.06
5.55
5.55
6.27
7.72
9.70
11.85
13.74
15.03
15.56
15.41
14.88
14.31
14.00
14.03
14.26
14.36
14.02
13.02
11.32
9.06
6.47
3.77
1.13
-1.34
-3.54
-5.42
-6.94
-8.20
-9.37
-10.65
-12.23
-14.16
-16.32
-18.47
-20.34
-21.68
-22.39
-22.45
-21.94
-20.96
-19.65
-18.13
-16.54
-15.01
-13.67
-12.59
-11.78
-11.20
-10.76
-10.41
-10.14
-9.95
-9.84
-9.81
-9.77
-9.63
-9.25
-8.54
-7.45
-6.02
-4.36
-2.63
-1.00
0.37
1.40
2.07
2.51
2.89
3.42
4.29
5.60
7.36
9.41
11.52
13.33
14.43
14.47
13.29
11.00
7.97
4.75
1.84
-0.53
-2.49
-4.43
-6.79
-9.81
-13.37
-17.02
-20.10
-22.00
-22.30
-20.86
-17.87
-13.79
-9.31
-5.20
-2.23
-0.94
-1.65
-4.27
-8.36
-13.20
-17.84
-21.36
-22.99
-22.25
-19.09
-13.84
-7.14
0.23
7.45
13.75
18.45
21.12
21.60
20.19
17.56
14.58
12.09
10.63
10.34
10.95
11.98
12.94
13.51
13.64
13.49
13.33
13.41
13.88
14.69
15.70
16.65
17.26
17.35
16.83
15.78
14.42
13.04
11.91
11.18
10.80
10.50
9.87
8.47
6.07
2.68
-1.45
-5.89
-10.16
-13.89
-16.87
-19.00
-20.33
-20.97
-21.07
-20.78
-20.31
-19.85
-19.51
-19.28
-18.99
-18.31
-16.95
-14.75
-11.83
-8.50
-5.20
-2.31
-0.03
1.64
2.81
3.64
4.18
4.44
4.37
3.96
3.29
2.54
1.97
1.82
2.22
3.13
4.36
5.57
6.47
6.88
6.77
6.29
5.64
5.03
4.62
4.46
4.56
4.79
5.02
5.13
5.07
4.87
4.59
4.35
4.27
4.46
5.00
5.95
7.35
9.21
11.40
13.64
15.64
17.18
18.24
18.97
19.67
20.65
21.99
23.48
24.73
25.44
25.55
25.32
24.83
24.22
23.50
22.51
20.99
18.81
16.11
13.36
11.21
9.59
8.30
6.94
5.02
1.95
-2.56
-8.33
-14.59
-20.33
-25.60
-30.52
-35.30
-40.23
-45.60
-51.44
-57.37
-62.70
-66.78
-70.36
-73.93
-77.40
-80.35
-82.40
-83.61
-84.65
-86.72
-84.27
-74.68
-57.86
-36.12
-12.63
9.05
24.58
29.59
21.59
1.80
-25.30
-52.90
-72.39
-76.88
-63.36
-33.37
8.07
54.39
98.87
131.74
148.46
150.02
140.19
122.90
101.28
78.06
56.17
38.53
26.77
21.90
22.68
26.70
31.17
33.77
33.52
30.74
26.61
22.31
19.28
18.29
19.10
20.76
22.15
22.48
21.54
19.56
17.03
14.92
14.05
14.70
16.31
17.61
17.07
13.45
6.50
-2.78
-12.21
-19.49
-23.03
-22.60
-19.14
-14.18
-9.13
-4.87
-1.79
-0.03
0.12
-1.72
-5.78
-11.79
-18.91
-26.00
-32.15
-36.99
-40.71
-43.79
-46.38
-48.08
-47.96
-45.05
-38.99
-30.41
-20.85
-12.15
-5.72
-2.01
-0.64
-0.92
-2.50
-5.59
-10.66
-17.72
-25.98
-33.93
-40.01
-43.49
-44.88
-45.62
-47.17
-50.28
-54.51
-58.42
-60.14
-57.98
-50.68
-37.55
-18.56
5.39
32.04
57.44
76.21
82.86
74.14
51.13
19.88
-10.31
-30.43
-35.56
-26.56
-9.15
9.40
23.79
32.51
37.35
41.02
45.18
49.66
53.30
55.17
55.23
54.09
52.09
48.81
43.50
35.72
25.77
14.85
4.50
-3.79
-8.64
-8.97
-4.58
2.97
10.07
11.71
3.98
-13.80
-37.98
-61.26
-75.79
-76.66
-64.18
-43.41
-21.56
-4.43
5.54
9.41
10.46
12.18
16.63
23.51
30.39
33.91
31.45
22.07
7.42
-8.49
-20.64
-25.09
-21.03
-11.25
-0.31
8.49
14.59
20.06
27.65
38.17
48.92
54.03
46.59
21.42
-18.94
-64.51
-103.60
-128.67
-137.02
-128.55
-104.69
-69.25
-28.99
7.35
31.19
38.55
31.33
15.64
-0.36
-9.98
-10.74
-4.16
6.56
18.42
29.98
41.45
54.05
66.23
76.21
82.66
85.57
86.30
86.08
85.10
82.20
76.07
66.04
52.31
36.18
19.61
4.29
-9.47
-22.06
-32.89
-39.12
-37.36
-27.84
-15.90
-10.48
-17.96
-40.13
-73.05
-108.13
-135.44
-144.55
-131.39
-98.56
-53.37
-5.04
37.72
66.94
74.71
61.70
37.76
14.52
-0.10
-3.22
4.01
17.50
32.00
42.97
47.95
45.96
36.56
20.75
1.15
-18.40
-34.26
-43.73
-45.00
-37.96
-24.94
-10.54
0.69
6.06
5.28
-0.16
-7.98
-15.88
-22.00
-25.44
-26.43
-25.63
-23.57
-20.51
-16.84
-13.18
-10.09
-7.76
-5.97
-4.40
-2.75
-0.86
1.18
2.95
4.02
4.25
3.86
3.34
3.18
3.71
5.04
7.07
9.59
12.41
15.47
18.76
22.25
25.80
29.10
31.84
33.75
34.83
35.29
35.51
35.81
36.30
36.86
37.21
37.06
36.28
34.83
32.78
30.14
26.89
23.10
18.99
14.89
11.10
7.83
5.10
2.83
0.79
-1.25
-3.60
-6.52
-10.10
-14.15
-18.15
-21.38
-23.25
-23.67
-23.03
-22.10
-21.62
-21.83
-22.51
-23.29
-23.94
-24.37
-24.31
-23.14
-20.20
-15.29
-9.24
-3.91
-1.38
-2.88
-7.95
-14.54
-20.02
-22.53
-21.75
-18.68
-14.73
-10.79
-6.79
-2.23
3.06
8.51
12.93
15.26
15.27
13.61
11.44
9.83
9.14
9.04
8.89
8.11
6.66
5.02
3.91
3.61
3.97
4.41
4.51
4.26
4.16
5.15
8.24
14.04
22.03
31.03
39.06
44.42
46.15
44.32
39.97
34.80
30.49
27.73
26.66
25.79
22.81
15.10
0.40
-22.45
-52.38
-83.84
-108.98
-121.85
-123.22
-117.94
-111.55
-108.19
-109.44
-113.82
-117.33
-117.67
-108.75
-87.68
-55.15
-15.04
27.06
65.98
98.95
126.23
142.11
147.15
144.25
135.90
122.80
105.06
83.75
61.62
42.08
27.52
19.88
18.23
19.73
21.20
20.85
17.91
12.98
7.17
1.31
-3.34
-6.85
-9.96
-13.25
-16.53
-18.95
-19.41
-17.38
-13.55
-9.06
-5.98
-6.04
-9.88
-16.52
-23.79
-29.31
-31.61
-30.63
-27.12
-22.43
-17.69
-13.37
-9.34
-5.43
-1.67
1.65
4.25
6.15
7.54
8.62
9.54
10.46
11.69
13.51
15.87
18.17
19.37
18.50
15.08
9.32
1.72
-7.27
-17.49
-28.87
-40.76
-51.55
-58.92
-60.80
-56.38
-46.71
-34.07
-21.17
-10.32
-3.00
0.23
-0.58
-4.97
-12.00
-20.05
-26.21
-26.85
-18.99
-1.95
21.60
45.73
62.91
66.91
55.46
32.16
4.87
-17.92
-30.76
-33.08
-28.54
-22.34
-16.94
-14.30
-14.20
-14.74
-14.88
-15.58
-18.60
-25.10
-33.21
-39.69
-41.80
-38.14
-29.33
-17.59
-5.14
5.75
13.94
19.45
22.81
24.26
24.04
22.25
18.83
13.97
8.31
3.06
-0.31
-0.66
2.34
8.38
16.45
25.06
32.59
37.67
39.44
37.68
32.71
25.41
17.30
10.21
5.75
4.80
7.21
11.91
17.25
21.48
23.30
22.28
18.93
14.36
9.89
6.55
4.83
4.58
5.24
6.11
6.64
6.55
5.78
4.34
2.24
-0.55
-4.02
-8.07
-12.47
-16.90
-20.89
-23.94
-25.62
-25.69
-24.30
-21.96
-19.42
-17.25
-15.56
-13.91
-11.53
-7.85
-2.88
2.75
8.02
12.09
14.61
15.62
15.25
13.43
10.00
5.16
-0.16
-4.48
-6.44
-5.69
-3.20
-0.64
0.62
0.49
0.12
1.10
4.18
8.65
12.66
14.30
12.74
8.61
3.42
-1.41
-5.30
-8.45
-11.33
-14.14
-16.62
-18.39
-19.28
-19.33
-18.49
-16.25
-11.79
-4.62
4.81
14.82
23.12
27.88
28.64
26.26
22.28
17.75
12.75
6.81
-0.16
-7.08
-12.03
-13.38
-10.98
-6.42
-2.28
-0.58
-1.63
-4.02
-5.50
-4.56
-1.22
3.25
7.43
10.67
13.24
15.92
19.15
22.82
26.07
27.73
27.08
24.33
20.51
16.96
14.94
15.19
18.13
23.22
28.91
33.29
35.00
33.90
31.08
28.34
27.31
29.12
33.31
37.92
40.56
39.54
34.33
25.16
12.29
-6.52
-30.85
-57.20
-80.87
-98.65
-109.93
-116.05
-119.45
-122.30
-125.18
-125.43
-118.65
-101.23
-72.53
-36.41
-0.40
27.20
42.10
43.78
36.33
25.75
17.01
12.66
12.32
13.95
15.40
15.72
15.03
14.45
14.55
15.10
16.38
17.93
20.55
25.28
32.76
42.30
52.51
61.13
62.17
53.12
36.58
18.05
1.72
-9.89
-18.17
-24.01
-27.99
-30.70
-32.28
-32.97
-33.23
-33.53
-33.75
-33.31
-31.16
-26.69
-20.08
-11.72
-2.60
5.87
12.33
16.15
17.41
17.03
15.98
14.97
14.64
15.17
16.29
17.42
18.16
18.27
17.89
17.20
16.40
15.76
15.45
15.44
15.50
15.41
15.02
14.38
13.61
12.83
12.12
11.49
10.78
9.88
8.73
7.44
6.21
5.18
4.35
3.62
2.87
2.03
1.12
0.22
-0.61
-1.33
-1.89
-2.21
-2.17
-1.72
-0.93
-0.04
0.61
0.74
0.19
-1.00
-2.67
-4.51
-6.17
-7.31
-7.72
-7.45
-6.82
-6.40
-6.72
-8.00
-9.98
-11.98
-13.21
-13.11
-11.62
-9.16
-6.39
-3.92
-2.06
-0.80
0.03
0.61
1.03
1.23
1.15
0.78
0.27
-0.15
-0.30
-0.11
0.29
0.67
0.85
0.73
0.41
0.01
-0.33
-0.62
-0.99
-1.60
-2.59
-3.93
-5.50
-7.05
-8.38
-9.30
-9.69
-9.50
-8.80
-7.73
-6.52
-5.44
-4.67
-4.30
-4.24
-4.31
-4.35
-4.27
-4.12
-4.00
-4.00
-4.10
-4.22
-4.24
-4.12
-3.92
-3.74
-3.69
-3.77
-3.89
-3.94
-3.81
-3.51
-3.06
-2.47
-1.74
-0.78
0.43
1.83
3.26
4.52
5.44
5.96
6.17
6.15
6.00
5.76
5.45
5.11
4.81
4.62
4.53
4.46
4.24
3.74
2.95
2.00
1.04
0.20
-0.54
-1.32
-2.30
-3.58
-5.16
-6.93
-8.73
-10.40
-11.76
-12.63
-12.86
-12.31
-10.97
-8.93
-6.36
-3.53
-0.66
2.06
4.49
6.53
8.10
9.18
9.80
10.02
9.97
9.74
9.38
8.89
8.26
7.54
6.82
6.20
5.74
5.38
5.00
4.45
3.68
2.77
1.86
1.10
0.58
0.24
-0.01
-0.26
-0.59
-1.01
-1.54
-2.19
-2.98
-3.86
-4.80
-5.73
-6.59
-7.36
-8.00
-8.45
-8.62
-8.45
-7.89
-6.96
-5.76
-4.39
-2.98
-1.64
-0.44
0.53
1.26
1.77
2.12
2.37
2.58
2.75
2.85
2.85
2.75
2.58
2.40
2.23
2.03
1.75
1.36
0.85
0.34
-0.06
-0.26
-0.29
-0.26
-0.35
-0.67
-1.23
-1.93
-2.61
-3.18
-3.63
-4.03
-4.45
-4.88
-5.18
-5.19
-4.77
-3.90
-2.74
-1.50
-0.41
0.42
1.04
1.57
2.10
2.65
3.12
3.36
3.28
2.88
2.32
1.79
1.43
1.31
1.38
1.57
1.84
2.14
2.44
2.68
2.75
2.54
2.00
1.14
0.02
-1.22
-2.43
-3.45
-4.12
-4.37
-4.28
-4.05
-3.97
-4.29
-5.06
-6.09
-7.05
-7.60
-7.52
-6.76
-5.46
-3.82
-2.03
-0.24
1.42
2.83
3.91
4.61
4.96
5.07
5.08
5.13
5.28
5.48
5.63
5.60
5.27
4.64
3.79
2.83
1.89
1.08
0.40
-0.19
-0.78
-1.45
-2.26
-3.21
-4.29
-5.48
-6.73
-7.97
-9.14
-10.19
-11.10
-11.84
-12.37
-12.66
-12.65
-12.30
-11.63
-10.68
-9.55
-8.35
-7.15
-6.03
-5.06
-4.34
-3.96
-3.94
-4.17
-4.47
-4.62
-4.44
-3.84
-2.82
-1.48
0.07
1.72
3.40
5.04
6.57
7.92
8.95
9.56
9.71
9.41
8.79
7.98
7.10
6.20
5.19
4.00
2.55
0.91
-0.85
-2.60
-4.33
-6.10
-8.01
-10.02
-11.91
-13.34
-14.00
-13.83
-13.09
-12.23
-11.72
-11.72
-12.01
-12.10
-11.51
-10.02
-7.79
-5.23
-2.78
-0.67
1.06
2.52
3.73
4.63
5.07
5.08
4.98
5.33
6.74
9.59
13.82
19.03
24.69
30.41
36.03
41.50
46.67
51.13
54.18
55.10
53.45
49.22
42.84
35.04
26.58
18.09
10.11
3.07
-2.62
-6.66
-8.94
-9.65
-9.26
-8.39
-7.59
-7.17
-7.08
-6.99
-6.50
-5.31
-3.41
-1.08
1.28
3.30
4.83
5.98
7.07
8.47
10.42
13.00
16.03
19.18
22.06
24.27
25.49
25.48
24.01
21.00
16.47
10.68
4.10
-2.73
-9.34
-15.52
-21.31
-26.88
-32.31
-37.35
-41.45
-43.94
-44.32
-42.52
-38.93
-34.23
-29.15
-24.22
-19.64
-15.40
-11.42
-7.70
-4.38
-1.57
0.71
2.70
4.81
7.44
10.77
14.59
18.37
21.44
23.28
23.70
22.92
21.33
19.36
17.26
15.07
12.69
10.06
7.25
4.48
2.06
0.21
-0.99
-1.66
-2.09
-2.55
-3.24
-4.15
-5.15
-6.00
-6.47
-6.45
-5.95
-5.10
-4.08
-3.07
-2.24
-1.69
-1.46
-1.55
-1.90
-2.41
-2.94
-3.35
-3.59
-3.67
-3.69
-3.80
-4.10
-4.63
-5.31
-6.04
-6.68
-7.15
-7.40
-7.38
-7.10
-6.60
-5.97
-5.37
-4.97
-4.93
-5.29
-5.99
-6.88
-7.80
-8.63
-9.34
-9.90
-10.27
-10.37
-10.08
-9.33
-8.14
-6.61
-4.90
-3.13
-1.40
0.26
1.82
3.21
4.34
5.08
5.35
5.17
4.64
3.93
3.23
2.67
2.30
2.09
2.01
2.00
2.06
2.20
2.39
2.58
2.67
2.58
2.23
1.64
0.85
-0.07
-1.03
-1.97
-2.85
-3.62
-4.25
-4.68
-4.87
-4.75
-4.24
-3.28
-1.80
0.14
2.36
4.61
6.63
8.27
9.53
10.55
11.49
12.41
13.23
13.79
13.92
13.56
12.74
11.54
10.04
8.31
6.45
4.66
3.18
2.21
1.74
1.51
1.07
-0.01
-1.95
-4.64
-7.65
-10.43
-12.47
-13.50
-13.57
-12.96
-12.13
-11.49
-11.37
-11.85
-12.82
-14.00
-15.07
-15.76
-15.91
-15.50
-14.60
-13.34
-11.87
-10.37
-9.01
-7.90
-7.10
-6.54
-6.09
-5.63
-5.08
-4.46
-3.88
-3.45
-3.18
-3.00
-2.72
-2.17
-1.32
-0.29
0.69
1.43
1.87
2.21
2.75
3.86
5.67
8.07
10.69
13.06
14.72
15.41
15.07
13.78
11.79
9.37
6.77
4.18
1.69
-0.65
-2.83
-4.77
-6.37
-7.48
-8.03
-8.03
-7.67
-7.21
-6.91
-6.91
-7.17
-7.50
-7.67
-7.48
-6.94
-6.19
-5.50
-5.05
-4.89
-4.89
-4.80
-4.41
-3.58
-2.35
-0.85
0.71
2.10
3.02
3.20
2.44
0.77
-1.40
-3.40
-4.40
-3.77
-1.37
2.38
6.63
10.42
13.03
14.20
14.06
12.99
11.37
9.49
7.55
5.75
4.34
3.59
3.65
4.46
5.68
6.78
7.23
6.70
5.15
2.81
0.06
-2.69
-5.11
-7.06
-8.47
-9.39
-9.84
-9.86
-9.49
-8.85
-8.09
-7.39
-6.86
-6.54
-6.35
-6.20
-5.98
-5.67
-5.32
-5.02
-4.76
-4.44
-3.83
-2.67
-0.81
1.75
4.77
7.86
10.54
12.41
13.24
12.98
11.84
10.13
8.21
6.38
4.86
3.75
3.02
2.60
2.40
2.32
2.27
2.15
1.86
1.34
0.61
-0.24
-1.03
-1.61
-1.89
-1.84
-1.51
-1.00
-0.43
0.09
0.46
0.63
0.56
0.27
-0.17
-0.66
-1.08
-1.36
-1.47
-1.43
-1.27
-1.05
-0.81
-0.59
-0.42
-0.35
-0.41
-0.60
-0.87
-1.16
-1.35
-1.37
-1.17
-0.73
-0.12
0.56
1.16
1.55
1.61
1.32
0.80
0.25
-0.12
-0.17
0.10
0.56
1.05
1.46
1.74
1.91
2.04
2.18
2.34
2.54
2.73
2.87
2.92
2.80
2.48
1.99
1.41
0.89
0.53
0.38
0.38
0.40
0.32
0.05
-0.37
-0.84
-1.22
-1.37
-1.25
-0.88
-0.34
0.25
0.82
1.31
1.69
1.92
1.98
1.85
1.53
1.09
0.61
0.20
-0.04
-0.08
0.09
0.42
0.86
1.36
1.85
2.27
2.54
2.56
2.26
1.60
0.65
-0.45
-1.44
-2.08
-2.20
-1.83
-1.14
-0.40
0.16
0.40
0.33
0.04
-0.37
-0.86
-1.42
-2.00
-2.52
-2.83
-2.84
-2.51
-1.92
-1.20
-0.46
0.23
0.89
1.52
2.15
2.75
3.25
3.60
3.77
3.79
3.71
3.60
3.51
3.46
3.45
3.39
3.19
2.75
1.98
0.89
-0.43
-1.81
-3.04
-3.97
-4.54
-4.77
-4.81
-4.81
-4.93
-5.24
-5.72
-6.23
-6.59
-6.65
-6.29
-5.52
-4.41
-3.11
-1.80
-0.67
0.14
0.55
0.55
0.27
-0.14
-0.48
-0.62
-0.54
-0.30
-0.02
0.22
0.41
0.59
0.82
1.14
1.53
1.92
2.23
2.41
2.47
2.44
2.33
2.11
1.74
1.23
0.66
0.15
-0.13
-0.08
0.29
0.84
1.36
1.65
1.55
1.08
0.38
-0.31
-0.76
-0.81
-0.46
0.16
0.82
1.31
1.51
1.41
1.11
0.72
0.35
0.03
-0.23
-0.44
-0.62
-0.77
-0.90
-0.99
-1.03
-0.99
-0.87
-0.64
-0.34
0.01
0.33
0.53
0.54
0.34
-0.03
-0.44
-0.74
-0.82
-0.63
-0.22
0.27
0.70
0.91
0.84
0.51
0.01
-0.49
-0.84
-0.94
-0.81
-0.54
-0.33
-0.34
-0.65
-1.19
-1.82
-2.32
-2.56
-2.53
-2.31
-2.00
-1.71
-1.44
-1.18
-0.91
-0.62
-0.34
-0.07
0.21
0.57
1.02
1.58
2.17
2.69
3.06
3.22
3.16
2.92
2.51
2.02
1.51
1.11
0.91
0.94
1.15
1.43
1.63
1.68
1.62
1.53
1.54
1.73
2.04
2.37
2.55
2.45
2.04
1.43
0.74
0.16
-0.22
-0.35
-0.25
-0.00
0.34
0.71
1.10
1.51
2.00
2.65
3.51
4.60
5.84
7.05
8.04
8.67
8.92
8.88
8.67
8.37
8.01
7.51
6.85
6.05
5.13
4.12
2.95
1.50
-0.30
-2.39
-4.53
-6.40
-7.68
-8.25
-8.19
-7.77
-7.30
-7.03
-7.06
-7.35
-7.78
-8.25
-8.71
-9.13
-9.45
-9.55
-9.29
-8.54
-7.35
-5.99
-4.88
-4.49
-5.08
-6.58
-8.54
-10.35
-11.44
-11.56
-10.82
-9.63
-8.54
-7.97
-8.15
-9.07
-10.56
-12.35
-14.10
-15.55
-16.52
-16.95
-17.00
-16.86
-16.76
-16.79
-16.90
-17.01
-17.01
-16.84
-16.45
-15.79
-14.74
-13.23
-11.35
-9.38
-7.72
-6.74
-6.57
-6.91
-7.16
-6.66
-4.96
-2.10
1.46
5.01
7.95
9.98
11.19
11.82
12.11
12.08
11.61
10.57
8.98
7.11
5.35
4.01
3.21
2.84
2.73
2.77
3.07
3.87
5.39
7.62
10.18
12.41
13.61
13.26
11.28
8.07
4.34
0.87
-1.76
-3.31
-3.88
-3.80
-3.45
-3.15
-3.03
-3.09
-3.20
-3.21
-2.98
-2.51
-1.95
-1.62
-1.95
-3.29
-5.79
-9.27
-13.19
-16.73
-19.00
-19.34
-17.49
-13.66
-8.51
-2.85
2.57
7.25
10.96
13.66
15.44
16.35
16.40
15.55
13.78
11.25
8.29
5.48
3.47
2.85
3.87
6.37
9.73
13.08
15.55
16.57
15.99
14.15
11.70
9.39
7.83
7.36
7.99
9.49
11.46
13.52
15.32
16.53
16.78
15.80
13.47
9.96
5.74
1.47
-2.16
-4.71
-6.08
-6.50
-6.40
-6.17
-6.01
-5.89
-5.63
-5.03
-4.01
-2.63
-1.07
0.42
1.67
2.53
2.94
2.86
2.33
1.43
0.35
-0.70
-1.52
-2.03
-2.22
-2.15
-1.90
-1.48
-0.88
-0.04
1.04
2.31
3.68
5.02
6.24
7.28
8.17
8.97
9.79
10.76
11.94
13.36
14.95
16.57
18.03
19.10
19.64
19.59
18.97
17.94
16.63
15.16
13.59
11.93
10.21
8.42
6.58
4.63
2.43
-0.15
-3.21
-6.71
-10.47
-14.20
-17.60
-20.46
-22.65
-24.13
-24.84
-24.72
-23.68
-21.70
-18.88
-15.43
-11.73
-8.17
-5.08
-2.65
-0.90
0.29
1.06
1.52
1.76
1.84
1.91
2.15
2.74
3.67
4.79
5.81
6.46
6.63
6.42
6.11
6.00
6.28
6.95
7.89
8.88
9.73
10.26
10.36
9.99
9.17
7.98
6.63
5.34
4.34
3.78
3.67
3.90
4.27
4.56
4.61
4.36
3.86
3.21
2.53
1.84
1.12
0.29
-0.70
-1.84
-3.14
-4.56
-6.12
-7.82
-9.57
-11.23
-12.62
-13.56
-14.03
-14.12
-13.99
-13.75
-13.38
-12.70
-11.52
-9.76
-7.53
-5.16
-2.97
-1.09
0.69
2.88
6.02
10.38
15.77
21.62
27.29
32.46
37.25
42.12
47.45
53.20
58.76
63.19
65.66
65.85
64.01
60.73
56.52
51.56
45.65
38.46
29.84
19.99
9.47
-1.03
-10.89
-19.71
-27.33
-33.72
-38.95
-43.08
-46.19
-48.44
-49.97
-50.97
-51.63
-52.12
-52.59
-53.16
-53.85
-54.61
-55.29
-55.70
-55.74
-55.40
-54.74
-53.83
-52.63
-50.96
-48.52
-45.02
-40.29
-34.37
-27.48
-19.87
-11.82
-3.57
4.57
12.22
18.86
24.07
27.62
29.60
30.42
30.57
30.48
30.33
30.03
29.36
28.10
26.16
23.55
20.40
16.84
13.00
9.04
5.12
1.40
-1.97
-4.97
-7.68
-10.27
-12.90
-15.63
-18.36
-20.87
-22.83
-23.93
-23.95
-22.78
-20.54
-17.63
-14.73
-12.58
-11.70
-12.07
-13.05
-13.62
-12.93
-10.72
-7.45
-4.05
-1.39
0.15
0.79
1.15
1.75
2.80
4.13
5.37
6.32
7.06
7.91
9.24
11.22
13.73
16.31
18.40
19.52
19.47
18.34
16.44
14.18
11.92
9.90
8.29
7.23
6.84
7.18
8.22
9.79
11.67
13.59
15.33
16.75
17.81
18.56
19.12
19.61
20.08
20.46
20.55
20.11
19.01
17.32
15.31
13.31
11.61
10.31
9.32
8.46
7.58
6.53
5.16
3.31
0.78
-2.54
-6.62
-11.22
-16.00
-20.60
-24.77
-28.39
-31.42
-33.77
-35.31
-35.80
-35.06
-32.99
-29.64
-25.28
-20.39
-15.56
-11.37
-8.22
-6.20
-5.07
-4.40
-3.75
-2.83
-1.61
-0.18
1.29
2.76
4.21
5.63
6.87
7.66
7.72
6.89
5.31
3.30
1.37
-0.03
-0.51
0.15
2.01
4.98
8.71
12.65
16.08
18.27
18.74
17.38
14.53
10.82
6.97
3.58
1.08
-0.31
-0.55
0.28
1.94
4.07
6.26
8.10
9.36
9.97
10.06
9.83
9.45
8.96
8.35
7.58
6.68
5.74
4.91
4.30
3.98
3.90
3.99
4.15
4.29
4.37
4.39
4.37
4.35
4.40
4.54
4.73
4.87
4.75
4.20
3.09
1.49
-0.40
-2.22
-3.63
-4.34
-4.24
-3.40
-2.07
-0.56
0.83
1.93
2.64
3.02
3.22
3.39
3.68
4.19
4.88
5.67
6.39
6.87
6.97
6.67
6.04
5.23
4.38
3.69
3.31
3.36
3.93
5.03
6.53
8.20
9.74
10.89
11.46
11.44
10.85
9.74
8.10
5.86
2.97
-0.49
-4.29
-8.03
-11.29
-13.73
-15.21
-15.75
-15.51
-14.76
-13.72
-12.59
-11.50
-10.56
-9.83
-9.37
-9.20
-9.31
-9.64
-10.07
-10.41
-10.43
-9.89
-8.64
-6.66
-4.05
-1.05
2.06
5.02
7.64
9.80
11.49
12.78
13.81
14.74
15.64
16.41
16.72
16.13
14.27
11.07
6.85
2.24
-2.08
-5.57
-7.93
-9.13
-9.23
-8.34
-6.60
-4.23
-1.53
1.15
3.50
5.29
6.50
7.18
7.49
7.61
7.68
7.83
8.08
8.33
8.43
8.30
7.97
7.59
7.30
7.08
6.75
6.08
4.93
3.41
1.83
0.59
-0.11
-0.32
-0.34
-0.58
-1.35
-2.78
-4.81
-7.27
-9.96
-12.64
-15.13
-17.25
-18.92
-20.16
-21.12
-21.97
-22.77
-23.41
-23.60
-22.99
-21.44
-19.05
-16.19
-13.33
-10.79
-8.68
-6.85
-5.12
-3.41
-1.79
-0.48
0.33
0.63
0.58
0.43
0.42
0.66
1.09
1.56
1.96
2.25
2.46
2.70
3.00
3.34
3.66
3.89
4.00
4.02
3.97
3.87
3.71
3.41
2.88
2.04
0.81
-0.86
-2.96
-5.34
-7.73
-9.73
-10.95
-11.12
-10.18
-8.35
-6.03
-3.64
-1.57
0.01
1.10
1.87
2.51
3.19
3.93
4.67
5.29
5.68
5.78
5.63
5.34
5.03
4.84
4.81
4.98
5.31
5.71
6.08
6.32
6.34
6.10
5.60
4.87
3.94
2.88
1.77
0.64
-0.48
-1.67
-2.98
-4.43
-5.89
-7.16
-7.99
-8.23
-7.87
-7.08
-6.05
-4.93
-3.78
-2.54
-1.23
0.11
1.38
2.48
3.37
4.08
4.64
5.04
5.22
5.14
4.81
4.30
3.72
3.17
2.71
2.33
2.02
1.80
1.71
1.80
2.06
2.40
2.68
2.70
2.33
1.52
0.30
-1.18
-2.76
-4.29
-5.71
-7.02
-8.27
-9.49
-10.71
-11.92
-13.12
-14.27
-15.30
-16.14
-16.76
-17.23
-17.75
-18.57
-19.87
-21.57
-23.30
-24.52
-24.74
-23.87
-22.33
-20.94
-20.56
-21.74
-24.34
-27.54
-30.06
-30.56
-28.07
-22.33
-13.84
-3.75
6.55
15.81
23.24
28.60
32.07
33.93
34.35
33.32
30.80
26.96
22.32
17.71
13.98
11.73
11.18
12.11
14.03
16.27
17.94
18.07
15.81
10.87
3.90
-3.51
-9.26
-11.64
-10.06
-5.33
0.75
6.21
9.81
11.36
11.49
11.06
10.62
10.23
9.59
8.44
6.77
4.86
3.05
1.55
0.27
-1.05
-2.69
-4.69
-6.83
-8.69
-9.85
-10.13
-9.67
-8.84
-8.02
-7.40
-6.87
-6.06
-4.57
-2.14
1.27
5.44
9.97
14.37
18.17
21.00
22.69
23.27
22.96
22.08
20.92
19.64
18.27
16.70
14.80
12.51
9.87
7.00
4.03
1.10
-1.72
-4.38
-6.86
-9.11
-11.09
-12.73
-14.00
-14.95
-15.66
-16.28
-16.87
-17.40
-17.65
-17.33
-16.17
-14.06
-11.05
-7.40
-3.37
0.79
4.94
8.96
12.67
15.84
18.12
19.26
19.18
18.03
16.19
14.17
12.40
11.09
10.19
9.40
8.37
6.90
5.01
2.95
1.08
-0.31
-1.13
-1.50
-1.65
-1.86
-2.31
-3.06
-4.07
-5.20
-6.26
-7.02
-7.34
-7.26
-7.04
-7.19
-8.39
-11.12
-15.36
-20.25
-24.15
-25.07
-21.45
-12.99
-1.03
11.80
22.43
28.54
29.34
25.74
19.80
13.81
9.47
7.52
7.78
9.51
11.80
13.79
14.82
14.46
12.57
9.35
5.27
0.99
-2.82
-5.68
-7.33
-7.81
-7.32
-6.22
-4.95
-3.94
-3.62
-4.27
-5.96
-8.43
-11.14
-13.41
-14.63
-14.52
-13.18
-11.06
-8.77
-6.84
-5.60
-5.20
-5.65
-6.97
-9.11
-11.90
-14.96
-17.73
-19.74
-20.78
-21.06
-21.06
-21.25
-21.82
-22.62
-23.31
-23.69
-23.89
-24.39
-25.85
-28.85
-33.70
-40.17
-47.15
-52.64
-53.97
-48.82
-36.42
-18.49
0.90
16.60
24.33
22.39
12.19
-2.49
-16.98
-27.22
-30.70
-26.71
-16.17
-1.39
14.42
27.73
35.59
36.51
30.86
20.75
9.32
-0.09
-4.79
-3.29
4.45
16.92
31.36
44.52
53.59
57.12
55.41
50.18
43.78
38.19
34.44
32.56
31.84
31.42
30.65
29.23
27.18
24.68
21.90
18.95
15.88
12.76
9.70
6.84
4.28
2.04
0.04
-1.80
-3.55
-5.14
-6.48
-7.49
-8.15
-8.55
-8.81
-9.00
-9.10
-8.95
-8.37
-7.19
-5.36
-2.96
-0.22
2.57
5.07
7.02
8.31
8.97
9.15
9.03
8.78
8.44
7.99
7.34
6.44
5.28
3.88
2.33
0.75
-0.76
-2.04
-2.97
-3.50
-3.62
-3.41
-3.00
-2.51
-2.06
-1.73
-1.60
-1.75
-2.20
-2.96
-3.91
-4.91
-5.80
-6.50
-7.01
-7.39
-7.70
-7.95
-8.05
-7.93
-7.51
-6.79
-5.82
-4.71
-3.58
-2.53
-1.71
-1.18
-0.99
-1.08
-1.39
-1.84
-2.43
-3.20
-4.16
-5.26
-6.35
-7.23
-7.75
-7.92
-7.89
-7.85
-7.93
-8.12
-8.33
-8.48
-8.56
-8.59
-8.63
-8.62
-8.46
-8.07
-7.43
-6.65
-5.86
-5.14
-4.47
-3.74
-2.83
-1.76
-0.66
0.31
1.03
1.51
1.87
2.25
2.69
3.13
3.39
3.35
2.99
2.50
2.11
2.07
2.45
3.12
3.81
4.22
4.19
3.77
3.18
2.68
2.45
2.52
2.80
3.16
3.51
3.81
4.06
4.23
4.29
4.23
4.06
3.91
3.90
4.15
4.64
5.28
5.89
6.29
6.40
6.22
5.84
5.41
4.99
4.62
4.24
3.80
3.25
2.65
2.08
1.64
1.38
1.25
1.13
0.92
0.55
0.05
-0.50
-0.99
-1.33
-1.49
-1.50
-1.36
-1.12
-0.84
-0.53
-0.24
0.03
0.27
0.50
0.75
1.05
1.42
1.88
2.42
3.03
3.68
4.37
5.05
5.65
6.05
6.14
5.88
5.32
4.57
3.79
3.13
2.64
2.32
2.09
1.86
1.56
1.13
0.57
-0.02
-0.57
-1.01
-1.34
-1.65
-2.09
-2.74
-3.55
-4.38
-5.06
-5.47
-5.62
-5.63
-5.64
-5.73
-5.93
-6.20
-6.45
-6.63
-6.67
-6.53
-6.18
-5.65
-5.04
-4.50
-4.16
-4.06
-4.16
-4.34
-4.46
-4.45
-4.32
-4.11
-3.86
-3.57
-3.21
-2.73
-2.17
-1.59
-1.07
-0.67
-0.36
-0.07
0.26
0.69
1.17
1.64
2.05
2.34
2.52
2.56
2.45
2.17
1.74
1.23
0.75
0.39
0.23
0.24
0.33
0.40
0.38
0.23
-0.03
-0.36
-0.67
-0.87
-0.91
-0.77
-0.53
-0.34
-0.31
-0.52
-0.92
-1.35
-1.67
-1.77
-1.66
-1.41
-1.09
-0.75
-0.37
0.07
0.57
1.08
1.51
1.78
1.84
1.75
1.60
1.51
1.56
1.72
1.88
1.89
1.63
1.11
0.49
-0.01
-0.20
-0.01
0.46
1.02
1.49
1.75
1.81
1.70
1.50
1.27
1.08
1.04
1.25
1.71
2.31
2.80
2.96
2.64
1.93
1.05
0.29
-0.20
-0.41
-0.51
-0.68
-1.05
-1.59
-2.20
-2.71
-3.02
-3.12
-3.07
-2.98
-2.92
-2.94
-3.09
-3.35
-3.74
-4.22
-4.73
-5.20
-5.56
-5.74
-5.77
-5.70
-5.59
-5.44
-5.25
-4.99
-4.69
-4.40
-4.21
-4.13
-4.13
-4.10
-3.93
-3.56
-3.02
-2.39
-1.81
-1.35
-1.03
-0.80
-0.59
-0.35
-0.06
0.27
0.65
1.06
1.46
1.78
1.94
1.90
1.67
1.41
1.28
1.46
1.96
2.63
3.20
3.43
3.24
2.69
2.01
1.44
1.11
1.03
1.11
1.19
1.15
0.95
0.60
0.19
-0.16
-0.39
-0.46
-0.42
-0.36
-0.37
-0.52
-0.79
-1.10
-1.36
-1.52
-1.59
-1.63
-1.70
-1.82
-1.96
-2.07
-2.11
-2.06
-1.94
-1.79
-1.65
-1.55
-1.50
-1.49
-1.51
-1.53
-1.54
-1.53
-1.46
-1.31
-1.05
-0.64
-0.11
0.47
0.97
1.26
1.31
1.15
0.91
0.76
0.80
1.06
1.44
1.85
2.16
2.32
2.38
2.38
2.36
2.31
2.20
2.02
1.81
1.63
1.55
1.59
1.74
1.97
2.23
2.49
2.71
2.88
2.98
3.00
2.97
2.92
2.84
2.72
2.48
2.07
1.50
0.84
0.20
-0.38
-0.96
-1.65
-2.53
-3.60
-4.70
-5.60
-6.11
-6.16
-5.86
-5.46
-5.18
-5.15
-5.33
-5.56
-5.63
-5.38
-4.77
-3.88
-2.88
-1.92
-1.06
-0.27
0.49
1.23
1.82
2.09
1.90
1.28
0.44
-0.35
-0.84
-1.00
-0.92
-0.77
-0.64
-0.48
-0.22
0.19
0.70
1.17
1.50
1.66
1.72
1.77
1.87
2.03
2.19
2.28
2.29
2.21
2.05
1.79
1.44
1.03
0.66
0.44
0.45
0.68
1.05
1.42
1.67
1.75
1.62
1.31
0.87
0.39
-0.04
-0.30
-0.29
-0.01
0.51
1.12
1.67
2.05
2.24
2.30
2.34
2.46
2.69
2.95
3.11
3.07
2.79
2.35
1.87
1.45
1.10
0.76
0.33
-0.21
-0.82
-1.41
-1.88
-2.19
-2.35
-2.40
-2.43
-2.48
-2.63
-2.91
-3.31
-3.73
-4.07
-4.20
-4.10
-3.81
-3.47
-3.17
-2.99
-2.93
-2.96
-3.07
-3.26
-3.48
-3.68
-3.76
-3.70
-3.53
-3.37
-3.31
-3.36
-3.42
-3.32
-2.96
-2.35
-1.63
-1.04
-0.73
-0.73
-0.94
-1.13
-1.12
-0.79
-0.13
0.72
1.58
2.21
2.41
2.00
0.88
-0.92
-3.22
-5.72
-8.03
-9.76
-10.72
-10.91
-10.58
-10.07
-9.64
-9.34
-8.99
-8.35
-7.24
-5.67
-3.86
-2.08
-0.49
0.95
2.39
4.00
5.82
7.72
9.54
11.13
12.53
13.80
15.02
16.14
16.95
17.23
16.84
15.82
14.38
12.80
11.28
9.90
8.65
7.47
6.36
5.38
4.64
4.20
4.02
3.92
3.68
3.14
2.20
0.93
-0.62
-2.39
-4.42
-6.75
-9.41
-12.34
-15.36
-18.27
-20.91
-23.23
-25.23
-27.01
-28.64
-30.23
-31.91
-34.00
-37.00
-41.50
-47.96
-56.45
-66.43
-76.76
-85.94
-92.54
-95.60
-94.89
-90.85
-84.41
-76.62
-68.44
-60.59
-53.49
-47.22
-41.40
-35.29
-27.91
-18.33
-6.13
8.42
24.17
39.35
51.97
60.46
64.07
63.15
58.95
53.22
47.68
43.50
41.15
40.45
40.80
41.55
42.22
42.52
42.36
41.70
40.55
38.96
37.06
35.05
33.20
31.71
30.60
29.64
28.38
26.38
23.41
19.70
15.80
12.39
10.00
8.78
8.53
8.84
9.36
9.97
10.73
11.77
13.09
14.51
15.73
16.39
16.28
15.24
13.21
10.17
6.19
1.50
-3.44
-8.07
-11.81
-14.36
-15.71
-16.16
-16.14
-16.01
-15.96
-15.93
-15.79
-15.36
-14.53
-13.24
-11.47
-9.22
-6.54
-3.57
-0.51
2.34
4.73
6.45
7.44
7.70
7.35
6.54
5.42
4.15
2.88
1.74
0.83
0.26
0.05
0.28
1.01
2.30
4.17
6.55
9.23
11.85
14.02
15.39
15.77
15.24
14.04
12.60
11.39
10.85
11.35
13.03
15.74
18.97
22.01
24.13
24.86
24.16
22.36
19.99
17.51
15.13
12.86
10.65
8.48
6.47
4.81
3.62
2.94
2.63
2.54
2.53
2.53
2.57
2.69
2.93
3.27
3.61
3.79
3.66
3.14
2.26
1.18
0.09
-0.86
-1.62
-2.25
-2.85
-3.56
-4.47
-5.68
-7.24
-9.16
-11.35
-13.56
-15.43
-16.51
-16.43
-15.03
-12.43
-9.01
-5.30
-1.79
1.22
3.62
5.51
7.04
8.37
9.59
10.72
11.71
12.50
13.03
13.23
13.07
12.56
11.80
10.89
9.95
9.06
8.27
7.58
6.96
6.41
5.92
5.50
5.16
4.90
4.65
4.31
3.75
2.83
1.50
-0.19
-2.10
-4.05
-5.89
-7.55
-9.04
-10.42
-11.81
-13.29
-14.97
-16.86
-18.88
-20.77
-22.08
-22.36
-21.25
-18.64
-14.78
-10.17
-5.40
-0.95
2.91
6.10
8.68
10.69
12.14
13.06
13.47
13.52
13.36
13.11
12.84
12.50
12.00
11.30
10.42
9.45
8.49
7.62
6.84
6.11
5.36
4.50
3.44
2.16
0.64
-1.03
-2.69
-4.20
-5.44
-6.41
-7.23
-8.08
-9.15
-10.52
-12.17
-13.90
-15.39
-16.23
-16.06
-14.68
-12.16
-8.87
-5.34
-2.09
0.59
2.67
4.36
5.93
7.57
9.27
10.89
12.26
13.24
13.82
14.07
14.15
14.20
14.32
14.55
14.89
15.30
15.77
16.31
16.89
17.44
17.75
17.61
16.87
15.50
13.66
11.60
9.52
7.54
5.63
3.72
1.73
-0.30
-2.33
-4.27
-6.13
-7.92
-9.69
-11.44
-13.16
-14.81
-16.32
-17.58
-18.35
-18.38
-17.39
-15.28
-12.21
-8.58
-4.95
-1.83
0.45
1.88
2.67
3.15
3.60
4.16
4.83
5.46
5.86
5.88
5.49
4.71
3.68
2.54
1.44
0.47
-0.31
-0.84
-1.13
-1.20
-1.13
-1.05
-1.11
-1.40
-1.93
-2.63
-3.42
-4.23
-5.08
-6.02
-7.12
-8.36
-9.70
-11.06
-12.43
-13.87
-15.48
-17.36
-19.54
-21.92
-24.27
-26.22
-27.35
-27.26
-25.72
-22.76
-18.70
-14.05
-9.37
-5.13
-1.56
1.31
3.61
5.51
7.17
8.68
10.12
11.52
12.88
14.15
15.24
16.08
16.62
16.89
16.99
17.01
16.99
16.90
16.60
15.95
14.88
13.43
11.72
9.97
8.36
6.94
5.64
4.30
2.75
0.89
-1.21
-3.36
-5.36
-7.08
-8.55
-9.94
-11.39
-12.99
-14.57
-15.77
-16.18
-15.44
-13.46
-10.48
-6.98
-3.54
-0.63
1.52
2.93
3.83
4.50
5.18
6.00
6.97
8.04
9.06
9.92
10.51
10.74
10.61
10.18
9.57
8.88
8.21
7.56
6.93
6.24
5.48
4.70
3.97
3.42
3.13
3.06
3.10
3.04
2.70
1.92
0.69
-0.90
-2.71
-4.54
-6.27
-7.80
-9.13
-10.33
-11.52
-12.86
-14.44
-16.21
-17.94
-19.22
-19.59
-18.70
-16.43
-13.00
-8.87
-4.66
-0.93
1.98
3.99
5.27
6.12
6.79
7.43
8.07
8.65
9.14
9.58
10.02
10.50
10.96
11.26
11.22
10.78
10.05
9.23
8.59
8.25
8.15
8.14
8.02
7.68
7.15
6.53
5.96
5.52
5.19
4.88
4.46
3.81
2.88
1.66
0.24
-1.29
-2.85
-4.40
-5.98
-7.69
-9.62
-11.82
-14.25
-16.74
-18.97
-20.52
-20.94
-19.92
-17.44
-13.82
-9.66
-5.63
-2.31
0.03
1.40
2.04
2.20
2.14
2.01
1.91
1.90
1.99
2.10
2.16
2.07
1.84
1.56
1.35
1.30
1.33
1.31
1.05
0.48
-0.32
-1.21
-2.04
-2.77
-3.44
-4.15
-4.92
-5.67
-6.31
-6.79
-7.18
-7.60
-8.19
-8.98
-9.92
-10.96
-12.06
-13.27
-14.64
-16.14
-17.55
-18.50
-18.57
-17.49
-15.23
-12.05
-8.35
-4.58
-1.05
2.10
4.85
7.24
9.30
11.03
12.44
13.54
14.40
15.07
15.54
15.76
15.66
15.25
14.61
13.92
13.35
13.02
12.91
12.88
12.78
12.48
11.93
11.14
10.16
9.04
7.86
6.66
5.46
4.29
3.11
1.87
0.57
-0.76
-2.02
-3.13
-4.05
-4.84
-5.65
-6.63
-7.90
-9.53
-11.46
-13.51
-15.36
-16.57
-16.73
-15.57
-13.08
-9.62
-5.73
-1.96
1.26
3.80
5.71
7.18
8.40
9.46
10.41
11.22
11.87
12.33
12.54
12.47
12.09
11.44
10.59
9.65
8.74
7.93
7.28
6.79
6.44
6.17
5.86
5.43
4.77
3.86
2.75
1.52
0.29
-0.90
-2.05
-3.22
-4.47
-5.82
-7.23
-8.60
-9.83
-10.84
-11.61
-12.18
-12.60
-13.02
-13.58
-14.46
-15.80
-17.61
-19.71
-21.71
-23.06
-23.26
-21.97
-19.22
-15.37
-10.97
-6.64
-2.86
0.12
2.26
3.69
4.66
5.46
6.32
7.40
8.69
10.03
11.16
11.80
11.79
11.10
9.89
8.45
7.08
6.02
5.38
5.06
4.87
4.56
3.89
2.72
1.04
-1.05
-3.38
-5.71
-7.83
-9.57
-10.84
-11.69
-12.26
-12.73
-13.27
-13.94
-14.68
-15.40
-16.04
-16.62
-17.15
-17.56
-17.62
-16.96
-15.18
-12.07
-7.72
-2.51
2.93
8.05
12.42
15.89
18.53
20.50
21.98
23.15
24.11
25.00
25.94
27.06
28.39
29.82
31.06
31.73
31.41
29.90
27.24
23.74
19.84
16.00
12.53
9.59
7.21
5.33
3.84
2.59
1.38
0.02
-1.58
-3.43
-5.41
-7.41
-9.31
-11.11
-12.83
-14.47
-16.04
-17.50
-18.88
-20.30
-21.89
-23.71
-25.61
-27.24
-28.11
-27.79
-26.08
-23.08
-19.19
-14.94
-10.84
-7.25
-4.29
-1.91
0.08
1.88
3.61
5.33
7.03
8.63
10.05
11.24
12.15
12.78
13.16
13.33
13.39
13.40
13.39
13.38
13.33
13.21
12.97
12.61
12.08
11.36
10.41
9.26
7.94
6.55
5.20
3.93
2.78
1.69
0.60
-0.59
-2.01
-3.74
-5.81
-8.09
-10.39
-12.46
-14.15
-15.48
-16.67
-17.99
-19.70
-21.80
-24.08
-26.10
-27.37
-27.49
-26.25
-23.69
-20.06
-15.80
-11.39
-7.29
-3.87
-1.33
0.30
1.21
1.70
2.10
2.66
3.43
4.29
4.99
5.29
5.08
4.42
3.55
2.69
2.06
1.72
1.65
1.75
1.89
2.01
2.12
2.25
2.43
2.64
2.81
2.83
2.60
2.10
1.38
0.58
-0.18
-0.83
-1.45
-2.18
-3.17
-4.51
-6.16
-7.95
-9.66
-11.05
-11.92
-12.11
-11.56
-10.24
-8.19
-5.49
-2.26
1.39
5.30
9.31
13.19
16.69
19.55
21.56
22.64
22.80
22.16
20.92
19.28
17.44
15.55
13.73
12.06
10.59
9.37
8.39
7.62
6.95
6.23
5.36
4.29
3.08
1.92
1.00
0.43
0.22
0.21
0.15
-0.18
-0.91
-2.04
-3.39
-4.69
-5.71
-6.34
-6.68
-6.94
-7.40
-8.25
-9.51
-11.06
-12.65
-13.97
-14.68
-14.45
-13.07
-10.49
-6.96
-2.95
0.94
4.19
6.51
7.94
8.78
9.38
10.02
10.80
11.62
12.36
12.85
13.03
12.89
12.47
11.81
10.94
9.93
8.84
7.80
6.92
6.30
5.93
5.71
5.49
5.12
4.51
3.64
2.57
1.40
0.23
-0.89
-1.90
-2.81
-3.65
-4.45
-5.26
-6.10
-7.00
-7.93
-8.86
-9.76
-10.63
-11.44
-12.22
-13.01
-13.88
-14.91
-16.12
-17.41
-18.50
-19.01
-18.55
-16.91
-14.16
-10.66
-6.99
-3.69
-1.13
0.62
1.78
2.67
3.61
4.80
6.24
7.79
9.24
10.33
10.87
10.76
10.08
9.01
7.82
6.75
5.95
5.41
5.04
4.72
4.42
4.13
3.88
3.67
3.40
2.95
2.26
1.36
0.37
-0.61
-1.53
-2.40
-3.29
-4.23
-5.20
-6.14
-6.98
-7.78
-8.61
-9.63
-10.90
-12.33
-13.70
-14.66
-14.84
-13.98
-12.03
-9.15
-5.69
-2.06
1.37
4.31
6.60
8.22
9.22
9.79
10.13
10.48
10.96
11.56
12.14
12.53
12.54
12.13
11.35
10.37
9.31
8.34
7.57
7.12
7.01
7.21
7.54
7.77
7.63
6.96
5.72
4.05
2.16
0.26
-1.48
-3.00
-4.33
-5.56
-6.74
-7.92
-9.06
-10.12
-11.08
-11.95
-12.77
-13.58
-14.42
-15.32
-16.35
-17.56
-18.92
-20.24
-21.16
-21.22
-20.08
-17.66
-14.25
-10.40
-6.70
-3.59
-1.21
0.57
2.04
3.46
4.95
6.47
7.83
8.84
9.41
9.54
9.36
9.03
8.67
8.33
7.97
7.56
7.10
6.63
6.24
5.98
5.83
5.71
5.54
5.20
4.65
3.90
3.01
2.09
1.25
0.54
-0.01
-0.47
-0.92
-1.44
-2.06
-2.75
-3.43
-4.03
-4.54
-4.99
-5.42
-5.94
-6.60
-7.47
-8.62
-10.07
-11.79
-13.57
-15.09
-15.90
-15.58
-13.89
-10.94
-7.12
-3.02
0.76
3.82
6.04
7.54
8.57
9.40
10.16
10.90
11.56
12.05
12.28
12.24
11.95
11.49
10.97
10.49
10.15
10.00
10.02
10.15
10.25
10.22
9.97
9.45
8.69
7.72
6.56
5.22
3.69
1.99
0.20
-1.61
-3.39
-5.14
-6.89
-8.63
-10.26
-11.64
-12.65
-13.31
-13.79
-14.35
-15.15
-16.13
-16.92
-17.00
-15.94
-13.60
-10.28
-6.56
-3.06
-0.22
1.86
3.38
4.63
5.90
7.33
8.88
10.45
11.90
13.09
13.88
14.17
13.84
12.93
11.57
10.02
8.57
7.44
6.72
6.38
6.30
6.35
6.39
6.33
6.04
5.43
4.48
3.22
1.78
0.33
-0.98
-2.08
-3.04
-4.00
-5.05
-6.23
-7.49
-8.71
-9.79
-10.70
-11.51
-12.35
-13.37
-14.65
-16.21
-17.98
-19.74
-21.18
-21.86
-21.40
-19.53
-16.27
-11.89
-6.89
-1.82
2.85
6.84
10.03
12.43
14.14
15.24
15.86
16.05
15.89
15.40
14.62
13.61
12.47
11.33
10.31
9.49
8.88
8.48
8.25
8.18
8.20
8.20
8.04
7.56
6.75
5.69
4.55
3.53
2.73
2.11
1.57
0.94
0.12
-0.92
-2.13
-3.40
-4.59
-5.59
-6.33
-6.84
-7.20
-7.58
-8.13
-8.97
-10.07
-11.27
-12.25
-12.61
-12.03
-10.36
-7.70
-4.38
-0.90
2.29
4.87
6.74
8.02
8.96
9.81
10.75
11.80
12.84
13.67
14.06
13.88
13.14
12.01
10.75
9.65
8.93
8.70
8.97
9.62
10.45
11.28
11.95
12.39
12.56
12.47
12.04
11.20
9.88
8.13
6.10
4.04
2.18
0.63
-0.68
-1.91
-3.26
-4.85
-6.70
-8.75
-10.97
-13.33
-15.84
-18.38
-20.69
-22.39
-23.06
-22.39
-20.39
-17.36
-13.86
-10.55
-7.92
-6.19
-5.23
-4.66
-4.09
-3.22
-2.01
-0.63
0.62
1.49
1.82
1.56
0.75
-0.54
-2.22
-4.14
-6.09
-7.79
-8.96
-9.42
-9.21
-8.62
-8.10
-8.17
-9.17
-11.18
-13.92
-16.90
-19.53
-21.33
-22.05
-21.72
-20.58
-18.98
-17.28
-15.68
-14.24
-12.88
-11.47
-9.92
-8.32
-6.83
-5.69
-5.06
-4.97
-5.29
-5.76
-6.07
-5.90
-4.99
-3.20
-0.55
2.75
6.36
9.91
13.09
15.77
17.97
19.79
21.33
22.65
23.74
24.55
25.04
25.15
24.83
24.06
22.85
21.28
19.51
17.71
16.09
14.79
13.89
13.39
13.14
12.94
12.57
11.86
10.78
9.45
8.05
6.77
5.68
4.77
3.93
3.05
2.03
0.81
-0.63
-2.24
-3.90
-5.44
-6.70
-7.62
-8.31
-9.00
-9.99
-11.44
-13.36
-15.51
-17.49
-18.83
-19.13
-18.18
-16.00
-12.91
-9.39
-6.01
-3.20
-1.18
0.13
0.98
1.72
2.59
3.67
4.91
6.15
7.18
7.82
7.96
7.55
6.66
5.50
4.33
3.40
2.87
2.75
2.91
3.13
3.25
3.19
2.96
2.61
2.19
1.71
1.16
0.56
-0.08
-0.76
-1.48
-2.32
-3.31
-4.44
-5.61
-6.71
-7.65
-8.44
-9.25
-10.28
-11.63
-13.24
-14.74
-15.61
-15.31
-13.53
-10.33
-6.15
-1.64
2.55
5.99
8.50
10.16
11.17
11.78
12.22
12.66
13.21
13.84
14.42
14.69
14.46
13.64
12.35
10.85
9.44
8.31
7.49
6.89
6.39
5.89
5.31
4.65
3.89
3.03
2.05
0.99
-0.10
-1.14
-2.03
-2.69
-3.13
-3.44
-3.78
-4.33
-5.18
-6.28
-7.42
-8.39
-9.02
-9.34
-9.58
-10.00
-10.83
-12.10
-13.63
-15.10
-16.11
-16.30
-15.44
-13.49
-10.64
-7.22
-3.69
-0.44
2.23
4.23
5.59
6.49
7.13
7.72
8.40
9.21
10.06
10.77
11.16
11.12
10.66
9.93
9.10
8.32
7.66
7.17
6.87
6.78
6.85
6.95
6.92
6.57
5.84
4.78
3.54
2.30
1.17
0.16
-0.77
-1.73
-2.78
-3.94
-5.16
-6.37
-7.44
-8.32
-8.97
-9.44
-9.84
-10.34
-11.08
-12.17
-13.63
-15.32
-17.01
-18.33
-18.88
-18.33
-16.59
-13.83
-10.46
-7.03
-4.03
-1.73
-0.13
1.00
2.03
3.25
4.81
6.68
8.69
10.63
12.37
13.80
14.90
15.61
15.88
15.74
15.28
14.70
14.23
14.01
14.03
14.13
14.06
13.64
12.82
11.65
10.28
8.81
7.32
5.84
4.42
3.12
1.97
1.00
0.10
-0.85
-1.99
-3.37
-5.00
-6.78
-8.60
-10.39
-12.05
-13.45
-14.35
-14.49
-13.64
-11.75
-9.04
-5.94
-2.94
-0.46
1.32
2.44
3.10
3.55
3.97
4.47
5.05
5.67
6.23
6.62
6.71
6.38
5.60
4.38
2.83
1.10
-0.61
-2.05
-3.02
-3.38
-3.18
-2.61
-2.04
-1.86
-2.38
-3.72
-5.77
-8.26
-10.85
-13.24
-15.23
-16.73
-17.77
-18.41
-18.72
-18.72
-18.45
-17.91
-17.12
-16.11
-14.95
-13.70
-12.45
-11.29
-10.32
-9.61
-9.09
-8.57
-7.70
-6.10
-3.44
0.35
5.11
10.40
15.71
20.49
24.37
27.13
28.77
29.39
29.17
28.24
26.72
24.64
22.06
19.08
15.85
12.59
9.47
6.54
3.77
1.01
-1.81
-4.59
-7.00
-8.62
-9.05
-8.09
-5.88
-2.79
0.66
4.00
6.92
9.29
11.09
12.35
13.09
13.33
13.04
12.19
10.71
8.53
5.61
2.08
-1.81
-5.64
-9.00
-11.62
-13.46
-14.72
-15.72
-16.73
-17.86
-19.03
-19.99
-20.47
-20.26
-19.27
-17.51
-15.10
-12.25
-9.20
-6.27
-3.75
-1.83
-0.54
0.27
0.88
1.53
2.36
3.32
4.25
4.97
5.36
5.39
5.13
4.64
4.03
3.37
2.78
2.33
2.03
1.80
1.53
1.18
0.83
0.69
0.98
1.80
3.02
4.34
5.33
5.72
5.44
4.68
3.72
2.87
2.22
1.73
1.20
0.44
-0.66
-2.08
-3.69
-5.33
-6.77
-7.82
-8.26
-7.88
-6.59
-4.41
-1.62
1.33
3.91
5.69
6.48
6.44
5.91
5.31
4.97
5.04
5.42
5.95
6.40
6.59
6.46
6.01
5.31
4.48
3.68
3.06
2.74
2.73
2.97
3.31
3.60
3.68
3.51
3.06
2.38
1.55
0.69
-0.06
-0.62
-0.98
-1.20
-1.40
-1.67
-2.09
-2.66
-3.38
-4.22
-5.20
-6.29
-7.42
-8.48
-9.35
-10.03
-10.63
-11.39
-12.54
-14.10
-15.81
-17.19
-17.70
-16.95
-14.90
-11.89
-8.49
-5.31
-2.75
-0.97
0.18
0.99
1.76
2.71
3.90
5.24
6.52
7.47
7.87
7.65
6.90
5.88
4.89
4.18
3.89
4.03
4.51
5.21
6.05
6.94
7.80
8.48
8.85
8.74
8.13
7.12
5.90
4.73
3.80
3.18
2.80
2.55
2.38
2.28
2.33
2.61
3.14
3.81
4.46
4.88
4.94
4.58
3.82
2.65
1.08
-0.90
-3.17
-5.50
-7.50
-8.75
-8.98
-8.19
-6.68
-4.93
-3.39
-2.33
-1.75
-1.46
-1.17
-0.62
0.33
1.69
3.30
4.88
6.10
6.66
6.40
5.40
3.92
2.33
0.97
-0.05
-0.74
-1.25
-1.68
-2.05
-2.31
-2.48
-2.66
-3.08
-3.90
-5.20
-6.80
-8.46
-9.91
-11.06
-12.00
-12.95
-14.06
-15.40
-16.87
-18.32
-19.58
-20.55
-21.20
-21.58
-21.79
-21.98
-22.26
-22.62
-22.88
-22.68
-21.56
-19.17
-15.44
-10.56
-5.00
0.68
6.05
10.83
14.93
18.40
21.28
23.61
25.36
26.54
27.18
27.32
26.98
26.13
24.69
22.62
20.03
17.16
14.40
12.07
10.34
9.15
8.30
7.55
6.76
5.86
4.81
3.56
2.03
0.20
-1.84
-3.86
-5.57
-6.73
-7.30
-7.46
-7.54
-7.86
-8.54
-9.52
-10.53
-11.29
-11.61
-11.54
-11.30
-11.20
-11.54
-12.49
-14.05
-16.05
-18.17
-20.01
-21.10
-21.02
-19.53
-16.67
-12.80
-8.51
-4.41
-0.94
1.76
3.82
5.56
7.28
9.18
11.29
13.51
15.69
17.66
19.33
20.67
21.68
22.39
22.83
23.03
22.99
22.74
22.30
21.70
20.98
20.11
19.06
17.82
16.44
15.05
13.88
13.12
12.94
13.33
14.12
15.01
15.62
15.58
14.67
12.84
10.26
7.20
4.00
0.88
-2.10
-5.02
-7.98
-11.06
-14.28
-17.55
-20.78
-23.84
-26.57
-28.67
-29.80
-29.64
-28.03
-25.17
-21.52
-17.69
-14.19
-11.24
-8.79
-6.62
-4.55
-2.53
-0.66
0.90
2.12
3.07
3.94
4.87
5.87
6.78
7.34
7.32
6.65
5.37
3.68
1.85
0.18
-1.06
-1.60
-1.25
0.02
2.08
4.58
7.06
9.10
10.43
11.01
11.00
10.62
10.06
9.38
8.58
7.59
6.45
5.23
4.10
3.13
2.34
1.60
0.73
-0.45
-2.04
-4.03
-6.31
-8.65
-10.79
-12.40
-13.17
-12.90
-11.57
-9.42
-6.85
-4.32
-2.22
-0.69
0.32
1.03
1.69
2.49
3.49
4.58
5.59
6.33
6.68
6.63
6.26
5.67
4.99
4.32
3.73
3.32
3.12
3.13
3.18
3.04
2.46
1.36
-0.16
-1.83
-3.33
-4.46
-5.24
-5.88
-6.67
-7.84
-9.49
-11.50
-13.61
-15.44
-16.65
-16.97
-16.29
-14.73
-12.52
-10.04
-7.68
-5.71
-4.28
-3.32
-2.64
-1.94
-0.95
0.47
2.28
4.28
6.15
7.64
8.60
9.04
9.11
8.98
8.81
8.74
8.89
9.37
10.26
11.53
13.02
14.46
15.52
15.95
15.66
14.72
13.34
11.78
10.27
8.95
7.87
6.97
6.12
5.20
4.10
2.81
1.41
0.08
-0.99
-1.64
-1.80
-1.51
-0.92
-0.21
0.45
0.95
1.29
1.53
1.71
1.89
2.07
2.21
2.28
2.25
2.10
1.83
1.45
1.01
0.59
0.23
-0.12
-0.68
-1.79
-3.76
-6.77
-10.63
-14.82
-18.62
-21.34
-22.55
-22.21
-20.61
-18.26
-15.66
-13.20
-11.06
-9.31
-7.91
-6.78
-5.77
-4.70
-3.35
-1.61
0.49
2.69
4.65
6.02
6.63
6.58
6.15
5.70
5.50
5.58
5.83
6.03
6.01
5.70
5.14
4.38
3.46
2.43
1.34
0.29
-0.64
-1.40
-2.05
-2.71
-3.51
-4.51
-5.67
-6.88
-7.96
-8.80
-9.34
-9.57
-9.57
-9.42
-9.21
-9.01
-8.92
-9.01
-9.40
-10.10
-11.05
-11.97
-12.46
-12.10
-10.62
-8.07
-4.80
-1.34
1.80
4.30
6.14
7.52
8.71
9.89
11.12
12.29
13.27
13.93
14.26
14.32
14.23
14.10
13.97
13.85
13.75
13.70
13.75
13.97
14.39
14.93
15.38
15.49
15.04
13.93
12.21
10.11
7.87
5.74
3.87
2.29
0.94
-0.31
-1.63
-3.14
-4.94
-7.04
-9.37
-11.81
-14.14
-16.11
-17.46
-17.92
-17.35
-15.78
-13.41
-10.65
-7.92
-5.57
-3.71
-2.28
-1.05
0.17
1.46
2.77
3.95
4.88
5.44
5.60
5.36
4.75
3.87
2.84
1.82
0.95
0.33
-0.04
-0.18
-0.16
-0.03
0.16
0.37
0.52
0.56
0.44
0.24
0.08
0.11
0.37
0.74
0.99
0.83
0.15
-0.92
-2.01
-2.66
-2.65
-2.07
-1.40
-1.24
-2.02
-3.82
-6.33
-9.01
-11.44
-13.44
-15.10
-16.73
-18.56
-20.71
-23.08
-25.45
-27.54
-29.04
-29.67
-29.19
-27.48
-24.62
-20.91
-16.84
-12.92
-9.56
-6.92
-4.91
-3.27
-1.69
0.06
2.07
4.31
6.69
9.10
11.41
13.57
15.47
17.05
18.24
19.02
19.42
19.60
19.73
19.96
20.35
20.80
21.08
20.92
20.16
18.77
16.91
14.85
12.89
11.22
9.87
8.75
7.68
6.49
5.08
3.44
1.60
-0.33
-2.24
-3.98
-5.43
-6.51
-7.22
-7.66
-8.06
-8.67
-9.67
-11.01
-12.43
-13.45
-13.58
-12.51
-10.23
-7.07
-3.58
-0.32
2.30
4.14
5.31
6.07
6.69
7.34
8.04
8.73
9.28
9.66
9.88
9.98
9.98
9.79
9.31
8.48
7.39
6.28
5.47
5.15
5.28
5.56
5.57
5.03
3.87
2.36
0.87
-0.27
-0.96
-1.34
-1.63
-2.03
-2.54
-2.99
-3.16
-2.92
-2.32
-1.57
-0.97
-0.74
-1.01
-1.81
-3.04
-4.50
-5.93
-6.97
-7.25
-6.52
-4.81
-2.54
-0.49
0.44
-0.37
-2.95
-6.64
-10.28
-12.70
-13.14
-11.48
-8.19
-4.03
0.29
4.31
7.86
10.92
13.49
15.49
16.88
17.62
17.81
17.63
17.26
16.88
16.53
16.14
15.53
14.48
12.85
10.67
8.14
5.64
3.49
1.88
0.72
-0.28
-1.50
-3.23
-5.51
-8.13
-10.66
-12.67
-13.88
-14.25
-13.96
-13.33
-12.65
-12.10
-11.73
-11.48
-11.36
-11.45
-11.97
-13.18
-15.15
-17.70
-20.37
-22.66
-24.19
-24.85
-24.68
-23.70
-21.77
-18.64
-14.15
-8.48
-2.23
3.76
8.74
12.35
14.66
16.00
16.73
17.05
16.98
16.54
15.85
15.10
14.46
13.99
13.61
13.13
12.42
11.41
10.15
8.78
7.40
6.12
4.96
3.90
2.90
1.91
0.90
-0.09
-1.06
-1.97
-2.84
-3.68
-4.56
-5.50
-6.52
-7.58
-8.61
-9.56
-10.44
-11.29
-12.18
-13.12
-13.97
-14.47
-14.27
-13.12
-10.94
-7.93
-4.44
-0.85
2.52
5.52
8.09
10.25
12.03
13.50
14.73
15.83
16.88
17.86
18.61
18.91
18.55
17.48
15.86
14.03
12.34
11.02
10.13
9.49
8.85
7.98
6.77
5.23
3.47
1.60
-0.31
-2.21
-4.09
-5.91
-7.59
-9.06
-10.25
-11.11
-11.62
-11.79
-11.62
-11.18
-10.55
-9.88
-9.37
-9.25
-9.75
-10.94
-12.73
-14.81
-16.67
-17.77
-17.65
-16.11
-13.25
-9.48
-5.35
-1.46
1.79
4.21
5.88
7.05
8.04
9.05
10.14
11.25
12.26
13.09
13.73
14.24
14.65
14.95
15.10
15.03
14.74
14.28
13.73
13.13
12.46
11.64
10.54
9.11
7.40
5.57
3.82
2.31
1.11
0.15
-0.67
-1.47
-2.29
-3.09
-3.80
-4.37
-4.82
-5.26
-5.83
-6.66
-7.82
-9.38
-11.36
-13.77
-16.56
-19.60
-22.62
-25.25
-27.03
-27.57
-26.61
-24.21
-20.72
-16.75
-12.95
-9.84
-7.60
-6.05
-4.79
-3.38
-1.55
0.71
3.20
5.64
7.82
9.64
11.13
12.31
13.20
13.75
13.93
13.79
13.46
13.10
12.81
12.61
12.42
12.13
11.64
10.95
10.09
9.10
8.03
6.90
5.74
4.63
3.68
2.95
2.44
2.03
1.58
0.97
0.12
-0.96
-2.19
-3.47
-4.73
-5.92
-7.06
-8.16
-9.30
-10.55
-11.95
-13.49
-15.02
-16.27
-16.86
-16.48
-14.95
-12.35
-9.00
-5.39
-2.02
0.79
2.94
4.58
5.98
7.37
8.81
10.22
11.41
12.22
12.65
12.79
12.82
12.79
12.66
12.29
11.55
10.46
9.19
8.00
7.11
6.60
6.33
6.05
5.49
4.51
3.13
1.50
-0.17
-1.72
-3.05
-4.21
-5.30
-6.42
-7.63
-8.94
-10.28
-11.54
-12.64
-13.54
-14.25
-14.85
-15.43
-16.11
-16.94
-17.89
-18.82
-19.43
-19.36
-18.20
-15.75
-12.04
-7.44
-2.52
2.08
5.91
8.81
10.90
12.46
13.77
14.98
16.05
16.88
17.35
17.38
16.98
16.19
15.13
13.89
12.61
11.41
10.42
9.70
9.24
8.94
8.68
8.34
7.83
7.14
6.33
5.42
4.44
3.39
2.24
1.02
-0.24
-1.43
-2.50
-3.39
-4.14
-4.79
-5.41
-6.04
-6.71
-7.44
-8.28
-9.27
-10.48
-11.94
-13.62
-15.46
-17.31
-18.95
-20.07
-20.32
-19.46
-17.38
-14.29
-10.61
-6.92
-3.71
-1.23
0.58
2.01
3.46
5.26
7.52
10.11
12.74
14.99
16.53
17.14
16.82
15.73
14.14
12.35
10.59
9.03
7.78
6.95
6.56
6.57
6.80
6.96
6.72
5.85
4.32
2.26
-0.05
-2.36
-4.49
-6.33
-7.82
-8.89
-9.53
-9.74
-9.63
-9.37
-9.15
-9.10
-9.24
-9.52
-9.85
-10.14
-10.34
-10.47
-10.64
-10.98
-11.70
-12.86
-14.37
-15.88
-16.86
-16.78
-15.33
-12.51
-8.73
-4.56
-0.61
2.69
5.14
6.79
7.83
8.50
9.05
9.68
10.48
11.44
12.43
13.22
13.61
13.47
12.84
11.87
10.77
9.71
8.78
7.98
7.29
6.74
6.35
6.17
6.17
6.21
6.13
5.85
5.41
4.99
4.78
4.83
5.03
5.13
4.85
4.06
2.79
1.19
-0.54
-2.24
-3.83
-5.24
-6.43
-7.40
-8.26
-9.19
-10.45
-12.22
-14.56
-17.27
-19.91
-21.88
-22.59
-21.64
-18.96
-14.90
-10.07
-5.19
-0.82
2.75
5.53
7.66
9.34
10.66
11.65
12.31
12.63
12.68
12.50
12.13
11.60
10.93
10.17
9.42
8.78
8.34
8.14
8.15
8.28
8.32
8.07
7.32
5.95
3.99
1.63
-0.83
-3.07
-4.80
-5.91
-6.45
-6.63
-6.78
-7.26
-8.32
-10.00
-12.07
-14.05
-15.32
-15.35
-13.88
-11.05
-7.34
-3.41
0.16
3.02
5.12
6.64
7.81
8.82
9.77
10.70
11.65
12.62
13.57
14.39
14.90
14.97
14.50
13.57
12.34
11.05
9.92
9.07
8.51
8.17
7.94
7.71
7.43
7.08
6.65
6.12
5.47
4.70
3.84
2.98
2.25
1.73
1.42
1.26
1.16
1.00
0.73
0.27
-0.38
-1.22
-2.15
-3.05
-3.73
-4.06
-4.07
-3.92
-3.88
-4.23
-5.12
-6.51
-8.21
-9.92
-11.40
-12.56
-13.48
-14.39
-15.57
-17.23
-19.38
-21.79
-24.03
-25.51
-25.70
-24.28
-21.23
-16.86
-11.78
-6.66
-2.09
1.53
4.11
5.77
6.83
7.61
8.38
9.23
10.13
10.92
11.37
11.36
10.85
9.98
9.00
8.16
7.61
7.33
7.21
7.05
6.69
6.07
5.23
4.25
3.21
2.12
0.96
-0.30
-1.67
-3.09
-4.45
-5.67
-6.74
-7.77
-8.92
-10.39
-12.25
-14.45
-16.82
-19.11
-21.12
-22.74
-23.95
-24.78
-25.28
-25.52
-25.54
-25.40
-25.17
-24.82
-24.18
-22.92
-20.69
-17.25
-12.64
-7.26
-1.76
3.16
7.04
9.75
11.49
12.65
13.66
14.73
15.95
17.24
18.47
19.48
20.18
20.47
20.29
19.67
18.69
17.52
16.37
15.42
14.81
14.52
14.43
14.29
13.85
12.97
11.66
10.11
8.54
7.14
5.99
4.98
3.94
2.70
1.16
-0.64
-2.57
-4.46
-6.15
-7.53
-8.59
-9.42
-10.20
-11.16
-12.46
-14.13
-15.99
-17.65
-18.59
-18.35
-16.62
-13.42
-9.10
-4.26
0.41
4.31
7.10
8.79
9.64
10.10
10.56
11.31
12.34
13.50
14.51
15.18
15.41
15.28
14.93
14.49
14.04
13.60
13.18
12.80
12.51
12.33
12.26
12.24
12.19
12.04
11.76
11.36
10.90
10.41
9.87
9.18
8.26
7.04
5.56
3.92
2.27
0.73
-0.66
-1.92
-3.10
-4.23
-5.29
-6.21
-6.96
-7.57
-8.16
-8.82
-9.59
-10.34
-10.89
-11.01
-10.61
-9.70
-8.43
-6.99
-5.57
-4.32
-3.32
-2.60
-2.15
-1.88
-1.68
-1.40
-0.95
-0.32
0.42
1.12
1.66
1.99
2.11
2.06
1.87
1.52
0.95
0.10
-1.04
-2.38
-3.76
-5.01
-6.06
-6.95
-7.84
-8.88
-10.15
-11.58
-12.96
-14.12
-14.93
-15.39
-15.59
-15.60
-15.47
-15.10
-14.41
-13.34
-11.96
-10.45
-9.09
-8.12
-7.72
-7.95
-8.78
-10.14
-11.90
-13.83
-15.56
-16.59
-16.37
-14.52
-11.03
-6.34
-1.24
3.36
6.82
8.84
9.57
9.40
8.83
8.27
8.07
8.53
9.85
12.07
15.01
18.24
21.22
23.47
24.76
25.19
25.05
24.65
24.18
23.65
22.92
21.88
20.47
18.70
16.63
14.31
11.81
9.21
6.67
4.38
2.53
1.26
0.57
0.42
0.67
1.26
2.13
3.24
4.51
5.82
7.01
7.90
8.37
8.30
7.60
6.23
4.21
1.74
-0.83
-3.00
-4.27
-4.37
-3.36
-1.71
-0.14
0.71
0.48
-0.72
-2.45
-4.11
-5.23
-5.71
-5.69
-5.48
-5.32
-5.29
-5.34
-5.39
-5.47
-5.70
-6.17
-6.81
-7.40
-7.60
-7.17
-6.11
-4.70
-3.33
-2.38
-2.02
-2.17
-2.60
-3.05
-3.41
-3.72
-4.10
-4.70
-5.56
-6.65
-7.83
-8.99
-10.09
-11.18
-12.34
-13.71
-15.37
-17.35
-19.58
-21.89
-23.97
-25.40
-25.79
-24.86
-22.59
-19.26
-15.34
-11.34
-7.66
-4.48
-1.78
0.53
2.57
4.43
6.18
7.91
9.69
11.51
13.28
14.79
15.76
16.05
15.66
14.74
13.60
12.53
11.77
11.42
11.52
11.99
12.68
13.38
13.87
13.98
13.61
12.81
11.71
10.53
9.45
8.53
7.72
6.89
5.88
4.62
3.11
1.48
-0.13
-1.56
-2.73
-3.66
-4.48
-5.34
-6.40
-7.77
-9.45
-11.35
-13.23
-14.79
-15.72
-15.75
-14.75
-12.77
-10.00
-6.79
-3.45
-0.26
2.66
5.32
7.77
10.07
12.18
13.97
15.34
16.24
16.73
16.89
16.77
16.31
15.43
14.10
12.43
10.69
9.19
8.12
7.43
6.88
6.19
5.18
3.90
2.56
1.38
0.48
-0.22
-0.94
-1.92
-3.32
-5.13
-7.21
-9.33
-11.25
-12.75
-13.71
-14.16
-14.24
-14.21
-14.36
-14.90
-15.82
-16.90
-17.72
-17.83
-16.95
-15.02
-12.22
-8.95
-5.64
-2.64
-0.18
1.67
2.98
3.91
4.62
5.25
5.85
6.40
6.82
7.03
6.97
6.63
5.97
5.00
3.75
2.30
0.84
-0.40
-1.22
-1.51
-1.32
-0.83
-0.26
0.18
0.36
0.20
-0.32
-1.15
-2.16
-3.21
-4.13
-4.86
-5.45
-6.05
-6.76
-7.58
-8.42
-9.14
-9.68
-10.14
-10.66
-11.37
-12.22
-12.94
-13.16
-12.54
-10.97
-8.55
-5.60
-2.52
0.32
2.64
4.35
5.48
6.20
6.75
7.32
8.05
8.98
10.01
11.00
11.80
12.29
12.40
12.12
11.49
10.59
9.50
8.32
7.10
5.88
4.64
3.35
1.98
0.53
-0.92
-2.24
-3.29
-3.96
-4.23
-4.22
-4.11
-4.10
-4.34
-4.85
-5.58
-6.40
-7.21
-7.95
-8.59
-9.14
-9.66
-10.17
-10.65
-10.97
-10.92
-10.25
-8.77
-6.44
-3.45
-0.16
2.97
5.55
7.35
8.36
8.77
8.87
8.96
9.24
9.81
10.64
11.59
12.48
13.09
13.24
12.88
12.00
10.75
9.31
7.91
6.72
5.88
5.45
5.41
5.66
6.03
6.30
6.26
5.79
4.91
3.81
2.76
2.00
1.63
1.53
1.42
1.04
0.24
-0.89
-2.10
-3.13
-3.87
-4.42
-5.02
-5.92
-7.23
-8.87
-10.70
-12.59
-14.47
-16.25
-17.75
-18.67
-18.64
-17.44
-15.10
-11.99
-8.62
-5.49
-2.87
-0.78
0.95
2.55
4.18
5.90
7.69
9.41
10.90
12.02
12.68
12.88
12.73
12.36
11.84
11.21
10.47
9.62
8.76
8.00
7.47
7.22
7.16
7.08
6.79
6.18
5.29
4.27
3.28
2.40
1.59
0.71
-0.37
-1.66
-3.02
-4.24
-5.11
-5.61
-5.89
-6.25
-6.96
-8.20
-9.91
-11.90
-13.90
-15.65
-16.95
-17.69
-17.75
-17.04
-15.49
-13.07
-9.88
-6.16
-2.29
1.34
4.39
6.67
8.23
9.25
10.00
10.66
11.30
11.85
12.17
12.15
11.72
10.90
9.70
8.16
6.35
4.36
2.40
0.69
-0.58
-1.32
-1.58
-1.55
-1.48
-1.57
-1.88
-2.34
-2.80
-3.10
-3.16
-3.08
-3.04
-3.23
-3.75
-4.53
-5.42
-6.21
-6.77
-7.10
-7.32
-7.58
-8.05
-8.81
-9.80
-10.84
-11.59
-11.69
-10.86
-9.01
-6.31
-3.16
-0.02
2.70
4.81
6.29
7.24
7.82
8.18
8.48
8.89
9.57
10.57
11.82
13.06
13.96
14.18
13.55
12.15
10.25
8.29
6.66
5.62
5.15
5.07
5.06
4.89
4.44
3.75
2.95
2.14
1.32
0.42
-0.66
-1.94
-3.32
-4.60
-5.55
-6.04
-6.15
-6.15
-6.43
-7.31
-8.95
-11.24
-13.87
-16.44
-18.59
-20.04
-20.54
-19.92
-18.11
-15.17
-11.44
-7.46
-3.86
-1.08
0.73
1.76
2.45
3.28
4.59
6.45
8.74
11.13
13.20
14.55
14.95
14.38
13.13
11.62
10.25
9.26
8.64
8.18
7.67
7.03
6.34
5.72
5.31
5.11
5.07
5.11
5.20
5.36
5.57
5.72
5.62
5.06
3.95
2.36
0.46
-1.55
-3.53
-5.48
-7.41
-9.29
-10.97
-12.25
-12.97
-13.13
-12.93
-12.64
-12.49
-12.53
-12.59
-12.40
-11.74
-10.51
-8.82
-6.86
-4.84
-2.92
-1.13
0.53
2.08
3.52
4.87
6.14
7.40
8.73
10.16
11.64
13.07
14.28
15.14
15.57
15.51
14.90
13.68
11.80
9.31
6.49
3.75
1.58
0.35
0.11
0.59
1.36
2.03
2.39
2.52
2.61
2.85
3.26
3.64
3.64
2.90
1.21
-1.43
-4.71
-8.11
-11.09
-13.22
-14.42
-14.92
-15.12
-15.34
-15.63
-15.73
-15.31
-14.19
-12.51
-10.61
-8.82
-7.24
-5.77
-4.29
-2.83
-1.69
-1.15
-1.25
-1.61
-1.56
-0.52
1.66
4.55
7.34
9.23
9.77
8.96
7.12
4.64
1.80
-1.19
-4.01
-6.15
-7.02
-6.16
-3.54
0.32
4.54
8.17
10.63
11.83
12.09
11.82
11.26
10.40
9.04
7.10
4.72
2.33
0.41
-0.72
-1.10
-1.10
-1.26
-2.04
-3.64
-5.85
-8.18
-10.03
-10.87
-10.44
-8.75
-6.10
-2.96
0.15
2.79
4.70
5.85
6.38
6.56
6.67
6.88
7.27
7.83
8.49
9.14
9.66
9.91
9.75
9.11
8.04
6.69
5.34
4.24
3.57
3.33
3.39
3.48
3.37
2.92
2.14
1.16
0.18
-0.65
-1.26
-1.72
-2.13
-2.61
-3.20
-3.84
-4.46
-4.96
-5.30
-5.54
-5.78
-6.25
-7.14
-8.57
-10.50
-12.69
-14.78
-16.39
-17.29
-17.45
-16.96
-15.98
-14.61
-12.86
-10.72
-8.24
-5.51
-2.68
0.18
3.03
5.85
8.54
10.89
12.62
13.53
13.61
12.99
11.91
10.54
8.99
7.32
5.66
4.24
3.33
3.14
3.67
4.72
5.95
7.04
7.81
8.25
8.50
8.72
9.02
9.42
9.80
10.01
9.89
9.34
8.38
7.09
5.60
4.08
2.69
1.53
0.66
0.02
-0.53
-1.24
-2.35
-4.08
-6.51
-9.58
-12.98
-16.22
-18.61
-19.51
-18.50
-15.63
-11.46
-6.97
-3.18
-0.84
-0.15
-0.75
-2.00
-3.19
-3.89
-3.94
-3.44
-2.62
-1.74
-1.10
-1.01
-1.79
-3.61
-6.38
-9.64
-12.73
-14.96
-15.93
-15.68
-14.68
-13.55
-12.72
-12.30
-12.06
-11.62
-10.73
-9.37
-7.76
-6.22
-4.98
-4.11
-3.55
-3.19
-2.91
-2.64
-2.38
-2.14
-1.98
-1.95
-2.12
-2.55
-3.29
-4.36
-5.72
-7.23
-8.58
-9.36
-9.17
-7.76
-5.15
-1.70
2.02
5.44
8.14
9.96
11.01
11.52
11.73
11.83
11.89
11.95
12.02
12.07
12.09
12.01
11.80
11.45
11.03
10.60
10.23
9.93
9.65
9.30
8.84
8.28
7.65
6.98
6.22
5.29
4.14
2.82
1.43
0.12
-1.04
-2.07
-3.08
-4.11
-5.15
-6.16
-7.16
-8.27
-9.66
-11.45
-13.52
-15.47
-16.72
-16.75
-15.30
-12.52
-8.86
-4.95
-1.36
1.57
3.74
5.28
6.48
7.64
9.01
10.67
12.49
14.18
15.33
15.66
15.08
13.77
12.12
10.57
9.45
8.95
9.05
9.59
10.35
11.05
11.38
11.11
10.11
8.44
6.32
4.13
2.20
0.73
-0.27
-0.98
-1.60
-2.31
-3.16
-4.09
-5.07
-6.11
-7.30
-8.80
-10.71
-13.04
-15.71
-18.45
-20.84
-22.36
-22.51
-20.98
-17.81
-13.44
-8.60
-4.06
-0.40
2.21
3.90
5.06
6.06
7.11
8.28
9.51
10.75
11.92
12.96
13.78
14.29
14.39
14.06
13.35
12.44
11.53
10.80
10.36
10.19
10.22
10.26
10.17
9.83
9.21
8.37
7.39
6.36
5.34
4.30
3.23
2.11
0.97
-0.15
-1.23
-2.32
-3.49
-4.81
-6.29
-7.84
-9.31
-10.57
-11.56
-12.40
-13.31
-14.52
-16.16
-18.19
-20.33
-22.11
-23.01
-22.61
-20.71
-17.43
-13.19
-8.59
-4.20
-0.47
2.39
4.39
5.74
6.70
7.51
8.37
9.35
10.45
11.58
12.58
13.29
13.58
13.38
12.75
11.83
10.82
9.98
9.46
9.34
9.52
9.80
9.88
9.52
8.60
7.14
5.29
3.26
1.26
-0.58
-2.18
-3.52
-4.61
-5.49
-6.25
-6.95
-7.68
-8.45
-9.22
-9.83
-10.12
-9.99
-9.47
-8.76
-8.14
-7.86
-7.99
-8.39
-8.73
-8.65
-7.87
-6.35
-4.24
-1.81
0.63
2.86
4.76
6.28
7.40
8.13
8.55
8.77
8.99
9.34
9.88
10.55
11.14
11.43
11.24
10.53
9.40
8.06
6.74
5.63
4.82
4.32
4.02
3.82
3.60
3.32
2.95
2.50
2.00
1.40
0.62
-0.43
-1.80
-3.43
-5.19
-6.91
-8.41
-9.58
-10.42
-10.99
-11.46
-11.99
-12.74
-13.83
-15.26
-16.86
-18.32
-19.22
-19.13
-17.77
-15.12
-11.43
-7.25
-3.14
0.39
3.10
5.04
6.42
7.51
8.50
9.42
10.23
10.87
11.34
11.65
11.86
11.94
11.90
11.77
11.67
11.73
12.05
12.53
12.91
12.86
12.13
10.67
8.68
6.52
4.57
3.08
2.10
1.49
1.04
0.50
-0.35
-1.59
-3.21
-5.09
-7.04
-8.84
-10.36
-11.56
-12.51
-13.38
-14.40
-15.76
-17.52
-19.59
-21.64
-23.20
-23.77
-22.97
-20.73
-17.32
-13.28
-9.25
-5.73
-2.93
-0.82
0.86
2.35
3.83
5.31
6.69
7.90
8.88
9.69
10.39
11.04
11.58
11.94
12.05
11.92
11.62
11.30
11.03
10.86
10.68
10.38
9.82
8.98
7.87
6.59
5.20
3.80
2.47
1.30
0.35
-0.42
-1.10
-1.83
-2.71
-3.71
-4.71
-5.56
-6.14
-6.48
-6.73
-7.12
-7.82
-8.89
-10.29
-11.88
-13.47
-14.78
-15.51
-15.33
-14.06
-11.69
-8.51
-4.93
-1.45
1.60
4.07
6.00
7.53
8.80
9.93
11.00
12.04
13.04
13.93
14.59
14.88
14.70
14.05
13.04
11.85
10.63
9.53
8.63
7.98
7.64
7.54
7.55
7.43
6.91
5.86
4.34
2.60
0.96
-0.32
-1.20
-1.81
-2.37
-3.09
-4.05
-5.20
-6.42
-7.61
-8.70
-9.67
-10.53
-11.30
-12.09
-13.02
-14.24
-15.81
-17.62
-19.35
-20.52
-20.64
-19.38
-16.73
-13.01
-8.77
-4.61
-0.98
1.91
4.11
5.78
7.10
8.15
8.95
9.52
9.89
10.16
10.43
10.69
10.86
10.81
10.46
9.82
9.05
8.32
7.77
7.45
7.27
7.12
6.83
6.33
5.59
4.66
3.61
2.54
1.50
0.48
-0.58
-1.76
-3.09
-4.57
-6.08
-7.46
-8.61
-9.52
-10.33
-11.24
-12.46
-14.06
-15.90
-17.61
-18.68
-18.60
-17.05
-14.08
-10.09
-5.70
-1.57
1.81
4.24
5.84
6.90
7.74
8.63
9.65
10.76
11.83
12.72
13.31
13.56
13.47
13.11
12.57
11.93
11.29
10.71
10.25
9.90
9.61
9.32
8.90
8.29
7.42
6.32
5.05
3.72
2.44
1.29
0.29
-0.62
-1.59
-2.73
-4.08
-5.58
-7.08
-8.41
-9.43
-10.17
-10.74
-11.37
-12.31
-13.75
-15.71
-18.01
-20.25
-21.84
-22.20
-20.93
-17.99
-13.72
-8.82
-4.05
-0.05
2.85
4.72
5.87
6.73
7.62
8.72
10.02
11.37
12.61
13.57
14.15
14.32
14.09
13.52
12.71
11.78
10.85
10.03
9.40
9.03
8.95
9.09
9.30
9.35
9.02
8.18
6.85
5.21
3.53
2.02
0.79
-0.19
-1.05
-1.97
-3.06
-4.32
-5.66
-6.95
-8.06
-8.94
-9.65
-10.32
-11.13
-12.26
-13.80
-15.72
-17.84
-19.82
-21.24
-21.66
-20.72
-18.34
-14.71
-10.28
-5.66
-1.42
2.07
4.70
6.55
7.89
8.98
10.01
11.07
12.10
12.99
13.62
13.89
13.80
13.36
12.65
11.79
10.89
10.06
9.38
8.91
8.63
8.49
8.39
8.22
7.88
7.30
6.48
5.44
4.29
3.14
2.06
1.05
-0.02
-1.26
-2.72
-4.34
-5.94
-7.33
-8.38
-9.12
-9.70
-10.36
-11.30
-12.67
-14.49
-16.60
-18.64
-20.12
-20.53
-19.50
-16.98
-13.26
-8.90
-4.55
-0.77
2.16
4.18
5.49
6.35
7.03
7.73
8.50
9.26
9.86
10.19
10.19
9.94
9.59
9.24
8.94
8.66
8.28
7.70
6.92
6.01
5.12
4.41
3.95
3.69
3.51
3.22
2.64
1.66
0.28
-1.40
-3.20
-4.92
-6.42
-7.63
-8.58
-9.39
-10.22
-11.21
-12.42
-13.81
-15.21
-16.33
-16.85
-16.48
-15.07
-12.66
-9.47
-5.87
-2.25
1.03
3.74
5.76
7.12
7.91
8.32
8.50
8.62
8.75
8.88
8.94
8.87
8.66
8.30
7.86
7.35
6.80
6.21
5.63
5.15
4.81
4.63
4.46
4.12
3.39
2.20
0.62
-1.12
-2.75
-4.06
-4.99
-5.63
-6.13
-6.67
-7.42
-8.48
-9.93
-11.73
-13.67
-15.33
-16.19
-15.77
-13.87
-10.70
-6.80
-2.85
0.59
3.27
5.25
6.75
8.02
9.20
10.36
11.50
12.57
13.51
14.19
14.45
14.16
13.30
12.00
10.55
9.25
8.30
7.79
7.62
7.62
7.58
7.31
6.68
5.67
4.34
2.86
1.47
0.36
-0.40
-0.89
-1.32
-1.97
-3.00
-4.40
-6.01
-7.58
-8.92
-9.92
-10.62
-11.18
-11.79
-12.64
-13.88
-15.52
-17.38
-19.10
-20.13
-19.96
-18.27
-15.10
-10.89
-6.26
-1.89
1.78
4.60
6.65
8.17
9.39
10.46
11.42
12.27
13.01
13.61
14.10
14.43
14.56
14.40
13.91
13.14
12.25
11.46
10.92
10.69
10.66
10.62
10.41
9.94
9.26
8.47
7.69
6.94
6.20
5.40
4.48
3.43
2.29
1.09
-0.11
-1.33
-2.54
-3.77
-4.99
-6.19
-7.32
-8.34
-9.23
-10.00
-10.72
-11.55
-12.64
-14.10
-15.87
-17.71
-19.16
-19.71
-18.96
-16.77
-13.37
-9.28
-5.13
-1.44
1.49
3.62
5.08
6.06
6.72
7.19
7.57
7.95
8.40
8.92
9.41
9.75
9.83
9.59
9.10
8.43
7.68
6.94
6.30
5.85
5.65
5.66
5.72
5.57
4.94
3.71
1.97
-0.00
-1.85
-3.33
-4.39
-5.19
-5.97
-6.95
-8.22
-9.75
-11.39
-12.86
-13.85
-14.06
-13.24
-11.36
-8.61
-5.38
-2.19
0.54
2.58
3.96
4.89
5.65
6.42
7.26
8.10
8.82
9.31
9.55
9.56
9.37
9.02
8.53
7.94
7.33
6.83
6.53
6.50
6.70
7.02
7.34
7.55
7.60
7.46
7.16
6.70
6.12
5.46
4.76
4.05
3.37
2.72
2.13
1.63
1.20
0.82
0.43
-0.03
-0.57
-1.14
-1.67
-2.08
-2.38
-2.61
-2.87
-3.20
-3.64
-4.14
-4.66
-5.14
-5.58
-6.00
-6.44
-6.97
-7.63
-8.44
-9.37
-10.33
-11.22
-11.94
-12.43
-12.72
-12.88
-13.06
-13.46
-14.23
-15.41
-16.86
-18.24
-19.04
-18.75
-17.08
-14.04
-10.05
-5.76
-1.87
1.13
3.06
4.09
4.55
4.78
4.99
5.26
5.54
5.76
5.90
6.00
6.07
6.14
6.21
6.24
6.26
6.25
6.24
6.23
6.20
6.09
5.86
5.46
4.90
4.23
3.55
2.96
2.51
2.18
1.87
1.46
0.86
0.08
-0.77
-1.53
-2.06
-2.33
-2.41
-2.42
-2.48
-2.68
-3.04
-3.54
-4.16
-4.86
-5.64
-6.46
-7.34
-8.31
-9.43
-10.70
-12.03
-13.13
-13.62
-13.18
-11.64
-9.14
-6.06
-2.94
-0.26
1.69
2.84
3.30
3.28
3.00
2.68
2.49
2.59
3.07
3.92
5.00
6.10
6.94
7.33
7.16
6.52
5.63
4.72
4.02
3.63
3.54
3.66
3.86
4.01
3.97
3.59
2.79
1.57
0.07
-1.47
-2.75
-3.59
-3.98
-4.11
-4.24
-4.60
-5.26
-6.14
-7.03
-7.75
-8.26
-8.65
-9.16
-10.01
-11.33
-13.08
-15.06
-16.90
-18.17
-18.44
-17.41
-14.98
-11.38
-7.09
-2.71
1.17
4.17
6.21
7.44
8.12
8.53
8.86
9.20
9.57
9.92
10.20
10.32
10.19
9.78
9.11
8.31
7.57
7.02
6.72
6.58
6.40
6.03
5.39
4.52
3.58
2.67
1.84
1.05
0.26
-0.54
-1.26
-1.76
-1.97
-1.98
-1.94
-2.10
-2.60
-3.46
-4.56
-5.71
-6.74
-7.59
-8.32
-9.05
-9.94
-11.09
-12.54
-14.26
-16.10
-17.80
-18.93
-19.06
-17.81
-15.09
-11.16
-6.59
-2.08
1.75
4.54
6.30
7.28
7.84
8.33
8.94
9.68
10.49
11.20
11.67
11.82
11.63
11.19
10.59
9.93
9.25
8.57
7.92
7.37
6.98
6.78
6.71
6.63
6.33
5.71
4.75
3.61
2.53
1.70
1.21
0.97
0.81
0.49
-0.14
-1.16
-2.51
-4.06
-5.58
-6.87
-7.79
-8.37
-8.79
-9.35
-10.33
-11.88
-13.87
-15.93
-17.50
-18.02
-17.10
-14.68
-11.02
-6.63
-2.11
2.04
5.52
8.29
10.47
12.27
13.88
15.37
16.75
17.94
18.84
19.45
19.80
20.05
20.32
20.69
21.13
21.48
21.59
21.40
20.99
20.59
20.49
20.94
22.00
23.56
25.37
27.00
27.89
27.37
24.84
20.08
13.41
5.81
-1.37
-6.86
-9.94
-10.63
-9.58
-7.72
-5.90
-4.60
-4.09
-4.48
-5.93
-8.58
-12.36
-16.91
-21.50
-25.32
-27.64
-28.11
-26.77
-24.01
-20.43
-16.63
-13.11
-10.16
-7.84
-5.94
-4.13
-2.08
0.36
3.04
5.54
7.34
8.02
7.47
5.84
3.53
0.97
-1.52
-3.71
-5.43
-6.48
-6.63
-5.70
-3.68
-0.85
2.23
4.91
6.66
7.29
7.03
6.43
6.09
6.43
7.47
8.88
10.10
10.57
9.90
8.03
5.22
1.96
-1.21
-3.91
-6.04
-7.86
-9.77
-12.15
-15.15
-18.62
-22.21
-25.55
-28.32
-30.35
-31.42
-31.29
-29.64
-26.25
-21.24
-15.15
-8.95
-3.75
-0.46
0.58
-0.27
-2.08
-3.68
-4.21
-3.30
-1.32
0.95
2.64
3.10
1.91
-1.09
-5.68
-11.01
-15.32
-16.22
-11.60
-0.72
15.04
32.47
47.85
58.48
63.71
64.79
63.69
61.78
59.13
54.91
48.36
39.66
30.01
21.03
13.85
8.58
4.45
0.44
-4.21
-9.52
-15.00
-19.98
-24.08
-27.25
-29.82
-32.09
-34.15
-35.81
-36.60
-36.10
-34.05
-30.49
-25.72
-20.18
-14.38
-8.78
-3.75
0.48
3.82
6.32
8.13
9.36
10.11
10.36
10.11
9.34
8.18
6.82
5.54
4.54
3.88
3.49
3.19
2.78
2.13
1.24
0.18
-0.96
-2.07
-3.12
-4.10
-5.02
-5.87
-6.66
-7.41
-8.14
-8.90
-9.68
-10.46
-11.21
-11.96
-12.78
-13.79
-15.06
-16.49
-17.84
-18.74
-18.84
-17.96
-16.13
-13.63
-10.82
-8.06
-5.59
-3.47
-1.68
-0.10
1.39
2.86
4.36
5.87
7.33
8.70
9.88
10.80
11.36
11.48
11.17
10.49
9.60
8.71
8.00
7.56
7.35
7.28
7.19
6.99
6.62
6.12
5.54
4.90
4.24
3.55
2.85
2.14
1.42
0.67
-0.14
-1.06
-2.13
-3.34
-4.68
-6.08
-7.49
-8.88
-10.22
-11.54
-12.89
-14.29
-15.74
-17.11
-18.15
-18.55
-18.04
-16.50
-14.03
-10.93
-7.64
-4.56
-1.96
0.05
1.55
2.72
3.76
4.84
6.01
7.27
8.53
9.66
10.56
11.13
11.32
11.11
10.52
9.66
8.69
7.83
7.25
7.07
7.25
7.65
8.03
8.21
8.11
7.71
7.08
6.24
5.23
4.09
2.93
1.88
1.12
0.70
0.51
0.31
-0.15
-1.07
-2.40
-3.96
-5.48
-6.76
-7.74
-8.50
-9.16
-9.88
-10.77
-11.87
-13.13
-14.38
-15.33
-15.62
-14.92
-13.07
-10.11
-6.32
-2.10
2.16
6.13
9.66
12.72
15.37
17.68
19.69
21.35
22.55
23.13
23.02
22.22
20.86
19.18
17.42
15.83
14.59
13.79
13.43
13.41
13.54
13.57
13.27
12.49
11.21
9.56
7.74
5.94
4.30
2.86
1.61
0.47
-0.69
-2.03
-3.67
-5.70
-8.06
-10.57
-12.97
-15.04
-16.64
-17.80
-18.63
-19.34
-20.09
-20.92
-21.75
-22.38
-22.52
-21.94
-20.48
-18.17
-15.22
-11.94
-8.66
-5.64
-3.00
-0.74
1.25
3.05
4.71
6.18
7.32
7.97
8.07
7.63
6.84
5.97
5.25
4.82
4.68
4.74
4.90
5.07
5.24
5.39
5.52
5.57
5.49
5.20
4.66
3.90
2.99
1.99
0.95
-0.15
-1.36
-2.73
-4.27
-5.89
-7.44
-8.73
-9.67
-10.30
-10.80
-11.43
-12.37
-13.59
-14.79
-15.52
-15.33
-13.98
-11.55
-8.43
-5.13
-2.09
0.47
2.59
4.45
6.27
8.16
10.12
12.01
13.68
14.96
15.76
15.98
15.64
14.80
13.64
12.34
11.11
10.09
9.33
8.83
8.56
8.46
8.47
8.54
8.57
8.45
8.08
7.40
6.43
5.24
3.96
2.71
1.57
0.56
-0.41
-1.45
-2.64
-4.00
-5.39
-6.66
-7.69
-8.50
-9.22
-10.11
-11.36
-13.04
-15.04
-17.09
-18.86
-20.06
-20.41
-19.76
-18.03
-15.29
-11.76
-7.79
-3.79
-0.11
3.03
5.62
7.79
9.74
11.55
13.17
14.42
15.12
15.16
14.62
13.70
12.63
11.57
10.64
9.88
9.33
9.07
9.16
9.57
10.23
10.93
11.46
11.64
11.37
10.63
9.49
8.06
6.51
5.00
3.64
2.44
1.34
0.21
-1.04
-2.38
-3.72
-4.86
-5.69
-6.20
-6.57
-7.02
-7.79
-9.01
-10.64
-12.48
-14.26
-15.66
-16.44
-16.39
-15.46
-13.70
-11.33
-8.60
-5.82
-3.21
-0.86
1.28
3.35
5.43
7.55
9.59
11.35
12.62
13.27
13.29
12.75
11.79
10.53
9.11
7.65
6.31
5.25
4.57
4.30
4.33
4.46
4.51
4.38
4.08
3.68
3.25
2.70
1.91
0.74
-0.88
-2.86
-5.01
-7.12
-9.07
-10.82
-12.42
-13.92
-15.39
-16.85
-18.25
-19.52
-20.48
-20.95
-20.69
-19.62
-17.72
-15.21
-12.37
-9.58
-7.16
-5.28
-3.98
-3.11
-2.48
-1.88
-1.16
-0.35
0.49
1.22
1.80
2.30
2.82
3.44
4.13
4.73
5.11
5.22
5.12
4.97
4.93
5.02
5.13
5.06
4.67
3.92
2.87
1.70
0.54
-0.53
-1.51
-2.47
-3.47
-4.54
-5.65
-6.70
-7.58
-8.24
-8.68
-9.02
-9.46
-10.17
-11.29
-12.77
-14.43
-15.98
-17.08
-17.47
-17.01
-15.73
-13.78
-11.40
-8.82
-6.24
-3.79
-1.54
0.52
2.45
4.27
6.01
7.62
8.99
10.01
10.58
10.69
10.41
9.87
9.19
8.45
7.69
6.93
6.18
5.49
4.97
4.67
4.58
4.58
4.53
4.30
3.83
3.23
2.61
2.13
1.85
1.72
1.60
1.37
0.97
0.44
-0.08
-0.40
-0.37
0.06
0.82
1.70
2.47
2.88
2.74
1.98
0.64
-1.13
-3.07
-4.85
-6.10
-6.49
-5.83
-4.17
-1.74
1.04
3.76
6.14
8.10
9.73
11.21
12.68
14.16
15.54
16.65
17.37
17.61
17.36
16.64
15.50
14.01
12.26
10.39
8.56
6.92
5.62
4.70
4.17
3.90
3.71
3.42
2.94
2.25
1.47
0.74
0.13
-0.35
-0.83
-1.43
-2.27
-3.37
-4.68
-6.10
-7.53
-8.85
-9.99
-10.87
-11.49
-11.89
-12.20
-12.57
-13.14
-13.92
-14.82
-15.60
-15.93
-15.52
-14.25
-12.16
-9.52
-6.70
-4.02
-1.70
0.26
1.98
3.64
5.36
7.16
8.91
10.44
11.55
12.09
12.02
11.42
10.48
9.45
8.60
8.13
8.13
8.55
9.23
9.93
10.43
10.56
10.29
9.72
8.99
8.27
7.59
6.91
6.10
5.06
3.79
2.41
1.10
0.00
-0.84
-1.49
-2.07
-2.73
-3.56
-4.64
-5.98
-7.49
-8.98
-10.19
-10.79
-10.52
-9.32
-7.33
-4.88
-2.37
-0.13
1.69
3.13
4.31
5.39
6.47
7.56
8.57
9.41
10.00
10.28
10.23
9.86
9.21
8.34
7.34
6.32
5.42
4.74
4.35
4.22
4.31
4.49
4.60
4.51
4.13
3.43
2.49
1.47
0.49
-0.33
-0.98
-1.53
-2.08
-2.73
-3.51
-4.40
-5.36
-6.32
-7.25
-8.12
-8.96
-9.79
-10.67
-11.69
-12.91
-14.31
-15.77
-17.02
-17.75
-17.65
-16.58
-14.61
-11.98
-9.05
-6.11
-3.37
-0.91
1.30
3.29
5.09
6.69
8.09
9.27
10.25
11.02
11.55
11.79
11.67
11.15
10.29
9.24
8.20
7.38
6.86
6.66
6.67
6.75
6.80
6.76
6.64
6.40
6.03
5.48
4.72
3.78
2.71
1.60
0.56
-0.38
-1.19
-1.92
-2.65
-3.44
-4.35
-5.33
-6.30
-7.15
-7.85
-8.45
-9.09
-9.91
-10.98
-12.31
-13.80
-15.30
-16.61
-17.47
-17.62
-16.87
-15.15
-12.60
-9.51
-6.26
-3.15
-0.38
2.00
3.98
5.63
6.96
8.01
8.84
9.47
9.92
10.21
10.31
10.20
9.91
9.44
8.88
8.29
7.77
7.42
7.28
7.34
7.51
7.67
7.67
7.42
6.89
6.12
5.21
4.25
3.34
2.52
1.77
1.03
0.18
-0.88
-2.14
-3.54
-4.92
-6.12
-7.05
-7.71
-8.20
-8.68
-9.32
-10.24
-11.47
-12.95
-14.51
-15.87
-16.71
-16.75
-15.82
-13.97
-11.43
-8.57
-5.77
-3.28
-1.19
0.61
2.27
3.92
5.59
7.22
8.70
9.90
10.76
11.24
11.30
10.96
10.28
9.42
8.54
7.85
7.46
7.38
7.54
7.80
8.05
8.19
8.15
7.90
7.41
6.70
5.79
4.72
3.56
2.32
1.05
-0.21
-1.39
-2.43
-3.26
-3.87
-4.35
-4.79
-5.35
-6.13
-7.18
-8.45
-9.78
-10.96
-11.74
-11.90
-11.35
-10.09
-8.24
-5.97
-3.48
-0.93
1.52
3.79
5.80
7.53
8.99
10.17
11.07
11.64
11.83
11.59
10.97
10.03
8.91
7.74
6.65
5.72
5.00
4.52
4.23
4.08
3.98
3.80
3.47
2.95
2.25
1.40
0.49
-0.41
-1.23
-1.92
-2.52
-3.07
-3.66
-4.33
-5.09
-5.91
-6.72
-7.47
-8.14
-8.74
-9.33
-10.01
-10.90
-12.11
-13.62
-15.25
-16.61
-17.27
-16.89
-15.38
-12.99
-10.16
-7.33
-4.81
-2.67
-0.79
0.98
2.74
4.47
6.06
7.41
8.44
9.14
9.54
9.65
9.46
8.95
8.12
7.05
5.92
4.92
4.23
3.91
3.85
3.86
3.75
3.41
2.83
2.11
1.36
0.65
0.02
-0.54
-1.02
-1.45
-1.86
-2.32
-2.91
-3.70
-4.67
-5.72
-6.69
-7.46
-8.00
-8.38
-8.75
-9.27
-10.07
-11.22
-12.72
-14.49
-16.34
-17.96
-19.00
-19.09
-18.02
-15.81
-12.71
-9.16
-5.63
-2.46
0.13
2.18
3.83
5.30
6.77
8.31
9.89
11.37
12.57
13.33
13.57
13.31
12.65
11.76
10.82
10.00
9.40
9.08
9.01
9.12
9.28
9.39
9.35
9.05
8.44
7.50
6.30
4.99
3.75
2.70
1.85
1.10
0.27
-0.71
-1.84
-3.01
-4.08
-4.98
-5.76
-6.52
-7.38
-8.38
-9.50
-10.69
-11.92
-13.26
-14.73
-16.30
-17.79
-18.88
-19.21
-18.51
-16.73
-14.08
-10.95
-7.76
-4.81
-2.22
0.07
2.21
4.30
6.40
8.45
10.32
11.83
12.87
13.32
13.20
12.57
11.59
10.45
9.31
8.34
7.62
7.18
6.97
6.92
6.91
6.84
6.65
6.30
5.81
5.20
4.47
3.63
2.67
1.58
0.35
-1.01
-2.44
-3.85
-5.13
-6.18
-7.01
-7.67
-8.31
-9.10
-10.12
-11.39
-12.77
-14.03
-14.88
-15.06
-14.40
-12.91
-10.72
-8.09
-5.35
-2.73
-0.37
1.72
3.63
5.45
7.21
8.84
10.22
11.21
11.76
11.86
11.57
10.99
10.23
9.38
8.56
7.85
7.35
7.08
7.00
7.04
7.11
7.12
7.02
6.75
6.25
5.50
4.49
3.29
2.02
0.80
-0.29
-1.27
-2.22
-3.25
-4.40
-5.63
-6.84
-7.90
-8.79
-9.56
-10.39
-11.44
-12.78
-14.35
-15.86
-16.98
-17.33
-16.72
-15.09
-12.60
-9.55
-6.29
-3.15
-0.38
1.89
3.70
5.21
6.61
8.06
9.57
11.03
12.21
12.93
13.07
12.65
11.82
10.76
9.66
8.69
7.97
7.61
7.64
8.01
8.56
9.09
9.38
9.30
8.85
8.07
7.10
6.04
4.97
3.89
2.81
1.69
0.53
-0.62
-1.70
-2.66
-3.44
-4.06
-4.60
-5.17
-5.85
-6.69
-7.68
-8.75
-9.84
-10.91
-12.00
-13.12
-14.31
-15.51
-16.58
-17.30
-17.39
-16.66
-15.02
-12.59
-9.63
-6.47
-3.42
-0.70
1.62
3.59
5.31
6.91
8.44
9.85
11.05
11.88
12.26
12.19
11.79
11.24
10.69
10.26
9.97
9.79
9.67
9.60
9.58
9.62
9.68
9.71
9.63
9.35
8.82
8.03
6.99
5.81
4.58
3.40
2.34
1.37
0.42
-0.60
-1.71
-2.86
-3.95
-4.89
-5.66
-6.30
-6.94
-7.69
-8.64
-9.84
-11.28
-12.90
-14.61
-16.22
-17.52
-18.27
-18.24
-17.35
-15.61
-13.19
-10.35
-7.37
-4.52
-1.98
0.15
1.90
3.42
4.86
6.33
7.82
9.19
10.25
10.84
10.90
10.51
9.80
8.92
8.02
7.19
6.57
6.22
6.19
6.38
6.62
6.68
6.42
5.82
5.02
4.21
3.50
2.83
2.07
1.05
-0.25
-1.73
-3.16
-4.37
-5.30
-6.05
-6.78
-7.61
-8.56
-9.61
-10.68
-11.79
-12.93
-14.04
-14.93
-15.29
-14.81
-13.37
-11.09
-8.32
-5.52
-3.01
-0.91
0.87
2.53
4.25
6.04
7.78
9.29
10.39
11.01
11.20
11.06
10.72
10.26
9.73
9.16
8.59
8.09
7.72
7.48
7.36
7.27
7.12
6.83
6.40
5.83
5.18
4.46
3.67
2.79
1.81
0.72
-0.49
-1.78
-3.11
-4.41
-5.60
-6.61
-7.41
-8.05
-8.67
-9.45
-10.55
-12.06
-13.88
-15.77
-17.37
-18.28
-18.24
-17.21
-15.34
-12.96
-10.37
-7.81
-5.33
-2.91
-0.49
1.96
4.38
6.69
8.79
10.57
11.93
12.80
13.16
13.05
12.60
11.96
11.28
10.65
10.12
9.71
9.47
9.43
9.57
9.80
10.00
10.00
9.73
9.18
8.45
7.65
6.86
6.08
5.26
4.31
3.23
2.08
0.97
0.00
-0.80
-1.49
-2.17
-2.96
-3.92
-5.04
-6.24
-7.39
-8.37
-9.14
-9.74
-10.31
-11.07
-12.18
-13.72
-15.58
-17.47
-18.96
-19.65
-19.26
-17.74
-15.28
-12.23
-8.99
-5.88
-3.10
-0.66
1.53
3.56
5.54
7.47
9.27
10.86
12.13
13.01
13.47
13.51
13.21
12.64
11.91
11.13
10.37
9.69
9.11
8.65
8.32
8.13
8.09
8.12
8.12
7.90
7.34
6.37
5.09
3.68
2.36
1.24
0.31
-0.54
-1.48
-2.58
-3.81
-5.05
-6.19
-7.18
-8.06
-8.90
-9.78
-10.75
-11.82
-13.02
-14.31
-15.62
-16.74
-17.39
-17.31
-16.31
-14.44
-11.93
-9.08
-6.21
-3.50
-1.02
1.21
3.22
5.01
6.60
7.99
9.18
10.14
10.79
11.04
10.83
10.19
9.28
8.30
7.44
6.81
6.40
6.14
5.98
5.92
5.98
6.20
6.53
6.78
6.70
6.10
4.91
3.28
1.50
-0.15
-1.49
-2.51
-3.39
-4.31
-5.38
-6.58
-7.85
-9.11
-10.37
-11.71
-13.14
-14.52
-15.55
-15.89
-15.25
-13.60
-11.13
-8.24
-5.29
-2.61
-0.29
1.69
3.42
5.01
6.54
8.04
9.44
10.65
11.57
12.09
12.18
11.87
11.25
10.41
9.45
8.49
7.65
7.06
6.79
6.85
7.14
7.46
7.63
7.50
7.01
6.22
5.21
4.14
3.12
2.22
1.44
0.71
-0.13
-1.18
-2.48
-3.97
-5.47
-6.81
-7.90
-8.77
-9.51
-10.29
-11.24
-12.41
-13.80
-15.32
-16.77
-17.86
-18.29
-17.79
-16.30
-13.93
-10.99
-7.88
-4.91
-2.30
-0.07
1.85
3.56
5.14
6.59
7.81
8.68
9.06
8.93
8.40
7.68
7.02
6.62
6.52
6.66
6.92
7.23
7.57
7.96
8.39
8.76
8.91
8.67
8.02
7.05
5.97
4.98
4.21
3.70
3.38
3.18
3.02
2.84
2.60
2.26
1.74
0.97
-0.06
-1.33
-2.70
-4.01
-5.07
-5.78
-6.21
-6.55
-7.07
-7.97
-9.31
-10.90
-12.42
-13.45
-13.66
-12.89
-11.16
-8.67
-5.73
-2.69
0.14
2.56
4.46
5.91
7.03
8.02
8.99
9.99
10.92
11.64
12.03
12.08
11.84
11.45
11.03
10.63
10.24
9.81
9.31
8.80
8.42
8.29
8.45
8.82
9.22
9.42
9.26
8.70
7.81
6.77
5.78
5.02
4.61
4.58
4.92
5.52
6.18
6.61
6.59
5.95
4.76
3.21
1.58
0.08
-1.27
-2.57
-3.97
-5.52
-7.12
-8.53
-9.46
-9.72
-9.22
-8.01
-6.23
-4.05
-1.61
0.92
3.41
5.71
7.71
9.30
10.46
11.20
11.56
11.54
11.14
10.31
8.96
7.01
4.43
1.32
-2.18
-5.79
-9.25
-12.29
-14.74
-16.49
-17.55
-18.00
-17.97
-17.63
-17.11
-16.54
-16.03
-15.64
-15.45
-15.46
-15.65
-15.96
-16.33
-16.71
-17.13
-17.65
-18.37
-19.40
-20.80
-22.53
-24.46
-26.32
-27.76
-28.46
-28.17
-26.80
-24.50
-21.54
-18.25
-14.93
-11.73
-8.70
-5.85
-3.19
-0.73
1.52
3.65
5.81
8.24
11.09
14.33
17.63
20.42
22.03
21.99
20.22
17.18
13.73
10.81
9.15
8.90
9.67
10.67
11.10
10.45
8.75
6.49
4.34
2.80
1.91
1.12
-0.47
-3.77
-9.38
-17.29
-26.86
-36.88
-45.75
-51.78
-53.55
-50.40
-42.81
-32.42
-21.64
-12.88
-7.65
-6.11
-7.13
-8.91
-9.81
-8.91
-6.18
-2.15
2.54
7.42
12.30
17.13
21.86
26.37
30.45
33.92
36.65
38.57
39.62
39.68
38.64
36.46
33.27
29.35
25.09
20.89
17.07
13.80
11.13
8.99
7.19
5.51
3.69
1.58
-0.84
-3.39
-5.73
-7.54
-8.59
-8.92
-8.82
-8.75
-9.16
-10.30
-12.13
-14.23
-16.00
-16.80
-16.22
-14.22
-11.12
-7.57
-4.28
-1.86
-0.66
-0.70
-1.66
-2.97
-3.95
-3.97
-2.64
0.05
3.73
7.71
11.22
13.63
14.66
14.41
13.33
11.96
10.82
10.22
10.22
10.66
11.22
11.55
11.34
10.43
8.88
6.97
5.09
3.64
2.91
2.94
3.58
4.53
5.47
6.19
6.56
6.55
6.18
5.47
4.48
3.33
2.24
1.44
1.09
1.21
1.64
2.12
2.36
2.17
1.46
0.20
-1.53
-3.64
-5.94
-8.09
-9.68
-10.34
-9.88
-8.37
-6.18
-3.74
-1.41
0.67
2.62
4.65
6.97
9.59
12.32
14.77
16.54
17.29
16.90
15.48
13.31
10.79
8.24
5.87
3.75
1.90
0.34
-0.84
-1.54
-1.66
-1.25
-0.46
0.45
1.22
1.68
1.75
1.45
0.88
0.13
-0.72
-1.61
-2.52
-3.40
-4.24
-5.02
-5.71
-6.31
-6.85
-7.37
-7.95
-8.61
-9.38
-10.23
-11.16
-12.20
-13.43
-14.89
-16.51
-18.02
-18.93
-18.75
-17.17
-14.25
-10.46
-6.45
-2.82
0.09
2.26
3.91
5.26
6.46
7.56
8.59
9.63
10.77
12.01
13.18
14.00
14.22
13.73
12.67
11.37
10.17
9.32
8.88
8.81
8.98
9.29
9.66
9.98
10.12
9.94
9.33
8.29
6.91
5.37
3.83
2.39
1.09
-0.10
-1.23
-2.29
-3.26
-4.08
-4.71
-5.15
-5.44
-5.63
-5.83
-6.17
-6.81
-7.89
-9.48
-11.45
-13.50
-15.17
-15.98
-15.61
-13.96
-11.24
-7.83
-4.20
-0.79
2.13
4.40
6.01
7.04
7.63
7.93
8.06
8.10
8.10
8.08
8.06
8.05
8.00
7.85
7.52
6.95
6.19
5.33
4.54
3.94
3.55
3.33
3.17
2.95
2.62
2.15
1.56
0.83
-0.06
-1.14
-2.44
-3.90
-5.39
-6.76
-7.83
-8.53
-8.89
-9.07
-9.30
-9.83
-10.84
-12.35
-14.13
-15.79
-16.82
-16.78
-15.47
-13.03
-9.83
-6.39
-3.18
-0.49
1.55
2.98
3.86
4.37
4.70
5.06
5.65
6.52
7.58
8.61
9.41
9.81
9.78
9.37
8.67
7.78
6.81
5.92
5.27
4.96
5.01
5.29
5.59
5.65
5.31
4.51
3.33
1.93
0.45
-0.99
-2.35
-3.61
-4.75
-5.72
-6.51
-7.12
-7.63
-8.15
-8.80
-9.69
-10.93
-12.53
-14.43
-16.41
-18.11
-19.09
-18.96
-17.53
-14.89
-11.39
-7.54
-3.89
-0.83
1.45
3.01
4.08
4.97
5.96
7.20
8.66
10.15
11.46
12.41
12.92
13.01
12.75
12.21
11.46
10.60
9.74
9.01
8.53
8.30
8.27
8.29
8.20
7.89
7.27
6.37
5.28
4.12
3.04
2.14
1.48
0.98
0.54
0.01
-0.72
-1.72
-2.94
-4.27
-5.57
-6.71
-7.61
-8.28
-8.82
-9.39
-10.16
-11.24
-12.62
-14.16
-15.54
-16.36
-16.22
-14.84
-12.17
-8.47
-4.22
0.03
3.79
6.80
9.02
10.65
11.95
13.15
14.36
15.56
16.60
17.32
17.60
17.37
16.64
15.49
14.03
12.41
10.77
9.25
7.92
6.80
5.83
4.90
3.91
2.84
1.71
0.54
-0.64
-1.84
-3.08
-4.35
-5.59
-6.73
-7.66
-8.38
-8.96
-9.52
-10.16
-10.93
-11.79
-12.65
-13.45
-14.15
-14.85
-15.70
-16.89
-18.50
-20.44
-22.35
-23.74
-24.07
-22.98
-20.44
-16.74
-12.38
-7.94
-3.84
-0.35
2.50
4.76
6.57
8.07
9.36
10.52
11.55
12.41
12.99
13.20
13.00
12.43
11.61
10.67
9.75
8.95
8.33
7.90
7.63
7.43
7.21
6.82
6.18
5.27
4.12
2.82
1.44
0.04
-1.35
-2.74
-4.12
-5.52
-6.96
-8.47
-10.06
-11.68
-13.29
-14.82
-16.27
-17.71
-19.17
-20.61
-21.83
-22.50
-22.28
-20.94
-18.51
-15.31
-11.78
-8.42
-5.57
-3.33
-1.60
-0.07
1.52
3.37
5.52
7.83
10.10
12.11
13.69
14.72
15.20
15.14
14.63
13.78
12.77
11.77
10.94
10.39
10.15
10.18
10.36
10.55
10.59
10.38
9.87
9.11
8.18
7.19
6.23
5.35
4.56
3.85
3.17
2.48
1.76
1.01
0.28
-0.36
-0.87
-1.27
-1.69
-2.38
-3.57
-5.40
-7.83
-10.57
-13.17
-15.10
-15.94
-15.43
-13.59
-10.67
-7.11
-3.41
-0.02
2.77
4.86
6.32
7.33
8.12
8.84
9.56
10.27
10.90
11.39
11.70
11.83
11.78
11.56
11.15
10.55
9.80
9.03
8.37
7.97
7.86
7.97
8.08
7.96
7.46
6.57
5.38
4.08
2.86
1.82
0.97
0.21
-0.57
-1.50
-2.67
-4.06
-5.55
-6.98
-8.16
-8.96
-9.40
-9.66
-9.98
-10.59
-11.61
-13.00
-14.62
-16.20
-17.45
-18.09
-17.84
-16.53
-14.15
-10.92
-7.27
-3.72
-0.75
1.41
2.79
3.68
4.45
5.37
6.51
7.76
8.87
9.65
9.99
9.91
9.53
8.96
8.31
7.68
7.16
6.80
6.64
6.64
6.67
6.60
6.29
5.69
4.82
3.78
2.65
1.54
0.55
-0.26
-0.87
-1.35
-1.83
-2.46
-3.28
-4.26
-5.29
-6.24
-7.11
-7.96
-8.92
-10.10
-11.49
-12.93
-14.08
-14.57
-14.05
-12.35
-9.51
-5.87
-1.91
1.83
4.97
7.34
9.07
10.38
11.51
12.57
13.50
14.15
14.32
13.90
12.83
11.23
9.33
7.39
5.69
4.39
3.51
3.02
2.79
2.70
2.71
2.75
2.78
2.71
2.45
1.94
1.23
0.48
-0.16
-0.60
-0.93
-1.34
-2.03
-3.11
-4.53
-6.12
-7.64
-8.88
-9.73
-10.17
-10.32
-10.37
-10.58
-11.22
-12.51
-14.47
-16.89
-19.27
-20.98
-21.38
-20.09
-17.14
-12.97
-8.31
-3.96
-0.55
1.67
2.81
3.30
3.68
4.42
5.72
7.50
9.46
11.23
12.50
13.10
13.05
12.46
11.49
10.30
9.07
7.97
7.15
6.75
6.81
7.24
7.86
8.37
8.53
8.15
7.19
5.80
4.22
2.74
1.62
0.94
0.62
0.43
0.15
-0.41
-1.32
-2.51
-3.86
-5.27
-6.62
-7.86
-8.98
-9.97
-10.91
-11.92
-13.08
-14.47
-15.98
-17.35
-18.18
-18.11
-16.88
-14.52
-11.28
-7.59
-3.95
-0.75
1.80
3.72
5.16
6.36
7.51
8.69
9.86
10.90
11.65
12.05
12.07
11.82
11.38
10.85
10.28
9.73
9.23
8.84
8.59
8.47
8.46
8.50
8.50
8.39
8.04
7.36
6.29
4.87
3.24
1.66
0.34
-0.60
-1.17
-1.54
-1.89
-2.39
-3.10
-4.03
-5.11
-6.26
-7.43
-8.58
-9.71
-10.86
-12.13
-13.61
-15.31
-17.04
-18.49
-19.24
-18.96
-17.47
-14.85
-11.42
-7.67
-4.08
-1.06
1.21
2.78
3.87
4.76
5.69
6.74
7.85
8.87
9.61
9.96
9.89
9.44
8.70
7.79
6.89
6.16
5.74
5.73
6.07
6.63
7.20
7.54
7.48
6.97
6.06
4.90
3.63
2.38
1.17
-0.03
-1.27
-2.55
-3.83
-4.98
-5.93
-6.64
-7.17
-7.69
-8.35
-9.35
-10.77
-12.56
-14.46
-16.04
-16.81
-16.38
-14.63
-11.78
-8.32
-4.80
-1.68
0.80
2.63
3.99
5.09
6.11
7.18
8.34
9.57
10.77
11.80
12.50
12.78
12.61
12.07
11.30
10.50
9.80
9.29
8.97
8.80
8.71
8.61
8.46
8.17
7.67
6.90
5.88
4.73
3.64
2.80
2.30
2.03
1.72
1.09
-0.05
-1.65
-3.47
-5.15
-6.44
-7.25
-7.70
-8.06
-8.59
-9.53
-10.99
-12.96
-15.32
-17.79
-19.94
-21.25
-21.24
-19.67
-16.65
-12.62
-8.24
-4.18
-0.87
1.56
3.25
4.52
5.65
6.80
7.97
9.07
9.99
10.70
11.22
11.58
11.77
11.72
11.36
10.70
9.86
9.07
8.56
8.42
8.61
8.96
9.26
9.39
9.27
8.88
8.24
7.34
6.20
4.89
3.51
2.18
0.96
-0.15
-1.21
-2.30
-3.47
-4.77
-6.14
-7.55
-8.88
-10.06
-10.98
-11.62
-12.00
-12.29
-12.76
-13.68
-15.25
-17.37
-19.69
-21.60
-22.44
-21.77
-19.48
-15.84
-11.43
-6.96
-3.00
0.07
2.19
3.52
4.38
5.13
6.05
7.25
8.71
10.26
11.65
12.68
13.21
13.23
12.80
12.08
11.26
10.52
9.99
9.72
9.67
9.76
9.90
10.01
10.02
9.86
9.43
8.60
7.32
5.69
3.93
2.36
1.19
0.47
-0.02
-0.61
-1.57
-2.95
-4.56
-6.10
-7.26
-7.94
-8.23
-8.40
-8.75
-9.54
-10.87
-12.72
-14.95
-17.31
-19.45
-20.93
-21.31
-20.27
-17.76
-14.02
-9.65
-5.34
-1.72
0.88
2.52
3.54
4.39
5.39
6.65
8.05
9.41
10.58
11.44
12.01
12.27
12.23
11.85
11.18
10.33
9.46
8.75
8.24
7.88
7.54
7.09
6.48
5.76
5.03
4.37
3.79
3.20
2.54
1.77
0.90
-0.06
-1.10
-2.21
-3.36
-4.49
-5.52
-6.41
-7.20
-8.07
-9.25
-10.88
-12.88
-14.94
-16.52
-17.12
-16.39
-14.32
-11.19
-7.50
-3.80
-0.54
1.98
3.68
4.69
5.24
5.67
6.23
7.05
8.09
9.18
10.12
10.73
10.95
10.82
10.45
9.97
9.47
9.03
8.71
8.50
8.36
8.26
8.12
7.92
7.62
7.24
6.76
6.12
5.28
4.22
2.99
1.72
0.56
-0.39
-1.11
-1.69
-2.27
-2.95
-3.76
-4.66
-5.57
-6.44
-7.24
-8.00
-8.76
-9.57
-10.50
-11.62
-13.03
-14.77
-16.71
-18.54
-19.76
-19.88
-18.57
-15.82
-11.98
-7.69
-3.61
-0.31
1.95
3.26
3.93
4.41
5.12
6.23
7.69
9.25
10.56
11.38
11.63
11.42
10.98
10.51
10.16
9.95
9.83
9.73
9.64
9.57
9.52
9.49
9.36
9.01
8.34
7.34
6.09
4.77
3.57
2.60
1.84
1.19
0.50
-0.36
-1.43
-2.66
-3.98
-5.29
-6.51
-7.57
-8.40
-9.00
-9.42
-9.82
-10.44
-11.53
-13.26
-15.58
-18.20
-20.57
-22.03
-22.05
-20.36
-17.09
-12.75
-8.07
-3.78
-0.39
1.90
3.26
4.05
4.70
5.53
6.65
8.02
9.47
10.80
11.86
12.56
12.85
12.70
12.10
11.13
9.93
8.69
7.62
6.85
6.41
6.19
6.06
5.85
5.46
4.82
3.92
2.76
1.45
0.14
-1.00
-1.82
-2.32
-2.67
-3.09
-3.80
-4.86
-6.10
-7.28
-8.16
-8.64
-8.78
-8.81
-8.94
-9.37
-10.25
-11.60
-13.33
-15.17
-16.67
-17.29
-16.57
-14.35
-10.83
-6.60
-2.34
1.33
4.08
5.92
7.07
7.87
8.62
9.54
10.70
12.04
13.41
14.56
15.25
15.28
14.65
13.47
12.01
10.55
9.36
8.55
8.11
7.90
7.73
7.41
6.82
5.89
4.65
3.17
1.59
0.03
-1.38
-2.64
-3.80
-4.94
-6.15
-7.41
-8.63
-9.64
-10.32
-10.62
-10.67
-10.74
-11.11
-12.04
-13.57
-15.50
-17.36
-18.57
-18.61
-17.17
-14.35
-10.56
-6.44
-2.62
0.51
2.82
4.47
5.73
6.88
8.10
9.40
10.71
11.87
12.75
13.27
13.43
13.31
13.00
12.58
12.10
11.54
10.91
10.25
9.69
9.34
9.25
9.37
9.47
9.30
8.66
7.51
5.98
4.34
2.88
1.81
1.17
0.86
0.63
0.22
-0.61
-1.96
-3.71
-5.62
-7.35
-8.64
-9.40
-9.74
-9.94
-10.37
-11.32
-12.96
-15.22
-17.81
-20.23
-21.92
-22.32
-21.09
-18.23
-14.07
-9.28
-4.59
-0.63
2.25
4.06
5.11
5.80
6.48
7.34
8.42
9.62
10.83
11.90
12.71
13.13
13.08
12.55
11.64
10.58
9.62
9.00
8.78
8.90
9.18
9.41
9.47
9.29
8.86
8.23
7.42
6.48
5.42
4.30
3.19
2.12
1.14
0.24
-0.59
-1.40
-2.26
-3.22
-4.31
-5.54
-6.86
-8.19
-9.42
-10.48
-11.37
-12.20
-13.16
-14.47
-16.22
-18.25
-20.18
-21.44
-21.49
-20.04
-17.17
-13.26
-8.91
-4.73
-1.15
1.62
3.59
4.93
5.89
6.74
7.72
8.95
10.39
11.86
13.12
13.91
14.11
13.75
13.02
12.16
11.41
10.87
10.55
10.34
10.11
9.77
9.29
8.73
8.13
7.53
6.90
6.18
5.31
4.30
3.25
2.29
1.48
0.81
0.13
-0.73
-1.90
-3.37
-4.98
-6.53
-7.83
-8.84
-9.62
-10.33
-11.11
-12.11
-13.38
-14.93
-16.66
-18.37
-19.72
-20.33
-19.84
-18.06
-15.06
-11.18
-6.99
-3.04
0.21
2.55
4.03
4.88
5.41
5.94
6.66
7.64
8.79
9.93
10.81
11.25
11.20
10.73
10.02
9.27
8.64
8.21
7.98
7.96
8.13
8.43
8.74
8.86
8.59
7.83
6.61
5.17
3.77
2.61
1.73
0.96
0.08
-1.05
-2.47
-4.04
-5.56
-6.86
-7.85
-8.56
-9.12
-9.71
-10.53
-11.72
-13.27
-14.98
-16.44
-17.18
-16.81
-15.16
-12.40
-8.95
-5.37
-2.16
0.39
2.21
3.42
4.26
4.97
5.72
6.60
7.57
8.51
9.30
9.84
10.07
10.04
9.82
9.48
9.08
8.64
8.17
7.68
7.23
6.90
6.73
6.71
6.73
6.60
6.17
5.36
4.22
2.93
1.67
0.57
-0.36
-1.24
-2.21
-3.34
-4.66
-6.07
-7.49
-8.81
-9.98
-10.94
-11.70
-12.30
-12.92
-13.80
-15.14
-17.01
-19.20
-21.20
-22.38
-22.19
-20.43
-17.32
-13.45
-9.55
-6.22
-3.78
-2.18
-1.17
-0.42
0.29
1.04
1.78
2.46
3.03
3.53
4.00
4.52
5.10
5.77
6.56
7.49
8.61
9.88
11.19
12.33
13.04
13.08
12.37
11.01
9.27
7.48
5.96
4.86
4.17
3.76
3.47
3.19
2.92
2.72
2.65
2.75
2.99
3.28
3.54
3.68
3.64
3.44
3.08
2.61
2.03
1.32
0.40
-0.83
-2.43
-4.44
-6.75
-9.08
-11.00
-12.00
-11.65
-9.76
-6.54
-2.51
1.61
5.14
7.68
9.15
9.73
9.75
9.53
9.27
9.07
8.96
8.96
9.04
9.12
9.07
8.76
8.08
7.09
5.96
4.94
4.27
4.06
4.22
4.57
4.80
4.71
4.18
3.26
2.15
1.07
0.19
-0.41
-0.83
-1.25
-1.89
-2.88
-4.21
-5.77
-7.37
-8.87
-10.20
-11.37
-12.45
-13.50
-14.64
-15.97
-17.56
-19.36
-21.10
-22.34
-22.51
-21.20
-18.28
-14.06
-9.17
-4.37
-0.26
2.85
5.00
6.49
7.69
8.87
10.17
11.59
12.98
14.17
14.99
15.30
15.11
14.47
13.52
12.42
11.38
10.59
10.15
10.07
10.23
10.41
10.35
9.90
9.02
7.85
6.56
5.35
4.27
3.32
2.37
1.35
0.24
-0.91
-2.01
-2.94
-3.71
-4.38
-5.13
-6.15
-7.59
-9.44
-11.56
-13.61
-15.16
-15.82
-15.26
-13.43
-10.49
-6.88
-3.13
0.24
2.89
4.77
6.06
7.11
8.24
9.66
11.39
13.25
14.95
16.21
16.82
16.71
15.98
14.81
13.45
12.08
10.83
9.75
8.86
8.19
7.74
7.43
7.08
6.47
5.40
3.81
1.86
-0.16
-1.97
-3.43
-4.61
-5.79
-7.26
-9.20
-11.54
-14.01
-16.25
-17.95
-18.99
-19.44
-19.50
-19.45
-19.50
-19.86
-20.69
-22.11
-24.16
-26.67
-29.21
-31.17
-31.88
-30.83
-27.94
-23.54
-18.36
-13.19
-8.72
-5.28
-2.84
-1.04
0.57
2.35
4.41
6.63
8.74
10.48
11.75
12.61
13.21
13.67
14.01
14.18
14.15
13.96
13.77
13.77
14.05
14.56
15.10
15.41
15.28
14.64
13.62
12.43
11.32
10.46
9.95
9.73
9.72
9.74
9.61
9.19
8.36
7.13
5.59
3.95
2.40
1.11
0.07
-0.85
-1.95
-3.50
-5.72
-8.58
-11.81
-14.92
-17.31
-18.44
-18.06
-16.26
-13.45
-10.21
-7.06
-4.37
-2.23
-0.56
0.80
2.02
3.20
4.39
5.53
6.54
7.31
7.75
7.84
7.65
7.29
6.93
6.67
6.58
6.70
6.99
7.36
7.68
7.75
7.41
6.56
5.24
3.64
1.97
0.44
-0.89
-2.06
-3.22
-4.46
-5.82
-7.25
-8.61
-9.79
-10.72
-11.44
-12.13
-12.98
-14.23
-16.03
-18.34
-20.95
-23.37
-25.01
-25.27
-23.79
-20.63
-16.24
-11.41
-6.95
-3.50
-1.31
-0.23
0.16
0.35
0.77
1.64
2.99
4.62
6.25
7.57
8.36
8.59
8.38
7.94
7.55
7.37
7.47
7.82
8.34
8.94
9.54
10.04
10.33
10.31
9.94
9.35
8.72
8.23
7.94
7.73
7.34
6.57
5.32
3.69
1.93
0.29
-1.09
-2.19
-3.13
-4.07
-5.18
-6.57
-8.34
-10.51
-12.99
-15.51
-17.62
-18.81
-18.62
-16.87
-13.74
-9.75
-5.57
-1.81
1.18
3.38
5.04
6.49
8.04
9.79
11.72
13.69
15.54
17.16
18.49
19.47
20.06
20.24
19.99
19.38
18.51
17.51
16.46
15.39
14.29
13.10
11.83
10.52
9.22
8.02
6.91
5.87
4.86
3.81
2.69
1.48
0.18
-1.22
-2.69
-4.25
-5.87
-7.54
-9.21
-10.85
-12.37
-13.73
-14.88
-15.85
-16.69
-17.51
-18.46
-19.60
-20.85
-21.98
-22.60
-22.27
-20.69
-17.84
-14.00
-9.70
-5.50
-1.84
1.09
3.39
5.24
6.84
8.29
9.57
10.59
11.33
11.82
12.19
12.53
12.91
13.28
13.53
13.55
13.28
12.76
12.12
11.47
10.90
10.39
9.86
9.23
8.46
7.56
6.60
5.65
4.74
3.87
2.90
1.70
0.16
-1.74
-3.87
-6.03
-7.99
-9.63
-10.97
-12.16
-13.45
-15.04
-17.07
-19.58
-22.44
-25.41
-28.05
-29.84
-30.23
-28.85
-25.64
-20.92
-15.30
-9.52
-4.21
0.24
3.73
6.39
8.48
10.25
11.86
13.37
14.70
15.71
16.26
16.28
15.84
15.09
14.22
13.37
12.61
11.93
11.33
10.86
10.55
10.44
10.48
10.55
10.52
10.31
9.88
9.24
8.40
7.35
6.07
4.59
2.97
1.30
-0.29
-1.73
-2.99
-4.09
-5.12
-6.16
-7.33
-8.62
-9.93
-11.00
-11.46
-11.04
-9.58
-7.20
-4.21
-1.03
1.93
4.37
6.12
7.11
7.43
7.27
6.91
6.65
6.71
7.15
7.79
8.31
8.41
7.90
6.81
5.41
4.01
2.95
2.39
2.35
2.66
3.14
3.57
3.75
3.58
2.97
1.92
0.53
-1.00
-2.40
-3.45
-4.06
-4.28
-4.32
-4.47
-4.96
-5.87
-7.12
-8.51
-9.79
-10.78
-11.43
-11.82
-12.12
-12.59
-13.43
-14.75
-16.45
-18.22
-19.54
-19.86
-18.72
-15.94
-11.74
-6.68
-1.50
3.13
6.78
9.36
11.10
12.36
13.50
14.78
16.24
17.78
19.18
20.22
20.74
20.72
20.23
19.44
18.53
17.61
16.72
15.84
14.93
14.00
13.04
12.09
11.11
10.05
8.86
7.52
6.01
4.27
2.25
-0.13
-2.86
-5.85
-8.90
-11.78
-14.26
-16.18
-17.51
-18.32
-18.76
-19.06
-19.46
-20.23
-21.55
-23.51
-25.98
-28.64
-30.99
-32.44
-32.51
-30.92
-27.76
-23.47
-18.75
-14.32
-10.76
-8.33
-6.92
-6.20
-5.73
-5.14
-4.26
-3.06
-1.69
-0.34
0.80
1.60
2.02
2.12
2.01
1.88
1.97
2.43
3.36
4.70
6.25
7.73
8.91
9.66
9.96
9.92
9.64
9.21
8.62
7.82
6.77
5.51
4.16
2.89
1.84
1.07
0.49
-0.09
-0.91
-2.14
-3.89
-6.14
-8.77
-11.51
-13.96
-15.62
-15.99
-14.77
-12.03
-8.23
-4.11
-0.41
2.36
4.14
5.20
6.03
7.02
8.34
9.92
11.56
12.99
13.99
14.42
14.25
13.52
12.45
11.32
10.45
10.08
10.27
10.90
11.70
12.38
12.73
12.62
12.04
11.05
9.78
8.38
6.98
5.68
4.54
3.54
2.59
1.56
0.38
-1.01
-2.53
-4.07
-5.45
-6.52
-7.23
-7.65
-8.02
-8.64
-9.81
-11.62
-13.84
-15.94
-17.24
-17.16
-15.43
-12.22
-8.11
-3.85
-0.11
2.77
4.79
6.23
7.45
8.74
10.17
11.69
13.13
14.32
15.15
15.54
15.47
14.92
13.97
12.73
11.42
10.28
9.52
9.21
9.27
9.48
9.63
9.51
9.06
8.30
7.32
6.20
4.99
3.77
2.61
1.63
0.92
0.51
0.29
0.04
-0.51
-1.53
-2.99
-4.67
-6.27
-7.56
-8.45
-9.05
-9.58
-10.26
-11.26
-12.63
-14.26
-15.92
-17.26
-17.86
-17.37
-15.63
-12.80
-9.29
-5.67
-2.48
-0.04
1.61
2.61
3.25
3.79
4.42
5.25
6.29
7.48
8.66
9.63
10.15
10.06
9.34
8.14
6.75
5.50
4.64
4.26
4.32
4.68
5.17
5.64
5.92
5.84
5.28
4.17
2.63
0.85
-0.92
-2.47
-3.73
-4.77
-5.65
-6.43
-7.06
-7.47
-7.64
-7.65
-7.66
-7.89
-8.49
-9.56
-11.02
-12.64
-13.99
-14.59
-13.99
-11.97
-8.66
-4.51
-0.20
3.62
6.51
8.37
9.41
10.01
10.59
11.42
12.58
13.95
15.24
16.11
16.30
15.71
14.41
12.65
10.67
8.66
6.70
4.79
2.95
1.20
-0.37
-1.67
-2.70
-3.50
-4.20
-4.91
-5.68
-6.45
-7.10
-7.53
-7.69
-7.69
-7.71
-7.97
-8.57
-9.43
-10.30
-10.86
-10.87
-10.29
-9.31
-8.30
-7.63
-7.53
-8.06
-9.07
-10.25
-11.26
-11.74
-11.43
-10.20
-8.13
-5.48
-2.65
-0.14
1.67
2.55
2.53
1.88
1.04
0.43
0.38
0.98
2.14
3.56
4.91
5.90
6.38
6.33
5.85
5.15
4.43
3.91
3.73
3.94
4.48
5.15
5.69
5.81
5.34
4.31
2.94
1.60
0.64
0.26
0.37
0.71
0.91
0.72
0.08
-0.89
-1.99
-3.05
-4.01
-4.90
-5.78
-6.65
-7.47
-8.20
-8.85
-9.52
-10.34
-11.42
-12.80
-14.42
-16.10
-17.60
-18.66
-19.06
-18.64
-17.33
-15.20
-12.44
-9.37
-6.35
-3.71
-1.67
-0.30
0.57
1.21
1.91
2.86
4.06
5.35
6.45
7.17
7.45
7.40
7.24
7.23
7.54
8.27
9.43
10.93
12.64
14.31
15.69
16.47
16.47
15.66
14.20
12.40
10.61
9.06
7.79
6.60
5.22
3.41
1.11
-1.54
-4.22
-6.64
-8.62
-10.16
-11.41
-12.60
-13.90
-15.40
-17.00
-18.49
-19.57
-19.92
-19.30
-17.62
-14.97
-11.63
-8.02
-4.60
-1.73
0.44
2.00
3.21
4.39
5.77
7.44
9.31
11.16
12.78
14.02
14.81
15.11
14.94
14.34
13.38
12.24
11.12
10.22
9.67
9.47
9.47
9.50
9.33
8.82
7.90
6.60
5.03
3.40
1.97
0.99
0.56
0.63
0.95
1.20
1.08
0.47
-0.59
-1.92
-3.31
-4.69
-6.08
-7.59
-9.32
-11.31
-13.56
-15.94
-18.27
-20.23
-21.38
-21.27
-19.58
-16.31
-11.82
-6.80
-2.06
1.79
4.44
5.99
6.80
7.31
7.86
8.62
9.55
10.54
11.45
12.15
12.60
12.81
12.76
12.50
12.04
11.39
10.61
9.77
9.03
8.58
8.58
9.11
10.09
11.25
12.22
12.62
12.23
10.97
8.91
6.24
3.16
-0.07
-3.17
-5.88
-7.98
-9.41
-10.25
-10.66
-10.78
-10.65
-10.22
-9.45
-8.43
-7.38
-6.67
-6.64
-7.45
-9.03
-11.02
-12.87
-14.01
-13.95
-12.44
-9.61
-5.89
-1.91
1.66
4.34
5.98
6.73
6.97
7.14
7.55
8.34
9.42
10.60
11.68
12.56
13.26
13.85
14.43
14.97
15.34
15.37
14.90
13.90
12.48
10.81
9.07
7.34
5.66
4.02
2.42
0.91
-0.42
-1.47
-2.19
-2.56
-2.63
-2.52
-2.40
-2.42
-2.69
-3.22
-3.93
-4.65
-5.21
-5.51
-5.56
-5.53
-5.64
-6.09
-7.00
-8.35
-9.97
-11.56
-12.77
-13.25
-12.77
-11.21
-8.67
-5.41
-1.85
1.51
4.24
6.08
7.02
7.33
7.38
7.54
8.01
8.74
9.51
10.00
9.96
9.26
7.90
5.99
3.72
1.33
-0.84
-2.42
-3.15
-2.91
-1.90
-0.52
0.70
1.38
1.36
0.75
-0.14
-1.04
-1.80
-2.50
-3.31
-4.46
-6.04
-8.04
-10.24
-12.38
-14.20
-15.53
-16.38
-16.95
-17.52
-18.38
-19.66
-21.31
-22.98
-24.17
-24.30
-22.98
-20.15
-16.14
-11.61
-7.25
-3.60
-0.84
1.21
2.86
4.44
6.07
7.66
9.02
10.06
10.78
11.31
11.80
12.30
12.76
13.09
13.20
13.10
12.89
12.69
12.65
12.80
13.15
13.57
13.91
14.00
13.69
12.93
11.75
10.27
8.69
7.16
5.79
4.60
3.50
2.40
1.24
0.05
-1.09
-2.08
-2.90
-3.61
-4.29
-5.04
-5.90
-6.91
-8.11
-9.61
-11.48
-13.62
-15.71
-17.18
-17.48
-16.24
-13.53
-9.81
-5.79
-2.13
0.78
2.88
4.37
5.54
6.62
7.69
8.75
9.79
10.82
11.85
12.87
13.80
14.47
14.72
14.45
13.72
12.75
11.82
11.16
10.85
10.82
10.90
10.87
10.58
9.97
9.00
7.74
6.25
4.65
3.05
1.56
0.20
-1.11
-2.48
-4.00
-5.69
-7.39
-8.91
-10.07
-10.84
-11.34
-11.79
-12.42
-13.35
-14.63
-16.20
-17.97
-19.80
-21.43
-22.52
-22.64
-21.48
-18.94
-15.29
-11.10
-7.04
-3.66
-1.26
0.23
1.10
1.72
2.38
3.24
4.31
5.51
6.68
7.69
8.40
8.70
8.56
8.02
7.19
6.27
5.45
4.87
4.58
4.54
4.59
4.56
4.31
3.80
3.07
2.22
1.34
0.46
-0.42
-1.32
-2.23
-3.12
-3.89
-4.50
-4.90
-5.09
-5.14
-5.12
-5.14
-5.35
-5.91
-6.92
-8.31
-9.82
-11.00
-11.38
-10.62
-8.67
-5.83
-2.62
0.36
2.64
4.02
4.61
4.70
4.70
4.90
5.47
6.36
7.39
8.34
9.03
9.33
9.20
8.69
7.92
7.02
6.17
5.49
5.03
4.76
4.57
4.34
3.95
3.35
2.50
1.45
0.24
-1.01
-2.15
-3.06
-3.69
-4.08
-4.40
-4.84
-5.54
-6.46
-7.47
-8.32
-8.78
-8.75
-8.25
-7.50
-6.81
-6.51
-6.86
-7.93
-9.60
-11.50
-13.17
-14.09
-13.85
-12.29
-9.50
-5.88
-1.97
1.64
4.50
6.39
7.40
7.80
7.96
8.23
8.79
9.63
10.60
11.46
11.98
12.04
11.64
10.88
9.94
8.98
8.11
7.39
6.85
6.46
6.26
6.23
6.36
6.59
6.80
6.87
6.68
6.21
5.50
4.67
3.82
3.02
2.27
1.50
0.67
-0.22
-1.16
-2.09
-2.96
-3.74
-4.43
-5.06
-5.69
-6.42
-7.38
-8.67
-10.31
-12.19
-14.02
-15.39
-15.86
-15.07
-12.91
-9.57
-5.56
-1.55
1.86
4.30
5.79
6.65
7.34
8.24
9.46
10.86
12.14
12.97
13.17
12.76
11.90
10.84
9.81
8.94
8.28
7.80
7.42
7.04
6.59
6.06
5.46
4.87
4.31
3.75
3.11
2.25
1.13
-0.23
-1.70
-3.12
-4.36
-5.40
-6.30
-7.18
-8.14
-9.18
-10.27
-11.31
-12.21
-12.91
-13.39
-13.69
-13.91
-14.18
-14.62
-15.32
-16.27
-17.29
-18.09
-18.25
-17.41
-15.35
-12.18
-8.24
-4.08
-0.25
2.89
5.25
6.93
8.17
9.17
10.04
10.83
11.53
12.14
12.67
13.06
13.24
13.10
12.58
11.71
10.65
9.59
8.75
8.24
8.04
8.04
8.06
7.92
7.48
6.68
5.57
4.29
3.00
1.87
0.91
0.07
-0.78
-1.74
-2.81
-3.89
-4.84
-5.60
-6.19
-6.75
-7.43
-8.33
-9.44
-10.66
-11.85
-12.82
-13.36
-13.27
-12.39
-10.63
-8.08
-5.01
-1.80
1.14
3.52
5.25
6.40
7.15
7.68
8.10
8.43
8.65
8.73
8.66
8.49
8.25
8.00
7.71
7.39
7.01
6.61
6.21
5.86
5.56
5.29
4.93
4.40
3.61
2.52
1.15
-0.43
-2.12
-3.79
-5.28
-6.49
-7.31
-7.77
-7.98
-8.13
-8.39
-8.90
-9.64
-10.52
-11.39
-12.07
-12.45
-12.46
-12.10
-11.45
-10.67
-10.02
-9.71
-9.91
-10.54
-11.34
-11.82
-11.51
-10.07
-7.47
-3.99
-0.15
3.50
6.50
8.66
10.02
10.81
11.36
11.91
12.64
13.57
14.61
15.59
16.33
16.62
16.39
15.62
14.44
13.08
11.80
10.82
10.21
9.97
9.98
10.09
10.17
10.09
9.77
9.14
8.19
6.99
5.66
4.34
3.16
2.16
1.28
0.40
-0.57
-1.69
-2.88
-4.04
-5.04
-5.83
-6.40
-6.85
-7.32
-7.97
-8.92
-10.27
-12.05
-14.22
-16.62
-18.94
-20.75
-21.59
-21.10
-19.21
-16.19
-12.59
-9.06
-6.10
-3.94
-2.51
-1.56
-0.83
-0.10
0.78
1.91
3.36
5.10
6.90
8.41
9.27
9.24
8.41
7.11
5.85
5.04
4.88
5.32
6.11
6.96
7.62
7.95
7.86
7.32
6.34
5.01
3.52
2.11
1.03
0.38
0.06
-0.14
-0.44
-0.99
-1.76
-2.63
-3.47
-4.25
-5.09
-6.22
-7.79
-9.79
-11.98
-13.90
-15.03
-14.96
-13.50
-10.81
-7.31
-3.60
-0.22
2.45
4.33
5.56
6.40
7.06
7.66
8.24
8.78
9.25
9.65
9.96
10.14
10.12
9.85
9.33
8.67
7.99
7.45
7.13
7.05
7.17
7.41
7.64
7.80
7.82
7.73
7.55
7.33
7.05
6.63
5.95
4.91
3.51
1.84
0.05
-1.67
-3.16
-4.36
-5.30
-6.06
-6.77
-7.59
-8.62
-9.92
-11.47
-13.16
-14.76
-15.95
-16.36
-15.73
-14.00
-11.40
-8.37
-5.43
-3.01
-1.30
-0.23
0.49
1.14
1.94
2.93
4.02
5.08
5.94
6.52
6.78
6.75
6.45
5.89
5.12
4.16
3.11
2.07
1.18
0.51
0.08
-0.20
-0.50
-1.01
-1.86
-3.05
-4.48
-5.95
-7.29
-8.40
-9.29
-10.01
-10.68
-11.38
-12.16
-13.02
-13.89
-14.63
-15.05
-14.98
-14.40
-13.40
-12.26
-11.33
-10.92
-11.20
-12.14
-13.46
-14.64
-15.08
-14.27
-11.96
-8.35
-4.03
0.23
3.72
6.07
7.32
7.78
7.92
8.10
8.53
9.27
10.28
11.45
12.64
13.68
14.38
14.71
14.71
14.55
14.42
14.41
14.51
14.62
14.67
14.67
14.69
14.81
14.99
15.11
14.94
14.32
13.21
11.72
10.06
8.46
7.07
5.89
4.79
3.56
1.99
-0.09
-2.76
-5.99
-9.61
-13.33
-16.76
-19.56
-21.55
-22.85
-23.84
-25.00
-26.69
-28.89
-31.17
-32.80
-33.06
-31.53
-28.24
-23.60
-18.24
-12.75
-7.52
-2.71
1.62
5.48
8.77
11.34
13.06
13.97
14.36
14.71
15.57
17.26
19.68
22.33
24.48
25.49
25.18
23.90
22.37
21.39
21.47
22.69
24.70
26.85
28.41
28.65
26.97
22.97
16.65
8.53
-0.35
-8.65
-15.11
-19.02
-20.37
-19.78
-18.20
-16.49
-15.22
-14.62
-14.76
-15.63
-17.19
-19.23
-21.30
-22.72
-22.76
-21.02
-17.56
-12.98
-8.17
-3.98
-0.97
0.83
1.74
2.29
2.94
3.96
5.36
6.96
8.55
10.01
11.31
12.50
13.64
14.66
15.43
15.77
15.55
14.76
13.57
12.22
10.92
9.84
8.98
8.24
7.45
6.40
4.96
3.05
0.75
-1.80
-4.39
-6.85
-9.06
-11.01
-12.66
-13.94
-14.71
-14.90
-14.50
-13.71
-12.85
-12.27
-12.23
-12.82
-13.99
-15.54
-17.17
-18.51
-19.10
-18.52
-16.49
-13.01
-8.42
-3.32
1.59
5.77
8.96
11.20
12.77
14.00
15.14
16.32
17.54
18.67
19.55
20.02
20.00
19.49
18.60
17.50
16.38
15.37
14.58
14.07
13.86
13.97
14.35
14.87
15.33
15.53
15.32
14.65
13.62
12.35
10.98
9.58
8.21
6.91
5.69
4.56
3.46
2.29
0.92
-0.70
-2.51
-4.32
-5.90
-7.12
-7.98
-8.68
-9.46
-10.61
-12.29
-14.51
-17.08
-19.67
-21.83
-23.06
-22.99
-21.45
-18.58
-14.79
-10.70
-6.93
-3.95
-1.96
-0.88
-0.45
-0.31
-0.18
0.15
0.72
1.49
2.32
3.01
3.41
3.35
2.71
1.46
-0.35
-2.53
-4.76
-6.70
-8.03
-8.61
-8.49
-7.89
-7.11
-6.44
-6.04
-5.94
-6.08
-6.34
-6.56
-6.62
-6.46
-6.11
-5.66
-5.25
-5.02
-5.05
-5.31
-5.73
-6.18
-6.56
-6.82
-7.00
-7.15
-7.36
-7.70
-8.26
-9.06
-10.05
-11.01
-11.65
-11.67
-10.84
-9.15
-6.81
-4.21
-1.76
0.23
1.67
2.69
3.50
4.32
5.26
6.32
7.41
8.42
9.29
9.97
10.45
10.73
10.78
10.58
10.10
9.41
8.60
7.86
7.36
7.22
7.41
7.79
8.11
8.16
7.79
7.05
6.08
5.10
4.22
3.51
2.92
2.36
1.78
1.14
0.48
-0.20
-0.90
-1.68
-2.62
-3.80
-5.24
-6.85
-8.42
-9.65
-10.25
-10.03
-8.98
-7.24
-5.07
-2.75
-0.53
1.38
2.81
3.67
3.96
3.84
3.55
3.35
3.43
3.83
4.40
4.94
5.22
5.11
4.61
3.84
2.96
2.15
1.54
1.21
1.16
1.32
1.55
1.70
1.63
1.28
0.68
-0.02
-0.67
-1.12
-1.42
-1.70
-2.17
-2.97
-4.08
-5.29
-6.34
-7.05
-7.40
-7.53
-7.70
-8.11
-8.88
-9.97
-11.29
-12.70
-13.98
-14.89
-15.15
-14.52
-12.96
-10.60
-7.79
-4.88
-2.05
0.68
3.53
6.66
10.06
13.40
16.14
17.76
18.00
16.96
15.12
13.13
11.57
10.71
10.53
10.76
11.09
11.31
11.41
11.44
11.49
11.57
11.61
11.51
11.21
10.63
9.70
8.36
6.61
4.58
2.48
0.56
-1.06
-2.38
-3.57
-4.74
-5.91
-6.89
-7.44
-7.41
-6.83
-5.93
-5.07
-4.58
-4.67
-5.33
-6.35
-7.29
-7.67
-7.09
-5.41
-2.83
0.21
3.18
5.66
7.48
8.61
9.13
9.06
8.44
7.32
5.94
4.60
3.66
3.35
3.63
4.24
4.78
4.95
4.63
3.97
3.30
2.94
3.10
3.77
4.71
5.60
6.11
6.02
5.30
4.06
2.51
0.84
-0.80
-2.37
-3.88
-5.36
-6.83
-8.30
-9.73
-11.15
-12.57
-14.05
-15.61
-17.27
-18.92
-20.37
-21.35
-21.55
-20.71
-18.66
-15.46
-11.32
-6.63
-1.81
2.73
6.75
10.15
12.98
15.35
17.37
19.08
20.42
21.32
21.69
21.51
20.82
19.66
18.11
16.17
13.86
11.27
8.53
5.84
3.39
1.34
-0.29
-1.52
-2.40
-2.98
-3.29
-3.35
-3.23
-3.07
-3.06
-3.36
-4.04
-5.01
-6.02
-6.82
-7.17
-7.01
-6.47
-5.79
-5.22
-4.93
-4.99
-5.40
-6.10
-7.02
-8.02
-8.88
-9.25
-8.82
-7.41
-5.12
-2.35
0.35
2.51
3.87
4.51
4.72
4.83
5.05
5.42
5.85
6.22
6.45
6.55
6.52
6.37
6.01
5.38
4.47
3.36
2.24
1.32
0.74
0.50
0.46
0.46
0.32
-0.01
-0.51
-1.09
-1.68
-2.28
-2.94
-3.77
-4.88
-6.29
-7.92
-9.60
-11.10
-12.23
-12.91
-13.22
-13.35
-13.54
-14.00
-14.77
-15.80
-16.90
-17.76
-18.07
-17.46
-15.72
-12.79
-8.88
-4.46
-0.08
3.78
6.86
9.10
10.62
11.58
12.16
12.52
12.78
13.01
13.20
13.21
12.85
11.96
10.52
8.66
6.68
4.87
3.49
2.60
2.18
2.08
2.11
2.13
1.99
1.64
1.09
0.40
-0.34
-1.07
-1.72
-2.30
-2.83
-3.34
-3.85
-4.34
-4.80
-5.23
-5.63
-6.00
-6.39
-6.79
-7.20
-7.65
-8.19
-8.89
-9.78
-10.75
-11.56
-11.84
-11.29
-9.78
-7.49
-4.81
-2.20
0.02
1.77
3.14
4.34
5.47
6.52
7.38
7.95
8.23
8.27
8.18
8.01
7.73
7.32
6.74
6.07
5.44
4.98
4.78
4.83
5.03
5.26
5.37
5.30
5.02
4.53
3.88
3.11
2.29
1.46
0.64
-0.19
-1.02
-1.86
-2.68
-3.45
-4.14
-4.77
-5.41
-6.14
-7.04
-8.13
-9.32
-10.38
-11.02
-10.93
-9.88
-7.85
-5.02
-1.83
1.24
3.73
5.42
6.32
6.66
6.73
6.79
6.91
7.04
7.04
6.85
6.49
6.03
5.59
5.19
4.81
4.42
4.06
3.83
3.87
4.24
4.86
5.54
6.04
6.20
6.03
5.62
5.11
4.57
3.92
3.02
1.75
0.09
-1.83
-3.76
-5.44
-6.66
-7.33
-7.53
-7.47
-7.45
-7.81
-8.77
-10.45
-12.71
-15.21
-17.45
-18.87
-19.04
-17.72
-15.00
-11.29
-7.17
-3.30
-0.17
2.02
3.37
4.24
5.00
5.92
7.08
8.35
9.50
10.37
10.91
11.11
11.02
10.65
9.98
9.06
8.03
7.11
6.55
6.46
6.76
7.19
7.46
7.33
6.72
5.73
4.51
3.26
2.11
1.15
0.40
-0.20
-0.79
-1.51
-2.50
-3.80
-5.30
-6.83
-8.17
-9.22
-10.01
-10.73
-11.66
-13.03
-14.92
-17.12
-19.17
-20.46
-20.42
-18.76
-15.64
-11.55
-7.19
-3.22
-0.04
2.28
3.87
5.00
5.87
6.63
7.33
8.01
8.66
9.26
9.73
9.97
9.89
9.39
8.49
7.31
6.05
4.99
4.39
4.44
5.14
6.29
7.57
8.57
8.92
8.44
7.13
5.21
3.03
0.94
-0.80
-2.06
-2.85
-3.27
-3.48
-3.57
-3.62
-3.67
-3.72
-3.79
-3.89
-4.05
-4.34
-4.82
-5.62
-6.83
-8.47
-10.41
-12.30
-13.69
-14.12
-13.26
-11.12
-8.00
-4.47
-1.11
1.65
3.69
5.12
6.23
7.30
8.47
9.72
10.93
11.97
12.78
13.33
13.63
13.70
13.49
13.00
12.28
11.46
10.69
10.11
9.72
9.43
9.06
8.49
7.68
6.74
5.86
5.22
4.88
4.74
4.57
4.11
3.24
2.00
0.62
-0.59
-1.43
-1.85
-2.03
-2.24
-2.79
-3.87
-5.54
-7.67
-9.98
-12.09
-13.58
-14.10
-13.49
-11.83
-9.43
-6.75
-4.23
-2.18
-0.74
0.13
0.58
0.78
0.91
1.09
1.39
1.81
2.27
2.66
2.85
2.75
2.36
1.74
1.03
0.38
-0.09
-0.29
-0.20
0.15
0.69
1.25
1.70
1.87
1.67
1.08
0.20
-0.78
-1.63
-2.22
-2.54
-2.74
-3.05
-3.62
-4.47
-5.43
-6.23
-6.70
-6.81
-6.78
-6.90
-7.42
-8.40
-9.74
-11.26
-12.79
-14.20
-15.31
-15.84
-15.39
-13.64
-10.45
-6.09
-1.19
3.48
7.24
9.81
11.30
12.11
12.64
13.10
13.44
13.47
13.02
12.06
10.73
9.29
7.92
6.72
5.69
4.76
3.94
3.26
2.79
2.56
2.52
2.58
2.63
2.61
2.52
2.38
2.23
2.07
1.86
1.54
1.03
0.32
-0.56
-1.54
-2.53
-3.44
-4.21
-4.82
-5.28
-5.63
-5.94
-6.33
-6.94
-7.88
-9.22
-10.92
-12.83
-14.64
-16.00
-16.50
-15.87
-14.05
-11.21
-7.77
-4.21
-0.97
1.67
3.66
5.12
6.24
7.16
7.97
8.68
9.28
9.81
10.29
10.77
11.22
11.59
11.77
11.68
11.32
10.74
10.08
9.48
9.05
8.83
8.72
8.58
8.24
7.59
6.64
5.50
4.36
3.37
2.63
2.09
1.63
1.08
0.31
-0.73
-1.97
-3.28
-4.48
-5.43
-6.08
-6.48
-6.78
-7.21
-7.98
-9.20
-10.77
-12.43
-13.75
-14.29
-13.72
-11.90
-9.04
-5.53
-1.91
1.34
3.92
5.80
7.15
8.24
9.31
10.49
11.75
12.93
13.83
14.30
14.25
13.68
12.69
11.44
10.11
8.91
7.97
7.34
6.96
6.68
6.31
5.72
4.84
3.72
2.50
1.26
0.07
-1.06
-2.18
-3.34
-4.55
-5.85
-7.25
-8.76
-10.31
-11.78
-13.04
-13.99
-14.65
-15.18
-15.85
-16.87
-18.31
-19.98
-21.47
-22.28
-22.01
-20.49
-17.84
-14.40
-10.66
-7.04
-3.85
-1.21
0.93
2.75
4.44
6.14
7.91
9.70
11.39
12.86
13.96
14.61
14.77
14.48
13.82
12.96
12.10
11.42
11.05
11.01
11.21
11.46
11.56
11.34
10.71
9.74
8.59
7.50
6.66
6.15
5.84
5.53
4.94
3.97
2.63
1.10
-0.39
-1.71
-2.84
-3.89
-5.00
-6.34
-8.02
-10.10
-12.55
-15.16
-17.57
-19.29
-19.86
-19.01
-16.82
-13.66
-10.12
-6.79
-4.10
-2.25
-1.17
-0.61
-0.22
0.32
1.18
2.38
3.75
5.02
5.97
6.46
6.55
6.35
6.04
5.76
5.63
5.72
6.07
6.70
7.55
8.51
9.39
10.02
10.25
10.06
9.54
8.92
8.43
8.23
8.31
8.43
8.30
7.68
6.50
4.88
3.08
1.31
-0.29
-1.80
-3.35
-5.11
-7.13
-9.40
-11.83
-14.22
-16.35
-17.89
-18.52
-17.96
-16.15
-13.30
-9.86
-6.41
-3.50
-1.45
-0.29
0.20
0.38
0.65
1.27
2.34
3.77
5.31
6.65
7.51
7.71
7.26
6.30
5.10
3.96
3.12
2.71
2.72
3.00
3.33
3.43
3.10
2.22
0.83
-0.88
-2.67
-4.29
-5.60
-6.59
-7.35
-8.05
-8.81
-9.69
-10.61
-11.45
-12.07
-12.45
-12.67
-12.96
-13.56
-14.60
-16.00
-17.38
-18.22
-17.97
-16.36
-13.47
-9.74
-5.81
-2.25
0.60
2.73
4.32
5.64
6.88
8.10
9.26
10.28
11.09
11.63
11.88
11.81
11.45
10.85
10.09
9.29
8.56
7.97
7.59
7.44
7.50
7.71
7.89
7.85
7.45
6.67
5.65
4.61
3.79
3.26
2.96
2.66
2.13
1.21
-0.09
-1.59
-3.04
-4.24
-5.09
-5.66
-6.11
-6.66
-7.47
-8.65
-10.15
-11.78
-13.22
-14.03
-13.82
-12.37
-9.76
-6.39
-2.83
0.36
2.85
4.58
5.79
6.77
7.79
8.91
10.04
11.01
11.65
11.87
11.72
11.27
10.64
9.89
9.00
7.95
6.73
5.44
4.28
3.48
3.17
3.35
3.78
4.12
4.05
3.39
2.20
0.70
-0.82
-2.15
-3.23
-4.15
-5.08
-6.14
-7.33
-8.55
-9.65
-10.52
-11.18
-11.71
-12.22
-12.78
-13.44
-14.23
-15.22
-16.44
-17.82
-19.07
-19.71
-19.23
-17.31
-13.97
-9.67
-5.10
-0.95
2.35
4.72
6.38
7.72
9.09
10.69
12.54
14.51
16.38
17.87
18.71
18.70
17.74
15.89
13.39
10.62
8.02
5.94
4.58
3.97
4.00
4.49
5.25
6.10
6.86
7.34
7.40
6.96
6.12
5.05
3.98
3.05
2.26
1.46
0.46
-0.88
-2.56
-4.41
-6.20
-7.71
-8.87
-9.79
-10.69
-11.82
-13.33
-15.20
-17.17
-18.85
-19.76
-19.54
-18.01
-15.33
-11.88
-8.22
-4.89
-2.25
-0.36
0.96
2.01
3.08
4.30
5.63
6.94
8.09
8.99
9.60
9.93
9.98
9.75
9.25
8.52
7.66
6.84
6.23
5.96
6.06
6.42
6.83
7.08
6.99
6.50
5.69
4.67
3.56
2.40
1.17
-0.12
-1.45
-2.74
-3.90
-4.88
-5.69
-6.43
-7.22
-8.19
-9.42
-10.91
-12.59
-14.26
-15.64
-16.41
-16.26
-15.01
-12.67
-9.49
-5.90
-2.41
0.58
2.87
4.53
5.85
7.14
8.59
10.23
11.89
13.38
14.53
15.28
15.61
15.49
14.92
13.89
12.52
11.04
9.73
8.83
8.41
8.34
8.42
8.40
8.12
7.52
6.60
5.45
4.14
2.80
1.55
0.50
-0.35
-1.13
-2.00
-3.16
-4.64
-6.33
-8.00
-9.43
-10.54
-11.40
-12.24
-13.33
-14.87
-16.89
-19.25
-21.59
-23.47
-24.44
-24.19
-22.63
-19.96
-16.58
-12.98
-9.56
-6.55
-3.98
-1.73
0.33
2.33
4.33
6.32
8.28
10.15
11.82
13.18
14.10
14.56
14.61
14.42
14.15
13.96
13.93
14.07
14.33
14.62
14.78
14.61
13.96
12.72
10.92
8.78
6.60
4.67
3.16
2.02
1.09
0.11
-1.07
-2.51
-4.12
-5.76
-7.29
-8.61
-9.71
-10.65
-11.52
-12.48
-13.69
-15.28
-17.36
-19.81
-22.31
-24.36
-25.39
-25.03
-23.25
-20.45
-17.30
-14.54
-12.70
-11.99
-12.31
-13.27
-14.37
-15.05
-14.85
-13.47
-10.90
-7.42
-3.55
0.11
3.06
5.07
6.18
6.67
6.90
7.19
7.72
8.51
9.44
10.33
11.05
11.58
12.02
12.49
13.02
13.52
13.79
13.64
13.02
12.11
11.23
10.72
10.75
11.31
12.15
12.97
13.48
13.50
12.98
11.98
10.64
9.19
8.00
7.50
8.14
10.17
13.52
17.79
22.35
26.54
29.89
32.22
33.56
34.14
34.19
33.95
33.60
33.27
33.02
32.85
32.67
32.35
31.71
30.56
28.69
25.91
22.07
17.18
11.54
5.72
0.42
-3.78
-6.68
-8.50
-9.72
-10.76
-11.75
-12.48
-12.61
-12.08
-11.27
-10.95
-11.91
-14.38
-17.90
-21.39
-23.73
-24.35
-23.53
-22.18
-21.37
-21.71
-23.06
-24.70
-25.88
-26.26
-26.12
-26.09
-26.72
-28.07
-29.63
-30.68
-30.73
-29.95
-29.12
-29.27
-31.13
-34.71
-39.22
-43.47
-46.35
-47.28
-46.25
-43.49
-39.10
-32.88
-24.59
-14.37
-3.07
7.88
16.99
23.33
26.89
28.29
28.28
27.21
24.93
21.04
15.45
8.71
1.95
-3.50
-6.61
-7.03
-5.08
-1.64
2.24
5.63
7.96
9.10
9.26
8.78
7.96
6.93
5.74
4.51
3.50
3.10
3.59
4.96
6.77
8.35
9.06
8.61
7.17
5.27
3.48
2.08
0.96
-0.29
-2.11
-4.67
-7.74
-10.81
-13.27
-14.68
-14.81
-13.61
-11.08
-7.21
-2.09
4.02
10.58
16.87
22.16
25.98
28.22
29.04
28.75
27.54
25.49
22.65
19.16
15.36
11.70
8.60
6.24
4.48
2.98
1.37
-0.51
-2.55
-4.44
-5.84
-6.55
-6.64
-6.36
-5.97
-5.66
-5.47
-5.33
-5.13
-4.83
-4.37
-3.68
-2.68
-1.29
0.40
2.06
3.17
3.13
1.58
-1.46
-5.54
-9.90
-13.79
-16.66
-18.29
-18.72
-18.13
-16.68
-14.50
-11.68
-8.36
-4.74
-1.08
2.36
5.44
8.08
10.27
11.97
13.11
13.59
13.33
12.31
10.63
8.48
6.13
3.86
1.95
0.57
-0.21
-0.48
-0.41
-0.27
-0.25
-0.45
-0.82
-1.20
-1.44
-1.49
-1.46
-1.54
-1.92
-2.67
-3.67
-4.58
-5.02
-4.68
-3.50
-1.71
0.21
1.73
2.36
1.89
0.41
-1.73
-3.98
-5.76
-6.66
-6.56
-5.63
-4.28
-2.95
-1.95
-1.31
-0.73
0.29
2.29
5.66
10.47
16.44
22.96
29.22
34.37
37.72
38.85
37.70
34.52
29.75
23.99
17.84
11.84
6.40
1.76
-2.10
-5.33
-8.21
-10.98
-13.77
-16.51
-18.98
-20.94
-22.19
-22.69
-22.59
-22.18
-21.79
-21.75
-22.23
-23.23
-24.54
-25.80
-26.55
-26.40
-25.10
-22.60
-19.14
-15.13
-11.08
-7.48
-4.66
-2.69
-1.41
-0.53
0.31
1.38
2.77
4.44
6.19
7.83
9.17
10.11
10.60
10.71
10.53
10.19
9.83
9.57
9.50
9.62
9.90
10.23
10.46
10.45
10.07
9.30
8.23
7.05
5.98
5.18
4.65
4.25
3.76
2.94
1.68
0.08
-1.61
-3.11
-4.21
-4.88
-5.30
-5.73
-6.43
-7.52
-8.94
-10.49
-11.87
-12.79
-12.97
-12.20
-10.44
-7.80
-4.61
-1.33
1.56
3.75
5.16
5.97
6.52
7.11
7.89
8.79
9.61
10.12
10.17
9.77
9.05
8.20
7.39
6.70
6.15
5.69
5.29
4.95
4.66
4.44
4.24
4.01
3.71
3.31
2.81
2.24
1.59
0.86
0.01
-0.97
-2.08
-3.26
-4.41
-5.44
-6.28
-6.94
-7.49
-8.12
-8.99
-10.25
-11.82
-13.44
-14.72
-15.19
-14.56
-12.79
-10.13
-7.05
-4.06
-1.58
0.23
1.42
2.24
2.98
3.82
4.85
5.97
7.03
7.91
8.50
8.76
8.67
8.16
7.18
5.75
4.06
2.41
1.13
0.47
0.46
0.88
1.38
1.62
1.36
0.53
-0.79
-2.45
-4.27
-6.11
-7.75
-8.99
-9.60
-9.40
-8.40
-6.73
-4.65
-2.48
-0.50
1.09
2.16
2.62
2.41
1.50
-0.06
-2.08
-4.20
-5.97
-6.89
-6.61
-5.02
-2.32
1.02
4.34
7.06
8.85
9.71
9.96
10.04
10.29
10.86
11.65
12.46
13.06
13.30
13.16
12.64
11.81
10.73
9.52
8.32
7.34
6.72
6.51
6.61
6.83
6.91
6.69
6.13
5.31
4.39
3.50
2.72
2.04
1.43
0.81
0.15
-0.59
-1.41
-2.35
-3.41
-4.59
-5.82
-7.00
-8.03
-8.79
-9.27
-9.54
-9.74
-10.09
-10.78
-11.88
-13.27
-14.63
-15.49
-15.41
-14.15
-11.75
-8.57
-5.13
-1.92
0.71
2.68
4.08
5.09
5.84
6.39
6.76
6.97
7.10
7.25
7.47
7.75
7.97
8.00
7.75
7.23
6.56
5.88
5.34
5.01
4.92
5.01
5.22
5.46
5.65
5.70
5.54
5.11
4.36
3.29
1.95
0.45
-1.03
-2.28
-3.15
-3.59
-3.70
-3.72
-3.94
-4.64
-5.99
-8.02
-10.57
-13.28
-15.70
-17.33
-17.76
-16.82
-14.60
-11.50
-8.08
-4.93
-2.43
-0.69
0.45
1.29
2.11
3.04
4.11
5.23
6.31
7.31
8.14
8.72
8.92
8.64
7.91
6.95
6.05
5.52
5.51
5.96
6.63
7.24
7.53
7.39
6.81
5.89
4.79
3.65
2.62
1.80
1.26
1.01
0.95
0.85
0.45
-0.50
-2.03
-3.97
-5.91
-7.43
-8.24
-8.38
-8.17
-8.09
-8.55
-9.73
-11.54
-13.68
-15.74
-17.30
-17.94
-17.36
-15.45
-12.39
-8.65
-4.86
-1.65
0.62
1.91
2.49
2.79
3.22
4.03
5.26
6.80
8.40
9.79
10.68
10.94
10.52
9.58
8.38
7.20
6.29
5.77
5.67
5.91
6.35
6.79
7.03
6.86
6.18
5.03
3.63
2.29
1.35
0.97
1.08
1.40
1.49
1.00
-0.22
-2.04
-4.10
-5.96
-7.28
-7.92
-8.00
-7.83
-7.78
-8.20
-9.27
-11.03
-13.28
-15.64
-17.51
-18.31
-17.55
-15.10
-11.24
-6.68
-2.28
1.19
3.30
4.08
3.95
3.51
3.35
3.88
5.17
7.08
9.24
11.24
12.72
13.48
13.44
12.70
11.45
9.97
8.53
7.42
6.81
6.78
7.24
7.93
8.52
8.68
8.19
7.04
5.40
3.60
2.00
0.80
0.08
-0.28
-0.49
-0.74
-1.19
-1.94
-3.01
-4.39
-6.01
-7.70
-9.26
-10.50
-11.31
-11.77
-12.09
-12.55
-13.35
-14.46
-15.64
-16.46
-16.47
-15.40
-13.24
-10.24
-6.80
-3.34
-0.20
2.44
4.52
6.05
7.04
7.58
7.77
7.74
7.66
7.63
7.72
7.91
8.17
8.42
8.55
8.45
8.09
7.50
6.75
5.99
5.31
4.79
4.43
4.21
4.09
4.08
4.13
4.16
3.99
3.43
2.35
0.74
-1.26
-3.37
-5.26
-6.68
-7.48
-7.71
-7.62
-7.55
-7.87
-8.84
-10.52
-12.70
-14.94
-16.62
-17.18
-16.23
-13.73
-9.98
-5.61
-1.33
2.20
4.62
5.91
6.37
6.48
6.69
7.27
8.21
9.35
10.43
11.26
11.76
11.90
11.70
11.15
10.24
9.05
7.79
6.74
6.14
6.12
6.57
7.23
7.74
7.81
7.32
6.32
5.03
3.69
2.50
1.53
0.68
-0.21
-1.30
-2.63
-4.07
-5.41
-6.43
-7.07
-7.41
-7.69
-8.14
-8.95
-10.22
-11.97
-14.07
-16.28
-18.13
-19.09
-18.67
-16.65
-13.24
-9.02
-4.78
-1.22
1.27
2.74
3.51
4.00
4.58
5.42
6.54
7.88
9.31
10.66
11.74
12.38
12.44
11.90
10.89
9.61
8.34
7.30
6.67
6.51
6.80
7.38
8.06
8.59
8.76
8.38
7.44
6.03
4.38
2.72
1.28
0.18
-0.57
-1.06
-1.45
-1.88
-2.46
-3.28
-4.33
-5.55
-6.83
-8.08
-9.19
-10.18
-11.10
-12.08
-13.20
-14.45
-15.68
-16.63
-16.96
-16.44
-14.94
-12.55
-9.48
-6.07
-2.65
0.49
3.16
5.27
6.85
7.98
8.79
9.38
9.85
10.21
10.48
10.63
10.62
10.47
10.19
9.86
9.58
9.44
9.46
9.56
9.59
9.40
8.86
8.01
6.97
5.91
4.95
4.14
3.47
2.90
2.38
1.90
1.39
0.76
-0.07
-1.17
-2.53
-4.03
-5.51
-6.81
-7.84
-8.59
-9.15
-9.62
-10.14
-10.84
-11.77
-12.93
-14.23
-15.49
-16.42
-16.73
-16.19
-14.70
-12.37
-9.45
-6.32
-3.33
-0.72
1.42
3.12
4.50
5.64
6.58
7.33
7.83
8.06
8.06
7.92
7.78
7.73
7.79
7.90
7.93
7.83
7.61
7.38
7.24
7.20
7.12
6.82
6.15
5.14
3.96
2.86
2.03
1.49
1.11
0.68
0.05
-0.82
-1.83
-2.88
-3.87
-4.82
-5.80
-6.88
-8.03
-9.17
-10.26
-11.29
-12.36
-13.55
-14.82
-15.91
-16.40
-15.88
-14.16
-11.41
-8.09
-4.78
-1.94
0.22
1.79
2.98
4.05
5.16
6.36
7.64
8.91
10.08
11.02
11.60
11.75
11.45
10.77
9.88
8.99
8.29
7.91
7.81
7.88
7.93
7.83
7.55
7.13
6.61
6.02
5.32
4.46
3.45
2.40
1.45
0.70
0.14
-0.37
-0.98
-1.82
-2.93
-4.21
-5.57
-6.90
-8.16
-9.32
-10.38
-11.37
-12.33
-13.36
-14.53
-15.85
-17.19
-18.25
-18.61
-17.89
-15.89
-12.69
-8.70
-4.54
-0.83
1.99
3.80
4.78
5.29
5.74
6.39
7.37
8.60
9.94
11.19
12.16
12.71
12.77
12.37
11.62
10.75
9.94
9.37
9.08
9.05
9.22
9.48
9.73
9.83
9.60
8.90
7.69
6.12
4.42
2.88
1.65
0.74
-0.05
-0.94
-2.09
-3.52
-5.17
-6.87
-8.45
-9.79
-10.74
-11.22
-11.26
-10.99
-10.76
-10.93
-11.83
-13.50
-15.65
-17.73
-19.05
-19.07
-17.57
-14.69
-10.86
-6.65
-2.59
0.88
3.54
5.35
6.51
7.30
8.04
8.95
10.11
11.40
12.66
13.69
14.37
14.65
14.49
13.90
12.92
11.67
10.35
9.18
8.36
7.94
7.84
7.90
7.94
7.84
7.53
6.97
6.12
4.99
3.60
2.02
0.41
-1.07
-2.28
-3.16
-3.76
-4.24
-4.76
-5.48
-6.40
-7.45
-8.52
-9.49
-10.35
-11.18
-12.10
-13.22
-14.56
-16.00
-17.31
-18.19
-18.31
-17.42
-15.44
-12.52
-8.98
-5.25
-1.74
1.29
3.77
5.78
7.47
8.97
10.33
11.50
12.38
12.88
12.98
12.72
12.26
11.73
11.32
11.12
11.21
11.57
12.16
12.87
13.54
14.05
14.32
14.36
14.22
13.98
13.67
13.26
12.69
11.90
10.87
9.58
8.01
6.08
3.69
0.80
-2.49
-5.91
-9.11
-11.73
-13.63
-14.87
-15.78
-16.77
-18.22
-20.26
-22.66
-24.92
-26.34
-26.35
-24.69
-21.59
-17.63
-13.58
-10.11
-7.56
-5.93
-5.00
-4.51
-4.29
-4.31
-4.60
-5.06
-5.52
-5.71
-5.45
-4.73
-3.71
-2.61
-1.65
-0.86
-0.14
0.71
1.82
3.24
4.80
6.26
7.32
7.78
7.61
6.89
5.83
4.64
3.49
2.49
1.71
1.24
1.21
1.69
2.68
4.00
5.35
6.40
6.90
6.72
5.87
4.39
2.33
-0.28
-3.36
-6.68
-9.85
-12.38
-13.79
-13.73
-12.16
-9.29
-5.56
-1.51
2.37
5.76
8.53
10.77
12.64
14.34
15.97
17.55
19.01
20.26
21.23
21.88
22.18
22.10
21.59
20.59
19.10
17.07
14.42
11.03
6.85
2.05
-2.92
-7.35
-10.53
-12.00
-11.74
-10.19
-8.00
-5.82
-4.10
-3.14
-3.16
-4.34
-6.81
-10.40
-14.63
-18.75
-21.95
-23.68
-23.82
-22.73
-21.04
-19.43
-18.43
-18.27
-18.88
-19.97
-21.08
-21.75
-21.53
-20.13
-17.45
-13.64
-9.08
-4.30
0.16
3.85
6.62
8.58
10.03
11.33
12.77
14.41
16.16
17.82
19.21
20.21
20.79
21.02
20.98
20.80
20.68
20.86
21.58
22.99
25.06
27.49
29.82
31.47
31.97
31.09
28.94
25.88
22.50
19.36
16.90
15.28
14.41
13.94
13.44
12.50
10.88
8.60
5.90
3.14
0.67
-1.36
-2.98
-4.45
-6.07
-8.06
-10.38
-12.75
-14.70
-15.75
-15.61
-14.27
-12.00
-9.26
-6.57
-4.31
-2.71
-1.82
-1.56
-1.78
-2.29
-2.93
-3.58
-4.20
-4.79
-5.41
-6.05
-6.66
-7.17
-7.55
-7.84
-8.18
-8.66
-9.30
-9.99
-10.57
-10.95
-11.18
-11.38
-11.67
-12.06
-12.42
-12.60
-12.54
-12.34
-12.20
-12.30
-12.70
-13.31
-13.97
-14.57
-15.10
-15.65
-16.40
-17.49
-18.96
-20.67
-22.26
-23.24
-23.06
-21.28
-17.81
-12.99
-7.50
-2.19
2.26
5.55
7.82
9.49
10.98
12.50
14.01
15.28
16.07
16.30
16.03
15.36
14.39
13.14
11.62
9.90
8.14
6.57
5.34
4.48
3.87
3.31
2.64
1.77
0.70
-0.52
-1.86
-3.33
-4.98
-6.80
-8.78
-10.81
-12.77
-14.52
-15.94
-17.02
-17.83
-18.49
-19.19
-20.09
-21.24
-22.52
-23.67
-24.28
-23.94
-22.37
-19.54
-15.65
-11.15
-6.56
-2.32
1.28
4.19
6.52
8.44
10.08
11.51
12.76
13.84
14.77
15.53
16.10
16.38
16.27
15.74
14.87
13.86
12.92
12.21
11.78
11.50
11.23
10.84
10.29
9.61
8.87
8.06
7.18
6.25
5.27
4.29
3.31
2.24
0.99
-0.52
-2.23
-3.99
-5.59
-6.86
-7.82
-8.61
-9.49
-10.70
-12.37
-14.44
-16.70
-18.81
-20.31
-20.80
-19.99
-17.85
-14.59
-10.59
-6.33
-2.22
1.44
4.49
6.91
8.76
10.21
11.41
12.53
13.62
14.62
15.39
15.80
15.82
15.53
15.05
14.47
13.86
13.22
12.55
11.90
11.31
10.84
10.47
10.13
9.69
9.06
8.19
7.14
6.00
4.90
3.88
2.97
2.09
1.18
0.15
-1.00
-2.26
-3.59
-4.91
-6.18
-7.37
-8.49
-9.60
-10.83
-12.29
-14.05
-16.04
-18.00
-19.50
-20.09
-19.46
-17.49
-14.37
-10.50
-6.42
-2.62
0.55
2.99
4.77
6.10
7.22
8.30
9.36
10.35
11.13
11.59
11.69
11.44
10.93
10.25
9.51
8.81
8.25
7.89
7.72
7.66
7.59
7.36
6.91
6.27
5.50
4.69
3.84
2.90
1.79
0.48
-0.95
-2.33
-3.50
-4.37
-4.99
-5.50
-6.08
-6.90
-8.07
-9.60
-11.45
-13.44
-15.29
-16.62
-17.05
-16.33
-14.42
-11.52
-8.04
-4.46
-1.19
1.51
3.58
5.11
6.28
7.30
8.32
9.38
10.40
11.21
11.69
11.77
11.47
10.90
10.16
9.34
8.51
7.75
7.11
6.61
6.25
5.97
5.68
5.33
4.89
4.37
3.74
3.00
2.11
1.05
-0.16
-1.47
-2.83
-4.19
-5.47
-6.63
-7.63
-8.47
-9.26
-10.17
-11.40
-13.09
-15.12
-17.16
-18.67
-19.11
-18.12
-15.70
-12.18
-8.11
-4.09
-0.56
2.29
4.47
6.15
7.56
8.88
10.21
11.55
12.81
13.87
14.56
14.77
14.49
13.80
12.84
11.79
10.80
10.01
9.49
9.29
9.36
9.61
9.85
9.90
9.62
8.96
7.95
6.72
5.40
4.14
3.08
2.26
1.64
1.13
0.59
-0.10
-0.98
-2.06
-3.26
-4.52
-5.79
-7.06
-8.29
-9.48
-10.65
-11.85
-13.23
-14.93
-16.99
-19.31
-21.54
-23.17
-23.68
-22.68
-20.09
-16.16
-11.40
-6.47
-1.96
1.76
4.56
6.53
7.91
8.96
9.88
10.78
11.64
12.36
12.80
12.83
12.40
11.54
10.38
9.11
7.92
6.92
6.17
5.61
5.16
4.72
4.24
3.71
3.17
2.63
2.09
1.51
0.83
-0.00
-0.96
-1.99
-3.02
-4.01
-4.98
-5.98
-7.07
-8.26
-9.50
-10.69
-11.71
-12.49
-13.00
-13.25
-13.32
-13.35
-13.51
-14.03
-15.02
-16.45
-17.99
-19.07
-19.00
-17.18
-13.33
-7.68
-0.86
6.24
12.74
18.03
21.87
24.32
25.69
26.37
26.71
26.97
27.28
27.69
28.11
28.40
28.35
27.78
26.56
24.65
22.06
18.90
15.32
11.59
8.03
5.03
2.89
1.72
1.36
1.43
1.43
1.00
0.04
-1.30
-2.72
-4.01
-5.15
-6.23
-7.40
-8.68
-9.96
-11.07
-11.91
-12.47
-12.88
-13.27
-13.72
-14.23
-14.79
-15.40
-16.07
-16.83
-17.67
-18.54
-19.42
-20.29
-21.11
-21.75
-21.96
-21.45
-19.97
-17.47
-14.16
-10.41
-6.64
-3.18
-0.17
2.36
4.41
6.00
7.08
7.61
7.63
7.25
6.68
6.14
5.80
5.69
5.77
5.90
5.97
5.95
5.87
5.87
6.05
6.43
6.93
7.39
7.67
7.70
7.48
7.02
6.33
5.32
3.95
2.26
0.39
-1.50
-3.24
-4.78
-6.17
-7.54
-8.96
-10.46
-12.02
-13.61
-15.18
-16.68
-17.95
-18.75
-18.79
-17.86
-15.94
-13.17
-9.88
-6.38
-2.97
0.23
3.18
5.90
8.42
10.73
12.74
14.33
15.43
16.02
16.18
16.07
15.82
15.52
15.12
14.55
13.73
12.69
11.50
10.29
9.18
8.20
7.32
6.48
5.63
4.73
3.77
2.77
1.70
0.57
-0.58
-1.71
-2.75
-3.66
-4.43
-5.14
-5.87
-6.70
-7.65
-8.66
-9.62
-10.41
-10.99
-11.39
-11.76
-12.25
-13.02
-14.14
-15.55
-17.12
-18.56
-19.59
-19.86
-19.12
-17.24
-14.30
-10.54
-6.38
-2.26
1.44
4.48
6.82
8.56
9.91
11.05
12.10
13.05
13.83
14.31
14.39
14.06
13.35
12.36
11.21
10.02
8.92
8.07
7.62
7.65
8.15
8.94
9.72
10.15
10.00
9.22
7.98
6.55
5.21
4.09
3.17
2.33
1.44
0.46
-0.57
-1.56
-2.47
-3.35
-4.31
-5.48
-6.91
-8.53
-10.16
-11.63
-12.83
-13.79
-14.65
-15.62
-16.85
-18.44
-20.37
-22.49
-24.55
-26.21
-27.04
-26.68
-24.90
-21.72
-17.40
-12.40
-7.26
-2.41
1.86
5.50
8.57
11.18
13.37
15.14
16.41
17.17
17.44
17.31
16.92
16.38
15.75
15.05
14.31
13.60
13.01
12.60
12.36
12.21
11.99
11.58
10.94
10.10
9.14
8.12
7.11
6.10
5.10
4.12
3.19
2.36
1.63
0.98
0.37
-0.24
-0.91
-1.69
-2.64
-3.78
-5.09
-6.46
-7.73
-8.81
-9.68
-10.49
-11.49
-12.89
-14.73
-16.82
-18.75
-20.06
-20.35
-19.41
-17.28
-14.18
-10.45
-6.46
-2.56
0.97
3.97
6.38
8.27
9.77
10.99
11.99
12.73
13.12
13.10
12.68
11.96
11.09
10.24
9.49
8.86
8.35
7.96
7.68
7.50
7.37
7.23
6.99
6.62
6.10
5.49
4.81
4.09
3.34
2.52
1.60
0.51
-0.76
-2.24
-3.85
-5.48
-6.96
-8.13
-8.95
-9.50
-9.97
-10.64
-11.70
-13.21
-15.06
-16.93
-18.39
-19.00
-18.45
-16.65
-13.76
-10.17
-6.34
-2.69
0.54
3.26
5.48
7.27
8.70
9.81
10.65
11.30
11.77
12.06
12.11
11.84
11.26
10.47
9.68
9.06
8.69
8.56
8.52
8.43
8.17
7.72
7.08
6.32
5.48
4.63
3.81
3.04
2.30
1.50
0.52
-0.72
-2.22
-3.89
-5.58
-7.13
-8.44
-9.52
-10.48
-11.48
-12.70
-14.25
-16.10
-18.07
-19.78
-20.83
-20.85
-19.63
-17.22
-13.92
-10.16
-6.39
-2.94
0.07
2.74
5.21
7.64
10.04
12.27
14.13
15.44
16.15
16.35
16.19
15.80
15.27
14.59
13.76
12.84
11.90
11.08
10.43
9.95
9.62
9.39
9.20
9.04
8.83
8.50
7.98
7.23
6.27
5.14
3.89
2.56
1.21
-0.08
-1.21
-2.15
-2.90
-3.60
-4.43
-5.54
-6.94
-8.54
-10.10
-11.45
-12.50
-13.36
-14.22
-15.30
-16.75
-18.53
-20.47
-22.30
-23.67
-24.25
-23.79
-22.14
-19.35
-15.65
-11.39
-7.01
-2.87
0.77
3.80
6.27
8.31
10.06
11.64
13.08
14.33
15.28
15.81
15.85
15.45
14.75
13.94
13.19
12.59
12.14
11.80
11.53
11.33
11.20
11.16
11.15
11.06
10.76
10.17
9.26
8.10
6.78
5.39
3.96
2.57
1.27
0.13
-0.83
-1.65
-2.45
-3.34
-4.38
-5.53
-6.73
-7.90
-9.04
-10.18
-11.35
-12.54
-13.75
-15.00
-16.36
-17.82
-19.26
-20.35
-20.70
-19.95
-17.97
-14.89
-11.07
-6.95
-2.92
0.75
3.89
6.46
8.46
9.99
11.16
12.08
12.83
13.41
13.78
13.87
13.71
13.33
12.84
12.32
11.80
11.25
10.58
9.79
8.93
8.16
7.64
7.48
7.62
7.85
7.91
7.60
6.83
5.69
4.32
2.88
1.48
0.19
-0.93
-1.81
-2.46
-2.95
-3.43
-4.10
-5.14
-6.56
-8.22
-9.86
-11.19
-12.11
-12.68
-13.20
-13.99
-15.27
-17.03
-18.94
-20.46
-21.06
-20.41
-18.44
-15.44
-11.83
-8.07
-4.53
-1.39
1.31
3.65
5.69
7.47
8.97
10.12
10.84
11.14
11.08
10.76
10.32
9.86
9.41
8.98
8.51
7.99
7.44
6.93
6.50
6.19
5.95
5.65
5.20
4.51
3.61
2.57
1.51
0.52
-0.39
-1.27
-2.21
-3.24
-4.36
-5.47
-6.43
-7.17
-7.71
-8.17
-8.73
-9.55
-10.69
-12.08
-13.52
-14.75
-15.46
-15.39
-14.38
-12.41
-9.62
-6.32
-2.84
0.48
3.43
5.93
8.06
9.91
11.57
13.05
14.29
15.18
15.64
15.65
15.27
14.63
13.90
13.19
12.53
11.86
11.10
10.22
9.34
8.62
8.25
8.26
8.52
8.75
8.66
8.09
7.08
5.80
4.47
3.23
2.10
1.06
0.05
-0.94
-1.92
-2.85
-3.77
-4.70
-5.71
-6.81
-7.96
-9.16
-10.41
-11.77
-13.33
-15.11
-16.97
-18.65
-19.72
-19.82
-18.70
-16.37
-13.08
-9.22
-5.26
-1.58
1.60
4.19
6.27
7.97
9.42
10.72
11.87
12.79
13.39
13.61
13.44
12.93
12.14
11.15
10.02
8.86
7.81
7.03
6.65
6.67
6.95
7.29
7.44
7.25
6.71
5.91
5.01
4.11
3.24
2.33
1.32
0.13
-1.21
-2.60
-3.94
-5.14
-6.18
-7.12
-8.07
-9.08
-10.14
-11.18
-12.14
-13.03
-13.95
-15.05
-16.44
-18.15
-20.05
-21.91
-23.49
-24.53
-24.88
-24.36
-22.88
-20.41
-17.01
-12.91
-8.51
-4.19
-0.29
3.06
5.92
8.45
10.79
12.98
14.92
16.51
17.61
18.23
18.42
18.29
17.93
17.39
16.70
15.93
15.17
14.56
14.18
14.04
14.02
13.96
13.68
13.11
12.24
11.15
9.91
8.58
7.19
5.73
4.24
2.79
1.43
0.23
-0.82
-1.77
-2.73
-3.77
-4.95
-6.27
-7.66
-9.03
-10.31
-11.46
-12.51
-13.54
-14.70
-16.09
-17.74
-19.58
-21.36
-22.73
-23.26
-22.61
-20.66
-17.54
-13.64
-9.45
-5.44
-1.89
1.13
3.70
5.94
7.92
9.65
11.09
12.22
13.05
13.63
13.97
14.06
13.87
13.40
12.70
11.89
11.10
10.43
9.89
9.46
9.11
8.80
8.51
8.19
7.82
7.33
6.67
5.86
4.91
3.87
2.76
1.61
0.48
-0.60
-1.58
-2.46
-3.31
-4.19
-5.16
-6.23
-7.31
-8.34
-9.25
-10.04
-10.80
-11.63
-12.65
-13.92
-15.40
-16.98
-18.41
-19.41
-19.69
-19.10
-17.62
-15.43
-12.79
-9.94
-7.05
-4.24
-1.58
0.87
3.05
4.90
6.38
7.50
8.24
8.60
8.56
8.13
7.38
6.43
5.44
4.62
4.15
4.13
4.56
5.29
6.11
6.78
7.11
7.07
6.74
6.24
5.68
5.09
4.45
3.72
2.96
2.25
1.67
1.23
0.80
0.25
-0.51
-1.46
-2.47
-3.38
-4.14
-4.82
-5.57
-6.56
-7.82
-9.21
-10.48
-11.32
-11.50
-10.89
-9.54
-7.59
-5.27
-2.81
-0.40
1.85
3.93
5.86
7.60
9.07
10.14
10.73
10.88
10.73
10.52
10.38
10.28
10.05
9.41
8.17
6.33
4.10
1.81
-0.18
-1.63
-2.44
-2.59
-2.13
-1.08
0.50
2.47
4.56
6.35
7.38
7.29
5.91
3.43
0.28
-2.98
-5.86
-8.12
-9.83
-11.29
-12.88
-14.89
-17.41
-20.30
-23.31
-26.09
-28.20
-29.21
-28.68
-26.29
-22.01
-16.14
-9.37
-2.64
3.17
7.46
10.09
11.42
12.09
12.78
13.93
15.66
17.72
19.68
21.11
21.73
21.48
20.49
19.02
17.32
15.67
14.26
13.30
12.96
13.31
14.36
15.94
17.76
19.44
20.66
21.20
20.96
19.90
17.96
15.01
11.04
6.24
1.17
-3.42
-6.82
-8.68
-9.22
-9.14
-9.34
-10.56
-13.09
-16.77
-21.08
-25.42
-29.28
-32.30
-34.31
-35.22
-35.06
-34.00
-32.31
-30.35
-28.41
-26.62
-24.87
-22.89
-20.40
-17.27
-13.58
-9.65
-5.78
-2.24
0.88
3.56
5.81
7.63
9.04
10.12
11.02
11.92
12.92
13.95
14.80
15.20
14.98
14.17
13.04
11.93
11.19
10.93
11.07
11.34
11.45
11.21
10.59
9.69
8.63
7.49
6.27
4.94
3.53
2.09
0.73
-0.50
-1.60
-2.65
-3.73
-4.84
-5.96
-7.02
-8.00
-8.99
-10.15
-11.64
-13.50
-15.57
-17.48
-18.77
-19.02
-17.98
-15.71
-12.51
-8.85
-5.18
-1.81
1.10
3.56
5.61
7.36
8.85
10.12
11.18
12.03
12.62
12.91
12.87
12.51
11.88
11.12
10.35
9.71
9.27
9.05
8.95
8.86
8.61
8.08
7.23
6.08
4.77
3.44
2.22
1.13
0.17
-0.75
-1.71
-2.78
-4.01
-5.41
-6.95
-8.55
-10.11
-11.50
-12.68
-13.71
-14.75
-16.03
-17.63
-19.43
-21.04
-21.96
-21.72
-20.11
-17.26
-13.55
-9.46
-5.39
-1.59
1.88
5.05
7.96
10.59
12.90
14.87
16.48
17.78
18.77
19.44
19.74
19.62
19.10
18.28
17.36
16.54
15.98
15.70
15.60
15.48
15.12
14.35
13.07
11.32
9.23
7.00
4.82
2.82
1.00
-0.78
-2.69
-4.91
-7.49
-10.37
-13.44
-16.66
-20.10
-23.91
-28.25
-33.13
-38.37
-43.64
-48.56
-52.76
-55.93
-57.73
-57.86
-56.22
-53.12
-49.26
-45.57
-42.72
-40.68
-38.63
-35.27
-29.50
-20.97
-10.34
1.02
11.60
20.29
26.66
30.90
33.50
35.02
35.88
36.35
36.59
36.62
36.43
36.00
35.38
34.64
33.92
33.30
32.80
32.40
32.05
31.75
31.47
31.16
30.68
29.86
28.55
26.71
24.41
21.82
19.13
16.52
14.16
12.17
10.59
9.35
8.24
7.05
5.60
3.87
2.02
0.28
-1.12
-2.08
-2.66
-3.02
-3.32
-3.76
-4.42
-5.41
-6.77
-8.51
-10.57
-12.79
-14.94
-16.77
-18.02
-18.54
-18.23
-17.16
-15.45
-13.29
-10.88
-8.37
-5.87
-3.48
-1.29
0.62
2.22
3.54
4.65
5.62
6.50
7.23
7.78
8.11
8.25
8.26
8.23
8.18
8.08
7.86
7.46
6.90
6.22
5.46
4.65
3.73
2.65
1.35
-0.15
-1.72
-3.21
-4.42
-5.21
-5.58
-5.58
-5.34
-4.96
-4.47
-3.81
-2.96
-1.91
-0.72
0.50
1.67
2.81
4.06
5.60
7.61
10.10
12.85
15.44
17.41
18.40
18.32
17.40
16.06
14.73
13.70
12.97
12.38
11.68
10.70
9.39
7.80
6.00
4.12
2.31
0.81
-0.03
0.08
1.31
3.53
6.32
9.06
11.15
12.21
12.16
11.20
9.65
7.78
5.67
3.27
0.42
-2.97
-6.89
-11.18
-15.61
-19.98
-24.11
-27.84
-31.07
-33.71
-35.70
-37.05
-37.83
-38.06
-37.68
-36.44
-34.01
-30.13
-24.83
-18.47
-11.72
-5.28
0.35
5.01
8.91
12.37
15.69
18.98
22.19
25.20
27.89
30.17
31.93
32.99
33.12
32.19
30.21
27.41
24.13
20.71
17.38
14.21
11.12
7.97
4.61
0.97
-2.94
-6.96
-10.80
-14.08
-16.49
-17.94
-18.61
-18.93
-19.33
-20.05
-20.98
-21.76
-21.96
-21.30
-19.79
-17.65
-15.22
-12.83
-10.73
-9.06
-7.90
-7.18
-6.64
-5.88
-4.47
-2.06
1.35
5.44
9.69
13.58
16.84
19.49
21.78
23.98
26.21
28.39
30.33
31.83
32.82
33.31
33.34
32.95
32.18
31.08
29.80
28.55
27.46
26.55
25.63
24.48
22.92
20.94
18.65
16.17
13.56
10.79
7.83
4.75
1.74
-1.02
-3.52
-5.96
-8.69
-11.97
-15.79
-19.76
-23.30
-25.86
-27.22
-27.58
-27.47
-27.53
-28.27
-29.91
-32.32
-35.07
-37.56
-39.10
-39.17
-37.47
-34.06
-29.40
-24.17
-19.10
-14.73
-11.29
-8.67
-6.54
-4.61
-2.68
-0.73
1.11
2.74
4.04
4.96
5.47
5.56
5.31
4.86
4.45
4.31
4.62
5.42
6.64
8.16
9.92
11.92
14.12
16.42
18.56
20.20
21.05
21.04
20.34
19.25
18.10
17.04
15.98
14.72
13.08
11.03
8.73
6.41
4.25
2.25
0.26
-1.94
-4.52
-7.50
-10.72
-13.98
-17.03
-19.65
-21.64
-22.83
-23.11
-22.44
-20.88
-18.64
-16.01
-13.33
-10.91
-8.95
-7.50
-6.48
-5.73
-5.11
-4.55
-4.10
-3.88
-4.00
-4.46
-5.15
-5.88
-6.48
-6.88
-7.08
-7.16
-7.18
-7.16
-7.08
-6.91
-6.67
-6.42
-6.22
-6.13
-6.18
-6.41
-6.88
-7.67
-8.80
-10.14
-11.42
-12.31
-12.53
-12.03
-11.00
-9.85
-9.10
-9.16
-10.29
-12.50
-15.49
-18.76
-21.61
-23.34
-23.41
-21.62
-18.18
-13.64
-8.73
-4.09
-0.12
3.08
5.65
7.80
9.71
11.44
12.98
14.26
15.25
15.95
16.41
16.67
16.73
16.55
16.07
15.31
14.37
13.48
12.81
12.49
12.46
12.54
12.50
12.16
11.46
10.40
9.08
7.60
6.08
4.64
3.37
2.31
1.36
0.36
-0.84
-2.31
-3.96
-5.62
-7.13
-8.45
-9.71
-11.13
-12.89
-15.03
-17.45
-19.88
-22.03
-23.63
-24.44
-24.31
-23.16
-21.02
-18.05
-14.50
-10.73
-7.04
-3.70
-0.77
1.77
4.06
6.21
8.29
10.28
12.10
13.63
14.74
15.35
15.46
15.13
14.52
13.79
13.07
12.43
11.84
11.26
10.68
10.11
9.61
9.18
8.76
8.23
7.46
6.41
5.12
3.72
2.34
1.03
-0.26
-1.60
-3.06
-4.63
-6.23
-7.76
-9.14
-10.39
-11.57
-12.78
-14.06
-15.36
-16.57
-17.59
-18.43
-19.22
-20.20
-21.61
-23.54
-25.88
-28.30
-30.31
-31.42
-31.23
-29.56
-26.51
-22.38
-17.65
-12.82
-8.31
-4.33
-0.89
2.15
4.99
7.74
10.41
12.90
15.06
16.80
18.11
19.04
19.68
20.13
20.50
20.94
21.58
22.53
23.79
25.22
26.58
27.65
28.27
28.41
28.15
27.57
26.70
25.53
24.04
22.29
20.41
18.58
16.96
15.62
14.54
13.66
12.90
12.25
11.71
11.29
10.94
10.52
9.87
8.80
7.17
4.90
1.97
-1.58
-5.60
-9.85
-13.93
-17.41
-19.84
-20.95
-20.69
-19.28
-17.09
-14.53
-11.89
-9.25
-6.52
-3.52
-0.11
3.69
7.68
11.49
14.75
17.17
18.66
19.35
19.55
19.56
19.60
19.68
19.72
19.61
19.28
18.73
17.98
17.02
15.77
14.11
12.05
9.71
7.36
5.30
3.70
2.51
1.45
0.16
-1.61
-3.90
-6.49
-9.04
-11.29
-13.17
-14.80
-16.43
-18.25
-20.34
-22.58
-24.81
-26.82
-28.33
-29.04
-28.57
-26.60
-23.02
-18.06
-12.30
-6.49
-1.30
2.86
5.92
8.10
9.69
10.97
12.06
13.01
13.80
14.35
14.63
14.63
14.34
13.84
13.19
12.48
11.77
11.15
10.63
10.24
9.92
9.61
9.22
8.64
7.82
6.75
5.49
4.09
2.61
1.10
-0.45
-2.02
-3.58
-5.09
-6.55
-8.00
-9.49
-11.01
-12.55
-14.00
-15.30
-16.39
-17.34
-18.24
-19.20
-20.27
-21.42
-22.58
-23.58
-24.23
-24.32
-23.66
-22.10
-19.64
-16.45
-12.86
-9.25
-5.94
-3.09
-0.71
1.32
3.12
4.75
6.20
7.39
8.25
8.73
8.82
8.58
8.10
7.48
6.80
6.09
5.39
4.72
4.13
3.67
3.36
3.17
3.01
2.79
2.43
1.92
1.32
0.75
0.32
0.10
0.07
0.16
0.24
0.18
-0.14
-0.80
-1.83
-3.20
-4.84
-6.59
-8.25
-9.63
-10.64
-11.31
-11.82
-12.46
-13.51
-15.10
-17.16
-19.39
-21.38
-22.70
-23.06
-22.34
-20.63
-18.14
-15.15
-11.92
-8.68
-5.57
-2.71
-0.16
2.07
4.07
5.95
7.79
9.64
11.38
12.85
13.91
14.48
14.63
14.51
14.29
14.11
14.00
13.94
13.87
13.77
13.61
13.39
13.08
12.69
12.22
11.69
11.11
10.51
9.90
9.28
8.66
7.99
7.20
6.18
4.87
3.28
1.55
-0.14
-1.59
-2.71
-3.59
-4.39
-5.34
-6.56
-8.06
-9.75
-11.47
-13.08
-14.42
-15.33
-15.67
-15.29
-14.17
-12.36
-10.03
-7.37
-4.52
-1.61
1.25
3.95
6.36
8.38
9.97
11.18
12.10
12.81
13.31
13.53
13.39
12.86
12.06
11.16
10.37
9.83
9.55
9.45
9.40
9.30
9.08
8.71
8.16
7.40
6.43
5.26
3.96
2.60
1.23
-0.14
-1.54
-2.98
-4.43
-5.83
-7.15
-8.37
-9.57
-10.84
-12.27
-13.91
-15.69
-17.51
-19.14
-20.34
-20.87
-20.53
-19.22
-17.00
-14.05
-10.62
-7.02
-3.48
-0.17
2.75
5.20
7.12
8.50
9.44
10.10
10.65
11.23
11.82
12.34
12.64
12.61
12.26
11.66
10.99
10.40
10.03
9.93
10.10
10.42
10.74
10.84
10.55
9.78
8.58
7.09
5.52
4.05
2.80
1.77
0.92
0.17
-0.58
-1.42
-2.40
-3.55
-4.81
-6.07
-7.23
-8.24
-9.17
-10.18
-11.48
-13.18
-15.18
-17.25
-19.00
-20.04
-20.16
-19.30
-17.60
-15.26
-12.53
-9.57
-6.56
-3.62
-0.86
1.61
3.78
5.65
7.31
8.83
10.21
11.40
12.28
12.74
12.73
12.29
11.51
10.55
9.52
8.53
7.61
6.79
6.08
5.45
4.92
4.46
4.05
3.66
3.27
2.84
2.35
1.82
1.26
0.74
0.32
0.04
-0.09
-0.15
-0.23
-0.41
-0.72
-1.12
-1.53
-1.92
-2.30
-2.79
-3.53
-4.65
-6.19
-8.08
-10.14
-12.11
-13.70
-14.66
-14.81
-14.09
-12.56
-10.40
-7.85
-5.18
-2.61
-0.26
1.81
3.63
5.27
6.75
8.09
9.27
10.22
10.92
11.33
11.45
11.32
10.95
10.34
9.52
8.51
7.36
6.20
5.16
4.41
4.03
4.01
4.24
4.55
4.74
4.70
4.35
3.74
2.93
2.01
1.05
0.08
-0.92
-1.98
-3.11
-4.28
-5.42
-6.48
-7.38
-8.14
-8.84
-9.62
-10.58
-11.81
-13.28
-14.87
-16.43
-17.76
-18.68
-19.04
-18.78
-17.91
-16.54
-14.82
-12.95
-11.08
-9.28
-7.59
-5.98
-4.44
-3.00
-1.72
-0.66
0.16
0.75
1.20
1.57
1.84
1.95
1.78
1.22
0.24
-1.08
-2.64
-4.30
-5.93
-7.44
-8.74
-9.70
-10.20
-10.15
-9.51
-8.29
-6.61
-4.64
-2.55
-0.54
1.21
2.57
3.48
3.96
4.17
4.28
4.44
4.68
4.87
4.78
4.18
3.01
1.42
-0.20
-1.40
-1.84
-1.42
-0.32
1.14
2.63
3.98
5.17
6.32
7.56
8.94
10.42
11.87
13.13
14.07
14.64
14.84
14.76
14.53
14.25
13.95
13.57
12.99
12.10
10.85
9.35
7.80
6.40
5.24
4.31
3.48
2.65
1.80
1.06
0.64
0.65
1.06
1.65
2.14
2.27
1.98
1.33
0.48
-0.48
-1.50
-2.65
-3.96
-5.43
-7.00
-8.57
-10.10
-11.54
-12.87
-13.98
-14.70
-14.84
-14.21
-12.77
-10.63
-8.04
-5.25
-2.49
0.17
2.76
5.34
7.90
10.33
12.45
14.03
14.97
15.26
15.06
14.62
14.15
13.78
13.52
13.27
12.95
12.48
11.85
11.13
10.37
9.62
8.86
8.06
7.21
6.35
5.57
4.93
4.43
3.97
3.39
2.54
1.36
-0.07
-1.59
-3.06
-4.41
-5.67
-6.88
-8.01
-8.93
-9.47
-9.55
-9.30
-8.99
-8.93
-9.32
-10.09
-10.93
-11.43
-11.21
-10.11
-8.19
-5.67
-2.85
-0.02
2.58
4.82
6.64
8.07
9.18
10.10
10.91
11.69
12.46
13.16
13.73
14.06
14.08
13.73
13.00
11.93
10.61
9.17
7.77
6.56
5.63
5.02
4.66
4.37
3.96
3.22
2.05
0.49
-1.28
-3.02
-4.54
-5.72
-6.59
-7.24
-7.77
-8.19
-8.41
-8.29
-7.73
-6.73
-5.45
-4.10
-2.84
-1.75
-0.75
0.35
1.76
3.67
6.17
9.19
12.48
15.53
17.70
18.37
17.19
14.18
9.81
4.89
0.26
-3.40
-5.75
-6.84
-6.98
-6.65
-6.29
-6.22
-6.52
-7.12
-7.77
-8.22
-8.24
-7.71
-6.63
-5.11
-3.35
-1.57
-0.03
1.12
1.78
2.00
1.90
1.60
1.23
0.87
0.53
0.18
-0.26
-0.89
-1.80
-3.05
-4.63
-6.44
-8.31
-10.11
-11.72
-13.12
-14.31
-15.28
-15.97
-16.28
-16.10
-15.40
-14.24
-12.72
-10.95
-9.05
-7.12
-5.23
-3.46
-1.84
-0.33
1.09
2.48
3.77
4.87
5.65
6.06
6.12
5.93
5.59
5.18
4.74
4.32
4.00
3.85
3.89
4.03
4.08
3.82
3.14
2.09
0.83
-0.46
-1.61
-2.58
-3.37
-4.03
-4.57
-5.00
-5.30
-5.47
-5.49
-5.40
-5.24
-5.07
-4.96
-4.98
-5.14
-5.46
-5.89
-6.38
-6.88
-7.30
-7.53
-7.44
-6.92
-5.89
-4.33
-2.33
-0.03
2.39
4.73
6.88
8.77
10.40
11.80
12.97
13.87
14.47
14.70
14.53
14.02
13.23
12.28
11.26
10.24
9.24
8.30
7.46
6.79
6.35
6.13
6.03
5.89
5.54
4.89
3.94
2.80
1.62
0.50
-0.50
-1.39
-2.20
-2.98
-3.74
-4.47
-5.12
-5.63
-5.98
-6.20
-6.46
-6.95
-7.83
-9.16
-10.78
-12.40
-13.65
-14.24
-14.06
-13.17
-11.75
-10.04
-8.17
-6.21
-4.18
-2.11
-0.04
1.91
3.66
5.21
6.57
7.81
8.92
9.81
10.34
10.38
9.92
9.08
8.09
7.17
6.47
6.01
5.73
5.52
5.30
5.08
4.88
4.74
4.62
4.45
4.11
3.54
2.72
1.75
0.75
-0.14
-0.91
-1.63
-2.40
-3.33
-4.44
-5.68
-6.92
-8.05
-9.03
-9.87
-10.68
-11.57
-12.60
-13.78
-15.02
-16.14
-16.95
-17.24
-16.92
-15.99
-14.55
-12.79
-10.88
-8.97
-7.11
-5.29
-3.49
-1.69
0.07
1.69
3.06
4.08
4.70
4.94
4.90
4.68
4.36
3.97
3.52
3.03
2.59
2.26
2.13
2.20
2.44
2.78
3.17
3.55
3.85
4.00
3.90
3.48
2.75
1.84
0.90
0.06
-0.64
-1.24
-1.82
-2.43
-3.06
-3.67
-4.18
-4.61
-4.99
-5.42
-5.98
-6.69
-7.50
-8.24
-8.70
-8.69
-8.10
-6.94
-5.28
-3.29
-1.09
1.20
3.48
5.70
7.75
9.57
11.09
12.27
13.12
13.66
13.96
14.07
14.03
13.88
13.60
13.15
12.46
11.49
10.30
9.07
7.99
7.23
6.84
6.70
6.61
6.36
5.82
4.95
3.83
2.56
1.22
-0.15
-1.54
-2.93
-4.31
-5.68
-7.06
-8.48
-9.99
-11.61
-13.30
-14.99
-16.66
-18.29
-19.97
-21.75
-23.65
-25.56
-27.26
-28.48
-28.98
-28.68
-27.67
-26.16
-24.39
-22.54
-20.59
-18.42
-15.81
-12.55
-8.45
-3.43
2.43
8.78
15.06
20.56
24.73
27.43
28.94
29.92
31.03
32.60
34.53
36.29
37.28
36.99
35.20
31.95
27.44
22.03
16.15
10.32
5.04
0.70
-2.52
-4.67
-5.96
-6.64
-6.93
-6.99
-6.96
-6.98
-7.19
-7.71
-8.60
-9.79
-11.12
-12.36
-13.29
-13.81
-13.96
-13.97
-14.12
-14.60
-15.43
-16.33
-16.88
-16.59
-15.18
-12.62
-9.22
-5.44
-1.78
1.43
4.10
6.31
8.26
10.14
12.05
13.99
15.89
17.62
19.01
19.89
20.11
19.57
18.32
16.55
14.56
12.65
11.07
9.94
9.22
8.82
8.58
8.32
7.86
7.07
5.89
4.43
2.89
1.53
0.53
-0.11
-0.60
-1.24
-2.25
-3.70
-5.42
-7.18
-8.76
-10.12
-11.38
-12.78
-14.54
-16.79
-19.49
-22.40
-25.13
-27.13
-27.88
-26.99
-24.38
-20.30
-15.29
-10.02
-5.10
-0.94
2.32
4.79
6.68
8.27
9.79
11.40
13.14
14.93
16.58
17.85
18.53
18.53
17.94
16.97
15.95
15.13
14.64
14.47
14.47
14.42
14.13
13.46
12.34
10.82
9.00
7.04
5.12
3.40
1.93
0.67
-0.48
-1.66
-2.95
-4.38
-5.87
-7.26
-8.44
-9.30
-9.90
-10.37
-10.96
-11.91
-13.35
-15.25
-17.36
-19.31
-20.64
-20.94
-20.01
-17.87
-14.79
-11.16
-7.44
-3.98
-1.04
1.27
2.98
4.23
5.23
6.22
7.41
8.82
10.29
11.52
12.19
12.14
11.42
10.32
9.14
8.15
7.44
6.95
6.60
6.27
5.99
5.76
5.59
5.41
5.09
4.53
3.69
2.66
1.60
0.65
-0.14
-0.85
-1.63
-2.62
-3.83
-5.13
-6.31
-7.23
-7.84
-8.26
-8.69
-9.33
-10.26
-11.47
-12.88
-14.37
-15.82
-17.03
-17.79
-17.82
-16.95
-15.16
-12.67
-9.82
-7.01
-4.48
-2.32
-0.45
1.31
3.09
4.92
6.78
8.54
10.07
11.23
11.94
12.16
11.95
11.42
10.73
10.00
9.30
8.66
8.11
7.69
7.43
7.32
7.30
7.22
6.97
6.47
5.70
4.76
3.73
2.73
1.81
1.03
0.39
-0.17
-0.71
-1.36
-2.18
-3.15
-4.16
-5.08
-5.82
-6.35
-6.79
-7.24
-7.82
-8.55
-9.41
-10.31
-11.15
-11.78
-12.03
-11.70
-10.60
-8.70
-6.12
-3.14
-0.11
2.68
5.02
6.83
8.08
8.67
8.47
7.31
5.12
2.00
-1.75
-5.69
-9.36
-12.36
-14.44
-15.50
-15.54
-14.65
-12.97
-10.69
-8.01
-5.18
-2.47
-0.12
1.70
2.92
3.62
3.97
4.17
4.37
4.63
4.89
5.02
4.92
4.57
4.02
3.38
2.75
2.17
1.63
1.09
0.49
-0.28
-1.32
-2.71
-4.41
-6.29
-8.09
-9.50
-10.23
-10.11
-9.14
-7.40
-5.10
-2.53
0.03
2.31
4.11
5.40
6.30
7.00
7.68
8.43
9.17
9.79
10.16
10.28
10.20
10.00
9.74
9.38
8.86
8.17
7.41
6.71
6.22
5.99
5.98
6.02
5.99
5.76
5.31
4.69
3.98
3.25
2.53
1.81
1.04
0.15
-0.89
-2.04
-3.24
-4.37
-5.35
-6.12
-6.70
-7.14
-7.57
-8.18
-9.09
-10.39
-12.00
-13.64
-14.92
-15.46
-14.98
-13.48
-11.15
-8.36
-5.47
-2.77
-0.43
1.54
3.23
4.79
6.35
7.97
9.62
11.13
12.29
12.93
13.00
12.59
11.87
11.01
10.14
9.33
8.60
8.00
7.59
7.38
7.35
7.39
7.37
7.18
6.79
6.22
5.57
4.90
4.25
3.61
2.96
2.25
1.46
0.55
-0.51
-1.71
-3.01
-4.33
-5.57
-6.66
-7.56
-8.30
-9.00
-9.80
-10.81
-12.08
-13.53
-14.96
-16.10
-16.70
-16.58
-15.72
-14.18
-12.14
-9.76
-7.22
-4.65
-2.20
0.05
2.08
3.94
5.71
7.42
9.00
10.29
11.14
11.48
11.40
11.07
10.68
10.35
10.10
9.87
9.64
9.39
9.18
9.00
8.82
8.57
8.17
7.59
6.86
6.06
5.27
4.49
3.72
2.92
2.11
1.33
0.65
0.08
-0.41
-0.91
-1.49
-2.17
-2.87
-3.48
-3.91
-4.17
-4.37
-4.69
-5.35
-6.46
-8.03
-9.93
-11.87
-13.54
-14.57
-14.72
-13.87
-12.11
-9.68
-6.91
-4.15
-1.60
0.63
2.57
4.28
5.82
7.16
8.25
9.05
9.53
9.72
9.66
9.40
8.95
8.30
7.49
6.56
5.62
4.78
4.17
3.86
3.88
4.21
4.72
5.24
5.59
5.61
5.24
4.53
3.61
2.64
1.71
0.84
-0.00
-0.91
-1.92
-3.03
-4.18
-5.31
-6.33
-7.21
-7.97
-8.69
-9.48
-10.44
-11.60
-12.86
-14.04
-14.88
-15.14
-14.69
-13.52
-11.74
-9.57
-7.22
-4.90
-2.78
-0.92
0.70
2.14
3.52
4.88
6.22
7.48
8.55
9.31
9.70
9.72
9.40
8.84
8.17
7.53
7.08
6.86
6.86
6.99
7.10
7.09
6.92
6.57
6.09
5.51
4.86
4.16
3.46
2.78
2.11
1.38
0.52
-0.56
-1.87
-3.33
-4.77
-6.04
-7.02
-7.68
-8.08
-8.36
-8.70
-9.28
-10.22
-11.54
-13.10
-14.59
-15.64
-15.93
-15.30
-13.77
-11.54
-8.85
-5.89
-2.79
0.35
3.44
6.34
8.88
10.96
12.58
13.80
14.72
15.38
15.78
15.87
15.62
15.06
14.32
13.51
12.76
12.07
11.44
10.83
10.24
9.67
9.14
8.64
8.12
7.51
6.74
5.79
4.64
3.32
1.81
0.10
-1.80
-3.80
-5.73
-7.36
-8.54
-9.21
-9.45
-9.44
-9.36
-9.35
-9.48
-9.80
-10.31
-11.04
-12.03
-13.26
-14.68
-16.17
-17.54
-18.56
-18.99
-18.66
-17.52
-15.64
-13.24
-10.61
-7.98
-5.51
-3.21
-1.02
1.14
3.27
5.26
6.94
8.18
8.92
9.19
9.13
8.92
8.67
8.44
8.20
7.91
7.54
7.10
6.68
6.37
6.30
6.50
6.90
7.30
7.47
7.20
6.44
5.29
3.96
2.68
1.54
0.55
-0.36
-1.27
-2.17
-3.00
-3.70
-4.23
-4.64
-5.02
-5.43
-5.93
-6.52
-7.21
-8.06
-9.16
-10.58
-12.31
-14.23
-16.04
-17.40
-17.97
-17.55
-16.15
-13.97
-11.34
-8.60
-6.00
-3.66
-1.55
0.43
2.38
4.34
6.26
8.08
9.67
10.94
11.81
12.25
12.31
12.09
11.73
11.34
10.98
10.62
10.22
9.76
9.28
8.85
8.51
8.22
7.90
7.42
6.73
5.88
4.97
4.06
3.12
2.07
0.81
-0.66
-2.22
-3.72
-5.02
-6.09
-6.99
-7.82
-8.64
-9.48
-10.31
-11.10
-11.88
-12.66
-13.41
-13.97
-14.13
-13.63
-12.34
-10.31
-7.78
-5.12
-2.65
-0.53
1.26
2.84
4.40
5.99
7.56
8.99
10.18
11.12
11.85
12.43
12.84
13.03
12.93
12.50
11.78
10.86
9.84
8.80
7.80
6.89
6.12
5.52
5.12
4.84
4.59
4.28
3.90
3.51
3.20
3.05
3.00
2.88
2.50
1.71
0.53
-0.89
-2.29
-3.50
-4.44
-5.20
-5.93
-6.79
-7.89
-9.24
-10.79
-12.47
-14.16
-15.69
-16.86
-17.46
-17.33
-16.40
-14.73
-12.53
-10.06
-7.57
-5.21
-3.02
-0.90
1.27
3.56
5.96
8.30
10.35
11.92
12.90
13.35
13.42
13.29
13.11
12.93
12.76
12.57
12.37
12.17
12.00
11.86
11.69
11.42
10.94
10.18
9.08
7.67
6.02
4.24
2.50
0.89
-0.51
-1.74
-2.86
-3.96
-5.06
-6.15
-7.22
-8.27
-9.37
-10.59
-12.00
-13.56
-15.21
-16.82
-18.24
-19.32
-19.88
-19.76
-18.87
-17.19
-14.82
-11.93
-8.73
-5.39
-2.06
1.10
3.95
6.33
8.17
9.49
10.41
11.04
11.49
11.76
11.86
11.78
11.61
11.43
11.31
11.23
11.15
11.01
10.82
10.67
10.65
10.77
10.95
10.96
10.59
9.76
8.54
7.16
5.87
4.83
4.04
3.33
2.52
1.47
0.19
-1.24
-2.65
-3.92
-5.02
-5.94
-6.74
-7.47
-8.16
-8.85
-9.63
-10.59
-11.81
-13.28
-14.80
-16.07
-16.68
-16.36
-15.02
-12.82
-10.13
-7.34
-4.79
-2.61
-0.80
0.74
2.08
3.23
4.16
4.83
5.27
5.56
5.78
5.95
6.00
5.79
5.21
4.29
3.20
2.21
1.59
1.48
1.83
2.46
3.13
3.65
3.97
4.11
4.14
4.10
3.97
3.64
3.03
2.07
0.82
-0.57
-1.92
-3.06
-3.95
-4.63
-5.20
-5.82
-6.58
-7.52
-8.62
-9.74
-10.77
-11.54
-11.90
-11.75
-11.04
-9.78
-8.04
-5.96
-3.72
-1.53
0.39
1.93
3.09
4.00
4.84
5.76
6.76
7.74
8.49
8.85
8.79
8.39
7.81
7.18
6.58
6.06
5.62
5.32
5.18
5.22
5.35
5.43
5.28
4.82
4.09
3.23
2.42
1.77
1.27
0.87
0.46
-0.01
-0.55
-1.19
-1.94
-2.82
-3.87
-5.04
-6.26
-7.42
-8.46
-9.39
-10.31
-11.33
-12.54
-13.88
-15.21
-16.29
-16.87
-16.77
-15.94
-14.46
-12.48
-10.21
-7.79
-5.37
-3.04
-0.95
0.78
2.06
2.88
3.36
3.72
4.14
4.73
5.46
6.21
6.87
7.46
8.15
9.19
10.76
12.86
15.27
17.59
19.46
20.60
20.84
19.94
17.60
13.43
7.25
-0.64
-9.40
-17.82
-24.79
-29.64
-32.34
-33.24
-32.74
-31.02
-28.05
-23.94
-19.18
-14.68
-11.45
-10.10
-10.55
-12.03
-13.54
-14.31
-14.07
-12.94
-11.23
-9.06
-6.31
-2.79
1.56
6.53
11.68
16.58
20.98
24.89
28.45
31.84
35.06
38.03
40.55
42.42
43.48
43.63
42.80
41.04
38.48
35.38
32.02
28.71
25.67
23.00
20.68
18.62
16.67
14.66
12.43
9.90
7.09
4.07
0.99
-2.05
-5.00
-7.89
-10.75
-13.57
-16.28
-18.80
-21.03
-22.98
-24.67
-26.17
-27.51
-28.65
-29.48
-29.86
-29.67
-28.90
-27.69
-26.33
-25.17
-24.47
-24.27
-24.30
-24.05
-22.97
-20.68
-17.20
-12.86
-8.26
-3.92
-0.18
2.91
5.46
7.64
9.56
11.21
12.57
13.65
14.52
15.28
15.96
16.48
16.67
16.39
15.56
14.31
12.88
11.55
10.56
9.95
9.67
9.53
9.33
8.92
8.23
7.27
6.11
4.88
3.70
2.69
1.88
1.20
0.51
-0.33
-1.40
-2.73
-4.20
-5.70
-7.08
-8.25
-9.19
-9.97
-10.67
-11.46
-12.43
-13.65
-15.06
-16.46
-17.47
-17.69
-16.76
-14.57
-11.31
-7.47
-3.67
-0.45
1.92
3.41
4.20
4.47
4.35
3.85
3.01
1.98
1.04
0.52
0.65
1.47
2.80
4.35
5.82
7.04
7.94
8.58
9.04
9.43
9.75
9.99
10.06
9.86
9.39
8.78
8.22
7.94
8.02
8.30
8.48
8.22
7.29
5.73
3.74
1.62
-0.43
-2.39
-4.35
-6.44
-8.75
-11.26
-13.91
-16.63
-19.33
-21.87
-23.96
-25.17
-25.10
-23.45
-20.30
-16.03
-11.28
-6.72
-2.84
0.13
2.26
3.77
4.95
6.04
7.20
8.49
9.91
11.35
12.65
13.61
14.02
13.77
12.91
11.63
10.24
9.07
8.35
8.13
8.31
8.64
8.91
8.95
8.68
8.14
7.39
6.49
5.49
4.44
3.40
2.44
1.57
0.75
-0.11
-1.13
-2.38
-3.88
-5.54
-7.22
-8.80
-10.17
-11.29
-12.22
-13.10
-14.15
-15.54
-17.29
-19.23
-20.94
-21.88
-21.58
-19.80
-16.66
-12.61
-8.26
-4.21
-0.78
1.95
4.11
5.93
7.57
9.05
10.31
11.29
11.95
12.34
12.55
12.66
12.68
12.57
12.25
11.67
10.86
9.92
8.98
8.20
7.64
7.32
7.20
7.21
7.23
7.13
6.73
5.94
4.72
3.20
1.61
0.23
-0.78
-1.42
-1.84
-2.31
-3.03
-4.06
-5.30
-6.56
-7.67
-8.56
-9.28
-9.95
-10.68
-11.55
-12.60
-13.86
-15.25
-16.61
-17.66
-18.00
-17.28
-15.29
-12.11
-8.08
-3.75
0.33
3.75
6.29
8.00
9.05
9.66
10.07
10.42
10.77
11.14
11.48
11.71
11.78
11.61
11.20
10.55
9.75
8.93
8.22
7.77
7.60
7.65
7.73
7.63
7.20
6.40
5.27
3.95
2.57
1.26
0.13
-0.76
-1.43
-2.00
-2.64
-3.52
-4.71
-6.11
-7.53
-8.75
-9.68
-10.42
-11.20
-12.26
-13.72
-15.50
-17.31
-18.77
-19.48
-19.12
-17.56
-14.93
-11.52
-7.81
-4.23
-1.14
1.33
3.20
4.63
5.82
6.93
8.02
9.12
10.15
10.98
11.45
11.46
10.95
9.99
8.77
7.51
6.41
5.63
5.26
5.32
5.78
6.54
7.40
8.13
8.48
8.28
7.58
6.54
5.44
4.49
3.76
3.12
2.41
1.52
0.47
-0.67
-1.81
-2.95
-4.17
-5.54
-7.05
-8.63
-10.18
-11.70
-13.28
-15.01
-16.84
-18.49
-19.52
-19.45
-17.99
-15.19
-11.40
-7.23
-3.27
0.01
2.40
4.01
5.09
6.00
6.99
8.20
9.54
10.84
11.91
12.64
13.03
13.19
13.20
13.12
12.99
12.77
12.49
12.14
11.76
11.35
10.91
10.40
9.79
9.07
8.26
7.41
6.58
5.81
5.08
4.36
3.58
2.67
1.60
0.35
-1.09
-2.73
-4.51
-6.34
-8.06
-9.51
-10.59
-11.32
-11.90
-12.58
-13.61
-15.12
-17.03
-19.10
-20.93
-22.08
-22.16
-20.94
-18.41
-14.86
-10.74
-6.59
-2.87
0.15
2.42
4.07
5.28
6.26
7.11
7.89
8.61
9.23
9.73
10.07
10.19
10.08
9.72
9.21
8.68
8.32
8.24
8.46
8.88
9.36
9.75
9.99
10.06
9.92
9.53
8.78
7.68
6.30
4.83
3.47
2.34
1.40
0.48
-0.59
-1.92
-3.58
-5.59
-7.98
-10.81
-14.07
-17.63
-21.22
-24.51
-27.20
-29.07
-30.04
-30.11
-29.33
-27.78
-25.58
-22.90
-19.88
-16.71
-13.50
-10.39
-7.49
-4.96
-2.94
-1.52
-0.67
-0.25
0.01
0.36
0.99
2.01
3.46
5.27
7.36
9.52
11.53
13.15
14.26
14.88
15.15
15.25
15.29
15.22
14.87
14.00
12.50
10.44
8.07
5.76
3.85
2.53
1.86
1.70
1.88
2.18
2.46
2.67
2.77
2.76
2.56
2.05
1.09
-0.38
-2.29
-4.40
-6.33
-7.69
-8.20
-7.71
-6.28
-4.11
-1.46
1.37
4.13
6.61
8.71
10.36
11.60
12.49
13.14
13.64
14.07
14.43
14.67
14.73
14.55
14.11
13.49
12.80
12.15
11.61
11.19
10.84
10.52
10.22
9.89
9.47
8.83
7.83
6.41
4.64
2.69
0.81
-0.82
-2.11
-3.09
-3.92
-4.79
-5.92
-7.49
-9.62
-12.30
-15.38
-18.59
-21.58
-24.05
-25.86
-27.08
-27.94
-28.73
-29.66
-30.72
-31.64
-31.94
-31.09
-28.68
-24.63
-19.26
-13.18
-7.11
-1.60
3.07
6.93
10.20
13.10
15.68
17.89
19.60
20.74
21.36
21.59
21.56
21.32
20.86
20.20
19.42
18.74
18.39
18.52
19.09
19.83
20.37
20.37
19.58
17.93
15.50
12.45
9.01
5.43
1.98
-1.10
-3.64
-5.55
-6.87
-7.75
-8.37
-8.91
-9.49
-10.13
-10.79
-11.39
-11.85
-12.14
-12.22
-12.04
-11.52
-10.49
-8.80
-6.37
-3.28
0.23
3.79
7.05
9.70
11.62
12.81
13.30
13.13
12.32
10.91
9.03
6.94
4.97
3.43
2.48
2.07
1.97
1.90
1.65
1.20
0.63
0.13
-0.17
-0.23
-0.08
0.22
0.61
1.05
1.47
1.77
1.81
1.47
0.69
-0.48
-1.89
-3.32
-4.57
-5.46
-5.93
-6.04
-5.94
-5.86
-6.06
-6.73
-7.99
-9.79
-12.02
-14.50
-17.03
-19.39
-21.32
-22.50
-22.62
-21.47
-19.09
-15.78
-12.08
-8.54
-5.56
-3.24
-1.34
0.50
2.65
5.23
8.12
11.00
13.45
15.18
16.08
16.22
15.85
15.23
14.58
14.03
13.64
13.37
13.18
13.00
12.80
12.49
12.04
11.40
10.57
9.59
8.54
7.55
6.72
6.14
5.73
5.36
4.76
3.69
1.97
-0.34
-2.97
-5.51
-7.51
-8.69
-9.02
-8.73
-8.24
-8.06
-8.64
-10.26
-12.94
-16.40
-20.03
-23.03
-24.58
-24.08
-21.42
-16.96
-11.51
-6.03
-1.34
2.06
4.11
5.12
5.55
5.92
6.61
7.80
9.45
11.36
13.20
14.63
15.44
15.55
15.07
14.20
13.17
12.18
11.37
10.85
10.71
10.93
11.43
11.96
12.18
11.78
10.57
8.58
6.04
3.35
0.87
-1.10
-2.39
-2.96
-2.90
-2.39
-1.70
-1.12
-0.93
-1.33
-2.39
-4.09
-6.31
-8.89
-11.64
-14.38
-16.91
-19.06
-20.61
-21.38
-21.16
-19.84
-17.41
-14.05
-10.10
-6.02
-2.24
0.93
3.38
5.17
6.47
7.44
8.19
8.71
8.97
8.88
8.43
7.66
6.65
5.54
4.44
3.38
2.38
1.47
0.74
0.33
0.35
0.80
1.44
1.90
1.81
0.99
-0.44
-2.09
-3.57
-4.60
-5.19
-5.53
-5.89
-6.42
-7.12
-7.88
-8.58
-9.22
-9.94
-10.91
-12.34
-14.29
-16.72
-19.41
-21.99
-23.93
-24.73
-24.01
-21.73
-18.19
-14.01
-9.94
-6.55
-4.14
-2.68
-1.90
-1.45
-1.04
-0.53
0.16
1.00
1.96
3.00
4.06
5.06
5.93
6.60
7.06
7.35
7.61
7.98
8.57
9.37
10.29
11.10
11.60
11.63
11.13
10.22
9.10
8.02
7.18
6.67
6.41
6.22
5.88
5.17
4.00
2.36
0.37
-1.79
-3.90
-5.70
-7.01
-7.76
-8.06
-8.21
-8.60
-9.55
-11.13
-13.07
-14.86
-15.83
-15.47
-13.55
-10.28
-6.19
-1.95
1.79
4.65
6.57
7.72
8.45
9.06
9.79
10.73
11.88
13.13
14.30
15.18
15.60
15.52
15.05
14.36
13.63
12.96
12.37
11.82
11.28
10.76
10.27
9.82
9.34
8.77
8.09
7.36
6.64
6.01
5.42
4.78
3.98
2.99
1.79
0.41
-1.13
-2.82
-4.61
-6.35
-7.87
-9.00
-9.73
-10.19
-10.66
-11.39
-12.60
-14.30
-16.36
-18.49
-20.32
-21.40
-21.32
-19.84
-16.99
-13.07
-8.63
-4.29
-0.49
2.52
4.73
6.33
7.53
8.55
9.52
10.47
11.42
12.31
13.08
13.68
14.06
14.20
14.08
13.74
13.28
12.82
12.47
12.27
12.16
12.03
11.73
11.19
10.41
9.46
8.42
7.34
6.25
5.18
4.16
3.22
2.34
1.46
0.52
-0.53
-1.69
-2.90
-4.08
-5.21
-6.25
-7.22
-8.13
-8.98
-9.82
-10.65
-11.55
-12.59
-13.85
-15.42
-17.28
-19.29
-21.07
-22.07
-21.73
-19.72
-16.13
-11.52
-6.68
-2.37
0.96
3.25
4.75
5.80
6.68
7.53
8.41
9.27
10.06
10.68
11.04
11.05
10.74
10.19
9.56
9.02
8.67
8.53
8.57
8.70
8.81
8.81
8.64
8.26
7.68
6.93
6.03
5.05
4.04
3.10
2.29
1.63
1.09
0.54
-0.13
-1.00
-2.04
-3.11
-4.05
-4.72
-5.09
-5.28
-5.49
-5.97
-6.94
-8.45
-10.37
-12.38
-13.98
-14.67
-14.06
-12.02
-8.70
-4.53
-0.10
4.02
7.36
9.73
11.20
12.10
12.86
13.89
15.41
17.40
19.60
21.66
23.23
24.05
24.00
23.07
21.30
18.81
15.81
12.56
9.33
6.36
3.75
1.49
-0.50
-2.24
-3.75
-4.95
-5.80
-6.35
-6.69
-6.98
-7.34
-7.83
-8.43
-9.10
-9.82
-10.63
-11.58
-12.70
-13.95
-15.22
-16.35
-17.25
-17.91
-18.46
-19.09
-19.96
-21.18
-22.76
-24.64
-26.65
-28.50
-29.80
-30.07
-28.93
-26.20
-22.05
-16.96
-11.65
-6.78
-2.81
0.12
2.14
3.59
4.77
5.94
7.21
8.60
10.02
11.35
12.48
13.30
13.76
13.85
13.60
13.14
12.64
12.27
12.19
12.41
12.81
13.16
13.22
12.83
12.00
10.90
9.75
8.73
7.91
7.24
6.58
5.81
4.86
3.73
2.50
1.26
0.08
-1.00
-2.05
-3.15
-4.38
-5.73
-7.11
-8.37
-9.39
-10.18
-10.87
-11.70
-12.89
-14.50
-16.40
-18.22
-19.48
-19.70
-18.52
-15.86
-11.95
-7.30
-2.60
1.51
4.61
6.62
7.74
8.37
8.91
9.62
10.60
11.78
13.01
14.10
14.87
15.17
14.91
14.10
12.86
11.40
10.03
8.99
8.42
8.26
8.34
8.41
8.30
7.96
7.44
6.84
6.21
5.55
4.81
3.94
2.90
1.73
0.42
-1.00
-2.50
-4.03
-5.50
-6.82
-7.91
-8.78
-9.49
-10.11
-10.71
-11.30
-11.86
-12.38
-12.90
-13.53
-14.37
-15.55
-17.05
-18.65
-19.98
-20.50
-19.77
-17.62
-14.22
-10.12
-6.05
-2.62
-0.19
1.29
2.08
2.56
2.99
3.44
3.92
4.36
4.74
5.04
5.23
5.18
4.80
4.03
2.97
1.83
0.85
0.24
0.09
0.42
1.17
2.31
3.72
5.24
6.67
7.79
8.49
8.75
8.70
8.50
8.22
7.85
7.25
6.29
4.94
3.30
1.62
0.15
-0.95
-1.69
-2.21
-2.71
-3.39
-4.36
-5.66
-7.20
-8.78
-10.07
-10.67
-10.20
-8.45
-5.51
-1.75
2.26
5.94
8.90
10.97
12.25
12.98
13.42
13.75
14.06
14.33
14.48
14.43
14.07
13.29
12.02
10.25
8.08
5.77
3.62
1.90
0.76
0.17
0.06
0.29
0.85
1.75
3.03
4.65
6.44
8.15
9.57
10.59
11.23
11.58
11.67
11.46
10.83
9.66
7.91
5.71
3.28
0.89
-1.23
-3.02
-4.51
-5.81
-7.04
-8.34
-9.86
-11.76
-14.13
-16.95
-19.92
-22.53
-24.19
-24.41
-23.06
-20.51
-17.53
-15.04
-13.79
-14.08
-15.64
-17.74
-19.42
-19.78
-18.31
-15.04
-10.50
-5.52
-0.92
2.81
5.55
7.54
9.08
10.39
11.47
12.25
12.71
12.98
13.33
14.00
15.08
16.53
18.15
19.79
21.34
22.80
24.16
25.35
26.24
26.60
26.24
25.01
22.86
19.85
16.16
12.07
7.92
4.06
0.73
-2.00
-4.23
-6.21
-8.19
-10.37
-12.81
-15.41
-17.93
-20.10
-21.70
-22.53
-22.50
-21.60
-19.92
-17.63
-14.97
-12.22
-9.63
-7.35
-5.38
-3.66
-2.11
-0.70
0.51
1.35
1.70
1.51
0.91
0.12
-0.59
-0.97
-0.88
-0.32
0.60
1.69
2.70
3.41
3.70
3.61
3.28
2.95
2.78
2.79
2.86
2.75
2.34
1.60
0.73
0.00
-0.36
-0.29
0.06
0.34
0.14
-0.95
-3.16
-6.53
-10.81
-15.44
-19.63
-22.51
-23.36
-21.88
-18.32
-13.44
-8.24
-3.58
0.03
2.52
4.17
5.40
6.48
7.52
8.50
9.37
10.13
10.83
11.50
12.12
12.55
12.68
12.53
12.26
12.15
12.41
13.01
13.56
13.48
12.14
9.19
4.72
-0.82
-6.78
-12.55
-17.73
-22.11
-25.67
-28.47
-30.67
-32.47
-34.16
-35.93
-37.83
-39.67
-41.11
-41.80
-41.56
-40.56
-39.23
-38.11
-37.67
-38.03
-38.95
-39.83
-39.91
-38.50
-35.16
-29.89
-23.07
-15.39
-7.63
-0.51
5.50
10.17
13.54
15.86
17.50
18.82
20.06
21.35
22.64
23.89
25.11
26.45
28.07
30.08
32.44
34.92
37.25
39.17
40.46
40.92
40.31
38.45
35.28
30.96
25.97
21.01
16.74
13.62
11.75
10.84
10.40
9.92
9.03
7.62
5.78
3.72
1.63
-0.38
-2.35
-4.36
-6.54
-8.90
-11.30
-13.37
-14.59
-14.37
-12.30
-8.33
-2.85
3.35
9.33
14.22
17.44
18.84
18.59
17.12
14.98
12.68
10.67
9.25
8.50
8.33
8.47
8.56
8.33
7.64
6.56
5.36
4.34
3.74
3.63
3.92
4.43
4.98
5.47
5.84
6.03
5.94
5.45
4.48
3.09
1.44
-0.25
-1.79
-3.14
-4.40
-5.74
-7.30
-9.13
-11.14
-13.15
-14.87
-16.01
-16.27
-15.46
-13.52
-10.58
-6.97
-3.16
0.38
3.27
5.34
6.62
7.33
7.74
8.07
8.44
8.80
9.07
9.11
8.83
8.23
7.42
6.51
5.64
4.90
4.28
3.69
3.05
2.27
1.31
0.19
-1.05
-2.32
-3.55
-4.65
-5.65
-6.73
-8.27
-10.75
-14.48
-19.46
-25.18
-30.74
-35.17
-37.75
-38.31
-37.24
-35.30
-33.36
-32.10
-31.81
-32.37
-33.20
-33.42
-31.95
-27.85
-20.58
-10.35
1.77
14.02
24.42
31.38
34.17
33.12
29.42
24.65
20.25
17.20
15.83
16.04
17.47
19.70
22.31
24.94
27.24
28.99
30.10
30.66
30.88
30.97
31.10
31.32
31.64
31.97
32.24
32.29
31.97
31.12
29.68
27.67
25.20
22.40
19.30
15.88
12.06
7.84
3.40
-0.97
-4.86
-8.03
-10.46
-12.41
-14.23
-16.18
-18.22
-20.05
-21.21
-21.34
-20.34
-18.41
-15.96
-13.49
-11.38
-9.85
-8.97
-8.69
-8.83
-9.11
-9.15
-8.57
-7.12
-4.79
-1.88
1.09
3.50
4.96
5.40
5.16
4.79
4.76
5.27
6.13
6.88
7.02
6.22
4.42
1.82
-1.27
-4.56
-7.85
-11.03
-14.04
-16.86
-19.40
-21.59
-23.29
-24.31
-24.47
-23.58
-21.59
-18.59
-14.87
-10.83
-6.89
-3.23
0.37
4.48
9.75
16.53
24.51
32.61
39.21
42.63
41.66
35.87
25.76
12.62
-1.80
-15.75
-27.79
-37.05
-43.30
-46.87
-48.34
-48.38
-47.48
-45.95
-43.91
-41.40
-38.44
-35.07
-31.38
-27.49
-23.50
-19.46
-15.38
-11.26
-7.23
-3.55
-0.53
1.61
2.88
3.64
4.38
5.53
7.30
9.53
11.90
14.01
15.57
16.46
16.63
16.02
14.58
12.30
9.35
6.13
3.18
1.09
0.28
0.85
2.53
4.79
6.94
8.37
8.65
7.64
5.52
2.75
-0.08
-2.35
-3.64
-3.84
-3.14
-1.97
-0.78
0.08
0.49
0.58
0.61
0.92
1.79
3.33
5.43
7.74
9.74
10.91
10.87
9.56
7.23
4.36
1.46
-1.13
-3.28
-5.11
-6.79
-8.48
-10.22
-11.89
-13.35
-14.52
-15.41
-16.16
-16.94
-17.93
-19.18
-20.69
-22.35
-23.99
-25.37
-26.20
-26.21
-25.18
-23.06
-20.05
-16.58
-13.18
-10.29
-8.10
-6.47
-5.06
-3.46
-1.41
1.10
3.86
6.56
8.95
10.91
12.48
13.79
15.02
16.30
17.69
19.20
20.74
22.10
23.04
23.32
22.80
21.47
19.55
17.35
15.17
13.23
11.55
10.03
8.54
6.96
5.26
3.48
1.68
-0.10
-1.88
-3.71
-5.65
-7.76
-9.99
-12.22
-14.22
-15.65
-16.19
-15.60
-13.81
-10.99
-7.45
-3.62
0.12
3.43
6.15
8.17
9.56
10.43
10.97
11.40
11.86
12.40
12.98
13.47
13.72
13.67
13.32
12.76
12.12
11.52
11.07
10.82
10.77
10.83
10.84
10.63
10.06
9.16
8.04
6.89
5.85
4.96
4.15
3.30
2.31
1.15
-0.09
-1.32
-2.44
-3.45
-4.39
-5.32
-6.30
-7.41
-8.72
-10.28
-12.06
-13.90
-15.41
-16.13
-15.62
-13.66
-10.38
-6.23
-1.82
2.24
5.52
7.86
9.24
9.80
9.73
9.23
8.56
8.00
7.79
8.01
8.60
9.29
9.79
9.83
9.35
8.45
7.39
6.48
5.92
5.80
6.03
6.40
6.72
6.80
6.58
6.08
5.41
4.70
4.05
3.50
2.97
2.36
1.55
0.47
-0.84
-2.23
-3.51
-4.50
-5.14
-5.54
-5.93
-6.58
-7.72
-9.42
-11.52
-13.66
-15.36
-16.14
-15.65
-13.75
-10.59
-6.56
-2.20
1.90
5.28
7.70
9.12
9.68
9.63
9.24
8.74
8.31
8.06
7.99
8.06
8.17
8.18
7.99
7.59
6.97
6.20
5.34
4.46
3.57
2.72
1.90
1.12
0.32
-0.54
-1.52
-2.66
-3.93
-5.21
-6.41
-7.45
-8.32
-9.10
-9.93
-10.90
-11.98
-13.01
-13.72
-13.82
-13.12
-11.65
-9.63
-7.39
-5.28
-3.57
-2.35
-1.53
-0.87
-0.05
1.27
3.39
6.40
10.23
14.52
18.79
22.48
25.14
26.56
26.76
26.02
24.77
23.47
22.46
21.86
21.56
21.34
21.01
20.51
20.05
19.89
20.23
21.03
22.00
22.75
22.96
22.47
21.33
19.60
17.38
14.83
12.29
10.17
8.81
8.12
7.53
6.17
3.36
-1.03
-6.37
-11.65
-15.96
-18.98
-21.03
-22.80
-24.85
-27.36
-30.06
-32.61
-34.82
-36.76
-38.59
-40.28
-41.43
-41.33
-39.27
-34.95
-28.71
-21.52
-14.69
-9.39
-6.26
-5.26
-5.79
-6.94
-7.91
-8.23
-7.79
-6.81
-5.63
-4.57
-3.81
-3.34
-3.04
-2.71
-2.25
-1.63
-0.92
-0.23
0.35
0.77
0.99
1.00
0.75
0.24
-0.47
-1.24
-1.93
-2.43
-2.72
-2.88
-3.02
-3.23
-3.50
-3.79
-4.07
-4.36
-4.73
-5.25
-5.94
-6.80
-7.83
-9.14
-10.87
-13.18
-16.04
-19.21
-22.28
-24.76
-26.34
-26.90
-26.58
-25.61
-24.22
-22.50
-20.39
-17.78
-14.53
-10.58
-6.02
-1.10
3.73
7.93
11.04
12.80
13.37
13.24
13.06
13.40
14.53
16.38
18.63
20.89
22.86
24.33
25.19
25.33
24.64
23.04
20.58
17.46
14.00
10.56
7.42
4.77
2.73
1.43
1.00
1.48
2.73
4.33
5.66
6.14
5.45
3.71
1.45
-0.53
-1.51
-1.02
1.00
4.24
8.17
12.24
15.94
18.89
20.90
21.87
21.86
21.05
19.74
18.23
16.85
15.81
15.16
14.84
14.70
14.60
14.48
14.35
14.25
14.20
14.18
14.14
13.97
13.56
12.73
11.34
9.26
6.52
3.28
-0.20
-3.62
-6.81
-9.74
-12.51
-15.26
-18.05
-20.81
-23.39
-25.65
-27.47
-28.87
-29.92
-30.72
-31.33
-31.77
-31.95
-31.69
-30.76
-28.93
-26.04
-22.11
-17.36
-12.19
-7.10
-2.59
0.91
3.15
4.16
4.24
3.93
3.82
4.31
5.48
7.01
8.32
8.86
8.21
6.23
2.97
-1.30
-6.15
-10.91
-14.73
-16.70
-16.19
-13.09
-7.97
-1.89
3.93
8.51
11.38
12.56
12.45
11.55
10.31
9.05
8.02
7.41
7.34
7.84
8.79
9.90
10.81
11.14
10.67
9.37
7.41
5.04
2.56
0.25
-1.61
-2.76
-2.94
-2.01
0.03
2.90
6.13
9.11
11.33
12.53
12.77
12.39
11.84
11.50
11.53
11.89
12.37
12.72
12.72
12.26
11.33
10.01
8.46
6.86
5.44
4.36
3.76
3.65
3.96
4.56
5.28
5.94
6.40
6.57
6.40
5.97
5.38
4.73
4.05
3.28
2.26
0.83
-1.08
-3.39
-5.88
-8.26
-10.31
-11.95
-13.28
-14.55
-16.05
-17.96
-20.25
-22.66
-24.76
-26.07
-26.20
-24.92
-22.30
-18.64
-14.43
-10.22
-6.53
-3.67
-1.74
-0.60
0.09
0.71
1.60
2.90
4.56
6.35
7.93
9.03
9.51
9.42
8.98
8.47
8.13
8.10
8.36
8.77
9.14
9.29
9.11
8.59
7.79
6.90
6.06
5.37
4.82
4.22
3.34
1.98
0.08
-2.23
-4.64
-6.81
-8.47
-9.52
-10.08
-10.46
-11.00
-11.96
-13.40
-15.12
-16.67
-17.52
-17.22
-15.63
-12.97
-9.81
-6.81
-4.50
-3.10
-2.51
-2.44
-2.53
-2.54
-2.34
-1.89
-1.19
-0.31
0.60
1.29
1.42
0.74
-0.81
-3.04
-5.54
-7.85
-9.59
-10.61
-10.97
-10.88
-10.54
-10.09
-9.49
-8.57
-7.10
-4.92
-2.03
1.43
5.18
8.92
12.36
15.29
17.57
19.12
19.87
19.76
18.74
16.79
14.00
10.54
6.72
2.91
-0.50
-3.16
-4.81
-5.29
-4.58
-2.82
-0.34
2.42
4.98
6.97
8.21
8.79
9.00
9.15
9.50
10.09
10.85
11.61
12.21
12.61
12.82
12.88
12.78
12.45
11.81
10.86
9.72
8.63
7.84
7.49
7.51
7.62
7.48
6.78
5.44
3.56
1.44
-0.59
-2.32
-3.65
-4.67
-5.57
-6.58
-7.84
-9.36
-11.03
-12.64
-13.98
-14.96
-15.62
-16.13
-16.69
-17.51
-18.71
-20.25
-21.90
-23.22
-23.68
-22.78
-20.34
-16.56
-12.02
-7.47
-3.56
-0.64
1.32
2.59
3.46
4.09
4.56
4.88
5.09
5.30
5.61
6.07
6.57
6.95
6.98
6.51
5.50
4.01
2.18
0.24
-1.52
-2.69
-2.78
-1.28
2.06
7.05
12.92
18.43
22.22
23.32
21.55
17.55
12.49
7.56
3.57
0.73
-1.16
-2.39
-3.06
-2.98
-1.97
-0.03
2.39
4.46
5.26
4.15
1.04
-3.60
-8.84
-13.69
-17.29
-19.16
-19.17
-17.48
-14.42
-10.40
-5.93
-1.55
2.24
5.08
6.86
7.75
8.12
8.42
8.98
9.93
11.13
12.34
13.24
13.64
13.47
12.77
11.60
10.03
8.14
6.06
3.96
2.06
0.51
-0.69
-1.67
-2.68
-3.90
-5.32
-6.73
-7.80
-8.27
-8.09
-7.48
-6.88
-6.70
-7.20
-8.32
-9.75
-11.09
-12.04
-12.56
-12.87
-13.31
-14.18
-15.61
-17.50
-19.60
-21.54
-22.93
-23.43
-22.75
-20.78
-17.67
-13.85
-9.94
-6.51
-3.91
-2.14
-0.86
0.41
2.07
4.32
7.11
10.18
13.16
15.67
17.40
18.21
18.17
17.54
16.71
15.99
15.54
15.29
14.99
14.33
13.08
11.13
8.50
5.34
1.84
-1.69
-4.92
-7.47
-9.04
-9.43
-8.67
-6.96
-4.67
-2.21
0.04
1.83
3.03
3.61
3.54
2.80
1.42
-0.52
-2.75
-4.85
-6.30
-6.66
-5.71
-3.56
-0.65
2.40
5.01
6.79
7.67
7.84
7.61
7.28
7.04
6.94
6.95
6.97
6.90
6.68
6.26
5.67
4.96
4.26
3.69
3.37
3.37
3.69
4.26
4.95
5.61
6.05
6.15
5.85
5.18
4.27
3.27
2.35
1.57
0.91
0.27
-0.49
-1.46
-2.67
-4.00
-5.31
-6.41
-7.23
-7.78
-8.23
-8.84
-9.83
-11.37
-13.41
-15.68
-17.69
-18.83
-18.61
-16.80
-13.61
-9.57
-5.36
-1.62
1.28
3.25
4.41
5.00
5.27
5.44
5.72
6.22
6.92
7.68
8.25
8.42
8.14
7.56
6.92
6.44
6.21
6.20
6.27
6.35
6.43
6.57
6.75
6.87
6.78
6.34
5.57
4.60
3.63
2.84
2.27
1.87
1.49
0.96
0.14
-1.07
-2.63
-4.44
-6.21
-7.65
-8.54
-8.88
-8.92
-9.06
-9.70
-11.01
-12.86
-14.87
-16.47
-17.14
-16.53
-14.54
-11.38
-7.45
-3.33
0.46
3.51
5.67
7.00
7.73
8.16
8.51
8.93
9.49
10.14
10.78
11.28
11.50
11.36
10.88
10.16
9.30
8.41
7.55
6.71
5.88
5.07
4.36
3.81
3.47
3.34
3.30
3.26
3.08
2.70
2.13
1.42
0.66
-0.07
-0.75
-1.42
-2.14
-2.96
-3.84
-4.69
-5.39
-5.90
-6.31
-6.80
-7.55
-8.70
-10.23
-12.00
-13.77
-15.30
-16.32
-16.61
-15.98
-14.28
-11.53
-7.95
-3.97
-0.18
2.90
4.95
5.94
6.15
6.01
5.95
6.23
6.90
7.84
8.86
9.81
10.58
11.08
11.25
11.01
10.32
9.25
7.93
6.61
5.51
4.79
4.46
4.39
4.39
4.28
3.92
3.28
2.41
1.38
0.31
-0.70
-1.61
-2.42
-3.16
-3.88
-4.61
-5.33
-6.03
-6.67
-7.27
-7.93
-8.75
-9.77
-10.88
-11.83
-12.25
-11.80
-10.31
-7.89
-4.86
-1.69
1.13
3.25
4.53
5.04
5.03
4.84
4.73
4.86
5.19
5.58
5.88
5.98
5.91
5.70
5.39
4.94
4.28
3.45
2.57
1.87
1.54
1.64
2.00
2.38
2.47
2.17
1.48
0.60
-0.29
-1.06
-1.71
-2.35
-3.06
-3.91
-4.85
-5.76
-6.51
-7.06
-7.43
-7.70
-8.03
-8.55
-9.37
-10.55
-12.03
-13.55
-14.68
-14.87
-13.74
-11.18
-7.50
-3.33
0.59
3.74
5.90
7.21
7.99
8.56
9.11
9.69
10.24
10.66
10.88
10.88
10.70
10.41
10.08
9.73
9.33
8.82
8.16
7.35
6.50
5.72
5.14
4.81
4.66
4.57
4.41
4.04
3.38
2.40
1.05
-0.68
-2.75
-5.07
-7.48
-9.77
-11.80
-13.47
-14.77
-15.74
-16.43
-16.93
-17.32
-17.71
-18.23
-18.96
-19.92
-20.98
-21.91
-22.39
-22.07
-20.70
-18.16
-14.55
-10.16
-5.48
-1.04
2.67
5.42
7.21
8.30
9.07
9.90
10.98
12.31
13.69
14.85
15.62
15.96
16.02
15.98
15.96
15.99
15.94
15.70
15.20
14.48
13.65
12.81
11.95
10.99
9.82
8.34
6.59
4.68
2.76
0.95
-0.71
-2.22
-3.57
-4.68
-5.41
-5.58
-5.15
-4.30
-3.41
-2.99
-3.40
-4.74
-6.78
-9.11
-11.36
-13.38
-15.22
-17.00
-18.65
-19.85
-20.07
-18.86
-16.14
-12.29
-8.05
-4.20
-1.28
0.60
1.72
2.52
3.43
4.69
6.34
8.26
10.22
12.01
13.42
14.29
14.50
14.06
13.02
11.58
9.99
8.53
7.44
6.79
6.52
6.39
6.17
5.65
4.77
3.63
2.38
1.17
0.06
-0.97
-2.02
-3.17
-4.43
-5.73
-6.95
-7.86
-8.27
-8.07
-7.29
-6.17
-5.10
-4.51
-4.67
-5.58
-6.90
-8.05
-8.46
-7.74
-5.89
-3.23
-0.29
2.42
4.54
5.95
6.72
7.04
7.13
7.21
7.41
7.75
8.18
8.57
8.82
8.82
8.58
8.16
7.71
7.34
7.20
7.30
7.62
7.97
8.15
7.93
7.14
5.77
3.94
1.90
-0.02
-1.51
-2.33
-2.43
-1.98
-1.33
-0.98
-1.33
-2.60
-4.69
-7.22
-9.71
-11.75
-13.18
-14.08
-14.75
-15.52
-16.61
-18.02
-19.50
-20.60
-20.85
-19.87
-17.56
-14.06
-9.84
-5.45
-1.47
1.75
4.12
5.77
6.98
8.04
9.15
10.39
11.76
13.17
14.45
15.36
15.59
14.92
13.33
11.04
8.53
6.33
4.86
4.22
4.22
4.49
4.70
4.63
4.28
3.76
3.15
2.50
1.78
0.99
0.22
-0.39
-0.63
-0.37
0.38
1.46
2.59
3.45
3.86
3.72
3.15
2.32
1.37
0.34
-0.87
-2.46
-4.61
-7.36
-10.60
-13.95
-16.92
-18.94
-19.58
-18.65
-16.30
-12.99
-9.40
-6.16
-3.73
-2.27
-1.61
-1.43
-1.38
-1.23
-0.94
-0.61
-0.36
-0.29
-0.36
-0.46
-0.42
-0.16
0.34
1.02
1.83
2.72
3.66
4.62
5.52
6.27
6.81
7.17
7.44
7.70
7.97
8.18
8.21
8.00
7.61
7.17
6.78
6.51
6.27
5.97
5.51
4.91
4.22
3.58
3.02
2.54
2.00
1.25
0.15
-1.33
-3.10
-4.98
-6.69
-7.92
-8.39
-7.87
-6.27
-3.69
-0.43
3.03
6.13
8.36
9.42
9.33
8.39
7.08
5.89
5.16
4.99
5.24
5.58
5.67
5.25
4.25
2.81
1.18
-0.30
-1.31
-1.56
-0.88
0.76
3.17
5.83
8.12
9.38
9.28
7.85
5.54
2.96
0.62
-1.23
-2.63
-3.78
-4.89
-6.01
-7.10
-8.05
-8.81
-9.39
-9.90
-10.43
-11.06
-11.84
-12.78
-13.82
-14.79
-15.40
-15.31
-14.21
-12.02
-8.89
-5.28
-1.74
1.21
3.27
4.40
4.78
4.70
4.44
4.21
4.14
4.25
4.49
4.81
5.13
5.42
5.62
5.66
5.48
5.04
4.37
3.61
2.96
2.60
2.60
2.90
3.33
3.68
3.73
3.37
2.54
1.34
-0.03
-1.25
-1.99
-2.05
-1.48
-0.57
0.21
0.44
-0.13
-1.48
-3.38
-5.52
-7.63
-9.56
-11.29
-12.87
-14.40
-15.95
-17.46
-18.70
-19.34
-19.01
-17.49
-14.84
-11.41
-7.79
-4.52
-1.98
-0.22
0.92
1.72
2.44
3.22
4.13
5.21
6.46
7.80
9.06
10.00
10.43
10.27
9.69
8.98
8.47
8.33
8.54
8.95
9.35
9.61
9.67
9.54
9.24
8.79
8.21
7.53
6.83
6.15
5.55
5.01
4.54
4.13
3.76
3.35
2.79
1.99
0.90
-0.40
-1.74
-2.95
-3.93
-4.75
-5.62
-6.82
-8.56
-10.94
-13.81
-16.79
-19.36
-20.96
-21.15
-19.75
-16.93
-13.12
-8.95
-5.00
-1.75
0.59
2.08
3.01
3.78
4.81
6.33
8.32
10.51
12.48
13.85
14.44
14.29
13.57
12.53
11.35
10.18
9.15
8.38
7.97
7.90
8.04
8.15
8.01
7.50
6.65
5.59
4.44
3.28
2.10
0.84
-0.50
-1.89
-3.23
-4.45
-5.54
-6.57
-7.61
-8.73
-9.89
-11.00
-11.92
-12.60
-13.08
-13.49
-14.00
-14.71
-15.64
-16.68
-17.64
-18.26
-18.27
-17.51
-15.90
-13.55
-10.71
-7.70
-4.83
-2.32
-0.26
1.34
2.59
3.57
4.44
5.29
6.23
7.26
8.34
9.36
10.19
10.75
11.02
11.02
10.80
10.44
10.02
9.62
9.37
9.35
9.59
10.01
10.40
10.52
10.13
9.18
7.78
6.20
4.74
3.55
2.55
1.55
0.34
-1.15
-2.78
-4.29
-5.44
-6.18
-6.66
-7.19
-8.07
-9.45
-11.25
-13.15
-14.71
-15.51
-15.28
-13.97
-11.75
-8.94
-5.91
-2.99
-0.44
1.60
3.10
4.12
4.82
5.40
6.00
6.68
7.35
7.89
8.18
8.22
8.14
8.12
8.33
8.81
9.49
10.25
10.93
11.45
11.78
11.96
11.99
11.82
11.36
10.51
9.24
7.69
6.06
4.60
3.47
2.63
1.92
1.11
0.05
-1.32
-2.90
-4.55
-6.11
-7.47
-8.60
-9.54
-10.41
-11.34
-12.50
-13.97
-15.69
-17.41
-18.74
-19.23
-18.54
-16.53
-13.34
-9.36
-5.16
-1.31
1.75
3.83
5.02
5.65
6.10
6.68
7.50
8.49
9.44
10.19
10.61
10.69
10.46
9.98
9.31
8.56
7.85
7.33
7.09
7.12
7.34
7.56
7.60
7.32
6.62
5.45
3.81
1.80
-0.39
-2.47
-4.15
-5.23
-5.72
-5.80
-5.77
-5.89
-6.28
-6.89
-7.57
-8.17
-8.62
-8.96
-9.31
-9.77
-10.49
-11.54
-13.01
-14.87
-16.99
-19.06
-20.63
-21.19
-20.32
-17.89
-14.09
-9.46
-4.66
-0.33
3.15
5.70
7.52
8.93
10.24
11.61
13.06
14.46
15.65
16.47
16.81
16.65
16.00
14.96
13.65
12.25
10.96
10.01
9.60
9.80
10.55
11.60
12.59
13.20
13.21
12.61
11.55
10.29
9.05
7.91
6.85
5.73
4.47
3.02
1.46
-0.13
-1.63
-2.97
-4.13
-5.12
-5.99
-6.81
-7.64
-8.53
-9.58
-10.86
-12.39
-14.08
-15.73
-17.03
-17.61
-17.23
-15.77
-13.36
-10.33
-7.11
-4.12
-1.69
0.08
1.23
1.96
2.47
2.95
3.47
4.03
4.54
4.95
5.25
5.42
5.49
5.45
5.29
5.02
4.71
4.43
4.24
4.16
4.10
3.98
3.69
3.20
2.55
1.79
0.99
0.21
-0.55
-1.31
-2.09
-2.92
-3.80
-4.68
-5.53
-6.30
-6.96
-7.58
-8.24
-9.07
-10.14
-11.39
-12.64
-13.56
-13.82
-13.10
-11.32
-8.58
-5.23
-1.78
1.29
3.61
5.07
5.80
6.14
6.47
7.03
7.85
8.77
9.53
9.95
9.98
9.71
9.24
8.67
8.06
7.43
6.85
6.40
6.14
6.09
6.16
6.20
6.04
5.57
4.74
3.63
2.34
1.04
-0.15
-1.15
-1.96
-2.68
-3.44
-4.35
-5.40
-6.50
-7.50
-8.28
-8.85
-9.37
-10.08
-11.22
-12.82
-14.70
-16.43
-17.50
-17.46
-16.09
-13.46
-9.93
-6.01
-2.25
0.92
3.26
4.70
5.41
5.66
5.75
5.96
6.44
7.20
8.14
9.12
9.93
10.42
10.48
10.10
9.38
8.47
7.59
6.88
6.42
6.18
6.05
5.90
5.65
5.29
4.85
4.37
3.85
3.24
2.50
1.61
0.63
-0.35
-1.26
-2.09
-2.87
-3.68
-4.56
-5.49
-6.43
-7.32
-8.15
-8.98
-9.93
-11.10
-12.55
-14.24
-16.01
-17.51
-18.32
-18.03
-16.45
-13.70
-10.20
-6.55
-3.28
-0.72
1.07
2.24
3.03
3.66
4.30
5.07
6.01
7.10
8.24
9.27
10.02
10.41
10.48
10.38
10.30
10.37
10.62
10.97
11.30
11.48
11.44
11.18
10.78
10.31
9.81
9.27
8.65
7.89
7.01
6.08
5.18
4.39
3.70
3.11
2.57
2.08
1.61
1.12
0.52
-0.35
-1.63
-3.43
-5.74
-8.46
-11.47
-14.54
-17.44
-19.84
-21.37
-21.69
-20.61
-18.21
-14.81
-10.95
-7.24
-4.17
-2.00
-0.69
0.01
0.43
0.88
1.56
2.46
3.48
4.44
5.16
5.53
5.51
5.13
4.49
3.71
2.95
2.37
2.11
2.21
2.55
2.90
2.99
2.56
1.50
-0.12
-2.06
-4.05
-5.88
-7.46
-8.90
-10.33
-11.90
-13.64
-15.49
-17.28
-18.81
-19.90
-20.40
-20.24
-19.46
-18.23
-16.88
-15.71
-14.95
-14.57
-14.23
-13.43
-11.66
-8.66
-4.50
0.40
5.52
10.47
15.07
19.37
23.43
27.22
30.44
32.65
33.46
32.64
30.31
26.88
22.90
18.90
15.27
12.15
9.53
7.30
5.35
3.61
2.04
0.59
-0.83
-2.30
-3.91
-5.67
-7.46
-9.09
-10.37
-11.14
-11.32
-10.89
-9.89
-8.43
-6.65
-4.72
-2.84
-1.19
0.11
0.93
1.21
0.85
-0.13
-1.59
-3.16
-4.30
-4.43
-3.14
-0.32
3.71
8.40
13.08
17.20
20.47
22.79
24.31
25.19
25.59
25.60
25.26
24.54
23.47
22.10
20.51
18.78
16.98
15.15
13.33
11.55
9.90
8.42
7.12
5.92
4.73
3.45
2.06
0.56
-0.99
-2.49
-3.89
-5.08
-5.98
-6.56
-6.85
-6.96
-7.08
-7.40
-8.06
-9.11
-10.49
-12.08
-13.78
-15.48
-17.12
-18.64
-20.01
-21.28
-22.56
-23.96
-25.54
-27.17
-28.49
-29.04
-28.35
-26.20
-22.68
-18.17
-13.23
-8.47
-4.33
-1.03
1.39
3.13
4.42
5.52
6.56
7.59
8.52
9.24
9.72
9.96
10.05
10.07
10.08
10.05
9.97
9.79
9.51
9.12
8.63
8.07
7.47
6.84
6.20
5.48
4.62
3.55
2.28
0.90
-0.41
-1.48
-2.23
-2.69
-3.06
-3.56
-4.39
-5.66
-7.31
-9.18
-11.06
-12.73
-14.01
-14.79
-15.05
-14.82
-14.20
-13.33
-12.27
-11.05
-9.61
-7.86
-5.69
-3.08
-0.11
3.02
6.01
8.57
10.45
11.61
12.14
12.30
12.35
12.50
12.78
13.05
13.13
12.87
12.28
11.54
10.87
10.42
10.19
9.99
9.62
8.92
7.91
6.76
5.71
4.90
4.32
3.79
3.06
1.96
0.54
-1.05
-2.53
-3.73
-4.61
-5.29
-5.98
-6.80
-7.81
-8.95
-10.13
-11.25
-12.28
-13.17
-13.88
-14.40
-14.75
-15.08
-15.60
-16.47
-17.69
-18.97
-19.80
-19.58
-17.88
-14.61
-10.17
-5.29
-0.84
2.45
4.17
4.38
3.51
2.13
0.79
-0.20
-0.79
-1.17
-1.53
-2.01
-2.58
-3.10
-3.43
-3.53
-3.51
-3.58
-3.94
-4.63
-5.54
-6.38
-6.82
-6.65
-5.79
-4.39
-2.68
-0.89
0.82
2.47
4.12
5.80
7.42
8.76
9.59
9.78
9.43
8.77
8.13
7.70
7.46
7.18
6.47
5.04
2.84
0.15
-2.41
-4.15
-4.46
-3.08
-0.17
3.72
7.80
11.27
13.52
14.32
13.87
12.65
11.31
10.39
10.18
10.62
11.42
12.20
12.67
12.72
12.35
11.63
10.62
9.34
7.87
6.35
5.04
4.14
3.72
3.61
3.48
2.97
1.89
0.28
-1.57
-3.28
-4.51
-5.09
-4.95
-4.20
-3.04
-1.79
-0.83
-0.51
-1.03
-2.35
-4.20
-6.23
-8.17
-9.94
-11.72
-13.73
-16.07
-18.62
-20.94
-22.51
-22.81
-21.57
-18.86
-15.03
-10.70
-6.48
-2.93
-0.34
1.27
2.12
2.61
3.16
4.11
5.59
7.52
9.66
11.67
13.29
14.37
14.88
14.89
14.51
13.82
12.93
11.99
11.18
10.68
10.59
10.87
11.34
11.76
11.90
11.67
11.10
10.31
9.42
8.53
7.67
6.85
6.08
5.37
4.73
4.12
3.49
2.75
1.79
0.54
-1.05
-2.94
-5.03
-7.20
-9.28
-11.22
-13.06
-14.93
-16.92
-18.93
-20.62
-21.42
-20.82
-18.55
-14.78
-10.13
-5.38
-1.26
1.83
3.85
5.06
5.79
6.31
6.81
7.35
7.95
8.59
9.24
9.80
10.16
10.23
9.98
9.50
8.89
8.31
7.86
7.54
7.31
7.08
6.75
6.23
5.53
4.64
3.64
2.60
1.57
0.54
-0.52
-1.64
-2.84
-4.09
-5.36
-6.63
-7.94
-9.33
-10.87
-12.51
-14.15
-15.58
-16.59
-17.13
-17.34
-17.58
-18.30
-19.86
-22.38
-25.59
-28.91
-31.55
-32.78
-32.11
-29.43
-25.05
-19.61
-13.89
-8.61
-4.32
-1.21
0.78
2.02
2.94
3.93
5.25
7.00
9.12
11.43
13.74
15.83
17.51
18.65
19.20
19.20
18.78
18.14
17.47
16.90
16.47
16.10
15.66
14.97
13.93
12.51
10.84
9.12
7.54
6.20
5.05
3.92
2.59
0.97
-0.90
-2.80
-4.48
-5.75
-6.59
-7.21
-7.91
-9.01
-10.67
-12.76
-14.90
-16.52
-17.06
-16.16
-13.82
-10.38
-6.45
-2.68
0.43
2.66
4.06
4.90
5.52
6.21
7.15
8.37
9.76
11.13
12.25
12.93
13.13
12.92
12.47
11.99
11.60
11.32
11.11
10.86
10.52
10.06
9.47
8.72
7.77
6.62
5.33
4.05
2.92
2.00
1.24
0.46
-0.53
-1.88
-3.63
-5.68
-7.86
-10.02
-12.03
-13.84
-15.49
-17.06
-18.68
-20.47
-22.49
-24.68
-26.81
-28.51
-29.35
-28.98
-27.23
-24.28
-20.53
-16.56
-12.86
-9.71
-7.14
-4.97
-2.97
-0.98
1.05
3.09
5.05
6.89
8.52
9.90
10.97
11.72
12.18
12.40
12.52
12.69
13.09
13.91
15.27
17.16
19.38
21.53
23.09
23.62
22.86
20.84
17.87
14.42
10.99
7.96
5.56
3.79
2.52
1.54
0.64
-0.32
-1.38
-2.51
-3.65
-4.74
-5.72
-6.57
-7.28
-7.86
-8.41
-9.07
-9.97
-11.20
-12.67
-14.06
-14.85
-14.48
-12.51
-8.88
-3.92
1.65
7.00
11.43
14.59
16.50
17.46
17.83
17.89
17.80
17.59
17.26
16.84
16.34
15.74
14.98
14.01
12.83
11.53
10.25
9.13
8.21
7.45
6.75
6.03
5.30
4.60
3.97
3.42
2.88
2.23
1.40
0.36
-0.80
-1.99
-3.10
-4.07
-4.90
-5.58
-6.14
-6.61
-7.02
-7.43
-7.89
-8.41
-8.98
-9.57
-10.20
-10.98
-12.01
-13.41
-15.14
-16.98
-18.53
-19.35
-19.05
-17.45
-14.59
-10.80
-6.52
-2.28
1.47
4.44
6.50
7.75
8.36
8.59
8.69
8.83
9.13
9.59
10.15
10.69
11.08
11.23
11.13
10.81
10.37
9.89
9.46
9.11
8.84
8.58
8.22
7.62
6.65
5.29
3.63
1.76
-0.22
-2.30
-4.54
-6.97
-9.53
-12.02
-14.17
-15.78
-16.75
-17.17
-17.28
-17.33
-17.58
-18.18
-19.22
-20.65
-22.30
-23.86
-24.94
-25.12
-24.08
-21.73
-18.21
-13.88
-9.22
-4.74
-0.79
2.42
4.82
6.49
7.55
8.16
8.47
8.64
8.87
9.31
10.04
11.05
12.21
13.37
14.36
15.11
15.55
15.64
15.30
14.47
13.14
11.43
9.58
7.87
6.51
5.54
4.83
4.19
3.46
2.58
1.58
0.51
-0.65
-1.93
-3.33
-4.74
-5.99
-6.86
-7.29
-7.40
-7.54
-8.08
-9.26
-10.99
-12.88
-14.37
-14.94
-14.26
-12.32
-9.34
-5.73
-1.91
1.75
4.95
7.50
9.34
10.55
11.29
11.79
12.21
12.60
12.89
12.99
12.82
12.40
11.77
10.99
10.10
9.11
8.07
7.09
6.32
5.86
5.73
5.78
5.80
5.64
5.21
4.60
3.90
3.20
2.49
1.71
0.80
-0.24
-1.33
-2.35
-3.21
-3.91
-4.51
-5.15
-5.91
-6.84
-7.90
-9.01
-10.05
-10.91
-11.54
-11.96
-12.28
-12.69
-13.40
-14.53
-16.01
-17.50
-18.42
-18.17
-16.34
-12.90
-8.26
-3.12
1.72
5.65
8.41
10.04
10.83
11.16
11.37
11.65
12.10
12.70
13.36
13.97
14.42
14.66
14.68
14.49
14.10
13.51
12.73
11.77
10.70
9.65
8.69
7.89
7.19
6.51
5.73
4.82
3.81
2.79
1.86
1.06
0.34
-0.37
-1.15
-2.02
-2.97
-3.99
-5.06
-6.18
-7.33
-8.49
-9.56
-10.49
-11.25
-11.91
-12.57
-13.33
-14.29
-15.42
-16.59
-17.58
-18.11
-17.91
-16.77
-14.65
-11.72
-8.31
-4.89
-1.89
0.38
1.82
2.46
2.52
2.24
1.90
1.75
1.89
2.34
2.96
3.54
3.93
4.07
3.99
3.84
3.73
3.74
3.87
4.10
4.38
4.63
4.77
4.69
4.31
3.61
2.65
1.57
0.49
-0.56
-1.59
-2.71
-4.02
-5.53
-7.20
-8.94
-10.62
-12.21
-13.70
-15.18
-16.72
-18.37
-20.02
-21.46
-22.32
-22.21
-20.85
-18.16
-14.34
-9.81
-5.10
-0.72
2.99
5.84
7.83
9.06
9.71
9.97
10.08
10.29
10.78
11.67
13.00
14.65
16.41
17.95
18.90
18.94
17.89
15.79
12.95
9.83
6.91
4.57
2.96
2.03
1.60
1.46
1.45
1.46
1.38
1.12
0.59
-0.30
-1.55
-3.05
-4.56
-5.79
-6.52
-6.68
-6.37
-5.88
-5.52
-5.53
-6.02
-6.93
-8.06
-9.13
-9.78
-9.65
-8.50
-6.24
-3.02
0.71
4.42
7.56
9.84
11.20
11.86
12.08
12.11
12.03
11.80
11.34
10.65
9.80
8.89
8.04
7.27
6.51
5.67
4.67
3.54
2.43
1.49
0.87
0.59
0.56
0.66
0.76
0.80
0.79
0.73
0.61
0.40
0.06
-0.43
-1.00
-1.56
-2.08
-2.58
-3.17
-3.94
-4.91
-6.01
-7.09
-8.05
-8.88
-9.66
-10.53
-11.61
-12.98
-14.57
-16.21
-17.59
-18.36
-18.14
-16.72
-14.09
-10.54
-6.54
-2.64
0.75
3.41
5.35
6.73
7.72
8.45
9.00
9.41
9.71
9.95
10.15
10.31
10.42
10.43
10.33
10.12
9.82
9.46
9.07
8.69
8.39
8.17
8.00
7.84
7.56
7.09
6.38
5.45
4.38
3.28
2.27
1.43
0.72
0.05
-0.73
-1.75
-3.01
-4.40
-5.75
-6.87
-7.66
-8.16
-8.48
-8.82
-9.33
-10.16
-11.43
-13.17
-15.32
-17.58
-19.45
-20.38
-19.92
-17.93
-14.65
-10.61
-6.46
-2.74
0.23
2.35
3.73
4.53
4.97
5.30
5.77
6.57
7.79
9.31
10.86
12.16
12.96
13.22
13.09
12.78
12.50
12.30
12.13
11.89
11.52
11.02
10.45
9.81
9.03
7.98
6.53
4.73
2.71
0.70
-1.12
-2.73
-4.19
-5.62
-7.05
-8.42
-9.64
-10.65
-11.51
-12.34
-13.30
-14.47
-15.84
-17.25
-18.50
-19.34
-19.48
-18.72
-16.92
-14.14
-10.66
-6.90
-3.38
-0.50
1.57
2.89
3.73
4.40
5.13
6.00
6.98
7.92
8.71
9.30
9.68
9.87
9.89
9.78
9.55
9.24
8.93
8.69
8.56
8.52
8.46
8.24
7.78
7.03
6.04
4.89
3.66
2.38
1.07
-0.25
-1.52
-2.66
-3.58
-4.22
-4.61
-4.85
-5.10
-5.50
-6.19
-7.28
-8.80
-10.62
-12.48
-13.92
-14.48
-13.79
-11.79
-8.74
-5.18
-1.69
1.27
3.51
5.10
6.21
7.06
7.77
8.37
8.88
9.28
9.60
9.86
10.05
10.15
10.11
9.87
9.41
8.76
8.00
7.28
6.70
6.30
6.08
5.93
5.79
5.55
5.19
4.67
3.97
3.08
2.04
0.90
-0.22
-1.28
-2.29
-3.33
-4.46
-5.65
-6.75
-7.58
-8.01
-8.11
-8.08
-8.20
-8.71
-9.73
-11.16
-12.72
-14.01
-14.60
-14.11
-12.37
-9.49
-5.83
-1.89
1.76
4.69
6.70
7.80
8.19
8.19
8.13
8.23
8.56
9.05
9.53
9.81
9.80
9.52
9.04
8.47
7.86
7.26
6.67
6.13
5.67
5.36
5.22
5.24
5.33
5.35
5.13
4.57
3.63
2.41
1.10
-0.12
-1.14
-1.97
-2.72
-3.54
-4.53
-5.65
-6.79
-7.74
-8.32
-8.44
-8.15
-7.65
-7.24
-7.19
-7.74
-9.00
-10.98
-13.51
-16.29
-18.86
-20.59
-20.91
-19.40
-16.04
-11.23
-5.71
-0.33
4.21
7.56
9.75
11.06
11.87
12.50
13.10
13.67
14.16
14.49
14.60
14.49
14.13
13.49
12.56
11.35
9.97
8.63
7.55
6.94
6.82
7.04
7.31
7.33
6.88
5.94
4.63
3.19
1.83
0.67
-0.28
-1.10
-1.91
-2.81
-3.85
-5.01
-6.21
-7.38
-8.44
-9.38
-10.22
-11.05
-11.98
-13.09
-14.41
-15.84
-17.17
-18.06
-18.19
-17.30
-15.32
-12.40
-8.91
-5.30
-1.95
0.87
3.05
4.63
5.71
6.43
6.92
7.28
7.62
7.97
8.32
8.59
8.71
8.65
8.42
8.08
7.71
7.34
6.95
6.52
5.99
5.40
4.78
4.19
3.66
3.17
2.69
2.14
1.47
0.60
-0.50
-1.86
-3.42
-5.09
-6.75
-8.27
-9.56
-10.62
-11.49
-12.30
-13.20
-14.30
-15.64
-17.14
-18.54
-19.49
-19.58
-18.51
-16.16
-12.68
-8.47
-4.05
0.06
3.50
6.12
8.01
9.41
10.61
11.79
13.00
14.15
15.12
15.78
16.06
15.96
15.53
14.84
13.95
12.96
11.99
11.16
10.57
10.26
10.13
9.97
9.55
8.68
7.31
5.55
3.62
1.77
0.16
-1.10
-2.01
-2.63
-3.06
-3.42
-3.85
-4.50
-5.45
-6.71
-8.18
-9.72
-11.23
-12.71
-14.25
-15.95
-17.82
-19.65
-21.03
-21.46
-20.50
-17.95
-13.98
-9.09
-3.99
0.58
4.09
6.31
7.32
7.46
7.17
6.83
6.70
6.88
7.34
7.93
8.50
8.87
8.95
8.72
8.25
7.62
6.96
6.34
5.77
5.28
4.84
4.48
4.21
4.01
3.81
3.51
3.01
2.23
1.19
-0.04
-1.33
-2.56
-3.67
-4.64
-5.54
-6.44
-7.40
-8.44
-9.49
-10.47
-11.26
-11.78
-12.04
-12.14
-12.27
-12.62
-13.33
-14.37
-15.50
-16.33
-16.40
-15.36
-13.12
-9.85
-5.96
-1.98
1.65
4.63
6.90
8.52
9.63
10.36
10.81
11.10
11.35
11.73
12.34
13.15
14.01
14.61
14.69
14.07
12.78
10.98
8.90
6.75
4.69
2.90
1.60
1.08
1.52
2.98
5.19
7.67
9.82
11.13
11.37
10.60
9.11
7.24
5.30
3.47
1.83
0.40
-0.78
-1.71
-2.45
-3.15
-4.02
-5.33
-7.24
-9.71
-12.47
-15.05
-16.87
-17.45
-16.55
-14.31
-11.17
-7.79
-4.82
-2.72
-1.66
-1.54
-2.07
-2.92
-3.77
-4.39
-4.59
-4.23
-3.29
-1.81
0.05
2.07
4.01
5.70
7.05
8.06
8.76
9.23
9.53
9.70
9.82
9.99
10.32
10.92
11.87
13.10
14.48
15.72
16.49
16.49
15.50
13.52
10.79
7.70
4.72
2.23
0.41
-0.80
-1.66
-2.48
-3.52
-4.91
-6.53
-8.10
-9.22
-9.45
-8.52
-6.37
-3.30
0.21
3.56
6.31
8.28
9.51
10.25
10.73
11.14
11.52
11.84
11.98
11.78
11.10
9.83
7.97
5.62
3.05
0.54
-1.62
-3.29
-4.50
-5.36
-6.04
-6.65
-7.19
-7.61
-7.86
-7.98
-8.02
-8.09
-8.28
-8.65
-9.28
-10.27
-11.75
-13.72
-16.05
-18.39
-20.34
-21.54
-21.88
-21.52
-20.79
-20.10
-19.78
-20.10
-21.13
-22.78
-24.66
-26.08
-26.12
-23.96
-19.24
-12.28
-4.06
4.10
11.00
15.95
18.88
20.20
20.50
20.21
19.57
18.63
17.37
15.85
14.20
12.59
11.15
9.95
9.01
8.35
8.03
8.11
8.62
9.53
10.67
11.78
12.58
12.85
12.48
11.50
10.04
8.28
6.43
4.65
3.08
1.75
0.66
-0.31
-1.29
-2.40
-3.68
-5.08
-6.46
-7.65
-8.54
-9.11
-9.47
-9.80
-10.31
-11.15
-12.39
-13.97
-15.73
-17.37
-18.52
-18.80
-17.91
-15.77
-12.52
-8.57
-4.43
-0.60
2.56
4.89
6.46
7.47
8.22
8.95
9.87
10.98
12.19
13.25
13.93
14.06
13.61
12.72
11.61
10.47
9.44
8.53
7.69
6.90
6.07
5.13
3.95
2.34
0.17
-2.53
-5.56
-8.50
-10.90
-12.40
-12.89
-12.51
-11.51
-10.23
-8.89
-7.66
-6.66
-5.95
-5.60
-5.61
-5.94
-6.54
-7.39
-8.51
-9.97
-11.79
-13.81
-15.76
-17.17
-17.60
-16.80
-14.76
-11.78
-8.39
-5.10
-2.31
-0.21
1.25
2.25
2.99
3.66
4.32
4.96
5.48
5.77
5.76
5.45
4.94
4.41
4.07
4.08
4.55
5.47
6.75
8.20
9.55
10.53
10.92
10.68
9.93
8.93
7.97
7.20
6.61
6.07
5.39
4.44
3.19
1.72
0.14
-1.41
-2.81
-3.98
-4.89
-5.63
-6.37
-7.37
-8.79
-10.61
-12.47
-13.85
-14.20
-13.15
-10.69
-7.18
-3.20
0.62
3.79
6.10
7.56
8.38
8.82
9.13
9.44
9.81
10.17
10.45
10.56
10.46
10.15
9.70
9.19
8.68
8.25
7.93
7.66
7.39
6.98
6.30
5.26
3.76
1.86
-0.31
-2.48
-4.29
-5.44
-5.76
-5.33
-4.41
-3.42
-2.68
-2.33
-2.26
-2.25
-2.10
-1.78
-1.49
-1.56
-2.24
-3.57
-5.28
-6.88
-7.80
-7.62
-6.22
-3.75
-0.59
2.84
6.11
8.90
10.88
11.83
11.61
10.32
8.30
6.14
4.42
3.58
3.67
4.41
5.31
5.92
6.03
5.67
5.07
4.49
4.10
4.02
4.33
5.07
6.24
7.69
9.08
9.97
9.99
9.03
7.32
5.35
3.65
2.49
1.84
1.38
0.69
-0.49
-2.18
-4.19
-6.18
-7.90
-9.27
-10.40
-11.54
-12.97
-14.87
-17.30
-20.11
-22.95
-25.39
-26.94
-27.22
-26.05
-23.51
-19.94
-15.88
-11.91
-8.54
-6.04
-4.49
-3.71
-3.42
-3.34
-3.24
-2.99
-2.59
-2.06
-1.44
-0.73
0.08
1.00
2.00
2.99
3.91
4.70
5.43
6.25
7.34
8.80
10.57
12.38
13.82
14.53
14.39
13.52
12.30
11.14
10.29
9.72
9.21
8.45
7.27
5.70
3.90
2.12
0.50
-0.93
-2.24
-3.54
-4.91
-6.43
-8.12
-10.01
-12.03
-14.04
-15.71
-16.64
-16.44
-14.87
-12.01
-8.24
-4.18
-0.41
2.64
4.79
6.17
7.02
7.62
8.19
8.88
9.76
10.82
12.03
13.25
14.29
14.98
15.18
14.89
14.20
13.31
12.40
11.58
10.89
10.27
9.67
9.06
8.42
7.73
6.96
6.06
5.01
3.85
2.69
1.61
0.65
-0.27
-1.27
-2.44
-3.76
-5.16
-6.45
-7.51
-8.30
-8.86
-9.28
-9.71
-10.30
-11.18
-12.43
-13.97
-15.49
-16.54
-16.63
-15.45
-12.97
-9.46
-5.43
-1.45
1.99
4.59
6.25
7.08
7.30
7.23
7.15
7.23
7.50
7.86
8.17
8.32
8.25
8.02
7.71
7.42
7.28
7.43
7.96
8.87
10.08
11.39
12.55
13.39
13.80
13.77
13.36
12.61
11.57
10.29
8.80
7.16
5.35
3.37
1.19
-1.17
-3.69
-6.30
-8.97
-11.72
-14.61
-17.63
-20.67
-23.47
-25.66
-26.85
-26.78
-25.40
-22.90
-19.60
-15.91
-12.16
-8.57
-5.25
-2.18
0.68
3.36
5.83
7.99
9.66
10.64
10.77
10.01
8.54
6.70
4.99
3.88
3.67
4.33
5.56
6.88
7.87
8.30
8.17
7.67
6.99
6.24
5.43
4.56
3.64
2.77
2.10
1.75
1.72
1.91
2.14
2.24
2.09
1.64
0.89
-0.12
-1.42
-3.07
-5.14
-7.62
-10.35
-12.93
-14.85
-15.61
-14.95
-12.98
-10.11
-6.94
-4.00
-1.56
0.33
1.79
2.98
3.97
4.83
5.60
6.31
7.03
7.74
8.35
8.74
8.80
8.50
7.87
7.01
5.99
4.83
3.54
2.14
0.69
-0.71
-1.99
-3.11
-4.09
-5.00
-5.87
-6.73
-7.55
-8.29
-8.94
-9.58
-10.30
-11.22
-12.29
-13.39
-14.28
-14.79
-14.86
-14.66
-14.46
-14.59
-15.24
-16.44
-18.08
-19.91
-21.60
-22.81
-23.19
-22.47
-20.57
-17.66
-14.19
-10.73
-7.82
-5.75
-4.51
-3.84
-3.37
-2.76
-1.78
-0.35
1.53
3.77
6.24
8.79
11.30
13.70
16.00
18.25
20.46
22.53
24.31
25.56
26.11
25.87
24.87
23.23
21.08
18.58
15.93
13.34
10.98
8.94
7.16
5.45
3.60
1.44
-1.03
-3.71
-6.39
-8.86
-10.96
-12.64
-13.93
-14.87
-15.54
-16.01
-16.41
-16.91
-17.65
-18.66
-19.73
-20.47
-20.37
-18.98
-16.15
-12.06
-7.17
-2.04
2.84
7.16
10.77
13.63
15.77
17.22
18.10
18.56
18.81
19.02
19.25
19.49
19.63
19.56
19.23
18.68
17.97
17.16
16.37
15.69
15.22
15.05
15.19
15.55
15.90
15.97
15.52
14.43
12.75
10.66
8.39
6.16
4.09
2.20
0.44
-1.24
-2.90
-4.56
-6.23
-7.94
-9.74
-11.74
-13.92
-16.17
-18.17
-19.47
-19.67
-18.55
-16.22
-13.09
-9.73
-6.68
-4.31
-2.67
-1.60
-0.84
-0.10
0.79
1.86
3.07
4.30
5.44
6.39
7.10
7.53
7.72
7.74
7.73
7.78
7.94
8.20
8.43
8.48
8.23
7.62
6.67
5.48
4.16
2.82
1.54
0.40
-0.58
-1.44
-2.28
-3.22
-4.39
-5.81
-7.40
-8.99
-10.41
-11.60
-12.64
-13.71
-14.99
-16.51
-18.10
-19.40
-19.98
-19.47
-17.75
-14.96
-11.48
-7.80
-4.39
-1.59
0.46
1.84
2.74
3.40
3.99
4.62
5.27
5.87
6.36
6.70
6.90
6.95
6.84
6.56
6.10
5.55
5.02
4.60
4.35
4.20
4.02
3.70
3.21
2.58
1.85
1.04
0.12
-0.99
-2.33
-3.87
-5.55
-7.28
-8.99
-10.63
-12.12
-13.42
-14.51
-15.38
-16.15
-16.97
-18.01
-19.33
-20.82
-22.17
-22.88
-22.42
-20.38
-16.62
-11.34
-5.05
1.60
7.95
13.51
17.96
21.20
23.25
24.27
24.51
24.23
23.73
23.21
22.78
22.40
21.93
21.16
19.95
18.25
16.20
14.02
11.98
10.31
9.09
8.32
7.86
7.56
7.23
6.70
5.86
4.68
3.21
1.61
0.07
-1.26
-2.32
-3.15
-3.86
-4.59
-5.39
-6.27
-7.19
-8.14
-9.09
-10.04
-10.99
-11.93
-12.89
-13.95
-15.20
-16.67
-18.28
-19.78
-20.79
-20.89
-19.81
-17.50
-14.17
-10.23
-6.18
-2.44
0.70
3.12
4.85
5.99
6.74
7.29
7.83
8.48
9.26
10.10
10.82
11.24
11.23
10.82
10.17
9.54
9.14
9.07
9.27
9.56
9.75
9.72
9.45
8.96
8.29
7.47
6.50
5.43
4.34
3.31
2.39
1.54
0.64
-0.45
-1.80
-3.39
-5.06
-6.65
-7.96
-8.95
-9.66
-10.22
-10.81
-11.61
-12.74
-14.26
-16.07
-17.92
-19.41
-20.10
-19.62
-17.86
-14.98
-11.41
-7.69
-4.27
-1.41
0.86
2.61
3.96
4.97
5.65
6.06
6.30
6.53
6.85
7.27
7.71
8.02
8.13
8.05
7.87
7.73
7.68
7.66
7.56
7.29
6.79
6.11
5.31
4.47
3.65
2.89
2.20
1.58
0.99
0.33
-0.53
-1.67
-3.07
-4.59
-6.03
-7.17
-7.97
-8.55
-9.15
-10.06
-11.40
-13.02
-14.56
-15.47
-15.29
-13.83
-11.19
-7.80
-4.21
-0.90
1.80
3.78
5.14
6.05
6.72
7.32
7.96
8.63
9.26
9.72
9.91
9.81
9.49
9.06
8.66
8.33
8.05
7.77
7.46
7.16
6.91
6.69
6.41
5.94
5.19
4.20
3.11
2.10
1.28
0.63
0.01
-0.74
-1.70
-2.83
-3.99
-5.08
-6.03
-6.93
-7.86
-8.94
-10.20
-11.65
-13.21
-14.74
-15.97
-16.51
-15.97
-14.10
-10.95
-6.96
-2.83
0.70
3.18
4.53
5.10
5.39
5.85
6.63
7.68
8.74
9.64
10.26
10.62
10.73
10.61
10.24
9.63
8.84
7.99
7.20
6.58
6.14
5.88
5.74
5.63
5.47
5.16
4.64
3.93
3.11
2.28
1.50
0.74
-0.12
-1.21
-2.56
-4.14
-5.80
-7.38
-8.74
-9.81
-10.58
-11.11
-11.55
-12.17
-13.27
-15.08
-17.58
-20.37
-22.80
-24.12
-23.77
-21.61
-17.95
-13.42
-8.76
-4.56
-1.18
1.31
3.06
4.33
5.44
6.64
8.07
9.73
11.49
13.12
14.36
15.02
15.04
14.47
13.53
12.47
11.55
10.96
10.75
10.81
10.97
10.99
10.71
10.04
9.02
7.75
6.40
5.12
4.04
3.21
2.61
2.10
1.52
0.67
-0.51
-1.97
-3.53
-4.94
-6.02
-6.73
-7.19
-7.64
-8.35
-9.54
-11.27
-13.50
-15.98
-18.32
-20.03
-20.59
-19.66
-17.17
-13.41
-8.95
-4.50
-0.63
2.29
4.26
5.49
6.33
7.07
7.92
8.91
10.00
11.07
12.00
12.70
13.14
13.31
13.25
12.97
12.53
11.99
11.43
10.96
10.68
10.65
10.83
11.07
11.17
10.88
10.07
8.73
7.03
5.23
3.59
2.28
1.29
0.50
-0.28
-1.22
-2.38
-3.72
-5.13
-6.49
-7.69
-8.67
-9.45
-10.09
-10.71
-11.45
-12.48
-13.89
-15.69
-17.68
-19.53
-20.79
-20.98
-19.79
-17.11
-13.20
-8.58
-3.93
0.08
3.02
4.78
5.55
5.72
5.73
5.89
6.35
7.06
7.86
8.58
9.08
9.31
9.28
9.08
8.78
8.44
8.11
7.81
7.57
7.40
7.23
6.98
6.53
5.82
4.93
3.99
3.17
2.56
2.11
1.66
0.99
0.00
-1.27
-2.69
-4.06
-5.27
-6.27
-7.13
-7.96
-8.88
-10.02
-11.44
-13.08
-14.71
-15.94
-16.30
-15.42
-13.22
-9.97
-6.20
-2.53
0.56
2.89
4.54
5.72
6.65
7.45
8.16
8.74
9.20
9.57
9.89
10.18
10.41
10.50
10.39
10.07
9.63
9.19
8.87
8.69
8.60
8.45
8.09
7.47
6.62
5.63
4.58
3.56
2.57
1.60
0.61
-0.46
-1.66
-3.04
-4.57
-6.17
-7.69
-9.01
-10.07
-10.93
-11.75
-12.72
-14.03
-15.71
-17.61
-19.36
-20.45
-20.35
-18.77
-15.76
-11.77
-7.46
-3.54
-0.45
1.70
3.13
4.18
5.19
6.33
7.61
8.94
10.18
11.19
11.87
12.14
12.00
11.50
10.80
10.07
9.47
9.07
8.88
8.81
8.75
8.61
8.33
7.89
7.26
6.43
5.40
4.20
2.90
1.60
0.43
-0.53
-1.24
-1.72
-2.04
-2.36
-2.81
-3.55
-4.64
-6.04
-7.61
-9.16
-10.51
-11.57
-12.42
-13.23
-14.24
-15.64
-17.46
-19.58
-21.64
-23.15
-23.60
-22.63
-20.18
-16.54
-12.30
-8.18
-4.77
-2.36
-0.91
-0.16
0.27
0.69
1.27
2.07
3.02
4.01
4.88
5.49
5.74
5.65
5.38
5.20
5.41
6.24
7.78
9.94
12.50
15.16
17.62
19.56
20.80
21.25
21.00
20.28
19.37
18.55
17.95
17.57
17.27
16.84
16.06
14.75
12.84
10.38
7.57
4.70
2.07
-0.13
-1.95
-3.65
-5.61
-8.12
-11.22
-14.64
-17.87
-20.34
-21.54
-21.21
-19.39
-16.34
-12.56
-8.61
-5.00
-2.01
0.32
2.16
3.81
5.50
7.33
9.24
11.08
12.69
14.00
15.01
15.74
16.20
16.33
16.04
15.22
13.86
12.05
10.02
8.08
6.51
5.49
4.98
4.71
4.26
3.25
1.48
-0.95
-3.69
-6.29
-8.39
-9.84
-10.76
-11.41
-12.10
-13.10
-14.51
-16.29
-18.16
-19.65
-20.22
-19.42
-17.12
-13.68
-9.81
-6.38
-4.14
-3.47
-4.39
-6.64
-9.75
-13.16
-16.20
-18.18
-18.51
-16.90
-13.47
-8.80
-3.70
1.02
4.83
7.53
9.22
10.15
10.57
10.68
10.61
10.44
10.22
9.95
9.63
9.20
8.63
7.90
7.05
6.13
5.17
4.22
3.30
2.49
1.87
1.58
1.71
2.27
3.16
4.18
5.06
5.50
5.30
4.34
2.68
0.53
-1.81
-3.99
-5.74
-6.95
-7.69
-8.15
-8.62
-9.32
-10.41
-11.94
-13.83
-15.88
-17.73
-18.91
-18.97
-17.58
-14.73
-10.77
-6.27
-1.90
1.85
4.71
6.73
8.07
9.00
9.73
10.40
11.05
11.64
12.09
12.29
12.18
11.81
11.30
10.80
10.40
10.11
9.89
9.72
9.60
9.52
9.43
9.21
8.69
7.75
6.40
4.83
3.27
1.93
0.88
0.07
-0.67
-1.47
-2.39
-3.45
-4.64
-5.99
-7.56
-9.36
-11.31
-13.26
-15.07
-16.72
-18.33
-20.14
-22.32
-24.82
-27.27
-29.08
-29.64
-28.55
-25.74
-21.54
-16.50
-11.27
-6.40
-2.25
0.98
3.30
4.80
5.67
6.19
6.65
7.37
8.57
10.31
12.47
14.71
16.66
17.97
18.48
18.28
17.63
16.83
16.14
15.67
15.43
15.30
15.14
14.81
14.17
13.11
11.61
9.72
7.65
5.67
4.03
2.86
2.10
1.54
0.92
0.04
-1.14
-2.55
-4.01
-5.39
-6.62
-7.73
-8.81
-9.99
-11.42
-13.21
-15.45
-18.04
-20.72
-23.03
-24.41
-24.37
-22.70
-19.55
-15.41
-10.98
-6.89
-3.57
-1.14
0.48
1.54
2.27
2.89
3.55
4.35
5.30
6.33
7.34
8.19
8.77
9.05
9.07
8.89
8.61
8.29
8.01
7.81
7.71
7.72
7.84
8.05
8.30
8.49
8.50
8.21
7.57
6.58
5.38
4.10
2.91
1.82
0.80
-0.25
-1.39
-2.57
-3.65
-4.44
-4.81
-4.75
-4.44
-4.22
-4.48
-5.55
-7.55
-10.30
-13.30
-15.92
-17.50
-17.64
-16.29
-13.80
-10.76
-7.80
-5.41
-3.80
-2.91
-2.52
-2.39
-2.32
-2.26
-2.24
-2.37
-2.81
-3.74
-5.24
-7.24
-9.46
-11.44
-12.62
-12.51
-10.86
-7.72
-3.44
1.43
6.28
10.58
13.95
16.25
17.59
18.22
18.47
18.57
18.59
18.49
18.14
17.50
16.61
15.61
14.61
13.63
12.62
11.52
10.37
9.35
8.61
8.19
7.81
7.02
5.38
2.82
-0.24
-2.98
-4.48
-4.16
-2.00
1.51
5.60
9.65
13.32
16.55
19.43
21.96
24.02
25.45
26.21
26.38
26.16
25.65
24.79
23.28
20.78
17.06
12.19
6.57
0.83
-4.39
-8.62
-11.75
-14.02
-15.90
-17.90
-20.28
-23.00
-25.68
-27.76
-28.74
-28.35
-26.70
-24.23
-21.58
-19.42
-18.21
-18.02
-18.52
-19.15
-19.30
-18.63
-17.20
-15.43
-13.92
-13.23
-13.56
-14.74
-16.23
-17.34
-17.45
-16.24
-13.70
-10.14
-5.97
-1.58
2.77
6.93
10.76
14.08
16.72
18.58
19.70
20.31
20.73
21.22
21.85
22.54
23.09
23.34
23.25
22.90
22.42
21.87
21.23
20.44
19.43
18.17
16.70
15.05
13.20
11.06
8.58
5.72
2.59
-0.61
-3.62
-6.27
-8.48
-10.33
-11.97
-13.53
-15.09
-16.58
-17.88
-18.87
-19.46
-19.62
-19.42
-18.92
-18.26
-17.57
-16.95
-16.41
-15.75
-14.63
-12.65
-9.53
-5.32
-0.45
4.41
8.55
11.51
13.20
13.87
13.93
13.75
13.60
13.56
13.61
13.65
13.60
13.38
12.96
12.30
11.42
10.37
9.23
8.15
7.23
6.56
6.14
5.89
5.68
5.36
4.80
3.90
2.67
1.17
-0.41
-1.86
-3.01
-3.80
-4.34
-4.81
-5.43
-6.32
-7.45
-8.70
-9.89
-10.92
-11.79
-12.55
-13.25
-13.93
-14.62
-15.38
-16.26
-17.28
-18.25
-18.83
-18.54
-16.98
-13.99
-9.78
-4.88
0.01
4.27
7.53
9.74
11.08
11.89
12.49
13.13
13.90
14.81
15.78
16.69
17.42
17.91
18.08
17.92
17.45
16.75
15.96
15.24
14.71
14.37
14.09
13.66
12.86
11.56
9.78
7.64
5.27
2.76
0.10
-2.74
-5.70
-8.63
-11.29
-13.45
-14.99
-15.94
-16.51
-16.99
-17.67
-18.78
-20.41
-22.44
-24.55
-26.23
-26.89
-26.07
-23.61
-19.73
-15.00
-10.18
-5.96
-2.80
-0.82
0.14
0.38
0.26
0.04
-0.08
-0.01
0.25
0.64
1.02
1.24
1.16
0.77
0.16
-0.44
-0.79
-0.73
-0.25
0.47
1.14
1.46
1.20
0.33
-1.02
-2.62
-4.18
-5.47
-6.29
-6.53
-6.13
-5.11
-3.57
-1.75
0.07
1.56
2.47
2.62
1.96
0.55
-1.51
-4.07
-6.95
-9.90
-12.57
-14.51
-15.27
-14.51
-12.19
-8.61
-4.36
-0.19
3.23
5.47
6.45
6.40
5.73
4.87
4.15
3.69
3.44
3.21
2.77
1.95
0.66
-1.12
-3.31
-5.84
-8.62
-11.49
-14.18
-16.37
-17.72
-18.10
-17.62
-16.69
-15.86
-15.65
-16.35
-17.93
-20.10
-22.31
-23.97
-24.51
-23.59
-21.14
-17.48
-13.19
-8.94
-5.21
-2.20
0.20
2.23
4.01
5.49
6.42
6.56
5.90
4.68
3.44
2.79
3.23
4.96
7.84
11.41
15.08
18.31
20.72
22.21
22.87
22.94
22.70
22.39
22.20
22.23
22.50
22.92
23.32
23.49
23.29
22.68
21.72
20.56
19.35
18.23
17.27
16.48
15.88
15.46
15.17
14.96
14.68
14.15
13.22
11.82
9.97
7.85
5.68
3.67
1.91
0.40
-0.97
-2.29
-3.57
-4.79
-5.89
-6.83
-7.64
-8.38
-9.14
-10.05
-11.22
-12.73
-14.54
-16.47
-18.10
-18.93
-18.48
-16.50
-13.12
-8.82
-4.26
-0.07
3.31
5.77
7.41
8.50
9.28
9.89
10.44
10.94
11.38
11.77
12.06
12.21
12.15
11.82
11.23
10.47
9.68
9.01
8.53
8.23
8.00
7.71
7.28
6.68
5.95
5.09
4.14
3.09
1.96
0.80
-0.30
-1.27
-2.14
-3.00
-3.99
-5.20
-6.60
-8.03
-9.28
-10.18
-10.73
-11.10
-11.56
-12.40
-13.78
-15.66
-17.82
-19.90
-21.43
-21.98
-21.20
-18.95
-15.34
-10.80
-5.96
-1.49
2.09
4.54
5.91
6.47
6.55
6.41
6.19
5.91
5.57
5.16
4.73
4.35
4.09
3.96
3.94
4.00
4.13
4.37
4.78
5.36
6.05
6.71
7.19
7.41
7.42
7.40
7.55
8.05
8.91
9.98
10.99
11.64
11.67
11.01
9.76
8.20
6.74
5.72
5.41
5.77
6.51
7.14
7.09
5.98
3.80
0.94
-1.86
-3.82
-4.37
-3.36
-1.10
1.82
4.72
7.09
8.65
9.41
9.51
9.17
8.60
7.96
7.34
6.80
6.31
5.85
5.33
4.66
3.77
2.58
1.12
-0.53
-2.17
-3.54
-4.40
-4.69
-4.52
-4.19
-4.10
-4.53
-5.54
-6.93
-8.32
-9.38
-9.93
-10.07
-10.09
-10.32
-11.00
-12.14
-13.59
-15.06
-16.25
-16.99
-17.24
-17.10
-16.78
-16.44
-16.23
-16.19
-16.33
-16.61
-16.95
-17.16
-16.98
-16.07
-14.12
-11.06
-7.13
-2.87
1.04
3.95
5.55
5.87
5.30
4.31
3.30
2.49
1.93
1.55
1.31
1.17
1.12
1.10
0.97
0.58
-0.16
-1.15
-2.15
-2.83
-2.97
-2.57
-1.94
-1.56
-1.86
-3.03
-4.95
-7.21
-9.33
-10.87
-11.61
-11.50
-10.67
-9.32
-7.67
-5.96
-4.38
-3.06
-2.06
-1.40
-1.04
-0.93
-1.07
-1.48
-2.20
-3.29
-4.83
-6.76
-8.90
-10.79
-11.82
-11.39
-9.18
-5.37
-0.63
4.10
7.97
10.53
11.83
12.28
12.44
12.71
13.27
14.08
14.99
15.86
16.56
17.07
17.33
17.31
16.95
16.20
15.13
13.90
12.74
11.89
11.48
11.47
11.64
11.72
11.49
10.86
9.88
8.66
7.33
5.96
4.57
3.21
1.90
0.66
-0.54
-1.74
-2.93
-4.09
-5.15
-6.03
-6.74
-7.33
-7.94
-8.71
-9.76
-11.13
-12.77
-14.52
-16.06
-16.97
-16.84
-15.41
-12.67
-8.93
-4.75
-0.73
2.63
5.05
6.53
7.26
7.53
7.60
7.67
7.82
8.01
8.17
8.21
8.09
7.83
7.53
7.29
7.18
7.21
7.35
7.52
7.63
7.60
7.39
6.94
6.23
5.27
4.09
2.78
1.45
0.19
-0.97
-2.08
-3.27
-4.66
-6.25
-7.89
-9.33
-10.29
-10.62
-10.42
-9.97
-9.67
-9.88
-10.75
-12.18
-13.80
-15.10
-15.49
-14.55
-12.14
-8.50
-4.17
0.16
3.87
6.59
8.31
9.26
9.80
10.20
10.60
10.99
11.31
11.53
11.70
11.91
12.15
12.33
12.26
11.76
10.77
9.44
8.05
6.90
6.17
5.81
5.59
5.24
4.59
3.66
2.60
1.61
0.82
0.23
-0.26
-0.79
-1.49
-2.40
-3.51
-4.76
-6.02
-7.20
-8.24
-9.10
-9.84
-10.54
-11.30
-12.25
-13.47
-15.00
-16.77
-18.51
-19.80
-20.13
-19.08
-16.53
-12.71
-8.17
-3.62
0.35
3.37
5.38
6.56
7.17
7.52
7.85
8.36
9.11
10.06
11.02
11.78
12.16
12.11
11.71
11.08
10.39
9.74
9.15
8.65
8.26
7.99
7.79
7.55
7.13
6.39
5.33
4.10
2.90
1.89
1.09
0.37
-0.47
-1.58
-2.97
-4.49
-5.90
-7.00
-7.70
-8.03
-8.09
-8.01
-7.94
-8.04
-8.47
-9.36
-10.70
-12.31
-13.78
-14.60
-14.31
-12.64
-9.66
-5.70
-1.31
2.93
6.55
9.31
11.17
12.31
12.98
13.47
13.98
14.65
15.48
16.41
17.34
18.11
18.61
18.75
18.47
17.80
16.84
15.74
14.65
13.69
12.94
12.36
11.87
11.35
10.71
9.89
8.89
7.77
6.62
5.48
4.39
3.36
2.35
1.37
0.42
-0.46
-1.23
-1.89
-2.46
-3.01
-3.64
-4.42
-5.43
-6.71
-8.28
-10.14
-12.21
-14.27
-15.97
-16.89
-16.66
-15.09
-12.31
-8.77
-5.10
-1.86
0.53
1.94
2.47
2.36
1.87
1.24
0.64
0.16
-0.20
-0.50
-0.85
-1.34
-1.99
-2.75
-3.51
-4.20
-4.80
-5.33
-5.87
-6.48
-7.21
-8.05
-9.00
-10.00
-10.99
-11.90
-12.69
-13.39
-14.06
-14.83
-15.75
-16.85
-18.09
-19.40
-20.72
-22.00
-23.22
-24.37
-25.47
-26.61
-27.90
-29.40
-31.03
-32.50
-33.33
-33.04
-31.30
-28.16
-24.02
-19.53
-15.30
-11.71
-8.80
-6.31
-3.89
-1.26
1.71
4.92
8.17
11.24
13.97
16.27
18.16
19.66
20.78
21.53
21.94
22.06
21.99
21.85
21.71
21.59
21.40
21.02
20.31
19.25
17.90
16.41
14.95
13.61
12.38
11.15
9.79
8.21
6.42
4.59
2.93
1.69
0.98
0.79
0.96
1.18
1.14
0.59
-0.57
-2.25
-4.13
-5.73
-6.55
-6.19
-4.51
-1.66
1.97
5.83
9.37
12.17
14.00
14.88
14.97
14.56
13.94
13.36
12.99
12.85
12.87
12.88
12.72
12.28
11.57
10.67
9.69
8.72
7.83
7.02
6.31
5.75
5.33
5.02
4.67
4.14
3.31
2.17
0.85
-0.52
-1.86
-3.16
-4.53
-6.07
-7.82
-9.72
-11.68
-13.58
-15.36
-17.00
-18.49
-19.87
-21.21
-22.60
-24.21
-26.14
-28.43
-30.88
-33.02
-34.23
-33.87
-31.58
-27.44
-22.00
-16.12
-10.66
-6.25
-3.11
-1.13
0.02
0.73
1.33
2.09
3.17
4.59
6.27
8.01
9.58
10.80
11.57
11.94
12.04
12.03
12.01
12.07
12.22
12.45
12.72
12.97
13.10
13.03
12.72
12.17
11.48
10.78
10.20
9.78
9.46
9.08
8.42
7.31
5.69
3.65
1.43
-0.72
-2.56
-3.95
-4.94
-5.68
-6.43
-7.47
-8.96
-10.92
-13.15
-15.29
-16.88
-17.48
-16.81
-14.81
-11.67
-7.80
-3.71
0.08
3.18
5.37
6.69
7.35
7.65
7.87
8.18
8.63
9.15
9.63
9.97
10.13
10.10
9.93
9.65
9.31
8.94
8.56
8.23
7.97
7.80
7.69
7.53
7.20
6.55
5.57
4.35
3.10
2.05
1.33
0.88
0.47
-0.16
-1.20
-2.60
-4.15
-5.55
-6.56
-7.16
-7.49
-7.82
-8.40
-9.37
-10.66
-12.04
-13.18
-13.70
-13.28
-11.73
-9.06
-5.48
-1.44
2.51
5.83
8.17
9.42
9.75
9.53
9.12
8.80
8.64
8.55
8.37
8.01
7.46
6.82
6.22
5.72
5.33
5.00
4.70
4.44
4.27
4.20
4.18
4.08
3.76
3.18
2.43
1.64
0.96
0.43
-0.03
-0.55
-1.24
-2.11
-3.10
-4.10
-5.04
-5.89
-6.68
-7.44
-8.22
-9.07
-10.12
-11.45
-13.12
-15.05
-16.97
-18.43
-18.96
-18.24
-16.16
-12.93
-9.00
-4.91
-1.16
1.90
4.09
5.44
6.13
6.40
6.58
6.90
7.53
8.48
9.63
10.77
11.72
12.34
12.57
12.47
12.14
11.69
11.23
10.80
10.40
10.01
9.59
9.16
8.71
8.24
7.73
7.09
6.22
5.07
3.66
2.12
0.59
-0.78
-1.95
-2.98
-3.98
-5.04
-6.17
-7.27
-8.21
-8.90
-9.38
-9.81
-10.45
-11.48
-12.95
-14.68
-16.33
-17.45
-17.62
-16.61
-14.40
-11.26
-7.63
-4.02
-0.88
1.53
3.18
4.20
4.87
5.41
6.00
6.69
7.51
8.43
9.42
10.43
11.39
12.20
12.75
12.99
12.89
12.54
12.08
11.65
11.38
11.29
11.33
11.32
11.07
10.41
9.30
7.84
6.23
4.69
3.39
2.37
1.57
0.87
0.11
-0.86
-2.15
-3.75
-5.56
-7.33
-8.86
-10.03
-10.90
-11.69
-12.62
-13.86
-15.39
-17.02
-18.50
-19.56
-19.93
-19.34
-17.57
-14.55
-10.53
-6.05
-1.87
1.33
3.20
3.86
3.79
3.61
3.75
4.36
5.29
6.28
7.11
7.65
7.89
7.87
7.61
7.15
6.54
5.85
5.16
4.58
4.13
3.83
3.60
3.35
2.93
2.28
1.39
0.41
-0.41
-0.84
-0.77
-0.30
0.28
0.60
0.37
-0.50
-1.91
-3.61
-5.32
-6.82
-7.99
-8.87
-9.56
-10.26
-11.15
-12.33
-13.68
-14.89
-15.49
-15.05
-13.33
-10.42
-6.75
-2.91
0.56
3.31
5.29
6.65
7.66
8.56
9.50
10.54
11.59
12.48
12.99
12.93
12.21
10.89
9.17
7.34
5.67
4.34
3.49
3.16
3.31
3.84
4.56
5.17
5.39
5.04
4.07
2.62
0.94
-0.70
-2.12
-3.20
-3.86
-4.13
-4.08
-3.94
-3.92
-4.25
-5.04
-6.21
-7.54
-8.84
-10.02
-11.17
-12.49
-14.08
-15.86
-17.46
-18.39
-18.20
-16.70
-14.05
-10.67
-7.12
-3.89
-1.32
0.45
1.50
2.01
2.24
2.48
2.99
3.94
5.35
7.11
9.00
10.74
12.06
12.78
12.81
12.15
10.92
9.37
7.76
6.40
5.49
5.10
5.16
5.46
5.75
5.82
5.57
5.03
4.28
3.46
2.68
2.00
1.41
0.83
0.16
-0.69
-1.75
-2.97
-4.24
-5.45
-6.49
-7.35
-8.10
-8.82
-9.65
-10.67
-11.92
-13.32
-14.70
-15.76
-16.17
-15.62
-13.97
-11.34
-8.04
-4.55
-1.36
1.22
3.07
4.23
4.88
5.19
5.30
5.33
5.35
5.43
5.57
5.76
5.94
6.04
6.05
6.01
6.01
6.15
6.49
7.01
7.65
8.34
9.06
9.74
10.35
10.82
11.07
11.06
10.77
10.22
9.43
8.42
7.18
5.74
4.18
2.64
1.27
0.17
-0.68
-1.41
-2.18
-3.14
-4.40
-5.92
-7.66
-9.55
-11.56
-13.70
-15.90
-17.98
-19.56
-20.19
-19.45
-17.19
-13.62
-9.31
-5.00
-1.30
1.45
3.28
4.45
5.31
6.11
6.96
7.90
8.92
9.99
11.03
11.91
12.47
12.55
12.13
11.30
10.26
9.24
8.46
8.01
7.91
8.08
8.37
8.56
8.42
7.76
6.57
4.99
3.28
1.75
0.60
-0.16
-0.70
-1.28
-2.13
-3.37
-4.94
-6.63
-8.18
-9.35
-10.07
-10.47
-10.82
-11.45
-12.60
-14.28
-16.24
-18.01
-19.08
-19.04
-17.70
-15.12
-11.58
-7.52
-3.39
0.40
3.55
5.89
7.41
8.20
8.45
8.39
8.23
8.18
8.34
8.70
9.15
9.53
9.69
9.60
9.34
9.04
8.81
8.70
8.66
8.60
8.42
8.08
7.59
6.97
6.25
5.47
4.64
3.81
3.02
2.31
1.64
0.87
-0.15
-1.52
-3.24
-5.14
-6.99
-8.52
-9.63
-10.39
-11.05
-11.90
-13.17
-14.89
-16.85
-18.62
-19.73
-19.75
-18.47
-15.97
-12.56
-8.76
-5.10
-2.02
0.28
1.80
2.77
3.46
4.13
4.90
5.75
6.57
7.25
7.75
8.09
8.37
8.62
8.87
9.09
9.24
9.29
9.27
9.18
9.04
8.87
8.65
8.38
8.02
7.50
6.76
5.78
4.64
3.44
2.33
1.36
0.45
-0.53
-1.69
-3.05
-4.50
-5.82
-6.88
-7.60
-8.06
-8.40
-8.82
-9.48
-10.49
-11.91
-13.66
-15.55
-17.22
-18.20
-18.06
-16.55
-13.71
-9.90
-5.75
-1.87
1.25
3.41
4.71
5.46
6.02
6.66
7.49
8.44
9.34
10.03
10.40
10.42
10.15
9.66
9.06
8.45
7.91
7.50
7.22
7.03
6.87
6.67
6.40
6.00
5.42
4.64
3.64
2.48
1.31
0.28
-0.52
-1.11
-1.60
-2.15
-2.83
-3.69
-4.66
-5.67
-6.64
-7.52
-8.26
-8.82
-9.20
-9.45
-9.69
-10.12
-10.85
-11.89
-13.05
-13.93
-14.03
-12.95
-10.54
-6.97
-2.71
1.59
5.37
8.28
10.25
11.42
12.01
12.22
12.23
12.16
12.11
12.14
12.25
12.37
12.41
12.28
11.96
11.51
10.99
10.45
9.92
9.39
8.89
8.43
8.03
7.66
7.28
6.82
6.29
5.75
5.25
4.82
4.39
3.84
3.05
1.94
0.52
-1.11
-2.83
-4.51
-6.05
-7.41
-8.57
-9.60
-10.54
-11.47
-12.44
-13.54
-14.83
-16.36
-18.02
-19.55
-20.50
-20.44
-19.11
-16.58
-13.24
-9.69
-6.51
-4.07
-2.51
-1.76
-1.62
-1.88
-2.26
-2.49
-2.30
-1.56
-0.26
1.38
3.10
4.59
5.66
6.23
6.35
6.10
5.64
5.12
4.67
4.39
4.30
4.34
4.39
4.36
4.24
4.11
4.13
4.40
4.91
5.50
5.90
5.82
5.05
3.57
1.52
-0.87
-3.36
-5.76
-7.98
-10.03
-11.91
-13.60
-14.91
-15.52
-15.06
-13.26
-10.12
-5.98
-1.45
2.74
6.04
8.18
9.26
9.63
9.69
9.73
9.86
10.06
10.21
10.26
10.21
10.11
10.00
9.88
9.66
9.27
8.70
8.02
7.40
7.00
6.89
6.98
7.08
6.96
6.48
5.63
4.53
3.34
2.18
1.10
0.09
-0.89
-1.82
-2.70
-3.55
-4.40
-5.33
-6.37
-7.46
-8.50
-9.40
-10.17
-10.92
-11.88
-13.22
-14.95
-16.84
-18.46
-19.23
-18.67
-16.50
-12.80
-7.98
-2.70
2.38
6.69
9.96
12.19
13.54
14.28
14.69
14.97
15.25
15.65
16.19
16.80
17.29
17.45
17.08
16.12
14.69
12.98
11.17
9.34
7.45
5.41
3.21
0.94
-1.28
-3.33
-5.21
-7.02
-8.90
-10.93
-13.10
-15.32
-17.49
-19.54
-21.38
-22.78
-23.42
-22.97
-21.22
-18.30
-14.64
-10.88
-7.63
-5.29
-4.01
-3.73
-4.29
-5.50
-7.05
-8.58
-9.61
-9.77
-8.87
-7.02
-4.59
-2.07
0.09
1.63
2.45
2.61
2.28
1.72
1.24
1.13
1.62
2.76
4.42
6.34
8.16
9.53
10.25
10.26
9.68
8.77
7.83
7.14
6.85
6.98
7.42
8.03
8.65
9.16
9.43
9.36
8.90
8.07
6.96
5.74
4.58
3.56
2.71
1.96
1.22
0.41
-0.49
-1.46
-2.45
-3.44
-4.44
-5.54
-6.87
-8.54
-10.53
-12.66
-14.56
-15.78
-15.88
-14.65
-12.12
-8.61
-4.61
-0.64
2.87
5.67
7.72
9.07
9.86
10.21
10.19
9.88
9.38
8.81
8.30
7.93
7.67
7.43
7.08
6.54
5.82
5.02
4.26
3.67
3.30
3.10
2.95
2.73
2.40
1.97
1.52
1.14
0.84
0.53
0.07
-0.67
-1.77
-3.17
-4.69
-6.13
-7.30
-8.08
-8.46
-8.52
-8.43
-8.39
-8.63
-9.29
-10.37
-11.69
-12.92
-13.64
-13.48
-12.24
-9.93
-6.81
-3.31
0.11
3.04
5.29
6.86
7.90
8.61
9.14
9.60
10.01
10.38
10.73
11.10
11.47
11.76
11.85
11.58
10.81
9.53
7.86
5.99
4.12
2.43
1.02
-0.08
-0.88
-1.34
-1.39
-0.96
-0.05
1.26
2.78
4.23
5.31
5.79
5.56
4.69
3.32
1.65
-0.18
-2.13
-4.22
-6.53
-9.11
-11.97
-15.00
-18.04
-20.80
-22.93
-24.03
-23.79
-22.08
-19.00
-14.95
-10.47
-6.10
-2.27
0.85
3.28
5.20
6.79
8.21
9.49
10.61
11.49
12.12
12.50
12.66
12.62
12.39
11.97
11.38
10.74
10.16
9.76
9.55
9.42
9.25
8.92
8.39
7.71
6.95
6.13
5.23
4.20
3.07
1.86
0.63
-0.61
-1.88
-3.21
-4.56
-5.84
-6.92
-7.70
-8.16
-8.41
-8.62
-8.99
-9.60
-10.42
-11.26
-11.81
-11.70
-10.60
-8.35
-5.03
-0.90
3.68
8.34
12.83
17.05
20.99
24.67
28.05
30.91
32.94
33.80
33.26
31.33
28.31
24.66
20.88
17.29
14.01
11.00
8.22
5.69
3.52
1.79
0.49
-0.55
-1.59
-2.90
-4.63
-6.78
-9.27
-11.93
-14.55
-16.97
-19.09
-20.90
-22.45
-23.83
-25.07
-26.08
-26.70
-26.79
-26.37
-25.67
-25.09
-25.04
-25.78
-27.32
-29.37
-31.49
-33.23
-34.20
-34.15
-33.01
-30.81
-27.75
-24.18
-20.52
-17.14
-14.29
-11.90
-9.62
-6.97
-3.48
1.04
6.42
12.16
17.61
22.13
25.33
27.05
27.38
26.57
24.90
22.67
20.16
17.68
15.52
13.88
12.81
12.15
11.57
10.62
8.99
6.59
3.58
0.36
-2.65
-5.14
-6.98
-8.21
-8.92
-9.19
-9.04
-8.47
-7.53
-6.32
-5.07
-4.03
-3.45
-3.46
-4.05
-5.00
-5.92
-6.32
-5.74
-3.86
-0.70
3.42
7.96
12.29
15.91
18.48
19.90
20.25
19.72
18.57
17.11
15.67
14.49
13.71
13.31
13.13
12.95
12.54
11.79
10.70
9.37
8.03
6.91
6.20
6.05
6.45
7.32
8.48
9.66
10.53
10.70
9.78
7.51
3.85
-0.88
-6.05
-10.87
-14.61
-16.88
-17.66
-17.37
-16.60
-15.94
-15.77
-16.24
-17.29
-18.66
-20.01
-20.87
-20.82
-19.54
-17.01
-13.55
-9.79
-6.47
-4.17
-3.12
-3.13
-3.68
-4.21
-4.28
-3.72
-2.58
-1.06
0.64
2.34
3.91
5.30
6.41
7.23
7.77
8.11
8.33
8.44
8.41
8.15
7.66
7.01
6.42
6.09
6.14
6.48
6.84
6.91
6.42
5.31
3.69
1.78
-0.20
-2.08
-3.78
-5.23
-6.41
-7.26
-7.82
-8.16
-8.49
-9.01
-9.92
-11.17
-12.50
-13.42
-13.40
-12.04
-9.27
-5.39
-0.97
3.35
7.09
10.04
12.27
13.93
15.23
16.25
17.03
17.61
18.06
18.44
18.79
19.06
19.14
18.90
18.31
17.43
16.43
15.49
14.73
14.18
13.73
13.23
12.55
11.62
10.43
9.07
7.63
6.19
4.77
3.38
1.98
0.52
-1.01
-2.63
-4.30
-5.99
-7.65
-9.23
-10.72
-12.11
-13.44
-14.76
-16.15
-17.69
-19.46
-21.51
-23.74
-25.93
-27.70
-28.56
-28.09
-26.07
-22.59
-18.08
-13.15
-8.46
-4.53
-1.68
0.08
0.93
1.21
1.34
1.64
2.37
3.53
4.97
6.38
7.44
7.92
7.77
7.13
6.33
5.73
5.67
6.32
7.61
9.25
10.76
11.65
11.52
10.23
7.90
4.90
1.69
-1.29
-3.75
-5.62
-6.98
-7.97
-8.71
-9.22
-9.43
-9.21
-8.52
-7.48
-6.43
-5.82
-6.09
-7.47
-9.88
-12.93
-16.04
-18.52
-19.84
-19.68
-18.03
-15.11
-11.39
-7.41
-3.72
-0.78
1.18
2.14
2.30
2.02
1.68
1.57
1.79
2.26
2.73
2.98
2.90
2.57
2.22
2.12
2.47
3.27
4.36
5.45
6.27
6.64
6.57
6.17
5.59
4.96
4.24
3.34
2.08
0.31
-2.03
-4.84
-7.84
-10.62
-12.68
-13.55
-12.93
-10.85
-7.71
-4.20
-1.11
1.02
2.07
2.37
2.59
3.41
5.23
7.99
11.23
14.33
16.75
18.24
18.95
19.23
19.48
19.98
20.79
21.85
22.97
23.98
24.70
24.97
24.68
23.73
22.08
19.77
16.94
13.80
10.65
7.76
5.35
3.50
2.10
0.93
-0.29
-1.80
-3.72
-6.00
-8.45
-10.81
-12.85
-14.41
-15.51
-16.29
-17.02
-17.99
-19.35
-21.11
-23.10
-25.10
-26.89
-28.36
-29.55
-30.58
-31.62
-32.74
-33.93
-34.96
-35.49
-35.07
-33.33
-30.05
-25.27
-19.34
-12.84
-6.48
-0.90
3.44
6.43
8.23
9.20
9.81
10.41
11.26
12.48
14.09
15.98
17.99
19.83
21.20
21.88
21.86
21.29
20.49
19.72
19.09
18.54
17.91
17.08
16.03
14.85
13.61
12.37
11.09
9.75
8.37
7.02
5.78
4.66
3.57
2.41
1.08
-0.36
-1.79
-3.01
-3.93
-4.58
-5.14
-5.84
-6.91
-8.43
-10.30
-12.20
-13.63
-14.10
-13.27
-11.05
-7.74
-3.86
-0.04
3.24
5.73
7.43
8.49
9.12
9.53
9.90
10.39
11.14
12.15
13.33
14.41
15.15
15.34
14.97
14.15
13.06
11.87
10.71
9.67
8.83
8.26
7.96
7.85
7.73
7.38
6.66
5.56
4.21
2.82
1.57
0.52
-0.35
-1.12
-1.93
-2.90
-4.09
-5.49
-6.98
-8.36
-9.42
-10.01
-10.15
-10.02
-9.90
-10.11
-10.82
-12.06
-13.61
-15.08
-15.93
-15.61
-13.70
-10.10
-5.12
0.55
6.07
10.66
13.92
15.85
16.87
17.51
18.24
19.27
20.56
21.86
22.90
23.44
23.34
22.61
21.30
19.57
17.63
15.71
14.00
12.57
11.32
10.06
8.52
6.49
3.93
0.97
-2.13
-5.10
-7.72
-9.91
-11.72
-13.27
-14.70
-16.13
-17.58
-19.00
-20.28
-21.32
-22.02
-22.39
-22.54
-22.64
-22.93
-23.54
-24.50
-25.62
-26.54
-26.87
-26.29
-24.72
-22.40
-19.74
-17.20
-15.09
-13.49
-12.27
-11.21
-10.12
-8.95
-7.69
-6.43
-5.20
-4.04
-2.90
-1.74
-0.55
0.65
1.83
2.91
3.86
4.70
5.49
6.29
7.14
7.95
8.58
8.85
8.68
8.12
7.34
6.57
5.95
5.51
5.23
5.02
4.84
4.66
4.47
4.21
3.76
2.97
1.70
-0.09
-2.31
-4.80
-7.32
-9.63
-11.51
-12.74
-13.16
-12.66
-11.26
-9.10
-6.48
-3.73
-1.19
0.92
2.54
3.70
4.56
5.23
5.80
6.33
6.79
7.14
7.35
7.37
7.24
7.05
6.90
6.88
6.98
7.11
7.08
6.80
6.26
5.68
5.36
5.61
6.66
8.53
11.04
13.85
16.51
18.57
19.66
19.55
18.27
16.04
13.22
10.22
7.34
4.76
2.53
0.59
-1.14
-2.81
-4.55
-6.58
-9.06
-12.07
-15.53
-19.14
-22.40
-24.74
-25.69
-25.03
-22.88
-19.63
-15.87
-12.20
-9.13
-6.91
-5.53
-4.75
-4.22
-3.56
-2.52
-1.05
0.72
2.53
4.14
5.39
6.31
6.99
7.57
8.11
8.57
8.88
9.01
8.99
8.91
8.86
8.85
8.85
8.79
8.62
8.35
8.03
7.70
7.33
6.78
5.90
4.53
2.68
0.49
-1.80
-3.92
-5.67
-7.01
-8.00
-8.77
-9.50
-10.36
-11.46
-12.85
-14.47
-16.10
-17.39
-17.92
-17.36
-15.58
-12.72
-9.21
-5.56
-2.29
0.28
2.07
3.16
3.80
4.26
4.82
5.67
6.83
8.19
9.43
10.27
10.51
10.15
9.40
8.62
8.08
7.89
7.97
8.11
8.11
7.89
7.52
7.11
6.73
6.35
5.84
5.05
3.92
2.53
1.04
-0.34
-1.51
-2.45
-3.26
-4.05
-4.91
-5.82
-6.75
-7.67
-8.64
-9.78
-11.17
-12.77
-14.31
-15.42
-15.71
-14.95
-13.23
-10.84
-8.19
-5.61
-3.29
-1.25
0.52
2.06
3.37
4.47
5.46
6.47
7.64
9.01
10.53
12.07
13.52
14.81
15.94
16.94
17.80
18.56
19.24
19.86
20.47
21.04
21.50
21.69
21.48
20.80
19.73
18.45
17.14
15.93
14.85
13.89
13.01
12.24
11.63
11.21
10.92
10.63
10.14
9.27
7.89
5.90
3.28
0.06
-3.60
-7.27
-10.36
-12.25
-12.54
-11.27
-8.99
-6.54
-4.74
-4.07
-4.56
-5.87
-7.53
-9.16
-10.60
-11.83
-12.84
-13.56
-13.92
-13.85
-13.46
-12.95
-12.54
-12.34
-12.22
-11.88
-10.97
-9.30
-6.98
-4.36
-1.88
0.07
1.34
2.03
2.34
2.45
2.43
2.24
1.75
0.89
-0.27
-1.61
-2.94
-4.12
-5.13
-6.04
-6.99
-8.14
-9.61
-11.43
-13.57
-15.86
-18.05
-19.75
-20.49
-19.79
-17.31
-13.03
-7.26
-0.65
6.08
12.28
17.61
22.03
25.70
28.83
31.56
33.95
36.02
37.77
39.20
40.27
40.85
40.73
39.72
37.71
34.74
31.08
27.09
23.14
19.50
16.27
13.38
10.65
7.90
5.00
1.92
-1.29
-4.59
-7.94
-11.35
-14.80
-18.27
-21.65
-24.83
-27.72
-30.27
-32.58
-34.87
-37.45
-40.64
-44.55
-48.93
-53.09
-55.97
-56.53
-54.14
-48.87
-41.54
-33.42
-25.79
-19.46
-14.68
-11.17
-8.47
-6.15
-3.99
-1.87
0.30
2.64
5.26
8.13
11.08
13.78
15.96
17.45
18.28
18.59
18.50
18.01
17.08
15.61
13.64
11.36
9.01
6.82
4.84
2.96
0.96
-1.36
-4.03
-6.94
-9.84
-12.49
-14.76
-16.65
-18.22
-19.63
-21.05
-22.67
-24.64
-26.96
-29.33
-31.12
-31.49
-29.66
-25.23
-18.42
-10.04
-1.26
6.72
12.99
17.15
19.27
19.80
19.39
18.74
18.39
18.54
19.02
19.33
18.92
17.41
14.88
11.80
8.94
6.94
6.08
6.17
6.59
6.60
5.64
3.46
0.22
-3.71
-7.86
-11.84
-15.41
-18.40
-20.66
-22.05
-22.41
-21.74
-20.22
-18.24
-16.21
-14.43
-13.00
-11.80
-10.73
-9.79
-9.11
-8.87
-9.07
-9.40
-9.28
-8.06
-5.25
-0.64
5.62
13.14
21.33
29.49
36.88
42.81
46.79
48.66
48.61
47.17
44.97
42.61
40.51
38.89
37.75
36.90
35.93
34.24
31.32
26.91
21.32
15.28
9.71
5.20
1.65
-1.69
-5.89
-11.72
-19.20
-27.59
-35.64
-42.18
-46.58
-48.88
-49.63
-49.60
-49.49
-49.78
-50.76
-52.39
-54.33
-55.80
-55.71
-52.99
-46.96
-37.74
-26.29
-14.10
-2.69
6.87
14.24
19.69
23.83
27.29
30.56
33.88
37.29
40.62
43.57
45.72
46.67
46.16
44.12
40.69
36.19
31.14
26.14
21.81
18.63
16.74
15.89
15.49
14.85
13.44
11.12
8.08
4.71
1.38
-1.62
-4.13
-5.97
-6.94
-6.89
-5.82
-3.90
-1.47
1.09
3.50
5.59
7.28
8.47
9.07
8.97
8.15
6.76
5.05
3.34
1.92
0.94
0.44
0.41
0.83
1.66
2.88
4.39
6.08
7.74
9.17
10.22
10.81
11.01
10.98
10.88
10.87
11.01
11.25
11.52
11.73
11.77
11.59
11.15
10.41
9.39
8.15
6.78
5.36
3.96
2.56
1.12
-0.41
-2.06
-3.83
-5.73
-7.78
-9.98
-12.32
-14.70
-16.97
-18.90
-20.25
-20.86
-20.70
-19.91
-18.75
-17.52
-16.44
-15.55
-14.76
-13.93
-12.94
-11.77
-10.48
-9.15
-7.85
-6.62
-5.48
-4.47
-3.60
-2.88
-2.28
-1.76
-1.27
-0.82
-0.45
-0.21
-0.14
-0.22
-0.40
-0.65
-0.99
-1.46
-2.10
-2.87
-3.72
-4.53
-5.22
-5.74
-6.11
-6.40
-6.63
-6.76
-6.68
-6.29
-5.57
-4.62
-3.64
-2.84
-2.36
-2.18
-2.15
-2.10
-1.89
-1.51
-1.06
-0.68
-0.47
-0.52
-0.81
-1.32
-1.98
-2.71
-3.42
-4.01
-4.42
-4.65
-4.75
-4.79
-4.84
-4.88
-4.86
-4.73
-4.44
-4.01
-3.46
-2.81
-2.10
-1.35
-0.62
-0.03
0.33
0.41
0.23
-0.13
-0.54
-0.94
-1.29
-1.59
-1.87
-2.12
-2.36
-2.63
-2.94
-3.33
-3.76
-4.16
-4.41
-4.39
-4.07
-3.46
-2.68
-1.92
-1.34
-1.03
-0.97
-1.03
-1.03
-0.89
-0.61
-0.31
-0.15
-0.18
-0.36
-0.60
-0.79
-0.92
-1.07
-1.29
-1.54
-1.71
-1.64
-1.26
-0.65
-0.01
0.40
0.47
0.23
-0.13
-0.42
-0.50
-0.41
-0.27
-0.21
-0.30
-0.48
-0.66
-0.72
-0.62
-0.42
-0.19
-0.02
0.05
0.06
0.05
0.09
0.21
0.39
0.56
0.62
0.51
0.20
-0.25
-0.71
-1.03
-1.09
-0.89
-0.48
-0.02
0.35
0.53
0.52
0.38
0.21
0.06
-0.05
-0.13
-0.17
-0.18
-0.10
0.07
0.32
0.56
0.70
0.67
0.43
0.02
-0.49
-0.96
-1.28
-1.36
-1.21
-0.87
-0.47
-0.17
-0.04
-0.07
-0.18
-0.23
-0.16
0.04
0.28
0.47
0.56
0.59
0.61
0.67
0.75
0.79
0.71
0.49
0.20
-0.07
-0.21
-0.17
0.02
0.28
0.52
0.71
0.83
0.93
1.03
1.15
1.25
1.29
1.24
1.09
0.86
0.61
0.37
0.17
-0.00
-0.15
-0.26
-0.32
-0.32
-0.24
-0.14
-0.03
0.08
0.19
0.31
0.44
0.53
0.50
0.32
0.03
-0.26
-0.41
-0.33
-0.06
0.30
0.61
0.76
0.76
0.65
0.48
0.28
0.06
-0.15
-0.28
-0.23
0.02
0.39
0.75
0.92
0.85
0.61
0.36
0.24
0.29
0.45
0.62
0.71
0.72
0.65
0.53
0.34
0.10
-0.15
-0.32
-0.36
-0.25
-0.06
0.10
0.15
0.06
-0.09
-0.25
-0.36
-0.43
-0.46
-0.45
-0.34
-0.11
0.23
0.56
0.76
0.74
0.48
0.11
-0.21
-0.33
-0.19
0.12
0.48
0.74
0.81
0.72
0.55
0.42
0.37
0.40
0.46
0.48
0.47
0.46
0.49
0.59
0.70
0.70
0.53
0.18
-0.24
-0.56
-0.66
-0.50
-0.20
0.10
0.26
0.22
0.04
-0.14
-0.24
-0.20
-0.06
0.14
0.37
0.62
0.90
1.19
1.41
1.44
1.21
0.70
0.03
-0.61
-1.04
-1.15
-0.97
-0.59
-0.13
0.30
0.59
0.71
0.59
0.26
-0.25
-0.80
-1.24
-1.44
-1.32
-0.90
-0.28
0.37
0.89
1.15
1.11
0.79
0.35
-0.05
-0.24
-0.17
0.12
0.50
0.87
1.16
1.36
1.48
1.48
1.30
0.88
0.24
-0.48
-1.07
-1.34
-1.22
-0.80
-0.26
0.18
0.41
0.40
0.23
-0.01
-0.21
-0.31
-0.27
-0.08
0.23
0.60
0.89
0.97
0.78
0.36
-0.13
-0.51
-0.63
-0.48
-0.17
0.11
0.25
0.21
0.06
-0.11
-0.25
-0.37
-0.54
-0.76
-0.98
-1.08
-0.97
-0.65
-0.24
0.06
0.11
-0.13
-0.55
-0.96
-1.21
-1.21
-1.00
-0.70
-0.42
-0.25
-0.18
-0.15
-0.09
0.04
0.25
0.51
0.80
1.11
1.40
1.65
1.79
1.76
1.52
1.11
0.66
0.31
0.14
0.19
0.39
0.65
0.88
1.03
1.06
0.97
0.76
0.47
0.16
-0.09
-0.22
-0.22
-0.13
-0.02
0.04
0.01
-0.08
-0.16
-0.17
-0.09
0.11
0.37
0.65
0.91
1.12
1.24
1.27
1.20
1.04
0.80
0.54
0.33
0.22
0.22
0.30
0.41
0.48
0.47
0.38
0.22
0.04
-0.12
-0.18
-0.12
0.07
0.34
0.61
0.81
0.88
0.84
0.72
0.58
0.45
0.36
0.31
0.32
0.37
0.41
0.39
0.26
0.04
-0.18
-0.31
-0.29
-0.13
0.11
0.32
0.45
0.50
0.52
0.56
0.64
0.74
0.80
0.79
0.69
0.53
0.37
0.27
0.25
0.30
0.35
0.35
0.27
0.16
0.07
0.08
0.19
0.33
0.42
0.41
0.27
0.05
-0.21
-0.43
-0.59
-0.65
-0.63
-0.55
-0.46
-0.41
-0.41
-0.42
-0.37
-0.21
0.01
0.20
0.28
0.22
0.11
0.07
0.20
0.46
0.72
0.83
0.69
0.33
-0.10
-0.43
-0.55
-0.45
-0.22
-0.02
0.02
-0.13
-0.42
-0.69
-0.81
-0.69
-0.32
0.17
0.65
0.98
1.10
1.00
0.72
0.35
-0.03
-0.33
-0.50
-0.50
-0.34
-0.07
0.24
0.54
0.79
0.98
1.11
1.15
1.09
0.93
0.67
0.40
0.20
0.13
0.20
0.34
0.48
0.54
0.54
0.51
0.47
0.43
0.37
0.22
-0.01
-0.30
-0.60
-0.83
-0.95
-0.91
-0.73
-0.42
-0.04
0.33
0.60
0.70
0.59
0.30
-0.08
-0.45
-0.70
-0.78
-0.70
-0.53
-0.34
-0.17
-0.01
0.16
0.36
0.54
0.60
0.47
0.12
-0.30
-0.63
-0.70
-0.49
-0.09
0.31
0.55
0.57
0.39
0.14
-0.05
-0.09
0.02
0.26
0.53
0.77
0.91
0.94
0.87
0.71
0.51
0.30
0.12
0.01
-0.01
0.07
0.22
0.37
0.45
0.40
0.25
0.08
-0.00
0.05
0.23
0.42
0.54
0.52
0.37
0.16
-0.03
-0.15
-0.20
-0.18
-0.13
-0.07
-0.00
0.07
0.14
0.22
0.32
0.43
0.49
0.46
0.33
0.14
-0.04
-0.11
-0.04
0.14
0.35
0.50
0.53
0.49
0.39
0.30
0.22
0.16
0.15
0.19
0.31
0.46
0.60
0.63
0.52
0.26
-0.10
-0.44
-0.69
-0.81
-0.79
-0.72
-0.64
-0.59
-0.53
-0.40
-0.13
0.28
0.73
1.07
1.17
0.98
0.58
0.12
-0.24
-0.41
-0.39
-0.26
-0.09
0.05
0.15
0.24
0.32
0.38
0.35
0.19
-0.12
-0.51
-0.85
-1.01
-0.90
-0.58
-0.15
0.22
0.41
0.42
0.28
0.12
-0.02
-0.07
-0.04
0.05
0.20
0.41
0.66
0.90
1.05
1.04
0.85
0.51
0.13
-0.19
-0.36
-0.35
-0.19
0.06
0.32
0.54
0.66
0.67
0.54
0.29
-0.08
-0.48
-0.84
-1.07
-1.12
-1.00
-0.75
-0.43
-0.11
0.19
0.44
0.56
0.52
0.29
-0.05
-0.36
-0.48
-0.34
0.01
0.42
0.74
0.85
0.78
0.60
0.40
0.21
0.03
-0.13
-0.27
-0.35
-0.36
-0.28
-0.18
-0.07
0.03
0.09
0.14
0.16
0.17
0.19
0.22
0.26
0.29
0.25
0.10
-0.15
-0.40
-0.55
-0.53
-0.33
-0.03
0.26
0.45
0.53
0.51
0.43
0.32
0.17
-0.04
-0.29
-0.56
-0.76
-0.80
-0.62
-0.25
0.21
0.62
0.83
0.80
0.55
0.23
-0.06
-0.21
-0.21
-0.09
0.10
0.32
0.52
0.68
0.79
0.79
0.68
0.46
0.19
-0.07
-0.22
-0.24
-0.15
-0.01
0.11
0.14
0.07
-0.08
-0.27
-0.47
-0.65
-0.80
-0.88
-0.88
-0.78
-0.57
-0.28
0.05
0.35
0.55
0.56
0.38
0.03
-0.39
-0.79
-1.11
-1.35
-1.51
-1.59
-1.54
-1.29
-0.82
-0.17
0.50
1.04
1.33
1.35
1.21
1.02
0.88
0.82
0.80
0.78
0.76
0.74
0.73
0.70
0.63
0.51
0.32
0.13
-0.03
-0.10
-0.08
0.01
0.11
0.18
0.21
0.20
0.16
0.14
0.12
0.13
0.16
0.23
0.33
0.44
0.49
0.40
0.14
-0.26
-0.71
-1.03
-1.09
-0.86
-0.41
0.09
0.49
0.68
0.69
0.58
0.45
0.36
0.28
0.18
0.03
-0.14
-0.28
-0.36
-0.34
-0.27
-0.18
-0.13
-0.12
-0.11
-0.05
0.08
0.26
0.44
0.59
0.69
0.77
0.81
0.80
0.68
0.45
0.13
-0.17
-0.35
-0.38
-0.30
-0.21
-0.17
-0.17
-0.12
0.02
0.20
0.30
0.19
-0.15
-0.57
-0.88
-0.89
-0.60
-0.16
0.24
0.47
0.53
0.54
0.59
0.67
0.68
0.48
0.07
-0.44
-0.85
-0.98
-0.83
-0.52
-0.24
-0.13
-0.21
-0.38
-0.52
-0.52
-0.37
-0.10
0.21
0.52
0.78
0.98
1.08
1.05
0.89
0.62
0.27
-0.13
-0.52
-0.83
-0.97
-0.88
-0.54
-0.04
0.46
0.80
0.87
0.69
0.36
0.01
-0.24
-0.37
-0.41
-0.43
-0.48
-0.59
-0.73
-0.87
-0.95
-0.90
-0.72
-0.41
-0.05
0.28
0.49
0.53
0.42
0.24
0.05
-0.11
-0.23
-0.36
-0.50
-0.61
-0.60
-0.43
-0.10
0.30
0.62
0.76
0.70
0.50
0.25
0.05
-0.07
-0.12
-0.10
-0.05
0.07
0.22
0.37
0.45
0.37
0.12
-0.24
-0.58
-0.74
-0.62
-0.22
0.34
0.88
1.21
1.24
0.98
0.56
0.16
-0.09
-0.14
-0.02
0.17
0.33
0.38
0.30
0.11
-0.14
-0.41
-0.65
-0.81
-0.86
-0.79
-0.59
-0.32
-0.05
0.16
0.24
0.18
0.01
-0.19
-0.29
-0.21
0.09
0.56
1.04
1.36
1.41
1.18
0.77
0.32
-0.05
-0.28
-0.43
-0.53
-0.63
-0.71
-0.71
-0.57
-0.28
0.09
0.44
0.70
0.82
0.77
0.58
0.30
-0.03
-0.32
-0.51
-0.55
-0.45
-0.28
-0.13
-0.06
-0.11
-0.23
-0.39
-0.52
-0.59
-0.58
-0.47
-0.22
0.14
0.57
0.93
1.12
1.05
0.74
0.31
-0.13
-0.47
-0.68
-0.77
-0.77
-0.68
-0.50
-0.22
0.14
0.54
0.87
1.09
1.17
1.11
1.00
0.91
0.89
0.95
1.04
1.09
0.99
0.71
0.26
-0.23
-0.65
-0.87
-0.87
-0.73
-0.59
-0.54
-0.60
-0.69
-0.70
-0.51
-0.11
0.40
0.88
1.16
1.22
1.09
0.87
0.67
0.50
0.34
0.11
-0.19
-0.50
-0.71
-0.71
-0.48
-0.13
0.20
0.36
0.32
0.20
0.13
0.20
0.37
0.52
0.50
0.27
-0.10
-0.44
-0.62
-0.63
-0.56
-0.56
-0.71
-0.97
-1.18
-1.15
-0.80
-0.15
0.60
1.26
1.64
1.70
1.50
1.19
0.88
0.63
0.46
0.31
0.13
-0.09
-0.31
-0.48
-0.53
-0.49
-0.41
-0.39
-0.47
-0.64
-0.79
-0.82
-0.71
-0.54
-0.47
-0.60
-0.92
-1.31
-1.59
-1.66
-1.51
-1.27
-1.05
-0.90
-0.79
-0.66
-0.49
-0.29
-0.09
0.10
0.29
0.46
0.60
0.66
0.59
0.43
0.26
0.20
0.33
0.64
1.02
1.34
1.51
1.49
1.29
0.95
0.50
-0.04
-0.61
-1.08
-1.35
-1.34
-1.08
-0.72
-0.44
-0.41
-0.62
-0.95
-1.18
-1.17
-0.91
-0.50
-0.13
0.11
0.20
0.22
0.26
0.34
0.39
0.31
0.06
-0.29
-0.60
-0.71
-0.57
-0.23
0.15
0.44
0.56
0.54
0.48
0.45
0.48
0.53
0.53
0.47
0.37
0.28
0.26
0.31
0.40
0.45
0.42
0.29
0.15
0.07
0.14
0.34
0.62
0.87
0.99
0.93
0.74
0.48
0.22
0.01
-0.12
-0.18
-0.17
-0.14
-0.10
-0.10
-0.14
-0.21
-0.28
-0.31
-0.27
-0.18
-0.07
0.04
0.12
0.16
0.17
0.16
0.12
0.06
-0.01
-0.11
-0.23
-0.42
-0.66
-0.93
-1.15
-1.23
-1.12
-0.83
-0.45
-0.11
0.11
0.19
0.19
0.16
0.11
0.02
-0.15
-0.37
-0.58
-0.66
-0.53
-0.21
0.19
0.51
0.61
0.44
0.12
-0.21
-0.37
-0.29
-0.04
0.21
0.31
0.17
-0.15
-0.47
-0.64
-0.59
-0.39
-0.19
-0.11
-0.16
-0.26
-0.32
-0.27
-0.14
0.00
0.07
0.04
-0.07
-0.21
-0.32
-0.42
-0.50
-0.60
-0.69
-0.74
-0.74
-0.68
-0.60
-0.52
-0.44
-0.33
-0.13
0.18
0.57
0.93
1.16
1.19
1.04
0.77
0.48
0.24
0.08
0.03
0.10
0.29
0.58
0.88
1.08
1.13
0.99
0.75
0.48
0.25
0.06
-0.11
-0.30
-0.51
-0.67
-0.70
-0.59
-0.37
-0.16
-0.07
-0.15
-0.35
-0.58
-0.75
-0.81
-0.79
-0.76
-0.76
-0.80
-0.88
-0.96
-1.04
-1.16
-1.31
-1.46
-1.54
-1.48
-1.25
-0.89
-0.50
-0.17
0.03
0.08
0.02
-0.09
-0.20
-0.29
-0.33
-0.31
-0.19
0.02
0.29
0.54
0.68
0.62
0.36
-0.03
-0.43
-0.74
-0.87
-0.86
-0.75
-0.67
-0.69
-0.88
-1.26
-1.78
-2.38
-2.99
-3.54
-3.96
-4.21
-4.24
-4.05
-3.64
-3.04
-2.33
-1.58
-0.89
-0.31
0.14
0.47
0.71
0.89
0.98
0.94
0.68
0.20
-0.42
-1.05
-1.50
-1.66
-1.52
-1.15
-0.67
-0.19
0.22
0.54
0.76
0.91
0.97
0.97
0.95
0.98
1.10
1.33
1.61
1.90
2.11
2.19
2.14
1.99
1.80
1.61
1.47
1.37
1.29
1.19
1.04
0.85
0.64
0.45
0.32
0.26
0.26
0.27
0.25
0.21
0.18
0.19
0.28
0.47
0.75
1.11
1.52
1.95
2.36
2.68
2.86
2.87
2.73
2.51
2.24
1.92
1.56
1.22
0.98
0.93
1.10
1.41
1.71
1.84
1.77
1.53
1.28
1.15
1.18
1.31
1.46
1.56
1.60
1.61
1.61
1.60
1.57
1.52
1.45
1.40
1.37
1.39
1.42
1.44
1.43
1.36
1.22
0.98
0.68
0.32
-0.05
-0.38
-0.61
-0.72
-0.72
-0.64
-0.56
-0.54
-0.67
-0.96
-1.39
-1.85
-2.22
-2.44
-2.50
-2.44
-2.35
-2.30
-2.29
-2.34
-2.45
-2.63
-2.85
-3.03
-3.10
-2.95
-2.57
-2.03
-1.44
-0.90
-0.47
-0.13
0.13
0.33
0.47
0.54
0.57
0.60
0.68
0.80
0.95
1.06
1.12
1.17
1.27
1.47
1.77
2.15
2.55
2.93
3.24
3.47
3.58
3.55
3.36
3.03
2.64
2.28
2.03
1.93
2.00
2.23
2.61
3.16
3.87
4.65
5.39
5.90
6.08
5.94
5.59
5.22
4.95
4.82
4.73
4.60
4.37
4.11
3.95
3.98
4.19
4.52
4.83
5.03
5.06
4.91
4.58
4.08
3.40
2.56
1.58
0.58
-0.33
-1.01
-1.39
-1.49
-1.42
-1.36
-1.45
-1.75
-2.19
-2.63
-2.90
-2.88
-2.58
-2.11
-1.61
-1.20
-0.95
-0.91
-1.07
-1.40
-1.87
-2.42
-2.99
-3.50
-3.84
-3.96
-3.88
-3.73
-3.69
-3.88
-4.35
-4.96
-5.49
-5.72
-5.57
-5.07
-4.36
-3.59
-2.81
-2.02
-1.18
-0.33
0.43
0.95
1.19
1.17
1.01
0.81
0.62
0.41
0.11
-0.29
-0.71
-1.03
-1.15
-1.08
-0.90
-0.76
-0.72
-0.73
-0.70
-0.51
-0.15
0.31
0.79
1.23
1.58
1.88
2.08
2.11
1.88
1.34
0.55
-0.33
-1.07
-1.51
-1.63
-1.51
-1.31
-1.15
-1.05
-0.96
-0.81
-0.59
-0.33
-0.13
-0.05
-0.09
-0.25
-0.50
-0.85
-1.33
-1.87
-2.34
-2.55
-2.36
-1.78
-1.02
-0.38
-0.09
-0.23
-0.69
-1.28
-1.83
-2.27
-2.60
-2.80
-2.81
-2.52
-1.83
-0.80
0.40
1.53
2.34
2.68
2.52
1.95
1.10
0.13
-0.81
-1.58
-2.09
-2.30
-2.23
-1.91
-1.41
-0.81
-0.21
0.27
0.50
0.39
-0.02
-0.60
-1.14
-1.40
-1.23
-0.62
0.31
1.34
2.28
2.95
3.24
3.08
2.51
1.62
0.60
-0.32
-0.95
-1.15
-0.95
-0.48
0.04
0.39
0.40
0.04
-0.60
-1.33
-1.93
-2.24
-2.23
-1.99
-1.68
-1.39
-1.16
-0.89
-0.50
0.06
0.69
1.24
1.56
1.59
1.39
1.12
0.92
0.88
0.99
1.17
1.31
1.30
1.08
0.62
-0.03
-0.84
-1.71
-2.50
-3.03
-3.17
-2.80
-1.93
-0.71
0.61
1.73
2.37
2.37
1.78
0.79
-0.29
-1.17
-1.66
-1.71
-1.40
-0.87
-0.27
0.30
0.77
1.08
1.15
0.93
0.42
-0.26
-0.90
-1.25
-1.15
-0.60
0.23
1.04
1.53
1.52
1.01
0.14
-0.83
-1.64
-2.08
-2.05
-1.59
-0.87
-0.12
0.43
0.64
0.47
0.04
-0.48
-0.90
-1.08
-0.96
-0.61
-0.13
0.35
0.72
0.89
0.80
0.42
-0.22
-1.04
-1.85
-2.41
-2.51
-2.06
-1.14
0.02
1.11
1.86
2.10
1.84
1.22
0.42
-0.36
-0.93
-1.19
-1.06
-0.60
0.04
0.63
0.92
0.78
0.21
-0.65
-1.53
-2.24
-2.64
-2.72
-2.52
-2.11
-1.53
-0.82
-0.09
0.51
0.81
0.74
0.33
-0.22
-0.67
-0.85
-0.69
-0.27
0.21
0.60
0.77
0.71
0.49
0.22
-0.02
-0.19
-0.29
-0.32
-0.26
-0.06
0.29
0.82
1.47
2.13
2.69
3.04
3.12
2.93
2.55
2.08
1.67
1.45
1.51
1.83
2.30
2.70
2.81
2.51
1.81
0.84
-0.15
-0.97
-1.52
-1.77
-1.80
-1.63
-1.30
-0.79
-0.15
0.50
0.93
0.93
0.36
-0.71
-2.03
-3.22
-3.92
-3.89
-3.16
-1.92
-0.51
0.74
1.60
1.94
1.72
1.00
-0.07
-1.29
-2.40
-3.13
-3.28
-2.81
-1.79
-0.48
0.83
1.86
2.42
2.46
2.05
1.31
0.43
-0.41
-1.05
-1.34
-1.19
-0.61
0.30
1.26
1.97
2.14
1.68
0.69
-0.56
-1.75
-2.60
-2.94
-2.74
-2.03
-0.91
0.44
1.79
2.83
3.29
3.03
2.14
0.85
-0.47
-1.49
-1.93
-1.72
-0.93
0.20
1.33
2.11
2.29
1.81
0.83
-0.31
-1.25
-1.74
-1.72
-1.31
-0.70
-0.04
0.58
1.12
1.52
1.70
1.57
1.11
0.44
-0.22
-0.65
-0.68
-0.31
0.30
0.94
1.38
1.50
1.27
0.76
0.10
-0.58
-1.11
-1.40
-1.36
-0.99
-0.36
0.42
1.15
1.62
1.67
1.26
0.49
-0.42
-1.19
-1.64
-1.72
-1.49
-1.12
-0.74
-0.41
-0.17
-0.06
-0.13
-0.43
-0.96
-1.60
-2.19
-2.50
-2.43
-2.01
-1.42
-0.87
-0.51
-0.35
-0.32
-0.31
-0.28
-0.29
-0.46
-0.85
-1.37
-1.85
-2.08
-1.90
-1.33
-0.51
0.36
1.09
1.57
1.78
1.73
1.47
1.07
0.57
0.06
-0.39
-0.68
-0.73
-0.49
0.00
0.64
1.24
1.65
1.79
1.70
1.54
1.43
1.42
1.46
1.46
1.35
1.17
1.05
1.10
1.33
1.63
1.82
1.72
1.31
0.71
0.10
-0.35
-0.61
-0.73
-0.83
-0.96
-1.11
-1.19
-1.11
-0.89
-0.61
-0.42
-0.48
-0.83
-1.41
-2.05
-2.56
-2.78
-2.70
-2.40
-2.04
-1.70
-1.39
-1.03
-0.53
0.15
0.91
1.55
1.91
1.92
1.67
1.30
1.01
0.89
0.95
1.13
1.35
1.54
1.67
1.73
1.74
1.67
1.51
1.22
0.75
0.15
-0.45
-0.86
-0.90
-0.48
0.28
1.12
1.75
1.94
1.62
0.94
0.14
-0.55
-0.97
-1.04
-0.81
-0.33
0.29
0.91
1.39
1.62
1.58
1.31
0.92
0.48
0.01
-0.48
-1.00
-1.49
-1.84
-1.94
-1.75
-1.33
-0.82
-0.40
-0.16
-0.11
-0.19
-0.31
-0.43
-0.49
-0.48
-0.39
-0.25
-0.10
0.02
0.07
0.06
0.04
0.06
0.14
0.25
0.33
0.34
0.27
0.22
0.24
0.38
0.60
0.77
0.77
0.54
0.13
-0.35
-0.75
-0.96
-0.98
-0.85
-0.65
-0.41
-0.13
0.24
0.66
1.07
1.35
1.41
1.25
1.00
0.80
0.78
0.89
1.00
0.91
0.55
-0.02
-0.61
-1.00
-1.11
-0.99
-0.83
-0.81
-1.02
-1.37
-1.72
-1.90
-1.81
-1.49
-1.05
-0.62
-0.29
-0.07
0.04
0.07
0.01
-0.15
-0.38
-0.59
-0.65
-0.47
-0.05
0.47
0.86
0.97
0.73
0.28
-0.18
-0.46
-0.49
-0.30
-0.00
0.30
0.58
0.82
1.04
1.24
1.42
1.54
1.57
1.43
1.06
0.47
-0.26
-0.96
-1.41
-1.50
-1.21
-0.69
-0.14
0.26
0.43
0.38
0.20
-0.03
-0.26
-0.45
-0.59
-0.66
-0.65
-0.60
-0.55
-0.53
-0.55
-0.63
-0.73
-0.85
-1.00
-1.18
-1.39
-1.61
-1.82
-1.99
-2.13
-2.19
-2.16
-2.00
-1.68
-1.20
-0.57
0.16
0.91
1.59
2.12
2.39
2.35
2.02
1.48
0.89
0.37
0.05
-0.07
-0.00
0.16
0.36
0.52
0.61
0.59
0.49
0.31
0.10
-0.07
-0.14
-0.06
0.18
0.56
0.99
1.40
1.70
1.82
1.75
1.50
1.06
0.50
-0.12
-0.71
-1.15
-1.36
-1.32
-1.10
-0.84
-0.69
-0.74
-1.02
-1.42
-1.85
-2.18
-2.37
-2.38
-2.20
-1.81
-1.21
-0.42
0.43
1.15
1.54
1.51
1.13
0.60
0.15
-0.07
-0.04
0.14
0.35
0.51
0.67
0.85
1.12
1.45
1.79
2.10
2.35
2.56
2.69
2.68
2.48
2.09
1.56
1.05
0.68
0.52
0.53
0.58
0.56
0.40
0.12
-0.22
-0.57
-0.94
-1.32
-1.73
-2.09
-2.33
-2.34
-2.11
-1.69
-1.19
-0.73
-0.40
-0.23
-0.24
-0.40
-0.65
-0.95
-1.24
-1.45
-1.54
-1.50
-1.36
-1.17
-1.04
-1.03
-1.17
-1.40
-1.63
-1.71
-1.55
-1.11
-0.46
0.30
1.08
1.82
2.50
3.07
3.52
3.80
3.86
3.71
3.32
2.71
1.90
0.96
-0.01
-0.87
-1.50
-1.82
-1.87
-1.74
-1.57
-1.45
-1.39
-1.36
-1.29
-1.18
-1.05
-0.94
-0.84
-0.73
-0.53
-0.19
0.29
0.80
1.15
1.17
0.75
-0.06
-1.12
-2.21
-3.15
-3.83
-4.26
-4.47
-4.54
-4.49
-4.34
-4.06
-3.64
-3.05
-2.27
-1.31
-0.19
1.02
2.23
3.33
4.22
4.84
5.17
5.27
5.18
5.01
4.82
4.64
4.44
4.16
3.75
3.18
2.51
1.79
1.09
0.43
-0.14
-0.59
-0.86
-0.91
-0.73
-0.37
0.08
0.53
0.93
1.31
1.70
2.16
2.71
3.31
3.87
4.28
4.38
4.03
3.23
2.09
0.85
-0.23
-1.01
-1.51
-1.85
-2.21
-2.65
-3.09
-3.40
-3.46
-3.26
-2.92
-2.58
-2.36
-2.25
-2.11
-1.77
-1.09
-0.09
1.07
2.15
2.96
3.43
3.67
3.81
3.94
4.05
4.00
3.64
2.93
1.96
0.92
-0.02
-0.76
-1.28
-1.67
-2.00
-2.30
-2.57
-2.81
-2.99
-3.10
-3.12
-3.01
-2.73
-2.26
-1.60
-0.80
0.09
1.00
1.84
2.53
2.97
3.07
2.79
2.15
1.28
0.31
-0.59
-1.31
-1.84
-2.22
-2.52
-2.83
-3.18
-3.60
-4.03
-4.40
-4.59
-4.48
-3.98
-3.13
-2.04
-0.88
0.18
1.08
1.83
2.53
3.23
3.91
4.49
4.85
4.89
4.65
4.20
3.62
2.99
2.28
1.46
0.49
-0.59
-1.68
-2.61
-3.27
-3.61
-3.67
-3.54
-3.31
-3.04
-2.74
-2.38
-1.93
-1.41
-0.87
-0.37
0.03
0.34
0.58
0.75
0.81
0.70
0.39
-0.11
-0.76
-1.48
-2.19
-2.86
-3.48
-4.02
-4.46
-4.75
-4.86
-4.77
-4.49
-4.00
-3.30
-2.36
-1.17
0.22
1.72
3.20
4.54
5.66
6.50
7.02
7.21
7.05
6.56
5.82
4.91
3.98
3.10
2.33
1.65
1.00
0.37
-0.27
-0.84
-1.27
-1.46
-1.36
-0.94
-0.28
0.55
1.42
2.22
2.89
3.38
3.67
3.80
3.78
3.65
3.41
3.06
2.56
1.86
0.95
-0.13
-1.31
-2.45
-3.43
-4.13
-4.52
-4.57
-4.33
-3.84
-3.13
-2.21
-1.11
0.11
1.33
2.37
3.07
3.36
3.26
2.89
2.40
1.87
1.31
0.70
0.02
-0.66
-1.22
-1.56
-1.64
-1.56
-1.42
-1.28
-1.14
-0.88
-0.41
0.29
1.16
2.03
2.77
3.32
3.73
4.12
4.55
5.01
5.36
5.41
5.02
4.13
2.84
1.34
-0.19
-1.62
-2.88
-4.00
-4.98
-5.77
-6.34
-6.60
-6.54
-6.20
-5.69
-5.10
-4.47
-3.80
-3.04
-2.18
-1.27
-0.42
0.23
0.58
0.64
0.51
0.31
0.11
-0.17
-0.63
-1.40
-2.49
-3.80
-5.15
-6.35
-7.32
-8.01
-8.43
-8.58
-8.45
-8.08
-7.58
-7.12
-6.91
-7.05
-7.53
-8.21
-8.94
-9.64
-10.31
-10.99
-11.76
-12.65
-13.65
-14.78
-16.10
-17.66
-19.48
-21.48
-23.50
-25.32
-26.74
-27.60
-27.88
-27.58
-26.75
-25.45
-23.73
-21.64
-19.23
-16.54
-13.61
-10.50
-7.28
-4.04
-0.92
1.93
4.40
6.44
8.09
9.43
10.56
11.57
12.51
13.42
14.31
15.22
16.18
17.22
18.33
19.47
20.54
21.45
22.12
22.54
22.73
22.78
22.75
22.66
22.44
21.99
21.23
20.13
18.74
17.16
15.53
14.00
12.73
11.86
11.42
11.36
11.53
11.73
11.77
11.51
10.95
10.17
9.26
8.33
7.39
6.41
5.36
4.23
3.08
2.01
1.10
0.38
-0.20
-0.73
-1.29
-1.89
-2.47
-2.94
-3.21
-3.25
-3.06
-2.71
-2.27
-1.79
-1.28
-0.77
-0.29
0.10
0.35
0.37
0.14
-0.32
-0.92
-1.53
-2.04
-2.37
-2.49
-2.44
-2.25
-1.93
-1.49
-0.91
-0.22
0.54
1.33
2.09
2.80
3.43
3.99
4.43
4.68
4.69
4.40
3.81
2.98
2.01
1.03
0.13
-0.66
-1.35
-1.98
-2.61
-3.22
-3.77
-4.15
-4.34
-4.31
-4.11
-3.82
-3.48
-3.08
-2.56
-1.87
-0.99
0.01
0.98
1.78
2.29
2.48
2.42
2.23
2.06
2.01
2.10
2.29
2.45
2.52
2.48
2.34
2.15
1.96
1.74
1.48
1.16
0.82
0.50
0.24
0.04
-0.12
-0.28
-0.46
-0.65
-0.83
-1.01
-1.22
-1.52
-1.94
-2.51
-3.19
-3.93
-4.63
-5.16
-5.43
-5.40
-5.14
-4.83
-4.65
-4.75
-5.13
-5.63
-6.05
-6.21
-6.04
-5.63
-5.19
-4.92
-4.96
-5.34
-6.03
-6.97
-8.13
-9.49
-11.01
-12.60
-14.15
-15.53
-16.68
-17.66
-18.60
-19.63
-20.84
-22.16
-23.42
-24.39
-24.88
-24.80
-24.13
-22.96
-21.37
-19.42
-17.13
-14.45
-11.29
-7.60
-3.37
1.26
6.00
10.46
14.24
17.05
18.80
19.62
19.76
19.48
18.95
18.25
17.39
16.43
15.48
14.68
14.16
13.95
14.03
14.31
14.66
14.99
15.19
15.24
15.13
14.95
14.82
14.85
15.11
15.55
16.08
16.58
16.97
17.20
17.26
17.09
16.61
15.76
14.54
13.00
11.25
9.38
7.43
5.39
3.29
1.15
-0.95
-2.90
-4.62
-6.12
-7.45
-8.71
-9.96
-11.18
-12.25
-13.04
-13.50
-13.68
-13.78
-14.02
-14.54
-15.29
-16.05
-16.58
-16.72
-16.46
-15.96
-15.37
-14.75
-14.04
-13.11
-11.86
-10.31
-8.62
-7.00
-5.61
-4.54
-3.73
-3.10
-2.55
-2.02
-1.55
-1.24
-1.21
-1.55
-2.27
-3.27
-4.45
-5.70
-7.01
-8.40
-9.92
-11.60
-13.45
-15.46
-17.61
-19.88
-22.21
-24.44
-26.26
-27.29
-27.19
-25.74
-22.99
-19.19
-14.77
-10.16
-5.73
-1.67
2.00
5.36
8.54
11.63
14.64
17.52
20.15
22.43
24.29
25.73
26.83
27.75
28.64
29.68
30.97
32.50
34.15
35.70
36.87
37.45
37.41
36.98
36.57
36.67
37.71
39.87
43.08
46.99
51.06
54.69
57.32
58.58
58.31
56.57
53.56
49.57
44.86
39.64
34.11
28.46
22.87
17.52
12.51
7.89
3.63
-0.28
-3.76
-6.65
-8.73
-9.86
-10.08
-9.62
-8.89
-8.34
-8.24
-8.64
-9.36
-10.11
-10.67
-11.01
-11.22
-11.51
-11.99
-12.69
-13.53
-14.42
-15.30
-16.21
-17.23
-18.43
-19.77
-21.09
-22.22
-22.94
-23.15
-22.78
-21.83
-20.33
-18.39
-16.29
-14.42
-13.27
-13.28
-14.62
-17.14
-20.39
-23.77
-26.74
-28.92
-30.12
-30.26
-29.34
-27.38
-24.47
-20.81
-16.75
-12.67
-8.97
-5.93
-3.65
-2.07
-1.02
-0.27
0.37
0.96
1.51
1.96
2.26
2.44
2.58
2.76
3.04
3.40
3.77
4.07
4.22
4.17
3.85
3.22
2.23
0.83
-0.98
-3.19
-5.79
-8.70
-11.80
-14.85
-17.48
-19.34
-20.18
-19.94
-18.81
-17.09
-15.08
-12.96
-10.77
-8.54
-6.33
-4.23
-2.35
-0.71
0.76
2.20
3.70
5.27
6.80
8.17
9.30
10.20
10.93
11.54
12.03
12.39
12.63
12.78
12.86
12.88
12.78
12.48
11.93
11.15
10.20
9.15
8.02
6.79
5.37
3.72
1.88
-0.07
-2.04
-3.93
-5.67
-7.19
-8.39
-9.11
-9.20
-8.58
-7.28
-5.43
-3.25
-0.94
1.36
3.54
5.55
7.34
8.84
9.97
10.70
11.06
11.16
11.13
11.10
11.12
11.16
11.17
11.10
10.91
10.58
10.13
9.56
8.84
7.96
6.93
5.80
4.64
3.48
2.35
1.21
0.03
-1.21
-2.50
-3.80
-5.09
-6.40
-7.79
-9.31
-10.91
-12.45
-13.66
-14.32
-14.25
-13.43
-11.94
-9.91
-7.46
-4.72
-1.85
0.96
3.47
5.51
6.97
7.88
8.37
8.59
8.70
8.79
8.91
9.07
9.22
9.29
9.20
8.89
8.35
7.66
6.95
6.31
5.80
5.36
4.87
4.21
3.29
2.14
0.80
-0.61
-2.02
-3.39
-4.75
-6.19
-7.79
-9.59
-11.54
-13.43
-15.01
-15.97
-16.09
-15.31
-13.75
-11.62
-9.22
-6.79
-4.50
-2.35
-0.25
1.92
4.24
6.65
8.97
10.96
12.42
13.29
13.68
13.79
13.78
13.73
13.58
13.24
12.64
11.79
10.80
9.83
8.96
8.18
7.36
6.37
5.13
3.66
2.13
0.74
-0.37
-1.19
-1.89
-2.69
-3.82
-5.40
-7.40
-9.67
-12.01
-14.20
-16.07
-17.45
-18.19
-18.18
-17.33
-15.63
-13.22
-10.40
-7.50
-4.81
-2.47
-0.42
1.51
3.48
5.56
7.64
9.52
11.01
12.06
12.71
13.10
13.31
13.37
13.27
12.97
12.53
12.02
11.55
11.14
10.72
10.17
9.38
8.29
6.97
5.55
4.16
2.90
1.80
0.82
-0.11
-1.07
-2.14
-3.38
-4.82
-6.41
-8.05
-9.63
-11.03
-12.25
-13.34
-14.45
-15.71
-17.21
-18.98
-20.92
-22.84
-24.49
-25.58
-25.86
-25.20
-23.60
-21.27
-18.47
-15.51
-12.62
-9.87
-7.26
-4.70
-2.12
0.47
2.99
5.32
7.36
9.05
10.39
11.46
12.37
13.18
13.94
14.65
15.24
15.69
16.00
16.21
16.36
16.43
16.33
15.93
15.12
13.85
12.22
10.36
8.44
6.59
4.84
3.21
1.64
0.09
-1.47
-3.04
-4.56
-5.96
-7.20
-8.36
-9.65
-11.31
-13.47
-15.98
-18.41
-20.21
-20.89
-20.28
-18.57
-16.12
-13.32
-10.40
-7.41
-4.36
-1.31
1.62
4.27
6.59
8.63
10.48
12.19
13.64
14.66
15.10
14.95
14.38
13.64
12.92
12.30
11.72
11.08
10.35
9.57
8.83
8.20
7.64
7.04
6.27
5.30
4.16
2.95
1.71
0.43
-0.94
-2.43
-3.97
-5.42
-6.60
-7.47
-8.11
-8.80
-9.81
-11.29
-13.22
-15.37
-17.42
-19.06
-20.02
-20.15
-19.40
-17.80
-15.50
-12.74
-9.80
-6.96
-4.38
-2.08
0.04
2.11
4.21
6.28
8.13
9.55
10.39
10.66
10.51
10.17
9.86
9.71
9.72
9.80
9.81
9.63
9.22
8.61
7.85
7.00
6.05
4.99
3.76
2.36
0.88
-0.57
-1.91
-3.13
-4.30
-5.52
-6.83
-8.20
-9.53
-10.77
-11.98
-13.27
-14.77
-16.44
-18.01
-19.13
-19.43
-18.71
-17.01
-14.56
-11.61
-8.37
-5.00
-1.59
1.74
4.87
7.66
10.07
12.09
13.75
15.05
15.99
16.51
16.57
16.17
15.38
14.34
13.21
12.17
11.36
10.80
10.39
9.98
9.39
8.50
7.34
6.03
4.68
3.39
2.09
0.71
-0.85
-2.59
-4.44
-6.26
-7.94
-9.40
-10.64
-11.73
-12.82
-14.04
-15.50
-17.22
-19.09
-20.89
-22.30
-23.00
-22.75
-21.43
-19.11
-15.94
-12.20
-8.18
-4.22
-0.56
2.62
5.29
7.56
9.59
11.54
13.45
15.24
16.70
17.62
17.90
17.59
16.87
15.95
15.01
14.10
13.21
12.28
11.31
10.33
9.38
8.47
7.52
6.47
5.28
3.96
2.61
1.33
0.12
-1.11
-2.50
-4.14
-5.95
-7.77
-9.39
-10.73
-11.82
-12.85
-14.00
-15.42
-17.12
-18.96
-20.67
-21.93
-22.39
-21.78
-20.03
-17.25
-13.76
-9.93
-6.09
-2.42
1.00
4.18
7.09
9.66
11.85
13.60
14.92
15.83
16.33
16.41
16.10
15.48
14.67
13.79
12.90
11.98
11.00
9.92
8.80
7.70
6.69
5.73
4.69
3.44
1.94
0.25
-1.46
-3.03
-4.39
-5.61
-6.85
-8.32
-10.11
-12.19
-14.41
-16.52
-18.22
-19.21
-19.26
-18.26
-16.20
-13.25
-9.70
-5.94
-2.32
0.88
3.56
5.82
7.82
9.71
11.52
13.12
14.29
14.91
14.95
14.54
13.88
13.13
12.37
11.63
10.92
10.30
9.84
9.57
9.41
9.22
8.83
8.13
7.13
5.92
4.64
3.41
2.28
1.26
0.32
-0.58
-1.48
-2.45
-3.55
-4.82
-6.26
-7.78
-9.26
-10.56
-11.63
-12.47
-13.20
-13.93
-14.78
-15.82
-17.07
-18.47
-19.89
-21.11
-21.87
-21.88
-20.97
-19.08
-16.38
-13.13
-9.68
-6.30
-3.15
-0.27
2.41
4.95
7.43
9.79
11.92
13.69
14.96
15.68
15.85
15.57
14.95
14.12
13.20
12.29
11.49
10.83
10.30
9.80
9.22
8.42
7.38
6.12
4.73
3.34
2.01
0.74
-0.51
-1.79
-3.13
-4.52
-5.90
-7.23
-8.51
-9.79
-11.10
-12.49
-13.97
-15.48
-16.97
-18.29
-19.28
-19.75
-19.53
-18.51
-16.70
-14.21
-11.24
-7.98
-4.59
-1.22
2.07
5.21
8.13
10.78
13.10
15.05
16.55
17.54
17.94
17.72
16.91
15.64
14.12
12.58
11.24
10.22
9.52
9.06
8.67
8.18
7.48
6.58
5.55
4.50
3.47
2.43
1.30
-0.03
-1.58
-3.29
-5.02
-6.68
-8.19
-9.58
-10.86
-12.06
-13.21
-14.37
-15.66
-17.20
-19.00
-20.89
-22.48
-23.28
-22.91
-21.22
-18.37
-14.76
-10.84
-7.00
-3.43
-0.15
2.92
5.87
8.71
11.40
13.83
15.86
17.41
18.42
18.87
18.78
18.24
17.34
16.19
14.92
13.64
12.44
11.42
10.61
10.05
9.71
9.47
9.19
8.66
7.78
6.55
5.09
3.52
1.94
0.35
-1.30
-3.02
-4.77
-6.43
-7.93
-9.20
-10.33
-11.44
-12.66
-14.06
-15.67
-17.42
-19.24
-20.96
-22.39
-23.23
-23.23
-22.17
-20.03
-16.97
-13.30
-9.43
-5.70
-2.33
0.63
3.25
5.67
7.99
10.25
12.35
14.14
15.42
16.05
15.99
15.34
14.27
13.02
11.79
10.72
9.86
9.20
8.71
8.35
8.06
7.77
7.38
6.79
5.95
4.87
3.56
2.09
0.48
-1.22
-2.95
-4.60
-6.06
-7.26
-8.22
-9.05
-9.93
-11.02
-12.42
-14.06
-15.76
-17.25
-18.25
-18.52
-17.93
-16.47
-14.25
-11.48
-8.38
-5.15
-1.93
1.21
4.22
7.06
9.65
11.87
13.64
14.87
15.52
15.63
15.25
14.49
13.50
12.47
11.61
11.05
10.82
10.78
10.71
10.39
9.70
8.68
7.46
6.17
4.90
3.61
2.27
0.84
-0.66
-2.16
-3.60
-4.99
-6.37
-7.79
-9.26
-10.70
-12.04
-13.26
-14.48
-15.84
-17.43
-19.15
-20.65
-21.47
-21.22
-19.74
-17.14
-13.79
-10.10
-6.40
-2.89
0.36
3.35
6.09
8.60
10.91
13.05
14.99
16.64
17.83
18.39
18.23
17.38
16.01
14.38
12.73
11.26
10.11
9.34
8.90
8.68
8.52
8.25
7.72
6.88
5.79
4.51
3.15
1.75
0.31
-1.18
-2.72
-4.29
-5.83
-7.30
-8.67
-9.93
-11.09
-12.21
-13.37
-14.68
-16.20
-17.89
-19.56
-20.86
-21.47
-21.09
-19.64
-17.19
-13.99
-10.36
-6.62
-3.04
0.21
3.08
5.66
8.05
10.39
12.70
14.87
16.71
17.99
18.56
18.40
17.62
16.43
15.03
13.62
12.35
11.29
10.46
9.84
9.37
8.98
8.56
8.00
7.23
6.22
5.02
3.71
2.36
1.00
-0.36
-1.76
-3.22
-4.69
-6.18
-7.63
-9.06
-10.45
-11.79
-13.06
-14.27
-15.44
-16.61
-17.81
-18.98
-19.94
-20.45
-20.26
-19.23
-17.37
-14.86
-11.96
-8.92
-5.87
-2.87
0.09
3.02
5.84
8.46
10.71
12.48
13.67
14.28
14.36
14.01
13.37
12.57
11.73
10.89
10.07
9.26
8.46
7.70
7.05
6.53
6.12
5.76
5.39
4.92
4.31
3.48
2.38
0.98
-0.70
-2.53
-4.36
-5.99
-7.32
-8.33
-9.13
-9.90
-10.87
-12.16
-13.76
-15.51
-17.10
-18.19
-18.48
-17.85
-16.33
-14.03
-11.16
-7.89
-4.41
-0.95
2.26
5.03
7.29
9.11
10.63
12.00
13.24
14.27
14.93
15.11
14.82
14.21
13.44
12.63
11.84
11.07
10.33
9.66
9.12
8.72
8.35
7.86
7.09
5.99
4.68
3.35
2.19
1.21
0.28
-0.78
-2.09
-3.62
-5.18
-6.57
-7.70
-8.62
-9.48
-10.43
-11.56
-12.85
-14.29
-15.88
-17.60
-19.35
-20.88
-21.81
-21.78
-20.58
-18.26
-15.10
-11.52
-7.91
-4.54
-1.48
1.32
3.96
6.56
9.13
11.60
13.81
15.54
16.65
17.07
16.91
16.33
15.49
14.52
13.49
12.45
11.47
10.66
10.12
9.85
9.76
9.68
9.41
8.86
7.99
6.86
5.56
4.19
2.80
1.41
0.03
-1.33
-2.68
-4.04
-5.39
-6.69
-7.90
-8.95
-9.85
-10.69
-11.59
-12.73
-14.22
-16.03
-18.00
-19.87
-21.29
-21.96
-21.65
-20.26
-17.85
-14.61
-10.83
-6.84
-2.98
0.55
3.66
6.43
8.96
11.33
13.52
15.41
16.83
17.67
17.93
17.71
17.18
16.45
15.61
14.67
13.62
12.50
11.40
10.47
9.79
9.37
9.09
8.72
8.06
7.04
5.72
4.32
3.04
1.98
1.04
0.04
-1.19
-2.68
-4.32
-5.88
-7.20
-8.22
-9.03
-9.77
-10.57
-11.51
-12.63
-13.96
-15.47
-17.06
-18.56
-19.70
-20.24
-19.97
-18.86
-16.99
-14.56
-11.77
-8.79
-5.78
-2.85
-0.11
2.36
4.56
6.49
8.18
9.59
10.59
11.03
10.76
9.82
8.44
6.99
5.81
5.13
4.90
4.85
4.59
3.73
2.00
-0.67
-4.14
-8.09
-12.09
-15.71
-18.54
-20.39
-21.24
-21.26
-20.74
-19.98
-19.19
-18.47
-17.79
-17.08
-16.27
-15.38
-14.51
-13.87
-13.58
-13.59
-13.56
-12.89
-10.92
-7.16
-1.52
5.58
13.33
20.73
26.95
31.49
34.28
35.58
35.84
35.53
35.07
34.77
34.81
35.13
35.42
35.13
33.65
30.52
25.61
19.29
12.28
5.48
-0.30
-4.55
-7.15
-8.29
-8.37
-7.89
-7.31
-7.07
-7.45
-8.55
-10.24
-12.09
-13.50
-13.77
-12.40
-9.23
-4.60
0.72
5.79
9.80
12.28
13.16
12.59
10.83
7.98
4.15
-0.50
-5.51
-10.06
-13.07
-13.54
-10.89
-5.23
2.66
11.56
20.28
28.03
34.58
40.16
45.13
49.71
53.82
57.10
59.20
59.85
59.02
56.82
53.43
49.01
43.79
38.04
32.10
26.22
20.48
14.71
8.60
1.91
-5.43
-13.20
-21.09
-28.78
-36.02
-42.60
-48.29
-52.71
-55.51
-56.53
-56.03
-54.65
-53.27
-52.59
-52.91
-53.99
-55.20
-55.81
-55.34
-53.71
-51.29
-48.68
-46.45
-44.83
-43.57
-42.05
-39.46
-35.19
-29.12
-21.62
-13.50
-5.64
1.25
6.79
10.94
13.87
15.84
17.06
17.75
18.09
18.22
18.26
18.25
18.13
17.78
17.08
15.97
14.47
12.76
11.09
9.73
8.86
8.51
8.54
8.73
8.84
8.69
8.18
7.23
5.71
3.46
0.33
-3.71
-8.44
-13.42
-18.03
-21.66
-23.87
-24.51
-23.73
-21.98
-19.87
-18.04
-16.96
-16.78
-17.24
-17.68
-17.30
-15.36
-11.53
-6.01
0.54
7.22
13.20
17.96
21.39
23.71
25.29
26.49
27.46
28.20
28.62
28.59
28.06
27.03
25.55
23.64
21.37
18.81
16.12
13.54
11.34
9.70
8.64
8.01
7.49
6.78
5.69
4.19
2.43
0.63
-1.07
-2.62
-4.12
-5.73
-7.54
-9.53
-11.60
-13.56
-15.25
-16.60
-17.65
-18.53
-19.44
-20.59
-22.14
-24.10
-26.22
-27.97
-28.61
-27.43
-24.01
-18.44
-11.38
-3.84
3.09
8.61
12.33
14.31
14.90
14.56
13.79
12.94
12.24
11.67
11.04
9.98
8.17
5.41
1.80
-2.29
-6.30
-9.65
-11.86
-12.64
-12.01
-10.21
-7.68
-4.89
-2.29
-0.18
1.35
2.34
2.91
3.19
3.22
2.99
2.46
1.62
0.48
-0.86
-2.27
-3.56
-4.59
-5.34
-5.93
-6.60
-7.66
-9.34
-11.58
-14.04
-16.11
-17.11
-16.52
-14.17
-10.31
-5.49
-0.37
4.43
8.52
11.76
14.23
16.17
17.89
19.70
21.83
24.35
27.18
30.10
32.79
34.94
36.27
36.63
35.99
34.45
32.21
29.55
26.72
23.85
21.00
18.05
14.92
11.57
8.08
4.61
1.33
-1.64
-4.31
-6.80
-9.23
-11.71
-14.29
-16.92
-19.52
-21.99
-24.23
-26.12
-27.61
-28.72
-29.55
-30.30
-31.10
-31.97
-32.69
-32.87
-32.09
-30.00
-26.53
-21.87
-16.48
-10.94
-5.87
-1.80
0.96
2.37
2.71
2.57
2.65
3.55
5.49
8.26
11.24
13.69
15.00
14.93
13.67
11.69
9.55
7.73
6.51
5.93
5.89
6.25
6.88
7.69
8.61
9.59
10.57
11.57
12.63
13.84
15.13
16.19
16.51
15.50
12.84
8.68
3.71
-1.22
-5.41
-8.71
-11.41
-13.97
-16.57
-18.89
-20.17
-19.59
-16.67
-11.47
-4.58
3.15
10.92
18.13
24.44
29.72
33.97
37.28
39.83
41.84
43.60
45.30
47.00
48.61
49.88
50.50
50.30
49.28
47.71
46.00
44.58
43.74
43.54
43.73
43.82
43.17
41.17
37.40
31.71
24.26
15.42
5.54
-5.06
-16.12
-27.28
-37.94
-47.13
-53.79
-57.08
-56.81
-53.66
-49.05
-44.71
-42.18
-42.36
-45.38
-50.64
-57.14
-63.67
-69.03
-72.18
-72.39
-69.36
-63.38
-55.31
-46.34
-37.71
-30.23
-24.20
-19.40
-15.29
-11.36
-7.30
-3.08
1.10
4.94
8.13
10.45
11.81
12.24
11.88
10.96
9.72
8.40
7.19
6.16
5.31
4.56
3.81
3.00
2.15
1.37
0.85
0.80
1.29
2.24
3.34
4.09
4.00
2.76
0.37
-2.84
-6.30
-9.45
-11.91
-13.60
-14.73
-15.64
-16.63
-17.81
-19.00
-19.75
-19.47
-17.62
-13.88
-8.32
-1.39
6.17
13.53
20.03
25.32
29.40
32.51
35.02
37.21
39.20
40.94
42.29
43.15
43.57
43.75
44.01
44.56
45.46
46.59
47.68
48.43
48.59
47.98
46.40
43.64
39.57
34.19
27.74
20.67
13.57
6.97
1.17
-3.78
-8.10
-12.05
-15.87
-19.63
-23.21
-26.40
-29.00
-30.90
-32.15
-32.98
-33.75
-34.84
-36.52
-38.79
-41.26
-43.22
-43.87
-42.54
-39.05
-33.74
-27.37
-20.95
-15.33
-11.08
-8.36
-6.94
-6.37
-6.10
-5.64
-4.65
-3.10
-1.24
0.50
1.66
1.99
1.47
0.36
-0.90
-1.94
-2.51
-2.56
-2.21
-1.61
-0.95
-0.37
0.05
0.22
0.09
-0.35
-1.06
-1.95
-2.90
-3.84
-4.72
-5.61
-6.56
-7.62
-8.76
-9.89
-10.89
-11.70
-12.35
-13.04
-14.01
-15.50
-17.51
-19.74
-21.52
-22.04
-20.57
-16.88
-11.29
-4.69
1.83
7.31
11.23
13.60
14.77
15.23
15.40
15.49
15.56
15.51
15.22
14.59
13.56
12.18
10.58
8.93
7.44
6.23
5.36
4.81
4.53
4.43
4.38
4.20
3.72
2.79
1.41
-0.28
-2.04
-3.66
-5.04
-6.26
-7.46
-8.78
-10.24
-11.75
-13.17
-14.41
-15.50
-16.56
-17.78
-19.35
-21.40
-23.93
-26.74
-29.34
-31.04
-31.04
-28.76
-24.08
-17.48
-9.96
-2.72
3.27
7.51
10.09
11.47
12.21
12.75
13.26
13.72
14.01
14.03
13.75
13.20
12.38
11.28
9.87
8.20
6.41
4.76
3.56
3.01
3.10
3.61
4.16
4.39
4.10
3.27
2.08
0.74
-0.61
-1.89
-3.14
-4.42
-5.82
-7.36
-9.06
-10.85
-12.61
-14.14
-15.27
-15.93
-16.24
-16.55
-17.33
-19.03
-21.81
-25.38
-29.03
-31.74
-32.53
-30.75
-26.33
-19.80
-12.13
-4.46
2.28
7.55
11.32
13.96
16.01
17.98
20.16
22.56
24.97
27.06
28.59
29.44
29.61
29.23
28.42
27.31
26.01
24.63
23.33
22.27
21.57
21.19
20.97
20.66
20.01
18.91
17.39
15.60
13.69
11.75
9.71
7.40
4.64
1.38
-2.26
-5.91
-9.04
-11.09
-11.68
-10.77
-8.77
-6.43
-4.60
-4.01
-5.05
-7.71
-11.65
-16.30
-20.91
-24.60
-26.37
-25.42
-21.35
-14.43
-5.60
3.76
12.30
19.16
24.10
27.39
29.46
30.53
30.48
28.93
25.51
20.17
13.25
5.47
-2.34
-9.52
-15.73
-20.94
-25.34
-29.02
-31.92
-33.82
-34.48
-33.80
-31.87
-28.88
-25.05
-20.60
-15.84
-11.30
-7.65
-5.57
-5.39
-6.94
-9.55
-12.46
-15.09
-17.26
-19.04
-20.45
-21.26
-21.08
-19.64
-17.20
-14.59
-12.94
-13.16
-15.47
-19.20
-23.07
-25.59
-25.65
-22.81
-17.31
-9.94
-1.71
6.44
13.85
20.19
25.44
29.74
33.27
36.17
38.51
40.33
41.63
42.44
42.80
42.73
42.22
41.29
39.93
38.20
36.16
33.87
31.41
28.85
26.21
23.51
20.67
17.60
14.22
10.58
6.81
3.20
0.05
-2.46
-4.30
-5.64
-6.74
-7.80
-8.88
-9.90
-10.73
-11.28
-11.64
-12.02
-12.69
-13.89
-15.65
-17.76
-19.76
-21.02
-20.97
-19.23
-15.77
-10.96
-5.44
0.08
4.95
8.82
11.64
13.65
15.22
16.71
18.30
19.93
21.40
22.43
22.89
22.80
22.34
21.71
21.03
20.28
19.40
18.39
17.34
16.40
15.69
15.22
14.81
14.23
13.30
11.99
10.48
9.05
7.94
7.26
6.91
6.66
6.27
5.59
4.63
3.53
2.47
1.57
0.86
0.28
-0.27
-0.91
-1.78
-3.04
-4.82
-7.12
-9.72
-12.13
-13.72
-13.97
-12.61
-9.85
-6.26
-2.56
0.62
2.96
4.48
5.40
6.03
6.60
7.20
7.82
8.39
8.84
9.11
9.14
8.90
8.36
7.55
6.53
5.41
4.32
3.42
2.84
2.66
2.84
3.22
3.50
3.40
2.74
1.53
-0.02
-1.57
-2.82
-3.67
-4.17
-4.55
-5.04
-5.79
-6.83
-8.12
-9.56
-11.04
-12.49
-13.82
-14.96
-15.89
-16.67
-17.47
-18.50
-19.92
-21.71
-23.63
-25.19
-25.85
-25.13
-22.85
-19.19
-14.63
-9.81
-5.31
-1.53
1.39
3.52
5.05
6.20
7.17
8.06
8.94
9.79
10.52
10.97
10.90
10.11
8.54
6.36
4.00
2.02
0.93
1.00
2.20
4.22
6.60
8.94
10.91
12.34
13.11
13.19
12.59
11.43
9.94
8.38
6.95
5.78
4.83
3.98
3.05
1.92
0.54
-1.07
-2.82
-4.57
-6.22
-7.75
-9.26
-10.90
-12.82
-15.05
-17.42
-19.55
-20.98
-21.26
-20.13
-17.64
-14.11
-10.08
-6.13
-2.73
-0.13
1.67
2.84
3.63
4.25
4.87
5.51
6.17
6.80
7.30
7.60
7.65
7.41
6.93
6.28
5.59
4.98
4.53
4.29
4.25
4.31
4.37
4.28
3.96
3.36
2.59
1.76
1.02
0.41
-0.13
-0.76
-1.62
-2.79
-4.25
-5.85
-7.35
-8.56
-9.32
-9.64
-9.72
-9.85
-10.34
-11.34
-12.72
-14.13
-15.05
-15.03
-13.81
-11.47
-8.33
-4.87
-1.54
1.33
3.62
5.36
6.69
7.80
8.84
9.94
11.14
12.42
13.64
14.61
15.15
15.14
14.58
13.59
12.41
11.26
10.32
9.66
9.24
8.97
8.75
8.49
8.14
7.66
7.00
6.11
4.98
3.67
2.30
0.97
-0.26
-1.48
-2.82
-4.45
-6.43
-8.63
-10.82
-12.75
-14.27
-15.37
-16.21
-17.00
-17.94
-19.14
-20.65
-22.37
-24.06
-25.33
-25.71
-24.81
-22.48
-18.87
-14.47
-9.91
-5.76
-2.35
0.28
2.32
4.01
5.58
7.16
8.73
10.25
11.62
12.77
13.64
14.20
14.45
14.40
14.06
13.47
12.67
11.78
10.94
10.30
9.95
9.83
9.80
9.62
9.09
8.15
6.85
5.37
3.92
2.66
1.66
0.88
0.22
-0.48
-1.35
-2.50
-3.94
-5.58
-7.25
-8.73
-9.89
-10.70
-11.26
-11.76
-12.37
-13.22
-14.36
-15.76
-17.34
-18.89
-20.06
-20.42
-19.53
-17.17
-13.46
-8.91
-4.22
-0.07
3.18
5.52
7.23
8.70
10.18
11.78
13.38
14.86
16.06
16.92
17.42
17.57
17.37
16.83
15.99
14.96
13.91
13.05
12.52
12.33
12.38
12.45
12.33
11.86
11.02
9.91
8.67
7.42
6.22
5.08
3.99
2.97
2.10
1.42
0.93
0.53
0.13
-0.39
-1.00
-1.62
-2.15
-2.51
-2.75
-3.03
-3.53
-4.47
-5.98
-8.09
-10.67
-13.39
-15.75
-17.22
-17.40
-16.22
-13.94
-11.11
-8.34
-6.07
-4.51
-3.61
-3.16
-2.89
-2.64
-2.27
-1.80
-1.33
-0.99
-0.92
-1.19
-1.78
-2.54
-3.32
-3.95
-4.32
-4.38
-4.10
-3.48
-2.59
-1.57
-0.61
0.11
0.47
0.43
0.09
-0.42
-1.01
-1.65
-2.36
-3.19
-4.17
-5.28
-6.44
-7.56
-8.52
-9.24
-9.67
-9.88
-10.04
-10.40
-11.21
-12.59
-14.43
-16.39
-17.90
-18.44
-17.61
-15.36
-11.92
-7.78
-3.49
0.46
3.79
6.41
8.41
9.92
11.09
12.07
12.92
13.69
14.37
14.92
15.30
15.44
15.29
14.83
14.08
13.12
12.12
11.26
10.70
10.51
10.62
10.83
10.89
10.59
9.84
8.68
7.30
5.87
4.58
3.50
2.63
1.94
1.32
0.66
-0.15
-1.18
-2.45
-3.89
-5.36
-6.73
-7.90
-8.85
-9.67
-10.55
-11.69
-13.22
-15.08
-17.00
-18.51
-19.06
-18.23
-15.92
-12.39
-8.20
-4.05
-0.48
2.24
4.15
5.53
6.68
7.84
9.11
10.48
11.87
13.18
14.29
15.08
15.43
15.27
14.65
13.70
12.69
11.84
11.29
11.04
10.96
10.86
10.56
10.00
9.19
8.22
7.19
6.14
5.10
4.09
3.15
2.32
1.61
0.96
0.27
-0.58
-1.67
-2.91
-4.18
-5.31
-6.18
-6.82
-7.32
-7.80
-8.36
-9.02
-9.76
-10.53
-11.29
-11.87
-11.99
-11.30
-9.49
-6.50
-2.63
1.55
5.35
8.23
9.98
10.68
10.68
10.35
10.02
9.83
9.79
9.78
9.69
9.40
8.89
8.19
7.37
6.50
5.59
4.59
3.46
2.17
0.79
-0.59
-1.87
-2.94
-3.74
-4.22
-4.35
-4.17
-3.80
-3.43
-3.27
-3.49
-4.14
-5.16
-6.43
-7.81
-9.18
-10.45
-11.56
-12.48
-13.24
-13.94
-14.69
-15.57
-16.56
-17.53
-18.30
-18.79
-19.03
-19.18
-19.41
-19.71
-19.82
-19.32
-17.75
-14.91
-10.92
-6.26
-1.57
2.58
5.87
8.29
10.04
11.40
12.55
13.55
14.34
14.86
15.09
15.04
14.76
14.23
13.42
12.32
11.02
9.66
8.42
7.42
6.70
6.23
5.94
5.74
5.55
5.29
4.88
4.27
3.42
2.40
1.31
0.28
-0.55
-1.11
-1.42
-1.63
-1.93
-2.53
-3.51
-4.80
-6.15
-7.31
-8.12
-8.68
-9.31
-10.39
-12.12
-14.43
-16.90
-18.94
-19.98
-19.68
-18.02
-15.25
-11.82
-8.21
-4.77
-1.72
0.89
3.11
5.02
6.69
8.13
9.31
10.19
10.77
11.09
11.27
11.41
11.59
11.81
11.98
12.00
11.81
11.42
10.94
10.52
10.28
10.24
10.32
10.32
10.03
9.32
8.15
6.64
5.02
3.52
2.30
1.32
0.38
-0.76
-2.30
-4.21
-6.34
-8.44
-10.31
-11.83
-13.04
-14.04
-14.96
-15.94
-17.18
-18.80
-20.87
-23.24
-25.54
-27.17
-27.55
-26.27
-23.34
-19.19
-14.52
-10.07
-6.43
-3.81
-2.11
-1.02
-0.21
0.61
1.53
2.53
3.54
4.46
5.19
5.66
5.82
5.62
5.07
4.19
3.04
1.71
0.37
-0.80
-1.56
-1.68
-1.00
0.56
2.92
5.95
9.37
12.89
16.21
19.06
21.22
22.59
23.10
22.80
21.77
20.13
18.05
15.68
13.19
10.71
8.38
6.27
4.42
2.78
1.23
-0.42
-2.33
-4.64
-7.31
-10.15
-12.79
-14.78
-15.66
-15.12
-13.12
-9.89
-5.93
-1.85
1.76
4.55
6.46
7.68
8.52
9.22
9.91
10.60
11.25
11.82
12.36
12.86
13.28
13.51
13.36
12.75
11.70
10.44
9.25
8.35
7.81
7.50
7.21
6.74
5.99
5.02
3.94
2.86
1.82
0.78
-0.31
-1.46
-2.64
-3.81
-4.92
-6.01
-7.10
-8.22
-9.34
-10.38
-11.25
-11.89
-12.33
-12.69
-13.19
-14.06
-15.47
-17.40
-19.65
-21.81
-23.34
-23.73
-22.66
-20.06
-16.18
-11.52
-6.69
-2.28
1.32
3.91
5.56
6.51
7.07
7.56
8.21
9.08
10.05
10.88
11.30
11.14
10.40
9.29
8.07
7.03
6.31
5.94
5.86
5.93
6.04
6.10
6.01
5.67
5.05
4.11
2.95
1.68
0.46
-0.58
-1.42
-2.14
-2.89
-3.87
-5.16
-6.71
-8.32
-9.72
-10.68
-11.19
-11.44
-11.79
-12.57
-13.98
-15.90
-17.90
-19.39
-19.80
-18.77
-16.25
-12.59
-8.36
-4.19
-0.60
2.15
4.06
5.31
6.11
6.60
6.83
6.77
6.39
5.68
4.69
3.49
2.21
0.99
-0.05
-0.76
-1.08
-0.99
-0.50
0.30
1.34
2.53
3.79
5.00
6.04
6.79
7.18
7.23
6.98
6.54
6.02
5.53
5.12
4.83
4.59
4.35
4.03
3.61
3.11
2.57
2.00
1.37
0.55
-0.65
-2.39
-4.79
-7.77
-11.04
-14.11
-16.37
-17.33
-16.67
-14.45
-11.06
-7.11
-3.27
-0.07
2.20
3.56
4.29
4.78
5.42
6.43
7.78
9.25
10.52
11.41
11.86
11.98
11.93
11.77
11.47
10.93
10.12
9.12
8.13
7.35
6.90
6.71
6.60
6.32
5.67
4.56
3.02
1.18
-0.74
-2.53
-4.07
-5.33
-6.42
-7.53
-8.87
-10.60
-12.78
-15.35
-18.14
-20.86
-23.20
-24.90
-25.91
-26.40
-26.81
-27.61
-29.12
-31.18
-33.19
-34.23
-33.38
-30.17
-24.68
-17.56
-9.78
-2.29
4.18
9.24
12.81
15.04
16.23
16.75
17.05
17.54
18.53
20.13
22.24
24.52
26.56
27.97
28.56
28.36
27.58
26.52
25.45
24.51
23.73
23.07
22.48
21.88
21.18
20.23
18.88
17.04
14.79
12.33
9.95
7.85
6.07
4.46
2.81
0.96
-1.08
-3.15
-5.09
-6.76
-8.18
-9.41
-10.57
-11.68
-12.77
-13.86
-15.00
-16.25
-17.56
-18.73
-19.42
-19.21
-17.86
-15.34
-11.93
-8.05
-4.14
-0.53
2.62
5.22
7.25
8.72
9.71
10.39
10.99
11.72
12.62
13.64
14.58
15.29
15.68
15.79
15.69
15.46
15.15
14.77
14.37
13.99
13.64
13.24
12.64
11.65
10.17
8.22
6.00
3.80
1.88
0.35
-0.85
-1.90
-3.00
-4.23
-5.59
-7.01
-8.39
-9.70
-11.00
-12.36
-13.89
-15.64
-17.56
-19.45
-20.97
-21.72
-21.31
-19.59
-16.67
-12.97
-9.05
-5.50
-2.68
-0.67
0.68
1.69
2.64
3.71
4.89
6.07
7.08
7.79
8.17
8.28
8.23
8.10
7.93
7.68
7.31
6.81
6.27
5.79
5.49
5.38
5.35
5.20
4.74
3.85
2.60
1.20
-0.11
-1.17
-1.98
-2.67
-3.41
-4.27
-5.21
-6.07
-6.66
-6.91
-6.89
-6.78
-6.82
-7.22
-8.12
-9.58
-11.60
-14.10
-16.89
-19.60
-21.72
-22.72
-22.19
-20.03
-16.48
-12.12
-7.62
-3.64
-0.54
1.58
2.89
3.71
4.37
5.09
5.96
6.92
7.84
8.63
9.22
9.61
9.88
10.04
10.11
10.06
9.92
9.76
9.73
9.93
10.37
10.96
11.51
11.80
11.70
11.20
10.37
9.32
8.18
7.07
6.11
5.40
4.99
4.85
4.87
4.85
4.58
3.94
2.90
1.55
0.06
-1.42
-2.83
-4.26
-5.95
-8.17
-11.13
-14.80
-18.86
-22.70
-25.62
-27.01
-26.61
-24.54
-21.29
-17.54
-13.93
-10.91
-8.60
-6.90
-5.54
-4.30
-3.04
-1.73
-0.36
1.06
2.52
3.98
5.27
6.13
6.34
5.82
4.80
3.70
3.04
3.13
3.99
5.29
6.59
7.47
7.77
7.62
7.32
7.18
7.40
8.03
9.00
10.16
11.32
12.29
12.84
12.75
11.84
10.10
7.70
4.91
2.06
-0.66
-3.19
-5.63
-8.02
-10.25
-11.93
-12.50
-11.51
-8.80
-4.80
-0.41
3.22
5.08
4.66
2.14
-1.71
-5.88
-9.47
-11.93
-13.14
-13.23
-12.41
-10.78
-8.41
-5.40
-2.02
1.30
4.14
6.22
7.56
8.43
9.22
10.20
11.40
12.66
13.72
14.40
14.66
14.62
14.41
14.11
13.63
12.76
11.29
9.15
6.41
3.37
0.37
-2.30
-4.54
-6.46
-8.31
-10.33
-12.62
-15.05
-17.34
-19.07
-19.84
-19.40
-17.67
-14.81
-11.18
-7.29
-3.67
-0.78
1.15
2.17
2.61
2.92
3.50
4.55
5.92
7.28
8.25
8.61
8.40
7.88
7.37
7.08
7.06
7.20
7.33
7.40
7.42
7.49
7.65
7.84
7.88
7.59
6.81
5.59
4.12
2.70
1.60
0.99
0.85
0.98
1.13
1.08
0.73
0.11
-0.62
-1.30
-1.83
-2.22
-2.64
-3.32
-4.46
-6.11
-8.13
-10.26
-12.24
-13.93
-15.38
-16.77
-18.32
-20.15
-22.27
-24.50
-26.55
-28.04
-28.61
-27.94
-25.92
-22.67
-18.59
-14.21
-10.13
-6.83
-4.58
-3.39
-3.05
-3.15
-3.18
-2.65
-1.24
1.14
4.29
7.80
11.20
14.14
16.45
18.16
19.40
20.36
21.15
21.82
22.37
22.79
23.02
22.99
22.62
21.81
20.46
18.54
16.05
13.09
9.85
6.50
3.23
0.14
-2.75
-5.48
-8.08
-10.56
-12.84
-14.84
-16.53
-17.95
-19.23
-20.58
-22.19
-24.21
-26.63
-29.29
-31.91
-34.06
-35.28
-35.24
-33.75
-30.94
-27.20
-23.07
-19.08
-15.55
-12.56
-9.86
-7.12
-4.03
-0.51
3.25
6.87
9.92
12.16
13.55
14.28
14.56
14.53
14.22
13.58
12.57
11.27
9.86
8.59
7.73
7.50
8.09
9.57
11.82
14.44
16.74
17.97
17.61
15.63
12.58
9.43
7.16
6.38
7.11
8.86
10.94
12.79
14.15
14.96
15.26
15.01
14.08
12.38
9.99
7.17
4.30
1.74
-0.24
-1.50
-1.93
-1.51
-0.28
1.57
3.70
5.72
7.28
8.23
8.61
8.56
8.23
7.69
6.98
6.15
5.33
4.66
4.25
4.08
3.97
3.71
3.15
2.29
1.29
0.39
-0.21
-0.43
-0.33
-0.08
0.13
0.18
0.01
-0.35
-0.84
-1.39
-1.93
-2.45
-2.95
-3.47
-4.03
-4.67
-5.36
-6.07
-6.75
-7.31
-7.75
-8.10
-8.46
-8.97
-9.77
-10.91
-12.32
-13.80
-14.99
-15.49
-14.97
-13.30
-10.58
-7.14
-3.49
-0.09
2.69
4.78
6.31
7.50
8.56
9.56
10.45
11.09
11.38
11.32
11.02
10.63
10.30
10.10
10.04
10.05
10.01
9.86
9.53
9.06
8.50
7.92
7.39
6.91
6.43
5.88
5.19
4.34
3.37
2.35
1.29
0.14
-1.19
-2.75
-4.49
-6.26
-7.88
-9.21
-10.23
-11.08
-11.94
-13.01
-14.40
-16.08
-17.88
-19.47
-20.45
-20.39
-19.05
-16.43
-12.84
-8.81
-4.87
-1.41
1.41
3.62
5.35
6.71
7.81
8.74
9.60
10.45
11.34
12.18
12.86
13.23
13.21
12.83
12.21
11.55
11.04
10.80
10.82
11.01
11.23
11.32
11.24
10.97
10.53
9.91
9.09
8.05
6.85
5.60
4.42
3.35
2.35
1.34
0.22
-1.06
-2.47
-3.97
-5.49
-7.01
-8.50
-9.96
-11.43
-12.99
-14.75
-16.77
-18.99
-21.10
-22.64
-23.12
-22.25
-20.05
-16.87
-13.24
-9.68
-6.56
-3.99
-1.95
-0.33
1.00
2.11
3.08
3.96
4.82
5.63
6.35
6.93
7.28
7.40
7.31
7.06
6.73
6.43
6.24
6.26
6.49
6.83
7.15
7.27
7.09
6.63
5.96
5.16
4.28
3.32
2.29
1.24
0.27
-0.59
-1.35
-2.12
-3.05
-4.19
-5.49
-6.82
-8.02
-9.04
-9.94
-10.88
-12.05
-13.51
-15.20
-16.86
-18.14
-18.65
-18.09
-16.33
-13.49
-9.91
-6.06
-2.43
0.62
2.93
4.51
5.56
6.35
7.11
7.96
8.91
9.86
10.66
11.19
11.37
11.20
10.73
10.06
9.31
8.65
8.21
8.04
8.09
8.23
8.28
8.10
7.62
6.90
6.02
5.06
4.09
3.12
2.15
1.18
0.21
-0.79
-1.83
-2.96
-4.21
-5.53
-6.84
-8.03
-9.04
-9.88
-10.69
-11.65
-12.94
-14.59
-16.44
-18.16
-19.32
-19.54
-18.59
-16.50
-13.50
-9.97
-6.37
-3.07
-0.31
1.84
3.46
4.69
5.68
6.51
7.22
7.83
8.33
8.68
8.89
8.95
8.91
8.82
8.74
8.69
8.65
8.57
8.43
8.23
8.00
7.74
7.40
6.85
6.02
4.89
3.58
2.29
1.18
0.34
-0.34
-1.04
-1.91
-2.98
-4.15
-5.22
-6.03
-6.51
-6.73
-6.85
-7.10
-7.68
-8.81
-10.58
-12.93
-15.59
-18.09
-19.87
-20.46
-19.65
-17.59
-14.70
-11.56
-8.62
-6.12
-4.04
-2.23
-0.45
1.43
3.42
5.45
7.39
9.12
10.58
11.75
12.67
13.36
13.85
14.15
14.25
14.18
13.99
13.75
13.53
13.38
13.28
13.18
12.99
12.63
12.03
11.16
10.07
8.85
7.62
6.48
5.48
4.55
3.59
2.52
1.32
0.07
-1.13
-2.16
-3.00
-3.78
-4.68
-5.96
-7.83
-10.37
-13.50
-16.88
-19.94
-22.04
-22.61
-21.39
-18.52
-14.46
-9.93
-5.57
-1.83
1.08
3.16
4.56
5.46
6.06
6.55
7.11
7.83
8.76
9.79
10.75
11.46
11.74
11.46
10.63
9.36
7.89
6.54
5.57
5.10
5.05
5.17
5.16
4.82
4.12
3.19
2.25
1.48
0.96
0.67
0.57
0.54
0.48
0.26
-0.24
-1.05
-2.11
-3.26
-4.33
-5.21
-5.88
-6.48
-7.19
-8.20
-9.64
-11.55
-13.82
-16.18
-18.17
-19.24
-18.88
-16.87
-13.38
-8.97
-4.40
-0.39
2.65
4.66
5.92
6.80
7.62
8.51
9.45
10.36
11.19
11.91
12.51
12.97
13.27
13.36
13.22
12.86
12.34
11.71
11.00
10.27
9.55
8.89
8.29
7.73
7.15
6.49
5.70
4.78
3.77
2.73
1.71
0.73
-0.24
-1.28
-2.42
-3.69
-5.01
-6.23
-7.23
-7.91
-8.34
-8.67
-9.14
-9.96
-11.24
-12.93
-14.88
-16.79
-18.29
-19.00
-18.59
-16.91
-14.05
-10.33
-6.27
-2.46
0.67
2.88
4.22
4.94
5.38
5.82
6.37
6.99
7.55
7.91
8.04
7.96
7.79
7.57
7.34
7.04
6.65
6.20
5.77
5.45
5.28
5.22
5.13
4.88
4.41
3.77
3.05
2.37
1.75
1.15
0.46
-0.39
-1.42
-2.57
-3.75
-4.89
-5.96
-6.99
-7.99
-8.93
-9.83
-10.74
-11.78
-13.06
-14.57
-16.04
-16.99
-16.85
-15.21
-12.07
-7.90
-3.49
0.36
3.16
4.84
5.68
6.15
6.59
7.15
7.80
8.45
9.03
9.57
10.11
10.63
11.02
11.09
10.73
9.91
8.81
7.70
6.87
6.48
6.54
6.87
7.21
7.26
6.88
6.04
4.89
3.63
2.43
1.39
0.50
-0.34
-1.19
-2.12
-3.13
-4.20
-5.32
-6.46
-7.60
-8.68
-9.64
-10.50
-11.34
-12.32
-13.62
-15.32
-17.25
-19.02
-20.09
-19.95
-18.36
-15.43
-11.63
-7.59
-3.91
-0.92
1.30
2.90
4.13
5.15
6.06
6.87
7.59
8.24
8.86
9.46
10.00
10.42
10.63
10.57
10.23
9.68
9.05
8.46
8.03
7.77
7.63
7.48
7.23
6.82
6.27
5.64
4.96
4.25
3.46
2.58
1.63
0.65
-0.32
-1.31
-2.37
-3.55
-4.83
-6.09
-7.22
-8.13
-8.86
-9.54
-10.38
-11.55
-13.13
-15.01
-16.91
-18.38
-18.92
-18.11
-15.84
-12.32
-8.10
-3.86
-0.17
2.64
4.55
5.76
6.55
7.18
7.85
8.65
9.62
10.73
11.87
12.85
13.50
13.68
13.36
12.61
11.60
10.55
9.64
8.98
8.60
8.45
8.41
8.33
8.10
7.60
6.79
5.71
4.41
3.03
1.68
0.45
-0.62
-1.56
-2.45
-3.35
-4.33
-5.35
-6.35
-7.25
-8.01
-8.64
-9.25
-9.96
-10.92
-12.24
-13.94
-15.88
-17.76
-19.11
-19.40
-18.25
-15.57
-11.64
-7.05
-2.53
1.33
4.22
6.11
7.22
7.83
8.21
8.54
8.88
9.22
9.51
9.69
9.70
9.57
9.33
9.00
8.61
8.16
7.68
7.24
6.94
6.79
6.74
6.63
6.28
5.59
4.60
3.42
2.23
1.13
0.13
-0.81
-1.76
-2.77
-3.84
-4.95
-6.05
-7.07
-7.92
-8.55
-8.98
-9.35
-9.89
-10.86
-12.41
-14.43
-16.58
-18.26
-18.90
-18.07
-15.72
-12.11
-7.81
-3.45
0.44
3.50
5.60
6.82
7.34
7.47
7.50
7.72
8.29
9.23
10.35
11.37
11.99
12.08
11.68
11.00
10.29
9.74
9.39
9.18
9.00
8.80
8.51
8.14
7.61
6.85
5.82
4.59
3.30
2.15
1.25
0.57
-0.03
-0.76
-1.76
-3.04
-4.49
-5.96
-7.28
-8.41
-9.33
-10.13
-10.90
-11.75
-12.83
-14.19
-15.83
-17.54
-18.96
-19.61
-19.05
-17.07
-13.79
-9.61
-5.16
-1.07
2.24
4.58
6.04
6.87
7.38
7.86
8.52
9.44
10.55
11.68
12.60
13.11
13.16
12.79
12.13
11.31
10.41
9.51
8.71
8.15
7.93
8.06
8.42
8.76
8.81
8.36
7.41
6.07
4.56
3.11
1.85
0.83
0.02
-0.67
-1.35
-2.15
-3.14
-4.36
-5.75
-7.18
-8.49
-9.55
-10.30
-10.85
-11.42
-12.27
-13.61
-15.44
-17.48
-19.22
-20.09
-19.61
-17.59
-14.22
-9.96
-5.47
-1.37
1.91
4.21
5.60
6.34
6.79
7.27
8.03
9.16
10.57
12.01
13.17
13.75
13.65
12.93
11.82
10.58
9.45
8.58
8.04
7.83
7.91
8.17
8.42
8.48
8.14
7.32
6.11
4.70
3.35
2.24
1.42
0.80
0.20
-0.59
-1.65
-2.98
-4.44
-5.86
-7.09
-8.04
-8.73
-9.29
-9.87
-10.67
-11.81
-13.35
-15.20
-17.10
-18.62
-19.29
-18.70
-16.70
-13.47
-9.49
-5.39
-1.75
1.08
2.98
4.10
4.72
5.15
5.62
6.23
6.97
7.67
8.16
8.30
8.06
7.53
6.88
6.27
5.79
5.49
5.34
5.32
5.38
5.48
5.54
5.45
5.13
4.56
3.81
2.98
2.17
1.41
0.63
-0.26
-1.35
-2.64
-4.05
-5.44
-6.67
-7.63
-8.35
-8.91
-9.50
-10.31
-11.47
-12.99
-14.71
-16.26
-17.22
-17.16
-15.89
-13.43
-10.09
-6.33
-2.65
0.61
3.27
5.29
6.76
7.81
8.59
9.23
9.85
10.49
11.12
11.65
11.96
11.94
11.55
10.82
9.88
8.92
8.10
7.60
7.47
7.68
8.10
8.53
8.80
8.85
8.73
8.55
8.47
8.52
8.66
8.71
8.48
7.78
6.54
4.78
2.67
0.44
-1.68
-3.51
-4.99
-6.18
-7.19
-8.24
-9.51
-11.14
-13.17
-15.42
-17.50
-18.90
-19.08
-17.68
-14.69
-10.51
-5.78
-1.28
2.35
4.71
5.69
5.43
4.23
2.50
0.66
-0.92
-2.03
-2.63
-2.91
-3.17
-3.70
-4.67
-6.10
-7.85
-9.67
-11.31
-12.54
-13.27
-13.49
-13.27
-12.74
-11.95
-10.90
-9.50
-7.67
-5.33
-2.51
0.65
3.96
7.17
10.00
12.16
13.39
13.53
12.61
10.86
8.68
6.44
4.39
2.58
0.87
-0.94
-2.98
-5.19
-7.29
-8.83
-9.35
-8.54
-6.38
-3.16
0.61
4.36
7.62
10.08
11.65
12.39
12.46
12.13
11.70
11.44
11.52
11.92
12.45
12.80
12.70
11.99
10.73
9.15
7.54
6.19
5.30
4.95
5.04
5.40
5.76
5.90
5.68
5.14
4.36
3.45
2.47
1.42
0.26
-1.03
-2.40
-3.73
-4.89
-5.76
-6.34
-6.67
-6.89
-7.18
-7.71
-8.60
-9.88
-11.48
-13.15
-14.54
-15.24
-14.85
-13.15
-10.14
-6.16
-1.76
2.39
5.78
8.16
9.62
10.49
11.14
11.82
12.57
13.26
13.77
14.00
14.02
13.93
13.85
13.79
13.72
13.53
13.18
12.65
12.02
11.35
10.66
9.93
9.06
7.99
6.69
5.22
3.63
1.97
0.27
-1.51
-3.35
-5.19
-6.89
-8.29
-9.27
-9.88
-10.24
-10.58
-11.11
-11.97
-13.19
-14.69
-16.28
-17.64
-18.38
-18.17
-16.81
-14.38
-11.19
-7.72
-4.46
-1.74
0.27
1.61
2.38
2.71
2.75
2.66
2.60
2.70
2.97
3.32
3.59
3.61
3.28
2.68
1.96
1.34
1.00
1.03
1.40
2.00
2.66
3.21
3.48
3.38
2.88
2.06
1.10
0.19
-0.53
-1.07
-1.57
-2.23
-3.25
-4.67
-6.36
-8.06
-9.51
-10.55
-11.22
-11.75
-12.44
-13.55
-15.15
-17.03
-18.78
-19.88
-19.87
-18.50
-15.82
-12.19
-8.15
-4.27
-0.99
1.50
3.23
4.45
5.45
6.48
7.60
8.77
9.88
10.81
11.52
11.98
12.16
12.02
11.52
10.66
9.53
8.29
7.14
6.22
5.58
5.16
4.81
4.36
3.66
2.66
1.41
0.03
-1.32
-2.55
-3.64
-4.67
-5.73
-6.91
-8.26
-9.80
-11.46
-13.11
-14.49
-15.25
-15.03
-13.64
-11.13
-7.87
-4.38
-1.15
1.48
3.46
4.93
6.09
7.10
8.00
8.76
9.31
9.62
9.75
9.78
9.83
9.93
10.06
10.14
10.07
9.82
9.45
9.09
8.89
8.94
9.24
9.66
9.98
9.96
9.45
8.46
7.13
5.74
4.53
3.65
3.11
2.79
2.50
2.11
1.50
0.61
-0.59
-2.05
-3.68
-5.34
-6.88
-8.17
-9.22
-10.11
-11.01
-12.12
-13.67
-15.84
-18.73
-22.22
-25.96
-29.33
-31.60
-32.13
-30.61
-27.20
-22.47
-17.14
-11.93
-7.31
-3.48
-0.45
1.92
3.77
5.28
6.59
7.84
9.09
10.30
11.35
12.10
12.49
12.58
12.52
12.51
12.71
13.12
13.64
14.07
14.21
13.98
13.41
12.66
11.88
11.17
10.46
9.61
8.49
7.04
5.38
3.68
2.11
0.72
-0.56
-1.85
-3.24
-4.75
-6.38
-8.17
-10.24
-12.66
-15.38
-18.07
-20.17
-21.05
-20.28
-17.81
-14.06
-9.76
-5.70
-2.45
-0.22
1.13
1.94
2.55
3.24
4.08
5.07
6.07
6.94
7.51
7.66
7.34
6.63
5.71
4.82
4.19
3.97
4.14
4.59
5.13
5.57
5.80
5.79
5.58
5.22
4.76
4.18
3.47
2.61
1.60
0.52
-0.58
-1.69
-2.87
-4.20
-5.68
-7.20
-8.58
-9.68
-10.56
-11.47
-12.79
-14.82
-17.55
-20.56
-23.13
-24.48
-24.06
-21.75
-17.85
-13.02
-8.01
-3.49
0.14
2.80
4.70
6.25
7.84
9.75
12.04
14.59
17.14
19.42
21.21
22.40
22.95
22.91
22.37
21.51
20.56
19.78
19.32
19.25
19.49
19.84
20.03
19.77
18.83
17.02
14.27
10.71
6.62
2.39
-1.60
-5.10
-8.07
-10.57
-12.72
-14.58
-16.12
-17.26
-17.94
-18.22
-18.26
-18.28
-18.55
-19.26
-20.49
-22.12
-23.81
-25.02
-25.10
-23.51
-20.06
-15.03
-9.13
-3.30
1.63
5.16
7.30
8.44
9.16
9.93
11.06
12.58
14.42
16.41
18.40
20.21
21.64
22.47
22.59
22.01
20.91
19.58
18.27
17.12
16.09
15.01
13.64
11.86
9.62
7.03
4.29
1.60
-0.89
-3.07
-4.93
-6.49
-7.83
-9.02
-10.13
-11.18
-12.17
-13.06
-13.79
-14.35
-14.76
-15.10
-15.49
-16.09
-17.03
-18.40
-20.12
-21.89
-23.25
-23.65
-22.67
-20.18
-16.39
-11.82
-7.05
-2.61
1.20
4.26
6.65
8.52
10.04
11.39
12.69
13.99
15.20
16.18
16.76
16.89
16.65
16.23
15.80
15.46
15.18
14.87
14.45
13.90
13.26
12.61
12.00
11.45
10.90
10.32
9.63
8.72
7.52
5.95
4.04
1.89
-0.30
-2.31
-3.95
-5.12
-5.88
-6.38
-6.86
-7.59
-8.82
-10.70
-13.19
-16.03
-18.71
-20.63
-21.20
-20.11
-17.42
-13.54
-9.17
-4.97
-1.46
1.14
2.92
4.15
5.16
6.19
7.33
8.49
9.54
10.28
10.62
10.54
10.09
9.40
8.61
7.87
7.26
6.86
6.66
6.63
6.70
6.78
6.78
6.57
6.09
5.27
4.17
2.90
1.66
0.61
-0.19
-0.83
-1.47
-2.27
-3.31
-4.56
-5.91
-7.19
-8.31
-9.20
-9.88
-10.42
-10.95
-11.68
-12.79
-14.37
-16.32
-18.27
-19.67
-19.96
-18.77
-16.08
-12.30
-8.04
-3.98
-0.58
1.94
3.67
4.85
5.71
6.45
7.16
7.89
8.65
9.44
10.19
10.82
11.20
11.28
11.04
10.59
10.04
9.51
9.08
8.79
8.62
8.54
8.51
8.44
8.21
7.73
6.91
5.81
4.58
3.43
2.55
2.01
1.70
1.42
0.97
0.21
-0.85
-2.11
-3.41
-4.59
-5.55
-6.23
-6.63
-6.83
-6.99
-7.34
-8.12
-9.48
-11.34
-13.39
-15.08
-15.81
-15.14
-12.93
-9.49
-5.41
-1.40
1.90
4.16
5.38
5.79
5.80
5.80
6.05
6.65
7.51
8.43
9.14
9.46
9.34
8.85
8.18
7.50
6.93
6.53
6.30
6.22
6.20
6.13
5.84
5.19
4.10
2.62
0.92
-0.83
-2.44
-3.83
-4.96
-5.80
-6.35
-6.64
-6.76
-6.87
-7.15
-7.66
-8.36
-9.06
-9.58
-9.84
-9.91
-10.05
-10.55
-11.65
-13.35
-15.44
-17.49
-18.94
-19.33
-18.41
-16.21
-13.09
-9.56
-6.12
-3.17
-0.85
0.86
2.11
3.06
3.86
4.62
5.37
6.06
6.59
6.80
6.59
5.98
5.12
4.21
3.48
3.04
2.87
2.90
3.03
3.22
3.40
3.49
3.38
2.93
2.04
0.80
-0.61
-1.93
-2.95
-3.62
-4.06
-4.45
-4.96
-5.64
-6.41
-7.15
-7.76
-8.21
-8.58
-9.00
-9.60
-10.51
-11.77
-13.28
-14.82
-15.97
-16.26
-15.31
-12.95
-9.35
-4.98
-0.43
3.72
7.15
9.74
11.62
12.98
13.97
14.75
15.34
15.79
16.07
16.17
16.05
15.69
15.08
14.26
13.30
12.29
11.33
10.50
9.87
9.46
9.24
9.13
9.01
8.71
8.09
7.08
5.72
4.15
2.61
1.28
0.26
-0.53
-1.28
-2.18
-3.35
-4.79
-6.38
-7.98
-9.47
-10.81
-12.06
-13.37
-14.91
-16.80
-19.02
-21.28
-23.10
-23.87
-23.08
-20.51
-16.42
-11.40
-6.24
-1.59
2.13
4.82
6.62
7.76
8.51
9.13
9.80
10.67
11.75
12.90
13.88
14.47
14.52
14.08
13.34
12.51
11.76
11.20
10.81
10.60
10.55
10.60
10.64
10.51
10.07
9.25
8.11
6.77
5.38
4.00
2.66
1.31
-0.06
-1.47
-2.92
-4.44
-6.09
-7.84
-9.59
-11.14
-12.30
-13.03
-13.54
-14.20
-15.38
-17.33
-19.93
-22.75
-25.14
-26.34
-25.78
-23.18
-18.66
-12.75
-6.20
0.17
5.67
9.94
12.95
14.93
16.23
17.19
18.04
18.89
19.76
20.59
21.29
21.72
21.79
21.44
20.70
19.73
18.73
17.95
17.56
17.60
17.95
18.40
18.69
18.61
18.02
16.88
15.23
13.20
11.02
8.93
7.14
5.76
4.62
3.39
1.62
-1.09
-4.91
-9.76
-15.28
-20.97
-26.24
-30.62
-33.74
-35.50
-36.07
-35.78
-35.00
-33.94
-32.53
-30.48
-27.46
-23.36
-18.37
-13.00
-7.84
-3.39
0.18
2.87
4.90
6.48
7.76
8.84
9.65
10.05
9.75
8.45
6.02
2.64
-1.12
-4.43
-6.47
-6.67
-4.96
-1.70
2.44
6.74
10.69
13.97
16.53
18.39
19.63
20.32
20.52
20.29
19.71
18.86
17.79
16.50
14.98
13.22
11.25
9.11
6.89
4.65
2.42
0.21
-2.05
-4.40
-6.96
-9.82
-13.04
-16.56
-20.16
-23.40
-25.76
-26.77
-26.18
-24.07
-20.82
-16.89
-12.75
-8.64
-4.62
-0.67
3.21
6.95
10.35
13.22
15.43
16.93
17.75
17.96
17.70
17.10
16.28
15.33
14.27
13.12
11.91
10.83
10.07
9.78
9.84
9.85
9.29
7.78
5.32
2.39
-0.35
-2.37
-3.55
-4.19
-4.83
-5.89
-7.47
-9.32
-11.08
-12.46
-13.46
-14.23
-15.01
-15.98
-17.17
-18.56
-20.09
-21.77
-23.52
-25.16
-26.31
-26.50
-25.35
-22.71
-18.84
-14.26
-9.64
-5.54
-2.23
0.36
2.57
4.88
7.68
11.09
14.93
18.74
21.90
23.91
24.48
23.67
21.78
19.27
16.60
14.15
12.19
10.86
10.17
10.01
10.14
10.32
10.34
10.08
9.56
8.82
7.89
6.78
5.48
4.02
2.52
1.11
-0.15
-1.29
-2.43
-3.73
-5.26
-7.03
-8.94
-10.93
-13.00
-15.17
-17.48
-19.82
-22.02
-23.85
-25.15
-25.96
-26.38
-26.53
-26.35
-25.55
-23.73
-20.57
-16.07
-10.61
-4.90
0.30
4.46
7.43
9.38
10.70
11.72
12.70
13.70
14.74
15.81
16.91
17.99
18.99
19.78
20.24
20.30
20.02
19.54
19.06
18.72
18.55
18.45
18.23
17.68
16.65
15.13
13.16
10.84
8.22
5.34
2.19
-1.10
-4.32
-7.15
-9.32
-10.74
-11.54
-11.98
-12.35
-12.80
-13.27
-13.63
-13.79
-13.82
-13.93
-14.38
-15.36
-16.91
-18.92
-21.16
-23.27
-24.81
-25.34
-24.52
-22.23
-18.63
-14.15
-9.37
-4.90
-1.14
1.72
3.70
4.99
5.84
6.48
7.11
7.84
8.70
9.60
10.44
11.07
11.32
11.09
10.33
9.10
7.56
6.00
4.72
3.96
3.80
4.09
4.52
4.77
4.58
3.86
2.74
1.43
0.20
-0.82
-1.58
-2.20
-2.84
-3.67
-4.77
-6.14
-7.66
-9.13
-10.36
-11.16
-11.51
-11.50
-11.38
-11.43
-11.89
-12.84
-14.14
-15.47
-16.35
-16.29
-14.94
-12.19
-8.21
-3.46
1.51
6.15
10.12
13.33
15.90
18.05
19.94
21.51
22.55
22.79
22.09
20.60
18.67
16.76
15.21
14.13
13.43
12.96
12.69
12.72
13.18
14.06
15.09
15.84
15.95
15.31
14.07
12.45
10.51
8.00
4.56
0.02
-5.26
-10.45
-14.57
-17.01
-17.85
-17.76
-17.64
-18.13
-19.31
-20.82
-22.15
-23.00
-23.35
-23.34
-23.04
-22.31
-20.85
-18.39
-14.82
-10.27
-5.01
0.67
6.47
12.11
17.23
21.43
24.33
25.71
25.59
24.31
22.39
20.34
18.54
17.07
15.76
14.28
12.33
9.75
6.62
3.23
-0.01
-2.70
-4.55
-5.41
-5.26
-4.23
-2.55
-0.55
1.30
2.52
2.65
1.46
-1.01
-4.37
-8.01
-11.26
-13.68
-15.09
-15.65
-15.68
-15.55
-15.44
-15.39
-15.37
-15.29
-15.17
-15.03
-14.86
-14.62
-14.24
-13.74
-13.28
-13.13
-13.52
-14.54
-15.95
-17.27
-17.90
-17.34
-15.36
-12.07
-7.90
-3.42
0.76
4.26
6.92
8.85
10.37
11.83
13.46
15.25
16.95
18.18
18.54
17.87
16.31
14.41
12.98
12.93
14.96
19.36
25.82
33.61
41.73
49.30
55.68
60.60
64.01
65.92
66.29
64.91
61.54
55.93
48.03
38.06
26.53
14.15
1.69
-10.22
-21.14
-30.87
-39.32
-46.39
-51.95
-55.89
-58.15
-58.91
-58.48
-57.34
-55.98
-54.81
-54.05
-53.66
-53.29
-52.42
-50.52
-47.30
-42.85
-37.57
-32.05
-26.78
-21.99
-17.67
-13.71
-10.01
-6.65
-3.78
-1.57
-0.04
0.96
1.69
2.48
3.55
4.96
6.56
8.10
9.30
10.04
10.41
10.70
11.25
12.31
13.93
15.90
17.90
19.57
20.62
20.94
20.54
19.55
18.16
16.53
14.81
13.06
11.25
9.33
7.28
5.15
3.09
1.25
-0.29
-1.58
-2.82
-4.24
-6.06
-8.31
-10.79
-13.10
-14.73
-15.23
-14.36
-12.17
-8.96
-5.19
-1.35
2.19
5.20
7.61
9.50
11.01
12.34
13.63
14.95
16.28
17.54
18.67
19.67
20.59
21.51
22.42
23.25
23.84
24.05
23.85
23.32
22.61
21.88
21.18
20.47
19.60
18.41
16.81
14.81
12.50
10.02
7.50
5.00
2.52
0.00
-2.57
-5.18
-7.76
-10.28
-12.70
-15.11
-17.58
-20.17
-22.84
-25.49
-27.98
-30.19
-32.02
-33.37
-34.06
-33.86
-32.53
-29.89
-25.95
-20.87
-15.03
-8.87
-2.90
2.44
6.80
10.01
12.12
13.32
13.92
14.21
14.41
14.63
14.94
15.37
15.88
16.43
16.88
17.10
16.98
16.46
15.55
14.29
12.74
10.95
9.00
6.97
4.94
2.93
0.94
-1.11
-3.27
-5.54
-7.86
-10.15
-12.35
-14.43
-16.39
-18.21
-19.76
-20.90
-21.48
-21.52
-21.17
-20.74
-20.56
-20.82
-21.52
-22.45
-23.22
-23.42
-22.69
-20.83
-17.86
-13.99
-9.62
-5.19
-1.11
2.32
5.04
7.17
8.97
10.72
12.61
14.66
16.68
18.42
19.64
20.26
20.40
20.39
20.60
21.34
22.81
24.97
27.60
30.33
32.66
34.15
34.39
33.24
30.81
27.43
23.58
19.67
16.01
12.68
9.70
7.02
4.68
2.73
1.18
-0.06
-1.23
-2.61
-4.39
-6.55
-8.85
-10.90
-12.40
-13.19
-13.35
-13.06
-12.46
-11.64
-10.61
-9.44
-8.28
-7.35
-6.76
-6.44
-6.12
-5.47
-4.29
-2.57
-0.52
1.56
3.49
5.19
6.77
8.26
9.62
10.57
10.63
9.30
6.18
1.21
-5.19
-12.20
-18.80
-24.07
-27.47
-28.92
-28.72
-27.31
-25.12
-22.40
-19.34
-16.11
-12.98
-10.24
-8.14
-6.75
-5.87
-5.13
-4.09
-2.40
0.04
3.02
6.08
8.56
9.70
8.80
5.41
-0.45
-8.23
-16.77
-24.54
-30.02
-32.12
-30.48
-25.54
-18.38
-10.28
-2.40
4.45
9.94
14.03
16.89
18.72
19.68
19.88
19.39
18.25
16.48
14.15
11.32
8.18
5.04
2.41
0.82
0.71
2.26
5.24
9.08
13.05
16.38
18.43
18.78
17.27
14.01
9.45
4.36
-0.37
-3.84
-5.50
-5.23
-3.42
-0.78
1.87
3.79
4.46
3.66
1.46
-1.82
-5.71
-9.76
-13.55
-16.77
-19.15
-20.39
-20.21
-18.46
-15.25
-11.06
-6.61
-2.68
0.24
2.05
3.07
3.82
4.76
6.11
7.83
9.67
11.31
12.49
13.05
12.97
12.30
11.15
9.68
8.02
6.30
4.64
3.16
1.98
1.19
0.87
1.01
1.54
2.35
3.28
4.16
4.86
5.31
5.48
5.37
5.02
4.43
3.59
2.51
1.22
-0.21
-1.66
-3.02
-4.26
-5.46
-6.78
-8.42
-10.51
-13.03
-15.76
-18.24
-19.91
-20.23
-18.86
-15.83
-11.55
-6.71
-2.06
1.75
4.34
5.66
5.90
5.40
4.53
3.62
2.86
2.28
1.79
1.18
0.26
-1.12
-2.94
-5.04
-7.12
-8.85
-9.85
-9.89
-8.88
-6.97
-4.46
-1.79
0.65
2.56
3.88
4.68
5.18
5.59
6.03
6.52
6.97
7.23
7.16
6.68
5.79
4.57
3.13
1.60
0.09
-1.40
-2.96
-4.77
-7.07
-10.01
-13.60
-17.56
-21.38
-24.45
-26.24
-26.44
-25.12
-22.62
-19.43
-16.09
-12.99
-10.36
-8.23
-6.56
-5.19
-3.97
-2.76
-1.47
-0.12
1.17
2.25
2.99
3.34
3.41
3.46
3.72
4.39
5.48
6.84
8.23
9.41
10.19
10.51
10.39
9.92
9.19
8.34
7.45
6.62
5.87
5.18
4.47
3.64
2.61
1.37
-0.09
-1.70
-3.41
-5.17
-7.00
-8.95
-11.08
-13.40
-15.76
-17.78
-18.98
-18.84
-17.07
-13.78
-9.44
-4.79
-0.54
2.83
5.24
6.92
8.26
9.60
11.10
12.71
14.29
15.68
16.74
17.40
17.62
17.36
16.62
15.43
13.97
12.50
11.33
10.71
10.72
11.24
11.96
12.48
12.49
11.84
10.61
9.04
7.43
6.03
4.92
4.02
3.13
2.04
0.61
-1.12
-2.98
-4.71
-6.14
-7.19
-7.98
-8.74
-9.70
-11.06
-12.86
-14.97
-17.09
-18.75
-19.41
-18.58
-16.04
-11.94
-6.86
-1.63
2.94
6.30
8.38
9.51
10.28
11.21
12.59
14.37
16.26
17.91
19.07
19.67
19.80
19.60
19.18
18.57
17.74
16.73
15.64
14.62
13.82
13.31
13.01
12.74
12.26
11.39
10.07
8.40
6.62
5.00
3.69
2.64
1.66
0.45
-1.19
-3.30
-5.73
-8.20
-10.42
-12.21
-13.56
-14.59
-15.56
-16.73
-18.30
-20.34
-22.74
-25.18
-27.21
-28.33
-28.14
-26.42
-23.23
-18.93
-14.11
-9.40
-5.39
-2.39
-0.43
0.71
1.43
2.15
3.13
4.45
5.99
7.51
8.78
9.65
10.10
10.18
10.02
9.71
9.34
8.99
8.74
8.68
8.86
9.26
9.80
10.35
10.79
10.99
10.92
10.54
9.86
8.93
7.81
6.62
5.44
4.32
3.24
2.12
0.88
-0.53
-2.02
-3.45
-4.73
-5.84
-6.92
-8.21
-9.90
-12.07
-14.62
-17.26
-19.59
-21.20
-21.68
-20.79
-18.45
-14.85
-10.40
-5.66
-1.23
2.41
5.04
6.68
7.56
8.02
8.37
8.81
9.41
10.07
10.66
11.00
11.00
10.63
9.92
8.91
7.71
6.45
5.32
4.57
4.34
4.63
5.23
5.81
5.99
5.57
4.55
3.10
1.50
-0.06
-1.51
-2.94
-4.52
-6.40
-8.65
-11.15
-13.67
-15.82
-17.22
-17.56
-16.71
-14.76
-12.00
-8.81
-5.63
-2.79
-0.48
1.28
2.61
3.71
4.78
5.97
7.26
8.55
9.64
10.40
10.79
10.86
10.78
10.69
10.67
10.76
10.91
11.12
11.40
11.78
12.28
12.87
13.40
13.68
13.52
12.86
11.78
10.50
9.22
8.09
7.13
6.23
5.26
4.14
2.86
1.49
0.11
-1.23
-2.52
-3.81
-5.11
-6.43
-7.75
-9.02
-10.24
-11.42
-12.59
-13.78
-15.02
-16.30
-17.62
-19.03
-20.60
-22.45
-24.71
-27.43
-30.48
-33.49
-35.89
-36.98
-36.19
-33.30
-28.57
-22.65
-16.44
-10.76
-6.15
-2.76
-0.45
1.09
2.22
3.23
4.29
5.48
6.73
7.89
8.78
9.28
9.39
9.22
8.94
8.72
8.66
8.78
9.09
9.59
10.23
10.94
11.56
11.90
11.82
11.29
10.41
9.34
8.22
7.13
6.02
4.81
3.45
1.92
0.24
-1.51
-3.26
-4.93
-6.45
-7.76
-8.83
-9.72
-10.56
-11.55
-12.91
-14.77
-17.09
-19.60
-21.79
-23.00
-22.70
-20.60
-16.88
-12.05
-6.86
-1.99
2.10
5.26
7.58
9.29
10.62
11.82
13.06
14.46
16.02
17.59
18.94
19.79
19.99
19.58
18.73
17.67
16.59
15.60
14.73
14.00
13.46
13.15
13.07
13.09
13.00
12.56
11.63
10.22
8.52
6.77
5.17
3.82
2.66
1.54
0.32
-1.07
-2.65
-4.32
-6.00
-7.59
-9.04
-10.34
-11.52
-12.67
-13.93
-15.45
-17.35
-19.56
-21.81
-23.62
-24.40
-23.66
-21.19
-17.19
-12.22
-7.02
-2.27
1.62
4.60
6.87
8.72
10.36
11.83
13.08
14.03
14.67
15.07
15.31
15.43
15.38
15.12
14.62
13.98
13.34
12.86
12.58
12.41
12.18
11.73
10.98
9.98
8.83
7.64
6.43
5.19
3.84
2.33
0.69
-1.01
-2.68
-4.23
-5.65
-6.95
-8.22
-9.55
-11.04
-12.77
-14.73
-16.76
-18.55
-19.65
-19.66
-18.32
-15.63
-11.90
-7.63
-3.38
0.38
3.36
5.48
6.85
7.69
8.21
8.61
8.99
9.38
9.76
10.11
10.42
10.69
10.89
10.94
10.74
10.23
9.45
8.57
7.79
7.34
7.28
7.50
7.76
7.80
7.38
6.40
4.96
3.25
1.54
0.05
-1.09
-1.95
-2.72
-3.64
-4.90
-6.55
-8.46
-10.45
-12.31
-13.91
-15.21
-16.19
-16.89
-17.37
-17.75
-18.26
-19.12
-20.48
-22.17
-23.75
-24.53
-23.90
-21.52
-17.53
-12.50
-7.20
-2.37
1.50
4.29
6.11
7.30
8.17
9.01
9.94
10.98
12.05
13.01
13.75
14.22
14.37
14.19
13.67
12.86
11.87
10.92
10.22
9.93
10.03
10.33
10.52
10.33
9.60
8.41
6.94
5.47
4.22
3.29
2.65
2.15
1.56
0.71
-0.47
-1.92
-3.47
-4.95
-6.22
-7.30
-8.29
-9.35
-10.63
-12.20
-14.02
-15.95
-17.76
-19.11
-19.62
-18.92
-16.79
-13.28
-8.76
-3.84
0.79
4.59
7.32
9.09
10.23
11.13
12.09
13.24
14.55
15.88
17.06
17.97
18.51
18.65
18.44
17.91
17.15
16.24
15.28
14.37
13.61
13.04
12.64
12.28
11.77
10.91
9.55
7.71
5.51
3.18
0.97
-0.96
-2.52
-3.76
-4.85
-5.98
-7.35
-9.01
-10.93
-12.89
-14.68
-16.12
-17.17
-17.95
-18.68
-19.61
-20.85
-22.38
-24.01
-25.39
-26.09
-25.74
-24.10
-21.18
-17.29
-12.91
-8.65
-4.98
-2.17
-0.20
1.13
2.16
3.16
4.25
5.44
6.55
7.40
7.80
7.67
7.10
6.27
5.44
4.84
4.61
4.80
5.35
6.12
6.92
7.56
7.89
7.81
7.32
6.51
5.53
4.54
3.66
2.89
2.16
1.32
0.26
-1.06
-2.59
-4.24
-5.86
-7.37
-8.73
-10.02
-11.39
-13.05
-15.12
-17.54
-20.00
-21.96
-22.81
-22.11
-19.80
-16.22
-12.03
-7.93
-4.45
-1.81
0.05
1.39
2.46
3.50
4.65
5.96
7.36
8.70
9.78
10.49
10.85
11.04
11.29
11.79
12.59
13.59
14.62
15.55
16.29
16.83
17.08
16.94
16.27
15.03
13.34
11.41
9.49
7.74
6.24
4.92
3.69
2.44
1.10
-0.37
-2.00
-3.75
-5.55
-7.30
-8.90
-10.36
-11.77
-13.31
-15.19
-17.44
-19.90
-22.12
-23.53
-23.55
-21.84
-18.45
-13.81
-8.60
-3.55
0.80
4.20
6.67
8.43
9.75
10.89
12.02
13.19
14.38
15.47
16.28
16.68
16.61
16.08
15.18
14.03
12.74
11.46
10.30
9.38
8.78
8.44
8.23
7.95
7.45
6.63
5.55
4.30
3.06
1.94
1.03
0.31
-0.34
-1.10
-2.17
-3.64
-5.45
-7.42
-9.31
-10.98
-12.36
-13.53
-14.60
-15.64
-16.70
-17.77
-18.85
-19.90
-20.73
-21.02
-20.34
-18.34
-14.92
-10.28
-4.97
0.37
5.15
9.01
11.82
13.68
14.79
15.40
15.75
16.01
16.28
16.54
16.66
16.50
16.00
15.17
14.16
13.15
12.27
11.60
11.12
10.78
10.52
10.29
10.05
9.73
9.18
8.30
7.01
5.32
3.36
1.33
-0.54
-2.14
-3.43
-4.53
-5.63
-6.89
-8.39
-10.06
-11.71
-13.16
-14.27
-15.03
-15.51
-15.88
-16.31
-16.93
-17.84
-19.08
-20.55
-22.00
-22.99
-23.00
-21.59
-18.60
-14.25
-9.13
-4.02
0.42
3.80
6.10
7.60
8.69
9.67
10.66
11.65
12.51
13.11
13.36
13.21
12.69
11.87
10.84
9.76
8.80
8.07
7.64
7.45
7.38
7.27
7.00
6.53
5.89
5.13
4.33
3.50
2.66
1.81
0.96
0.11
-0.75
-1.68
-2.77
-4.04
-5.44
-6.87
-8.17
-9.26
-10.18
-11.10
-12.27
-13.84
-15.87
-18.13
-20.23
-21.63
-21.79
-20.39
-17.42
-13.22
-8.43
-3.78
0.14
3.03
4.90
5.99
6.67
7.24
7.88
8.66
9.54
10.45
11.27
11.90
12.23
12.15
11.65
10.83
9.89
9.09
8.66
8.67
9.04
9.54
9.92
9.96
9.59
8.85
7.87
6.79
5.71
4.69
3.76
2.90
2.08
1.23
0.28
-0.82
-2.07
-3.42
-4.80
-6.11
-7.27
-8.24
-9.00
-9.65
-10.37
-11.36
-12.73
-14.38
-15.99
-16.99
-16.84
-15.17
-12.01
-7.76
-3.11
1.24
4.74
7.17
8.66
9.51
10.10
10.67
11.33
12.06
12.73
13.21
13.40
13.24
12.73
11.91
10.90
9.85
8.92
8.22
7.84
7.72
7.78
7.88
7.87
7.64
7.11
6.25
5.09
3.70
2.18
0.65
-0.81
-2.12
-3.26
-4.23
-5.09
-5.90
-6.76
-7.73
-8.83
-9.98
-11.05
-11.90
-12.49
-12.85
-13.16
-13.66
-14.54
-15.87
-17.45
-18.85
-19.49
-18.82
-16.51
-12.66
-7.73
-2.47
2.34
6.12
8.66
10.09
10.83
11.33
11.94
12.81
13.93
15.17
16.35
17.33
18.00
18.29
18.19
17.73
17.02
16.26
15.62
15.22
15.04
14.90
14.56
13.78
12.41
10.50
8.21
5.79
3.45
1.35
-0.48
-2.10
-3.60
-5.05
-6.52
-8.05
-9.68
-11.45
-13.36
-15.36
-17.32
-19.04
-20.42
-21.42
-22.23
-23.11
-24.34
-26.03
-28.01
-29.84
-30.92
-30.72
-28.88
-25.43
-20.70
-15.26
-9.77
-4.79
-0.72
2.29
4.33
5.65
6.58
7.42
8.35
9.39
10.37
11.08
11.35
11.15
10.57
9.81
9.03
8.29
7.62
7.00
6.46
6.08
5.87
5.79
5.66
5.27
4.47
3.25
1.77
0.23
-1.17
-2.38
-3.47
-4.53
-5.69
-6.98
-8.36
-9.74
-11.05
-12.24
-13.33
-14.39
-15.55
-16.88
-18.37
-19.83
-20.89
-21.05
-19.85
-17.01
-12.57
-6.91
-0.64
5.55
11.11
15.76
19.40
22.12
24.02
25.21
25.78
25.82
25.46
24.83
24.01
22.96
21.59
19.81
17.61
15.08
12.44
9.92
7.76
6.16
5.24
5.03
5.35
5.82
5.91
5.16
3.30
0.47
-2.88
-6.11
-8.69
-10.37
-11.21
-11.46
-11.39
-11.14
-10.74
-10.17
-9.50
-8.93
-8.72
-9.14
-10.30
-12.17
-14.57
-17.24
-19.87
-22.09
-23.45
-23.51
-21.97
-18.74
-14.09
-8.66
-3.24
1.41
4.76
6.71
7.47
7.51
7.35
7.40
7.88
8.81
10.06
11.39
12.61
13.52
14.06
14.18
13.92
13.30
12.41
11.36
10.33
9.46
8.87
8.53
8.31
7.98
7.38
6.48
5.40
4.31
3.38
2.61
1.88
1.01
-0.13
-1.53
-3.10
-4.65
-6.01
-7.11
-7.99
-8.78
-9.65
-10.75
-12.19
-13.95
-15.88
-17.71
-19.07
-19.55
-18.86
-16.84
-13.58
-9.41
-4.81
-0.31
3.68
6.92
9.40
11.26
12.71
13.93
15.08
16.19
17.29
18.36
19.33
20.13
20.62
20.72
20.36
19.61
18.63
17.66
16.92
16.58
16.67
17.11
17.72
18.28
18.60
18.54
18.06
17.28
16.39
15.63
15.17
15.00
14.94
14.69
14.00
12.74
11.00
9.03
7.12
5.50
4.22
3.20
2.20
0.98
-0.69
-2.86
-5.33
-7.63
-9.13
-9.20
-7.50
-4.13
0.32
4.95
8.83
11.31
12.14
11.52
9.93
7.99
6.25
5.11
4.72
4.99
5.62
6.14
6.16
5.39
3.78
1.47
-1.23
-3.98
-6.47
-8.45
-9.84
-10.65
-11.04
-11.26
-11.59
-12.26
-13.36
-14.80
-16.42
-18.04
-19.59
-21.06
-22.53
-24.07
-25.66
-27.23
-28.67
-29.89
-30.90
-31.79
-32.78
-34.13
-36.10
-38.81
-42.11
-45.44
-47.94
-48.66
-46.90
-42.58
-36.29
-29.13
-22.33
-16.83
-13.08
-10.99
-10.15
-9.98
-10.01
-9.86
-9.34
-8.38
-7.07
-5.57
-4.04
-2.63
-1.39
-0.28
0.79
1.92
3.21
4.75
6.53
8.51
10.49
12.19
13.36
13.79
13.45
12.47
11.08
9.50
7.89
6.28
4.65
2.94
1.13
-0.75
-2.61
-4.31
-5.75
-6.93
-7.89
-8.81
-9.90
-11.40
-13.44
-15.97
-18.68
-21.01
-22.30
-21.98
-19.81
-15.98
-11.10
-5.94
-1.20
2.71
5.67
7.85
9.50
10.89
12.24
13.70
15.34
17.18
19.10
20.85
22.16
22.77
22.61
21.83
20.71
19.61
18.82
18.47
18.51
18.76
19.00
19.03
18.72
18.02
16.95
15.59
14.04
12.43
10.89
9.50
8.24
7.02
5.69
4.12
2.29
0.29
-1.66
-3.34
-4.66
-5.70
-6.77
-8.25
-10.52
-13.73
-17.72
-21.93
-25.53
-27.59
-27.39
-24.66
-19.71
-13.36
-6.64
-0.52
4.35
7.78
9.92
11.15
11.93
12.62
13.44
14.45
15.52
16.47
17.08
17.24
16.93
16.22
15.22
14.06
12.85
11.75
10.93
10.49
10.47
10.73
10.99
10.92
10.23
8.86
6.92
4.72
2.62
0.88
-0.42
-1.39
-2.24
-3.23
-4.52
-6.13
-7.95
-9.76
-11.36
-12.64
-13.60
-14.40
-15.27
-16.48
-18.18
-20.37
-22.74
-24.75
-25.71
-24.97
-22.16
-17.37
-11.18
-4.47
1.81
6.96
10.62
12.87
14.01
14.46
14.60
14.70
14.92
15.28
15.73
16.15
16.40
16.35
15.97
15.30
14.48
13.71
13.13
12.81
12.70
12.66
12.52
12.11
11.39
10.36
9.10
7.69
6.18
4.61
2.97
1.27
-0.44
-2.15
-3.79
-5.31
-6.66
-7.81
-8.76
-9.58
-10.40
-11.38
-12.68
-14.35
-16.30
-18.18
-19.49
-19.66
-18.27
-15.23
-10.87
-5.82
-0.80
3.57
6.98
9.43
11.11
12.27
13.10
13.70
14.14
14.51
14.83
15.09
15.21
15.07
14.62
13.85
12.89
11.92
11.08
10.48
10.13
9.97
9.87
9.67
9.20
8.34
7.03
5.33
3.43
1.57
-0.03
-1.28
-2.22
-3.01
-3.86
-4.92
-6.21
-7.66
-9.11
-10.39
-11.41
-12.20
-12.93
-13.87
-15.26
-17.22
-19.61
-22.01
-23.76
-24.18
-22.79
-19.53
-14.79
-9.32
-3.95
0.65
4.17
6.61
8.25
9.38
10.26
11.00
11.64
12.16
12.55
12.81
12.94
12.94
12.77
12.39
11.71
10.72
9.49
8.18
7.06
6.36
6.18
6.37
6.64
6.60
6.02
4.89
3.43
1.96
0.76
-0.10
-0.73
-1.35
-2.17
-3.30
-4.72
-6.33
-7.98
-9.54
-10.88
-11.95
-12.81
-13.62
-14.60
-15.97
-17.80
-19.96
-22.05
-23.51
-23.77
-22.45
-19.49
-15.20
-10.17
-5.12
-0.69
2.70
4.90
6.08
6.59
6.85
7.24
8.03
9.24
10.73
12.14
13.08
13.24
12.50
11.02
9.13
7.30
5.89
5.11
4.97
5.29
5.80
6.21
6.29
5.92
5.10
3.95
2.68
1.45
0.37
-0.56
-1.46
-2.50
-3.79
-5.38
-7.21
-9.10
-10.73
-11.70
-11.65
-10.35
-7.85
-4.50
-0.85
2.54
5.28
7.25
8.55
9.39
9.95
10.33
10.55
10.65
10.68
10.70
10.73
10.72
10.57
10.19
9.55
8.74
7.93
7.31
6.99
6.97
7.14
7.33
7.35
7.09
6.51
5.64
4.56
3.37
2.15
1.02
0.08
-0.58
-0.97
-1.19
-1.43
-1.85
-2.53
-3.46
-4.49
-5.51
-6.47
-7.40
-8.41
-9.54
-10.72
-11.81
-12.63
-13.15
-13.46
-13.80
-14.43
-15.55
-17.19
-19.18
-21.19
-22.79
-23.50
-22.93
-20.88
-17.42
-12.90
-7.89
-3.02
1.16
4.36
6.53
7.84
8.56
8.97
9.28
9.61
10.03
10.52
11.03
11.45
11.68
11.64
11.29
10.69
9.92
9.14
8.50
8.10
7.94
7.92
7.88
7.61
6.98
5.98
4.71
3.36
2.14
1.13
0.34
-0.38
-1.18
-2.16
-3.35
-4.66
-5.98
-7.18
-8.22
-9.10
-9.86
-10.59
-11.40
-12.43
-13.78
-15.47
-17.33
-19.00
-20.03
-19.96
-18.54
-15.82
-12.13
-7.98
-3.93
-0.39
2.46
4.61
6.26
7.61
8.87
10.12
11.31
12.31
12.99
13.24
13.06
12.53
11.77
10.91
10.08
9.35
8.79
8.40
8.18
8.06
8.00
7.91
7.70
7.31
6.67
5.73
4.49
3.00
1.42
-0.08
-1.32
-2.24
-2.90
-3.49
-4.20
-5.19
-6.45
-7.85
-9.19
-10.29
-11.09
-11.68
-12.26
-13.08
-14.31
-15.96
-17.86
-19.65
-20.90
-21.15
-20.11
-17.69
-14.06
-9.65
-4.98
-0.62
3.03
5.79
7.69
8.93
9.81
10.57
11.35
12.15
12.91
13.54
13.95
14.12
14.03
13.64
12.97
12.03
10.95
9.89
9.05
8.56
8.43
8.47
8.45
8.14
7.43
6.41
5.26
4.18
3.28
2.54
1.83
0.99
-0.08
-1.38
-2.80
-4.19
-5.43
-6.46
-7.31
-8.05
-8.80
-9.71
-10.92
-12.48
-14.32
-16.16
-17.54
-17.95
-17.03
-14.68
-11.17
-7.05
-2.95
0.63
3.44
5.48
6.98
8.16
9.18
10.07
10.75
11.15
11.24
11.10
10.83
10.52
10.20
9.82
9.31
8.69
8.06
7.57
7.33
7.33
7.40
7.27
6.74
5.75
4.43
2.99
1.69
0.65
-0.14
-0.83
-1.59
-2.60
-3.92
-5.49
-7.13
-8.63
-9.79
-10.58
-11.11
-11.61
-12.37
-13.61
-15.38
-17.52
-19.63
-21.17
-21.61
-20.58
-18.04
-14.28
-9.85
-5.38
-1.39
1.85
4.34
6.27
7.88
9.36
10.81
12.20
13.45
14.45
15.12
15.43
15.46
15.27
14.96
14.56
14.07
13.51
12.92
12.34
11.86
11.48
11.18
10.84
10.35
9.58
8.51
7.19
5.74
4.33
3.07
1.98
0.93
-0.28
-1.81
-3.72
-5.87
-8.01
-9.84
-11.19
-12.10
-12.74
-13.39
-14.31
-15.66
-17.49
-19.64
-21.81
-23.51
-24.23
-23.54
-21.31
-17.76
-13.46
-9.10
-5.31
-2.43
-0.45
0.94
2.10
3.32
4.67
6.06
7.29
8.19
8.70
8.87
8.84
8.75
8.68
8.63
8.61
8.63
8.81
9.31
10.30
11.87
13.95
16.34
18.71
20.76
22.27
23.16
23.48
23.39
23.03
22.52
21.90
21.11
20.11
18.87
17.43
15.91
14.42
13.09
11.95
10.99
10.06
8.95
7.40
5.20
2.27
-1.23
-4.88
-8.04
-10.07
-10.48
-9.11
-6.21
-2.37
1.61
4.84
6.53
6.15
3.53
-0.96
-6.51
-12.00
-16.32
-18.70
-18.92
-17.33
-14.67
-11.74
-9.15
-7.20
-5.85
-4.97
-4.38
-4.03
-3.95
-4.21
-4.88
-5.97
-7.45
-9.24
-11.28
-13.50
-15.83
-18.17
-20.41
-22.41
-24.04
-25.23
-26.01
-26.43
-26.61
-26.65
-26.62
-26.58
-26.55
-26.54
-26.50
-26.36
-25.96
-25.06
-23.41
-20.86
-17.35
-13.04
-8.25
-3.37
1.22
5.28
8.69
11.56
14.08
16.52
19.09
21.86
24.68
27.22
29.03
29.70
29.00
26.96
23.86
20.07
15.99
11.95
8.17
4.83
2.07
-0.05
-1.59
-2.73
-3.75
-4.92
-6.43
-8.30
-10.40
-12.56
-14.61
-16.43
-17.95
-19.08
-19.70
-19.72
-19.08
-17.87
-16.34
-14.80
-13.65
-13.16
-13.48
-14.43
-15.57
-16.21
-15.66
-13.48
-9.65
-4.65
0.75
5.75
9.86
13.02
15.55
17.98
20.75
24.14
28.23
32.88
37.85
42.76
47.18
50.63
52.74
53.22
52.00
49.11
44.65
38.78
31.70
23.73
15.31
6.98
-0.79
-7.64
-13.45
-18.32
-22.39
-25.81
-28.58
-30.65
-31.94
-32.49
-32.52
-32.35
-32.34
-32.72
-33.53
-34.56
-35.50
-36.03
-35.99
-35.46
-34.67
-33.94
-33.54
-33.51
-33.60
-33.28
-31.82
-28.52
-23.02
-15.44
-6.49
2.74
11.06
17.52
21.67
23.59
23.81
23.04
21.97
21.12
20.72
20.76
21.01
21.21
21.20
20.99
20.81
20.93
21.57
22.71
24.15
25.63
26.93
27.96
28.71
29.17
29.23
28.68
27.32
25.06
21.97
18.32
14.43
10.64
7.18
4.15
1.51
-0.84
-3.09
-5.34
-7.63
-9.85
-11.86
-13.54
-14.93
-16.29
-17.98
-20.39
-23.65
-27.58
-31.62
-34.99
-36.89
-36.77
-34.49
-30.36
-25.08
-19.47
-14.26
-9.86
-6.34
-3.51
-1.03
1.41
3.98
6.73
9.66
12.71
15.80
18.81
21.53
23.74
25.24
25.99
26.07
25.70
25.10
24.39
23.54
22.40
20.75
18.49
15.62
12.35
8.92
5.67
2.87
0.73
-0.66
-1.40
-1.75
-2.13
-2.99
-4.71
-7.42
-11.05
-15.30
-19.84
-24.37
-28.70
-32.67
-36.13
-38.90
-40.71
-41.31
-40.46
-37.98
-33.82
-28.09
-21.08
-13.32
-5.41
2.00
8.45
13.68
17.68
20.68
23.00
25.00
26.98
29.10
31.35
33.51
35.22
36.07
35.76
34.23
31.60
28.27
24.67
21.26
18.36
16.14
14.60
13.56
12.79
12.06
11.22
10.21
9.07
7.83
6.47
4.87
2.86
0.30
-2.85
-6.50
-10.48
-14.52
-18.30
-21.41
-23.46
-24.21
-23.78
-22.74
-21.98
-22.45
-24.73
-28.77
-33.75
-38.41
-41.44
-41.93
-39.63
-34.95
-28.78
-22.08
-15.70
-10.12
-5.49
-1.73
1.41
4.16
6.75
9.30
11.89
14.48
16.90
18.92
20.33
20.97
20.91
20.35
19.59
18.90
18.41
18.08
17.85
17.59
17.26
16.85
16.35
15.75
14.98
14.00
12.85
11.61
10.42
9.33
8.26
7.00
5.30
3.04
0.25
-2.85
-5.96
-8.80
-11.24
-13.31
-15.13
-16.85
-18.64
-20.58
-22.71
-25.00
-27.27
-29.20
-30.38
-30.36
-28.82
-25.71
-21.33
-16.33
-11.55
-7.81
-5.66
-5.25
-6.25
-8.04
-9.92
-11.35
-12.09
-12.22
-12.06
-11.98
-12.34
-13.32
-14.94
-16.94
-18.79
-19.73
-18.87
-15.49
-9.30
-0.63
9.58
19.99
29.24
36.31
40.67
42.36
41.79
39.57
36.35
32.74
29.25
26.24
23.88
22.05
20.45
18.69
16.47
13.82
10.97
8.30
6.09
4.36
2.89
1.32
-0.64
-3.15
-6.16
-9.45
-12.61
-15.16
-16.56
-16.38
-14.46
-11.00
-6.58
-1.92
2.32
5.80
8.48
10.62
12.51
14.37
16.25
18.01
19.41
20.21
20.23
19.46
18.01
16.10
13.99
11.90
9.97
8.30
6.95
5.97
5.38
5.09
4.97
4.80
4.39
3.64
2.52
1.10
-0.47
-2.00
-3.34
-4.35
-5.03
-5.49
-5.96
-6.61
-7.55
-8.69
-9.84
-10.76
-11.27
-11.28
-10.78
-9.81
-8.51
-7.08
-5.74
-4.71
-4.01
-3.52
-2.99
-2.16
-0.95
0.51
1.95
3.10
3.80
4.10
4.10
3.91
3.54
2.97
2.19
1.31
0.51
-0.01
-0.10
0.31
1.29
2.91
5.33
8.72
13.13
18.34
23.91
29.23
33.74
37.13
39.39
40.80
41.76
42.61
43.57
44.58
45.37
45.48
44.36
41.53
36.69
29.95
21.80
13.03
4.53
-2.96
-9.04
-13.64
-16.93
-19.19
-20.70
-21.62
-22.02
-21.80
-20.69
-18.31
-14.35
-8.85
-2.31
4.27
9.66
12.81
13.13
10.66
5.95
-0.27
-7.32
-14.74
-22.25
-29.65
-36.85
-43.87
-50.94
-58.50
-67.02
-76.76
-87.47
-98.29
-107.83
-114.45
-116.74
-113.85
-105.81
-93.48
-78.41
-62.48
-47.53
-34.90
-25.21
-18.20
-13.01
-8.51
-3.85
1.27
6.52
11.33
15.23
18.17
20.48
22.60
24.57
25.84
25.37
22.13
15.66
6.55
-3.68
-13.01
-19.64
-22.56
-21.76
-18.02
-12.45
-6.00
0.62
7.02
12.94
18.08
22.20
25.20
27.20
28.57
29.74
31.10
32.85
34.99
37.29
39.43
41.00
41.66
41.26
39.89
37.88
35.69
33.66
31.91
30.27
28.41
26.05
23.06
19.61
16.08
12.90
10.39
8.56
7.11
5.57
3.48
0.65
-2.77
-6.35
-9.61
-12.17
-13.95
-15.14
-16.10
-17.24
-18.90
-21.26
-24.25
-27.47
-30.17
-31.38
-30.14
-25.95
-19.00
-10.23
-1.06
7.13
13.41
17.54
19.84
20.93
21.38
21.53
21.46
21.11
20.42
19.40
18.09
16.60
14.97
13.16
11.12
8.83
6.33
3.72
1.14
-1.27
-3.42
-5.24
-6.58
-7.25
-6.98
-5.51
-2.70
1.30
6.08
11.01
15.39
18.60
20.28
20.38
19.12
16.89
14.16
11.31
8.57
6.00
3.46
0.74
-2.41
-6.16
-10.50
-15.21
-19.83
-23.79
-26.54
-27.78
-27.48
-25.93
-23.62
-21.04
-18.50
-16.08
-13.62
-10.84
-7.53
-3.61
0.84
5.56
10.23
14.53
18.18
20.95
22.72
23.44
23.23
22.25
20.78
19.03
17.20
15.43
13.81
12.38
11.20
10.21
9.33
8.33
7.03
5.27
3.11
0.78
-1.38
-3.03
-4.00
-4.35
-4.38
-4.48
-4.98
-6.05
-7.67
-9.64
-11.70
-13.61
-15.14
-16.16
-16.54
-16.21
-15.18
-13.52
-11.35
-8.86
-6.21
-3.54
-0.96
1.46
3.71
5.75
7.56
9.10
10.34
11.25
11.79
12.00
11.94
11.66
11.21
10.63
9.91
9.06
8.09
7.04
5.96
4.91
3.96
3.12
2.39
1.73
1.06
0.29
-0.60
-1.60
-2.65
-3.62
-4.41
-4.96
-5.27
-5.45
-5.64
-5.95
-6.48
-7.25
-8.22
-9.32
-10.44
-11.45
-12.19
-12.49
-12.20
-11.26
-9.69
-7.63
-5.24
-2.64
0.11
3.02
6.05
9.10
11.95
14.36
16.12
17.14
17.41
17.01
15.97
14.27
11.85
8.65
4.75
0.40
-3.99
-7.95
-11.07
-13.21
-14.54
-15.56
-16.87
-18.98
-22.12
-26.11
-30.43
-34.35
-37.14
-38.17
-37.06
-33.74
-28.47
-21.80
-14.51
-7.43
-1.30
3.44
6.73
8.82
10.17
11.25
12.36
13.62
14.93
16.10
16.98
17.44
17.46
17.01
16.07
14.65
12.87
10.90
9.02
7.49
6.47
5.97
5.88
6.06
6.43
6.98
7.75
8.69
9.66
10.43
10.83
10.78
10.37
9.78
9.19
8.70
8.30
7.96
7.68
7.48
7.41
7.41
7.36
7.11
6.57
5.73
4.70
3.59
2.46
1.31
0.07
-1.27
-2.70
-4.12
-5.44
-6.60
-7.62
-8.57
-9.53
-10.56
-11.68
-12.88
-14.14
-15.44
-16.73
-17.98
-19.05
-19.71
-19.66
-18.60
-16.40
-13.16
-9.23
-5.14
-1.40
1.69
4.06
5.84
7.24
8.43
9.47
10.37
11.12
11.70
12.09
12.26
12.15
11.73
11.02
10.16
9.30
8.62
8.15
7.86
7.64
7.37
6.95
6.32
5.46
4.39
3.16
1.89
0.69
-0.39
-1.35
-2.30
-3.41
-4.75
-6.28
-7.85
-9.24
-10.33
-11.14
-11.87
-12.80
-14.14
-15.95
-18.00
-19.87
-21.03
-21.01
-19.58
-16.82
-13.04
-8.72
-4.31
-0.16
3.51
6.62
9.14
11.09
12.53
13.57
14.34
14.97
15.54
16.04
16.42
16.60
16.49
16.10
15.50
14.82
14.22
13.84
13.71
13.82
14.02
14.10
13.89
13.26
12.21
10.82
9.25
7.62
6.00
4.39
2.69
0.76
-1.58
-4.44
-7.85
-11.68
-15.66
-19.33
-22.22
-23.97
-24.41
-23.64
-21.96
-19.72
-17.24
-14.68
-12.12
-9.60
-7.19
-5.01
-3.18
-1.75
-0.64
0.26
1.08
1.88
2.59
3.15
3.51
3.69
3.77
3.84
3.98
4.27
4.82
5.72
7.05
8.81
10.84
12.90
14.70
16.02
16.76
16.94
16.63
15.99
15.15
14.21
13.22
12.22
11.16
10.00
8.71
7.29
5.78
4.27
2.84
1.54
0.38
-0.67
-1.69
-2.75
-3.92
-5.18
-6.47
-7.67
-8.67
-9.45
-10.09
-10.70
-11.41
-12.28
-13.29
-14.41
-15.56
-16.69
-17.79
-18.82
-19.80
-20.67
-21.39
-21.90
-22.14
-22.09
-21.70
-20.91
-19.69
-17.99
-15.82
-13.27
-10.50
-7.72
-5.09
-2.69
-0.49
1.62
3.74
5.90
8.01
9.90
11.42
12.46
13.05
13.26
13.19
12.95
12.57
12.02
11.25
10.25
9.02
7.62
6.11
4.58
3.08
1.63
0.23
-1.13
-2.50
-3.88
-5.33
-6.85
-8.47
-10.18
-11.92
-13.53
-14.74
-15.26
-14.89
-13.60
-11.59
-9.23
-6.91
-4.88
-3.20
-1.73
-0.24
1.41
3.20
4.99
6.58
7.81
8.64
9.12
9.35
9.46
9.52
9.56
9.60
9.63
9.66
9.71
9.78
9.88
9.97
9.99
9.82
9.42
8.79
8.01
7.22
6.51
5.93
5.41
4.86
4.21
3.44
2.59
1.72
0.88
0.08
-0.69
-1.44
-2.18
-2.90
-3.61
-4.33
-5.06
-5.83
-6.64
-7.54
-8.55
-9.72
-11.06
-12.48
-13.83
-14.92
-15.56
-15.64
-15.15
-14.21
-12.99
-11.66
-10.35
-9.12
-7.94
-6.75
-5.50
-4.17
-2.79
-1.44
-0.17
0.96
1.95
2.84
3.62
4.30
4.84
5.22
5.43
5.49
5.42
5.22
4.86
4.33
3.68
3.01
2.42
1.97
1.58
1.12
0.42
-0.60
-1.90
-3.33
-4.68
-5.76
-6.49
-6.89
-7.08
-7.25
-7.59
-8.19
-9.07
-10.12
-11.18
-12.07
-12.60
-12.65
-12.08
-10.84
-8.95
-6.54
-3.81
-1.04
1.58
3.93
5.96
7.70
9.17
10.37
11.32
12.05
12.60
13.04
13.35
13.51
13.45
13.17
12.71
12.16
11.62
11.16
10.81
10.57
10.43
10.34
10.24
10.01
9.53
8.77
7.69
6.35
4.80
3.11
1.35
-0.42
-2.13
-3.76
-5.33
-6.84
-8.28
-9.55
-10.51
-11.01
-11.01
-10.61
-10.01
-9.44
-9.06
-8.87
-8.77
-8.62
-8.25
-7.57
-6.56
-5.30
-3.95
-2.65
-1.51
-0.55
0.35
1.33
2.51
3.86
5.25
6.46
7.28
7.67
7.73
7.69
7.78
8.14
8.80
9.62
10.42
11.03
11.38
11.46
11.35
11.09
10.74
10.27
9.68
8.94
8.08
7.12
6.10
5.02
3.85
2.57
1.19
-0.23
-1.61
-2.88
-4.07
-5.27
-6.57
-8.03
-9.59
-11.09
-12.32
-13.12
-13.37
-13.06
-12.21
-10.88
-9.15
-7.16
-5.12
-3.20
-1.52
-0.06
1.30
2.68
4.09
5.42
6.49
7.16
7.39
7.34
7.17
7.01
6.84
6.57
6.06
5.29
4.33
3.28
2.25
1.22
0.19
-0.86
-1.91
-2.91
-3.84
-4.71
-5.61
-6.64
-7.82
-9.11
-10.35
-11.40
-12.14
-12.58
-12.77
-12.83
-12.88
-13.00
-13.18
-13.32
-13.25
-12.70
-11.41
-9.20
-6.00
-1.95
2.64
7.37
11.89
15.99
19.66
23.01
26.21
29.34
32.40
35.28
37.88
40.10
41.87
43.16
43.96
44.27
44.12
43.59
42.70
41.43
39.67
37.23
33.96
29.78
24.74
19.03
12.96
6.86
1.05
-4.27
-9.00
-13.10
-16.58
-19.41
-21.53
-22.90
-23.62
-23.93
-24.26
-25.11
-26.99
-30.24
-34.92
-40.85
-47.51
-54.11
-59.62
-62.97
-63.24
-59.97
-53.31
-43.97
-33.14
-22.16
-12.29
-4.45
0.93
3.94
5.14
5.32
5.27
5.48
6.01
6.63
7.00
6.97
6.68
6.42
6.45
6.79
7.21
7.45
7.40
7.26
7.36
7.96
9.04
10.23
11.05
11.10
10.29
8.82
7.10
5.47
4.17
3.25
2.70
2.45
2.46
2.67
3.00
3.29
3.41
3.27
2.87
2.35
1.95
1.98
2.72
4.32
6.69
9.54
12.40
14.88
16.79
18.15
19.11
19.71
19.82
19.22
17.75
15.50
12.83
10.21
8.05
6.48
5.41
4.62
3.94
3.23
2.41
1.32
-0.26
-2.47
-5.28
-8.35
-11.13
-13.13
-14.10
-14.17
-13.74
-13.28
-13.08
-13.15
-13.20
-12.85
-11.79
-9.95
-7.52
-5.01
-3.07
-2.28
-2.98
-5.07
-8.01
-10.92
-12.89
-13.30
-11.97
-9.24
-5.79
-2.40
0.34
2.12
2.95
3.05
2.74
2.26
1.82
1.55
1.52
1.81
2.40
3.19
3.99
4.61
4.91
4.91
4.77
4.74
5.02
5.74
6.82
8.03
9.03
9.46
9.09
7.94
6.31
4.66
3.46
2.95
3.09
3.51
3.78
3.54
2.69
1.39
-0.04
-1.16
-1.63
-1.17
0.32
2.79
6.03
9.71
13.45
16.92
19.89
22.25
24.04
25.38
26.42
27.31
28.09
28.69
28.87
28.33
26.84
24.38
21.27
18.11
15.66
14.56
15.19
17.51
21.09
25.22
29.03
31.64
32.33
30.75
27.03
21.86
16.26
11.25
7.53
5.18
3.71
2.36
0.44
-2.37
-5.93
-9.75
-13.34
-16.31
-18.56
-20.12
-21.12
-21.63
-21.71
-21.42
-20.88
-20.25
-19.69
-19.30
-19.08
-18.95
-18.81
-18.62
-18.39
-18.23
-18.25
-18.48
-18.90
-19.43
-19.98
-20.60
-21.38
-22.50
-24.05
-25.96
-28.03
-29.97
-31.54
-32.68
-33.45
-34.02
-34.59
-35.42
-36.77
-38.86
-41.83
-45.60
-49.92
-54.42
-58.72
-62.53
-65.71
-68.27
-70.35
-72.30
-74.57
-77.68
-81.95
-87.41
-93.67
-100.07
-105.77
-109.84
-111.20
-108.63
-101.04
-87.79
-69.20
-46.64
-22.36
1.08
21.45
37.36
48.36
54.87
57.79
58.18
57.05
55.15
53.01
51.05
49.69
49.46
50.85
54.02
58.57
63.53
67.71
70.27
71.08
70.70
69.93
69.24
68.42
66.68
63.20
57.70
50.75
43.62
37.69
33.90
32.36
32.53
33.47
34.29
34.38
33.42
31.29
27.95
23.37
17.58
10.72
3.11
-4.70
-12.00
-17.93
-21.70
-22.81
-21.31
-17.79
-13.31
-8.95
-5.52
-3.27
-2.00
-1.23
-0.54
0.29
1.28
2.30
3.23
4.02
4.65
5.08
5.27
5.20
4.93
4.55
4.19
3.93
3.80
3.78
3.86
4.06
4.41
4.90
5.40
5.75
5.81
5.52
4.92
4.11
3.16
2.04
0.68
-0.98
-2.89
-4.89
-6.74
-8.29
-9.50
-10.52
-11.55
-12.76
-14.13
-15.48
-16.41
-16.55
-15.53
-13.15
-9.36
-4.21
2.08
9.07
16.08
22.28
26.90
29.57
30.50
30.43
30.23
30.58
31.62
32.97
34.08
34.60
34.55
34.31
34.33
34.81
35.56
36.03
35.48
33.17
28.37
20.50
9.25
-5.12
-21.43
-37.63
-51.08
-59.35
-61.00
-56.16
-46.40
-34.14
-21.82
-11.16
-2.97
2.67
6.07
7.64
7.87
7.32
6.69
6.62
7.59
9.82
13.36
18.19
24.16
30.93
37.82
43.87
48.15
50.10
49.67
47.21
43.25
38.12
31.86
24.38
15.79
6.60
-2.29
-10.00
-16.00
-20.28
-23.23
-25.49
-27.64
-30.01
-32.62
-35.26
-37.73
-39.95
-41.88
-43.55
-45.05
-46.52
-48.16
-50.02
-51.95
-53.95
-56.01
-57.84
-58.77
-58.11
-55.54
-51.41
-46.50
-41.72
-38.44
-37.58
-38.65
-39.59
-37.86
-31.69
-20.97
-6.92
8.67
23.09
34.02
41.03
45.58
49.75
55.00
61.43
68.73
76.82
84.08
87.67
84.82
73.46
52.03
19.98
-22.83
-74.44
-121.30
-147.70
-146.32
-123.11
-90.27
-57.74
-30.25
-10.67
0.36
4.49
3.50
-3.43
-13.16
-22.52
-30.12
-36.03
-43.72
-56.73
-76.98
-105.79
-143.60
-189.72
-234.69
-269.68
-274.87
-241.10
-175.30
-97.04
-27.32
21.59
48.22
59.04
61.66
61.68
59.20
52.66
44.04
35.00
28.60
27.20
32.01
41.45
52.89
62.41
68.14
71.62
76.98
90.20
110.80
139.30
174.30
212.72
248.98
276.96
291.82
291.08
275.45
247.91
213.50
176.25
138.27
99.05
57.05
11.64
-35.79
-81.84
-122.68
-154.94
-177.58
-191.28
-197.22
-195.68
-185.74
-166.20
-137.24
-101.62
-63.97
-29.79
-3.26
14.05
23.32
27.30
28.77
29.54
30.20
30.84
31.43
32.20
33.53
35.68
38.61
41.86
44.74
46.67
47.42
47.17
46.35
45.44
44.73
44.25
43.79
43.08
41.90
40.23
38.20
35.98
33.75
31.53
29.27
26.84
24.11
21.03
17.60
13.80
9.56
4.78
-0.63
-6.62
-12.89
-18.87
-23.75
-26.73
-27.22
-25.05
-20.63
-14.95
-9.32
-5.06
-3.15
-3.90
-6.95
-11.44
-16.32
-20.71
-24.11
-26.36
-27.52
-27.74
-27.19
-26.06
-24.55
-22.85
-20.94
-18.66
-15.70
-11.87
-7.22
-2.06
3.12
7.91
12.07
15.52
18.23
20.10
20.99
20.86
19.86
18.31
16.61
14.98
13.38
11.57
9.29
6.47
3.31
0.27
-2.09
-3.28
-3.05
-1.44
1.18
4.22
7.01
8.89
9.41
8.34
5.71
1.83
-2.77
-7.48
-11.70
-15.04
-17.40
-18.95
-19.99
-20.79
-21.46
-21.95
-22.08
-21.68
-20.71
-19.20
-17.27
-15.14
-13.11
-11.58
-10.93
-11.41
-12.89
-14.87
-16.54
-17.04
-15.77
-12.63
-8.06
-2.93
1.69
4.77
5.53
3.66
-0.70
-6.89
-13.91
-20.56
-25.76
-28.69
-29.02
-26.94
-23.11
-18.49
-14.10
-10.70
-8.60
-7.58
-7.03
-6.21
-4.68
-2.37
0.30
2.75
4.47
5.29
5.44
5.43
5.85
7.15
9.47
12.65
16.22
19.60
22.18
23.51
23.36
21.73
18.83
14.92
10.24
5.08
-0.18
-4.98
-8.65
-10.55
-10.39
-8.38
-5.20
-1.69
1.53
4.29
6.86
9.62
12.77
16.05
18.89
20.68
21.08
20.23
18.60
16.75
15.04
13.52
11.92
9.93
7.30
4.00
0.24
-3.62
-7.18
-10.13
-12.23
-13.41
-13.71
-13.31
-12.48
-11.53
-10.77
-10.42
-10.51
-10.95
-11.50
-11.87
-11.89
-11.50
-10.82
-10.13
-9.79
-10.10
-11.18
-12.88
-14.75
-16.15
-16.45
-15.25
-12.52
-8.59
-4.01
0.64
4.91
8.56
11.53
13.81
15.47
16.56
17.15
17.37
17.40
17.48
17.80
18.49
19.56
20.84
22.07
22.87
22.84
21.56
18.70
14.12
7.99
0.90
-6.20
-12.21
-16.27
-18.06
-17.87
-16.50
-14.86
-13.69
-13.33
-13.77
-14.77
-16.02
-17.25
-18.14
-18.36
-17.64
-15.84
-13.04
-9.59
-5.98
-2.76
-0.35
1.03
1.39
0.97
0.16
-0.70
-1.39
-1.96
-2.62
-3.57
-4.89
-6.36
-7.58
-8.14
-7.80
-6.60
-4.76
-2.53
-0.03
2.83
6.19
10.12
14.44
18.79
22.73
25.91
28.10
29.14
28.91
27.35
24.63
21.22
17.96
15.75
15.20
16.21
17.96
19.18
18.69
15.91
11.11
5.16
-0.85
-6.11
-10.29
-13.52
-16.14
-18.49
-20.66
-22.47
-23.59
-23.64
-22.38
-19.80
-16.18
-12.05
-8.04
-4.74
-2.51
-1.38
-1.12
-1.40
-2.01
-2.85
-3.82
-4.68
-4.96
-4.20
-2.23
0.53
3.17
4.63
4.20
1.96
-1.28
-4.23
-5.72
-5.08
-2.32
1.96
6.88
11.53
15.24
17.68
18.87
19.07
18.59
17.66
16.33
14.55
12.29
9.64
6.88
4.33
2.26
0.75
-0.25
-0.88
-1.25
-1.39
-1.36
-1.31
-1.60
-2.71
-4.98
-8.34
-12.20
-15.62
-17.71
-18.11
-17.20
-15.91
-15.16
-15.41
-16.29
-16.87
-16.12
-13.46
-9.10
-3.87
1.18
5.17
7.73
8.92
9.08
8.55
7.54
6.20
4.69
3.35
2.64
2.97
4.50
6.98
9.79
12.20
13.59
13.74
12.86
11.43
9.96
8.68
7.48
6.05
4.09
1.58
-1.18
-3.74
-5.75
-7.22
-8.51
-10.09
-12.17
-14.49
-16.34
-16.89
-15.64
-12.66
-8.58
-4.27
-0.48
2.41
4.39
5.65
6.34
6.47
5.94
4.66
2.72
0.35
-2.10
-4.29
-6.02
-7.28
-8.19
-9.02
-9.99
-11.25
-12.82
-14.63
-16.55
-18.45
-20.28
-22.01
-23.65
-25.14
-26.41
-27.42
-28.19
-28.86
-29.66
-30.74
-32.12
-33.58
-34.65
-34.70
-33.09
-29.30
-23.14
-14.90
-5.35
4.34
12.94
19.54
23.81
26.04
26.92
27.18
27.17
26.87
25.96
24.26
21.91
19.39
17.31
16.08
15.68
15.74
15.74
15.31
14.35
13.02
11.56
10.14
8.77
7.37
5.85
4.20
2.46
0.75
-0.81
-2.06
-2.81
-2.78
-1.76
0.35
3.42
7.09
10.88
14.38
17.33
19.69
21.49
22.82
23.60
23.77
23.25
22.14
20.73
19.38
18.40
17.91
17.84
18.00
18.23
18.49
18.88
19.57
20.69
22.28
24.21
26.26
28.16
29.67
30.61
30.81
30.14
28.45
25.58
21.44
16.09
9.84
3.24
-3.01
-8.23
-12.01
-14.28
-15.33
-15.62
-15.64
-15.76
-16.19
-17.03
-18.29
-19.89
-21.68
-23.39
-24.73
-25.44
-25.36
-24.49
-22.94
-20.90
-18.59
-16.25
-14.10
-12.28
-10.80
-9.55
-8.35
-7.05
-5.64
-4.27
-3.16
-2.52
-2.46
-3.00
-4.10
-5.74
-7.81
-10.06
-12.05
-13.21
-13.04
-11.33
-8.28
-4.47
-0.67
2.42
4.40
5.19
5.00
4.11
2.78
1.14
-0.80
-3.05
-5.57
-8.21
-10.74
-12.96
-14.74
-16.11
-17.13
-17.80
-17.98
-17.38
-15.77
-13.10
-9.64
-5.85
-2.24
0.86
3.34
5.23
6.54
7.14
6.81
5.48
3.34
0.93
-1.01
-1.81
-1.14
0.84
3.62
6.50
8.94
10.62
11.51
11.78
11.62
11.17
10.51
9.62
8.47
7.04
5.32
3.33
1.14
-1.10
-3.19
-4.95
-6.22
-6.96
-7.20
-7.05
-6.65
-6.15
-5.73
-5.53
-5.63
-6.04
-6.66
-7.31
-7.85
-8.19
-8.29
-8.11
-7.49
-6.14
-3.72
-0.01
4.96
10.86
17.16
23.29
28.84
33.65
37.73
41.16
43.96
45.99
46.99
46.69
44.88
41.54
36.75
30.71
23.67
15.90
7.71
-0.59
-8.70
-16.41
-23.57
-30.14
-36.10
-41.41
-45.99
-49.75
-52.65
-54.65
-55.72
-55.82
-54.87
-52.75
-49.35
-44.52
-38.13
-30.06
-20.36
-9.32
2.45
14.13
24.79
33.63
40.14
44.15
45.78
45.35
43.17
39.52
34.63
28.69
21.92
14.58
6.94
-0.81
-8.62
-16.58
-24.82
-33.37
-42.04
-50.43
-57.99
-64.15
-68.53
-70.89
-71.18
-69.48
-65.93
-60.74
-54.26
-46.98
-39.52
-32.49
-26.33
-21.14
-16.80
-13.06
-9.80
-7.12
-5.37
-4.89
-5.85
-8.09
-11.15
-14.38
-17.06
-18.48
-18.00
-15.14
-9.75
-2.20
6.59
15.40
23.12
29.18
33.75
37.51
41.26
45.44
49.84
53.82
56.63
57.82
57.42
55.86
53.66
51.17
48.51
45.61
42.43
39.06
35.73
32.68
30.05
27.80
25.77
23.77
21.68
19.49
17.26
15.04
12.81
10.49
7.92
4.97
1.59
-2.16
-6.06
-9.83
-13.17
-15.94
-18.21
-20.29
-22.66
-25.75
-29.78
-34.56
-39.45
-43.56
-45.94
-45.91
-43.30
-38.48
-32.23
-25.56
-19.36
-14.23
-10.41
-7.81
-6.15
-5.12
-4.44
-3.88
-3.18
-2.07
-0.19
2.84
7.28
13.21
20.39
28.20
35.74
42.00
46.12
47.59
46.46
43.24
38.72
33.68
28.74
24.16
19.98
16.11
12.47
9.12
6.14
3.69
1.78
0.35
-0.78
-1.81
-2.88
-3.95
-4.93
-5.73
-6.36
-7.05
-8.10
-9.70
-11.84
-14.18
-16.28
-17.78
-18.63
-19.13
-19.84
-21.30
-23.83
-27.30
-31.22
-34.82
-37.29
-38.03
-36.78
-33.75
-29.47
-24.70
-20.19
-16.61
-14.37
-13.72
-14.67
-17.03
-20.47
-24.51
-28.64
-32.38
-35.23
-36.62
-35.84
-32.22
-25.35
-15.47
-3.55
8.79
19.85
28.34
33.87
36.97
38.75
40.36
42.43
44.90
47.09
48.05
47.06
43.86
38.73
32.30
25.34
18.51
12.33
7.23
3.59
1.73
1.73
3.32
5.82
8.37
10.20
10.88
10.46
9.26
7.72
6.17
4.85
3.91
3.55
3.93
5.15
7.11
9.51
11.97
14.23
16.19
17.92
19.52
20.99
22.22
23.06
23.48
23.67
23.97
24.72
26.15
28.16
30.43
32.41
33.46
33.03
30.84
26.97
22.01
16.88
12.64
10.10
9.57
10.71
12.67
14.38
14.95
13.85
11.10
7.07
2.34
-2.52
-7.07
-11.05
-14.42
-17.26
-19.77
-22.18
-24.66
-27.24
-29.68
-31.57
-32.39
-31.71
-29.43
-25.84
-21.54
-17.27
-13.65
-11.01
-9.39
-8.61
-8.40
-8.53
-8.85
-9.27
-9.75
-10.28
-10.87
-11.61
-12.62
-14.02
-15.83
-17.84
-19.67
-20.80
-20.80
-19.45
-16.85
-13.34
-9.34
-5.27
-1.41
2.03
4.87
6.90
7.92
7.79
6.55
4.35
1.51
-1.62
-4.70
-7.43
-9.57
-11.01
-11.73
-11.85
-11.56
-11.05
-10.47
-9.90
-9.36
-8.90
-8.57
-8.46
-8.60
-8.95
-9.40
-9.78
-9.92
-9.76
-9.32
-8.63
-7.66
-6.24
-4.09
-0.84
3.77
9.80
16.95
24.62
32.04
38.44
43.30
46.55
48.55
50.07
52.10
55.48
60.56
66.90
73.17
77.35
77.34
71.58
59.65
42.45
21.95
0.60
-19.29
-36.04
-48.84
-57.60
-62.79
-65.09
-65.23
-63.80
-61.32
-58.16
-54.68
-51.22
-48.13
-45.62
-43.69
-42.05
-40.17
-37.52
-33.75
-28.83
-23.13
-17.20
-11.62
-6.77
-2.78
0.41
3.00
5.18
7.22
9.41
12.13
15.71
20.24
25.32
30.10
33.54
34.86
33.78
30.65
26.26
21.66
17.81
15.25
14.06
13.91
14.20
14.24
13.40
11.36
8.41
5.37
3.12
2.22
2.68
3.90
4.87
4.51
2.18
-1.93
-6.83
-11.16
-13.58
-12.99
-8.68
-0.64
9.84
19.65
25.06
24.16
17.95
9.25
1.13
-4.26
-6.27
-5.69
-4.02
-2.34
-0.96
0.18
1.16
1.86
1.98
1.19
-0.65
-3.28
-5.91
-7.63
-7.96
-7.17
-6.13
-5.89
-7.27
-10.47
-15.02
-19.87
-23.87
-26.23
-26.75
-25.71
-23.61
-20.86
-17.69
-14.07
-9.86
-5.01
0.30
5.66
10.62
14.87
18.33
21.14
23.50
25.57
27.31
28.54
28.99
28.42
26.78
24.14
20.65
16.49
11.76
6.50
0.70
-5.64
-12.41
-19.35
-26.01
-31.89
-36.55
-39.74
-41.48
-41.94
-41.41
-40.11
-38.24
-35.95
-33.44
-30.95
-28.64
-26.53
-24.42
-21.97
-18.88
-15.03
-10.60
-5.94
-1.50
2.32
5.25
7.19
8.19
8.43
8.13
7.55
6.89
6.26
5.71
5.20
4.73
4.36
4.19
4.36
4.89
5.74
6.72
7.62
8.28
8.66
8.86
9.07
9.46
10.11
10.93
11.72
12.24
12.28
11.74
10.58
8.90
6.91
4.96
3.59
3.37
4.74
7.76
12.02
16.70
20.84
23.73
25.21
25.65
25.77
26.27
27.41
28.97
30.30
30.66
29.55
26.95
23.30
19.37
15.89
13.41
12.11
11.89
12.39
13.19
13.78
13.70
12.57
10.19
6.60
2.09
-2.92
-8.01
-12.90
-17.50
-21.84
-25.99
-29.88
-33.33
-36.03
-37.66
-38.06
-37.20
-35.27
-32.53
-29.23
-25.48
-21.33
-16.86
-12.28
-7.97
-4.36
-1.73
-0.06
0.94
1.69
2.47
3.31
4.02
4.39
4.32
3.88
3.27
2.63
1.98
1.24
0.30
-0.82
-2.00
-3.05
-3.82
-4.31
-4.65
-5.03
-5.64
-6.58
-7.81
-9.19
-10.47
-11.30
-11.30
-10.21
-7.93
-4.63
-0.75
3.15
6.54
9.09
10.72
11.57
11.91
11.97
11.96
11.93
11.89
11.79
11.58
11.23
10.72
10.04
9.20
8.21
7.09
5.93
4.82
3.86
3.11
2.53
2.04
1.52
0.86
0.06
-0.84
-1.73
-2.58
-3.37
-4.14
-4.96
-5.88
-6.89
-7.95
-8.97
-9.80
-10.28
-10.27
-9.62
-8.28
-6.28
-3.76
-1.01
1.63
3.82
5.35
6.17
6.39
6.24
5.95
5.65
5.38
5.07
4.67
4.15
3.54
2.91
2.32
1.81
1.38
1.02
0.69
0.40
0.14
-0.09
-0.29
-0.47
-0.69
-1.02
-1.52
-2.23
-3.09
-4.02
-4.92
-5.73
-6.44
-7.12
-7.80
-8.44
-8.88
-8.88
-8.23
-6.86
-4.87
-2.57
-0.33
1.56
2.98
3.98
4.68
5.21
5.62
5.89
5.95
5.78
5.42
4.97
4.51
4.08
3.61
3.04
2.32
1.49
0.65
-0.08
-0.65
-1.07
-1.42
-1.75
-2.10
-2.43
-2.73
-3.00
-3.31
-3.78
-4.48
-5.45
-6.60
-7.80
-8.88
-9.61
-9.79
-9.25
-7.90
-5.85
-3.34
-0.72
1.65
3.49
4.71
5.37
5.63
5.65
5.56
5.42
5.22
4.96
4.58
4.04
3.32
2.49
1.70
1.13
0.92
1.08
1.47
1.84
1.89
1.46
0.53
-0.70
-1.99
-3.10
-3.93
-4.51
-4.93
-5.32
-5.78
-6.38
-7.19
-8.23
-9.46
-10.72
-11.67
-11.94
-11.21
-9.39
-6.69
-3.62
-0.78
1.32
2.34
2.23
1.10
-0.89
-3.60
-6.95
-10.88
-15.29
-19.92
-24.39
-28.19
-30.80
-31.69
-30.48
-27.02
-21.50
-14.48
-6.78
0.68
7.12
12.03
15.20
16.69
16.72
15.59
13.73
11.60
9.67
8.27
7.47
7.06
6.58
5.60
3.86
1.41
-1.38
-3.97
-5.85
-6.67
-6.33
-5.00
-2.99
-0.72
1.51
3.46
5.08
6.39
7.50
8.49
9.40
10.21
10.87
11.31
11.47
11.36
11.01
10.46
9.76
8.97
8.16
7.43
6.87
6.53
6.37
6.27
6.07
5.63
4.89
3.90
2.80
1.73
0.81
0.02
-0.71
-1.48
-2.40
-3.44
-4.55
-5.60
-6.47
-7.04
-7.20
-6.84
-5.89
-4.38
-2.43
-0.30
1.70
3.31
4.36
4.86
4.91
4.69
4.38
4.07
3.81
3.56
3.29
2.98
2.60
2.20
1.87
1.70
1.75
2.07
2.60
3.25
3.90
4.45
4.82
5.01
5.02
4.84
4.47
3.94
3.29
2.63
2.03
1.52
1.01
0.37
-0.52
-1.65
-2.82
-3.73
-4.06
-3.62
-2.41
-0.60
1.55
3.81
5.99
7.93
9.54
10.75
11.50
11.84
11.83
11.61
11.29
10.98
10.67
10.31
9.79
9.04
8.05
6.89
5.65
4.48
3.43
2.53
1.71
0.89
-0.04
-1.17
-2.57
-4.25
-6.09
-7.95
-9.62
-11.01
-12.11
-13.01
-13.85
-14.68
-15.42
-15.88
-15.88
-15.23
-13.89
-11.85
-9.16
-5.85
-2.04
2.12
6.34
10.29
13.64
16.18
17.86
18.86
19.48
20.10
20.99
22.30
23.98
25.79
27.42
28.58
29.19
29.43
29.73
30.68
32.79
36.30
41.03
46.31
51.07
53.98
53.68
49.22
40.41
28.12
14.14
0.74
-10.18
-17.60
-21.76
-23.75
-24.94
-26.27
-27.94
-29.51
-30.33
-29.99
-28.50
-26.25
-23.74
-21.34
-19.29
-17.65
-16.43
-15.60
-15.10
-14.82
-14.61
-14.31
-13.78
-12.95
-11.85
-10.61
-9.42
-8.49
-8.00
-8.00
-8.40
-8.97
-9.41
-9.43
-8.91
-7.92
-6.71
-5.60
-4.88
-4.70
-5.06
-5.80
-6.73
-7.63
-8.34
-8.78
-8.94
-8.92
-8.85
-8.90
-9.23
-9.95
-11.05
-12.37
-13.59
-14.35
-14.37
-13.57
-12.11
-10.34
-8.59
-7.07
-5.74
-4.41
-2.92
-1.29
0.23
1.22
1.30
0.29
-1.63
-4.03
-6.35
-8.15
-9.34
-10.23
-11.49
-13.90
-18.14
-24.47
-32.62
-41.67
-50.11
-56.03
-57.56
-53.44
-43.66
-29.59
-13.77
0.94
12.30
19.33
22.41
22.71
21.50
19.57
17.19
14.35
11.25
8.37
6.42
5.86
6.70
8.40
10.18
11.39
11.75
11.49
11.13
11.19
11.97
13.40
15.15
16.84
18.15
18.98
19.37
19.43
19.23
18.82
18.27
17.66
17.10
16.70
16.50
16.45
16.44
16.26
15.71
14.57
12.69
10.06
6.87
3.50
0.45
-1.90
-3.41
-4.25
-4.81
-5.53
-6.68
-8.28
-10.10
-11.78
-12.96
-13.40
-13.03
-11.91
-10.19
-8.09
-5.85
-3.66
-1.72
-0.15
0.97
1.63
1.92
2.00
2.04
2.13
2.29
2.42
2.42
2.24
1.92
1.60
1.45
1.59
2.10
2.96
4.12
5.45
6.85
8.19
9.38
10.41
11.31
12.20
13.16
14.25
15.41
16.55
17.57
18.41
19.13
19.86
20.84
22.36
24.66
27.87
31.84
36.05
39.71
41.86
41.73
39.01
33.95
27.36
20.33
13.89
8.71
5.03
2.68
1.35
0.70
0.50
0.53
0.55
0.24
-0.71
-2.48
-5.03
-8.07
-11.16
-13.81
-15.74
-16.82
-17.18
-17.08
-16.88
-16.87
-17.22
-17.92
-18.81
-19.68
-20.38
-20.87
-21.21
-21.43
-21.54
-21.45
-21.14
-20.72
-20.42
-20.52
-21.10
-21.97
-22.66
-22.61
-21.43
-19.04
-15.70
-11.90
-8.15
-4.84
-2.14
-0.06
1.45
2.49
3.13
3.46
3.58
3.61
3.62
3.62
3.55
3.35
3.02
2.64
2.33
2.15
2.14
2.20
2.21
2.05
1.69
1.15
0.50
-0.23
-1.00
-1.79
-2.57
-3.27
-3.84
-4.29
-4.71
-5.21
-5.87
-6.71
-7.66
-8.57
-9.27
-9.57
-9.34
-8.53
-7.17
-5.41
-3.46
-1.57
0.10
1.48
2.58
3.49
4.28
4.95
5.47
5.76
5.76
5.46
4.92
4.21
3.46
2.78
2.23
1.85
1.64
1.59
1.68
1.84
1.99
2.01
1.81
1.34
0.61
-0.29
-1.25
-2.16
-2.94
-3.57
-4.07
-4.51
-5.00
-5.65
-6.52
-7.61
-8.76
-9.72
-10.23
-10.06
-9.15
-7.61
-5.66
-3.56
-1.54
0.26
1.75
2.88
3.60
3.88
3.72
3.23
2.55
1.87
1.29
0.84
0.41
-0.21
-1.20
-2.64
-4.41
-6.23
-7.77
-8.80
-9.32
-9.60
-10.11
-11.23
-13.12
-15.62
-18.37
-20.98
-23.33
-25.57
-28.10
-31.37
-35.71
-41.16
-47.56
-54.48
-61.19
-66.61
-69.25
-67.50
-60.18
-47.12
-29.50
-9.71
9.38
25.36
36.92
44.05
47.62
48.71
48.20
46.53
43.93
40.71
37.31
34.24
31.82
30.00
28.42
26.66
24.37
21.53
18.40
15.42
12.96
11.24
10.21
9.64
9.19
8.58
7.68
6.53
5.28
4.13
3.21
2.54
2.04
1.60
1.10
0.53
-0.10
-0.73
-1.31
-1.82
-2.26
-2.62
-2.84
-2.84
-2.52
-1.80
-0.70
0.69
2.18
3.52
4.48
4.94
4.92
4.58
4.13
3.76
3.57
3.55
3.66
3.82
4.02
4.22
4.39
4.48
4.46
4.33
4.07
3.75
3.38
3.02
2.72
2.50
2.36
2.22
1.97
1.51
0.82
0.02
-0.70
-1.18
-1.37
-1.39
-1.43
-1.70
-2.27
-3.04
-3.83
-4.41
-4.63
-4.41
-3.73
-2.64
-1.22
0.44
2.21
3.93
5.41
6.53
7.23
7.57
7.67
7.65
7.57
7.41
7.10
6.59
5.93
5.25
4.70
4.37
4.24
4.25
4.29
4.30
4.29
4.27
4.25
4.18
4.01
3.74
3.39
3.05
2.81
2.70
2.69
2.71
2.69
2.62
2.55
2.59
2.85
3.41
4.36
5.74
7.64
10.14
13.27
16.96
20.97
24.89
28.26
30.70
32.16
32.93
33.62
34.98
37.66
42.00
47.73
53.86
58.69
60.15
56.44
46.74
31.67
13.33
-5.26
-21.09
-32.07
-37.48
-37.95
-34.97
-30.24
-25.29
-21.19
-18.61
-17.87
-18.96
-21.58
-25.17
-29.00
-32.38
-34.72
-35.66
-35.06
-32.93
-29.44
-24.89
-19.68
-14.29
-9.18
-4.68
-0.99
1.85
3.93
5.33
6.08
6.16
5.54
4.31
2.66
0.86
-0.82
-2.25
-3.46
-4.64
-5.95
-7.45
-8.99
-10.27
-11.02
-11.14
-10.83
-10.43
-10.34
-10.75
-11.61
-12.61
-13.40
-13.74
-13.60
-13.18
-12.75
-12.55
-12.70
-13.16
-13.80
-14.42
-14.81
-14.80
-14.20
-12.92
-10.93
-8.35
-5.44
-2.52
0.09
2.22
3.79
4.88
5.65
6.22
6.66
6.99
7.15
7.14
6.99
6.75
6.51
6.33
6.19
6.04
5.86
5.65
5.48
5.43
5.55
5.82
6.14
6.37
6.39
6.16
5.78
5.39
5.19
5.28
5.60
5.96
6.07
5.70
4.71
3.20
1.39
-0.39
-1.86
-2.81
-3.21
-3.20
-2.99
-2.91
-3.26
-4.21
-5.75
-7.65
-9.52
-10.95
-11.67
-11.65
-11.10
-10.33
-9.61
-9.05
-8.53
-7.83
-6.76
-5.26
-3.48
-1.68
-0.13
0.98
1.62
1.88
1.87
1.73
1.54
1.34
1.12
0.86
0.51
0.02
-0.72
-1.85
-3.46
-5.53
-7.85
-10.06
-11.68
-12.31
-11.73
-10.01
-7.47
-4.52
-1.58
1.06
3.26
5.02
6.38
7.43
8.24
8.89
9.41
9.79
10.01
10.00
9.76
9.29
8.67
8.02
7.48
7.19
7.19
7.45
7.82
8.10
8.10
7.72
6.98
5.96
4.78
3.54
2.27
1.00
-0.27
-1.52
-2.75
-4.02
-5.36
-6.77
-8.14
-9.23
-9.73
-9.40
-8.18
-6.21
-3.81
-1.37
0.80
2.53
3.77
4.56
4.96
4.97
4.60
3.86
2.88
1.87
1.10
0.75
0.86
1.32
1.89
2.38
2.72
2.97
3.26
3.69
4.23
4.78
5.20
5.42
5.49
5.54
5.71
6.06
6.55
7.06
7.45
7.64
7.60
7.34
6.98
6.69
6.67
7.16
8.28
10.08
12.41
15.05
17.71
20.14
22.19
23.77
24.85
25.45
25.64
25.54
25.30
25.00
24.51
23.50
21.57
18.45
14.23
9.40
4.68
0.71
-2.18
-4.16
-5.65
-7.15
-8.87
-10.71
-12.34
-13.47
-14.02
-14.26
-14.68
-15.73
-17.64
-20.38
-23.65
-27.13
-30.58
-33.90
-36.98
-39.63
-41.47
-42.11
-41.27
-39.02
-35.74
-32.00
-28.35
-25.15
-22.46
-20.20
-18.29
-16.73
-15.63
-15.09
-15.14
-15.68
-16.49
-17.31
-18.00
-18.52
-18.96
-19.35
-19.60
-19.43
-18.56
-16.82
-14.28
-11.30
-8.46
-6.38
-5.47
-5.76
-6.94
-8.54
-10.13
-11.41
-12.25
-12.68
-12.74
-12.33
-11.16
-8.94
-5.53
-1.03
4.40
10.61
17.43
24.50
31.20
36.67
39.94
40.26
37.56
32.56
27.11
23.39
22.30
22.95
23.66
23.17
21.12
18.24
15.37
13.10
11.48
10.08
8.41
6.63
4.93
3.57
2.71
2.29
2.16
2.03
1.68
1.17
0.88
1.28
2.69
5.08
7.88
10.20
11.02
9.68
6.22
1.48
-3.22
-6.67
-8.17
-7.83
-6.40
-4.91
-4.21
-4.73
-6.33
-8.53
-10.70
-12.19
-12.52
-11.35
-8.63
-4.49
0.66
6.35
11.96
16.95
20.78
23.09
23.71
22.75
20.63
17.95
15.35
13.31
12.03
11.37
10.95
10.34
9.21
7.45
5.33
3.41
2.43
3.13
6.00
11.06
17.82
25.35
32.53
38.28
41.91
43.15
42.17
39.41
35.38
30.51
25.05
19.10
12.67
5.77
-1.53
-9.03
-16.44
-23.35
-29.22
-33.48
-35.68
-35.61
-33.48
-29.85
-25.50
-21.23
-17.65
-15.03
-13.36
-12.44
-12.06
-12.11
-12.56
-13.50
-15.04
-17.24
-20.04
-23.19
-26.25
-28.66
-29.84
-29.37
-27.12
-23.30
-18.44
-13.31
-8.65
-5.11
-2.97
-2.15
-2.25
-2.68
-2.87
-2.48
-1.49
-0.15
1.18
2.20
2.79
3.03
3.10
3.20
3.39
3.63
3.86
4.06
4.25
4.48
4.74
4.95
5.00
4.81
4.40
3.90
3.42
3.02
2.61
1.96
0.85
-0.90
-3.35
-6.39
-9.80
-13.26
-16.41
-18.88
-20.34
-20.64
-19.82
-18.12
-15.89
-13.46
-11.04
-8.77
-6.69
-4.83
-3.15
-1.44
0.68
3.66
7.84
13.16
19.12
24.79
29.12
31.22
30.63
27.41
22.02
15.24
7.97
1.12
-4.47
-8.16
-9.68
-9.22
-7.34
-4.91
-2.79
-1.61
-1.63
-2.77
-4.68
-6.94
-9.16
-11.03
-12.36
-13.04
-13.09
-12.68
-12.06
-11.53
-11.27
-11.33
-11.58
-11.82
-11.83
-11.49
-10.77
-9.71
-8.44
-7.09
-5.77
-4.56
-3.46
-2.42
-1.36
-0.30
0.65
1.34
1.62
1.49
1.13
0.81
0.78
1.09
1.60
2.06
2.21
1.99
1.47
0.83
0.23
-0.25
-0.55
-0.58
-0.17
0.86
2.63
5.05
7.82
10.51
12.69
14.16
14.94
15.27
15.38
15.43
15.39
15.07
14.30
13.02
11.39
9.77
8.53
7.96
8.10
8.79
9.72
10.64
11.38
11.89
12.17
12.20
11.88
11.16
10.00
8.46
6.61
4.54
2.28
-0.14
-2.63
-5.01
-6.98
-8.26
-8.62
-7.99
-6.46
-4.20
-1.42
1.66
4.83
7.86
10.54
12.66
14.10
14.88
15.15
15.14
15.04
14.90
14.56
13.76
12.24
9.89
6.89
3.62
0.53
-2.05
-3.98
-5.29
-6.09
-6.51
-6.75
-7.09
-8.01
-10.00
-13.35
-17.91
-23.05
-27.81
-31.33
-33.14
-33.27
-32.12
-30.12
-27.52
-24.31
-20.37
-15.71
-10.58
-5.42
-0.65
3.47
6.94
9.96
12.67
15.10
17.08
18.35
18.74
18.23
17.02
15.39
13.57
11.66
9.62
7.40
4.96
2.35
-0.37
-3.17
-6.10
-9.27
-12.74
-16.49
-20.34
-24.06
-27.45
-30.36
-32.78
-34.80
-36.60
-38.31
-40.07
-41.90
-43.67
-45.15
-46.00
-45.84
-44.37
-41.43
-37.10
-31.68
-25.58
-19.19
-12.73
-6.19
0.63
7.97
15.87
24.03
31.85
38.63
43.81
47.22
49.05
49.76
49.78
49.37
48.54
47.18
45.23
42.77
39.98
37.07
34.07
30.93
27.53
23.86
20.07
16.48
13.44
11.16
9.63
8.61
7.73
6.63
5.13
3.28
1.34
-0.27
-1.16
-1.05
0.05
1.89
4.02
5.93
7.24
7.77
7.62
7.05
6.41
5.98
5.86
5.99
6.19
6.29
6.19
5.91
5.50
5.04
4.50
3.82
2.93
1.85
0.64
-0.55
-1.59
-2.40
-2.96
-3.32
-3.56
-3.73
-3.91
-4.16
-4.58
-5.26
-6.23
-7.43
-8.64
-9.57
-9.91
-9.42
-8.04
-5.93
-3.32
-0.52
2.24
4.78
7.04
8.98
10.57
11.79
12.63
13.10
13.25
13.13
12.81
12.29
11.59
10.70
9.60
8.27
6.71
4.88
2.80
0.48
-1.98
-4.52
-7.07
-9.59
-12.02
-14.28
-16.25
-17.78
-18.81
-19.40
-19.75
-20.05
-20.38
-20.61
-20.40
-19.39
-17.33
-14.26
-10.45
-6.32
-2.26
1.47
4.77
7.64
10.10
12.10
13.58
14.45
14.72
14.43
13.69
12.56
11.03
9.04
6.51
3.48
0.08
-3.47
-6.95
-10.18
-13.03
-15.42
-17.29
-18.60
-19.41
-19.82
-19.99
-20.03
-20.03
-19.95
-19.75
-19.34
-18.62
-17.48
-15.80
-13.47
-10.45
-6.87
-2.96
0.97
4.65
7.92
10.74
13.13
15.16
16.88
18.32
19.54
20.51
21.21
21.60
21.62
21.30
20.71
19.97
19.16
18.31
17.32
16.08
14.51
12.59
10.33
7.70
4.65
1.10
-2.88
-7.09
-11.18
-14.79
-17.69
-19.88
-21.47
-22.55
-23.13
-23.00
-21.99
-20.03
-17.33
-14.30
-11.40
-8.95
-7.04
-5.53
-4.22
-2.93
-1.66
-0.51
0.38
0.98
1.35
1.68
2.11
2.70
3.31
3.74
3.84
3.60
3.15
2.73
2.53
2.59
2.83
3.09
3.26
3.31
3.26
3.19
3.07
2.85
2.44
1.83
1.09
0.41
0.03
0.19
1.00
2.41
4.26
6.25
8.09
9.55
10.51
10.94
10.89
10.45
9.69
8.67
7.44
6.06
4.61
3.19
1.91
0.86
0.11
-0.34
-0.57
-0.73
-0.98
-1.43
-2.12
-2.97
-3.88
-4.76
-5.55
-6.21
-6.76
-7.19
-7.58
-8.06
-8.76
-9.75
-10.99
-12.28
-13.31
-13.80
-13.59
-12.66
-11.14
-9.18
-7.00
-4.76
-2.68
-0.92
0.40
1.30
1.90
2.32
2.71
3.12
3.52
3.87
4.13
4.27
4.26
4.08
3.73
3.27
2.81
2.45
2.27
2.20
2.13
1.89
1.41
0.73
-0.03
-0.72
-1.28
-1.72
-2.15
-2.69
-3.38
-4.14
-4.82
-5.17
-5.01
-4.20
-2.73
-0.73
1.59
3.95
6.09
7.83
9.12
10.01
10.62
11.08
11.43
11.65
11.66
11.39
10.82
10.02
9.11
8.21
7.40
6.70
6.08
5.46
4.81
4.11
3.40
2.71
2.06
1.47
0.94
0.50
0.17
-0.07
-0.27
-0.56
-1.08
-1.91
-3.03
-4.26
-5.34
-5.97
-5.93
-5.11
-3.53
-1.34
1.26
3.96
6.47
8.52
9.95
10.72
10.95
10.83
10.55
10.20
9.79
9.18
8.25
6.92
5.21
3.24
1.20
-0.73
-2.40
-3.77
-4.90
-5.91
-6.97
-8.22
-9.70
-11.34
-12.93
-14.22
-14.99
-15.22
-15.04
-14.75
-14.65
-14.95
-15.63
-16.48
-17.19
-17.44
-17.08
-16.15
-14.81
-13.26
-11.65
-10.05
-8.46
-6.86
-5.23
-3.56
-1.81
0.03
1.84
3.27
3.71
2.57
-0.39
-4.72
-9.39
-13.13
-14.99
-14.76
-12.98
-10.55
-8.26
-6.48
-5.16
-4.09
-3.18
-2.49
-2.06
-1.75
-1.16
0.13
2.31
5.19
8.22
10.75
12.36
13.11
13.58
14.68
17.33
22.11
29.02
37.45
46.36
54.66
61.47
66.29
68.96
69.61
68.42
65.69
61.80
57.21
52.44
47.94
43.93
40.46
37.36
34.45
31.52
28.44
25.07
21.34
17.20
12.67
7.80
2.68
-2.72
-8.45
-14.60
-21.07
-27.59
-33.65
-38.60
-41.82
-42.81
-41.30
-37.33
-31.33
-24.08
-16.63
-10.08
-5.35
-2.96
-2.91
-4.77
-7.76
-10.94
-13.38
-14.38
-13.59
-11.20
-7.93
-4.76
-2.58
-1.78
-2.09
-2.70
-2.67
-1.37
1.30
4.94
8.81
12.19
14.46
15.13
13.79
10.09
3.94
-4.31
-13.71
-22.82
-30.07
-34.27
-35.03
-32.82
-28.82
-24.31
-20.32
-17.30
-15.17
-13.65
-12.44
-11.50
-10.92
-10.79
-11.13
-11.82
-12.75
-13.94
-15.60
-18.07
-21.58
-26.10
-31.27
-36.40
-40.75
-43.71
-45.00
-44.78
-43.51
-41.76
-39.98
-38.35
-36.75
-34.91
-32.60
-29.80
-26.71
-23.64
-20.92
-18.65
-16.77
-15.11
-13.49
-11.92
-10.50
-9.44
-8.88
-8.88
-9.41
-10.35
-11.55
-12.81
-13.87
-14.43
-14.23
-13.13
-11.15
-8.45
-5.28
-1.89
1.49
4.64
7.28
9.05
9.64
8.95
7.18
4.88
2.73
1.33
0.86
0.96
0.89
-0.20
-2.85
-7.02
-12.00
-16.57
-19.34
-19.06
-14.99
-7.12
3.64
15.48
26.07
33.33
36.20
35.22
32.38
30.25
30.74
34.12
38.87
42.44
42.48
37.91
29.26
18.34
7.30
-2.09
-8.92
-13.06
-14.86
-14.86
-13.71
-12.19
-11.23
-11.79
-14.50
-19.31
-25.27
-30.71
-33.80
-33.22
-28.79
-21.47
-13.05
-5.39
0.16
2.95
3.07
0.95
-2.76
-7.39
-12.22
-16.60
-19.99
-22.05
-22.56
-21.35
-18.16
-12.65
-4.59
5.92
18.27
31.42
43.95
54.46
61.80
65.37
65.30
62.34
57.79
53.06
49.45
47.85
48.74
52.08
57.44
63.98
70.50
75.58
77.88
76.50
71.22
62.61
51.82
40.35
29.67
20.95
14.85
11.35
9.76
8.83
7.22
4.01
-0.82
-6.33
-11.10
-13.99
-14.85
-14.83
-15.93
-20.11
-28.34
-40.18
-53.89
-67.16
-78.01
-85.34
-88.95
-89.08
-86.04
-80.02
-71.32
-60.69
-49.54
-39.63
-32.49
-28.72
-27.59
-27.25
-25.47
-20.63
-12.29
-1.30
10.64
21.71
30.57
36.69
40.38
42.34
43.19
43.32
42.88
42.11
41.34
40.94
41.11
41.96
43.13
43.95
43.71
42.07
39.41
36.49
34.00
32.28
31.48
31.26
30.93
29.89
27.81
25.13
22.54
20.55
19.39
19.39
20.54
22.42
24.46
25.93
26.74
27.01
26.95
24.05
17.53
8.59
-0.46
-6.61
-10.69
-13.74
-16.35
-19.05
-21.81
-24.03
-25.42
-26.12
-26.60
-27.50
-28.88
-30.59
-32.45
-34.26
-35.50
-35.83
-35.25
-33.94
-32.25
-30.04
-27.10
-23.35
-18.90
-13.93
-8.82
-4.13
-0.28
2.52
4.54
6.14
7.55
8.85
10.04
11.07
11.90
12.48
12.70
12.51
11.88
10.77
9.21
7.38
5.42
3.34
0.97
-1.95
-5.61
-9.96
-14.74
-19.50
-23.78
-27.25
-29.73
-31.19
-31.73
-31.46
-30.55
-29.24
-27.81
-26.56
-25.63
-24.92
-24.04
-22.56
-20.06
-16.32
-11.44
-5.81
0.01
5.51
10.39
14.52
17.72
19.84
20.80
20.49
18.79
15.60
10.99
5.16
-1.45
-8.70
-16.32
-23.83
-30.55
-35.78
-38.96
-39.81
-38.43
-35.27
-31.39
-27.71
-24.66
-22.12
-19.76
-17.30
-14.58
-11.53
-5.65
3.93
16.01
27.95
37.46
43.55
46.33
46.79
45.77
43.93
41.36
38.03
33.91
29.21
24.10
18.71
13.19
7.76
2.67
-2.14
-6.73
-10.93
-14.33
-16.45
-16.99
-15.92
-13.50
-10.21
-6.74
-3.63
-1.16
0.68
1.98
2.77
3.03
2.75
1.91
0.52
-1.37
-3.54
-5.67
-7.44
-8.59
-9.01
-8.76
-8.01
-7.04
-6.07
-5.24
-4.53
-3.88
-3.18
-2.32
-1.22
0.19
1.88
3.77
5.67
7.37
8.62
9.24
9.15
8.43
7.30
6.09
5.14
4.66
4.62
4.77
4.77
4.28
3.15
1.52
-0.24
-1.67
-2.40
-2.24
-1.25
0.33
2.17
4.00
5.60
6.87
7.75
8.25
8.38
8.20
7.79
7.23
6.62
6.00
5.38
4.72
3.95
2.99
1.71
0.04
-2.07
-4.55
-7.19
-9.63
-11.41
-12.17
-11.70
-10.07
-7.57
-4.62
-1.60
1.20
3.69
5.83
7.64
9.10
10.15
10.75
10.86
10.55
9.89
8.96
7.84
6.55
5.16
3.72
2.35
1.19
0.33
-0.08
0.05
0.85
2.40
4.60
7.17
9.65
11.52
12.41
12.25
11.25
9.81
8.23
6.65
4.94
2.85
0.19
-3.07
-6.74
-10.50
-13.95
-16.74
-18.59
-19.35
-19.02
-17.74
-15.83
-13.70
-11.71
-10.14
-9.02
-8.25
-7.62
-6.99
-6.35
-5.80
-5.48
-5.42
-5.50
-5.47
-5.09
-4.29
-3.18
-2.00
-1.01
-0.31
0.17
0.59
1.11
1.75
2.38
2.82
2.88
2.47
1.60
0.37
-1.09
-2.65
-4.21
-5.78
-7.43
-9.21
-11.11
-12.94
-14.38
-15.13
-15.09
-14.44
-13.53
-12.55
-11.42
-9.78
-7.30
-3.94
-0.01
4.04
7.98
11.87
15.97
20.34
24.66
28.27
30.55
31.27
30.69
29.37
27.76
25.97
23.81
21.04
17.57
13.53
9.15
4.59
-0.03
-4.57
-8.75
-12.19
-14.59
-15.90
-16.37
-16.45
-16.59
-17.10
-18.03
-19.28
-20.71
-22.13
-23.39
-24.25
-24.46
-23.75
-21.98
-19.23
-15.87
-12.39
-9.25
-6.69
-4.68
-2.97
-1.30
0.47
2.34
4.17
5.81
7.14
8.14
8.83
9.25
9.40
9.29
8.98
8.55
8.14
7.91
7.93
8.25
8.82
9.53
10.21
10.61
10.52
9.77
8.34
6.39
4.23
2.21
0.56
-0.72
-1.85
-3.19
-4.99
-7.26
-9.66
-11.70
-12.87
-12.84
-11.55
-9.17
-5.94
-2.13
2.01
6.21
10.18
13.58
16.14
17.70
18.32
18.20
17.67
16.98
16.27
15.50
14.52
13.15
11.29
9.01
6.51
4.09
1.98
0.30
-1.03
-2.20
-3.45
-4.92
-6.63
-8.47
-10.27
-11.89
-13.21
-14.21
-14.96
-15.57
-16.19
-16.99
-18.10
-19.62
-21.51
-23.59
-25.55
-27.01
-27.58
-27.02
-25.28
-22.58
-19.25
-15.73
-12.36
-9.37
-6.85
-4.75
-2.99
-1.40
0.18
1.95
4.09
6.72
9.85
13.37
17.01
20.42
23.19
25.01
25.72
25.39
24.28
22.75
21.12
19.58
18.16
16.82
15.54
14.33
13.36
12.78
12.69
13.09
13.80
14.58
15.16
15.35
15.09
14.47
13.70
13.03
12.72
12.89
13.53
14.47
15.48
16.33
16.85
16.91
16.47
15.52
14.13
12.40
10.45
8.44
6.53
4.85
3.52
2.55
1.89
1.39
0.88
0.24
-0.60
-1.57
-2.54
-3.33
-3.86
-4.10
-4.17
-4.21
-4.35
-4.66
-5.13
-5.69
-6.25
-6.76
-7.26
-7.85
-8.65
-9.75
-11.13
-12.71
-14.33
-15.84
-17.08
-17.88
-18.05
-17.44
-16.00
-13.81
-11.09
-8.20
-5.49
-3.24
-1.60
-0.52
0.16
0.64
1.11
1.64
2.24
2.84
3.40
3.89
4.31
4.70
5.09
5.48
5.85
6.16
6.36
6.40
6.27
6.04
5.80
5.69
5.82
6.19
6.73
7.28
7.74
8.05
8.28
8.55
8.98
9.56
10.18
10.65
10.75
10.26
9.02
6.91
3.95
0.31
-3.67
-7.48
-10.61
-12.73
-13.77
-14.00
-13.84
-13.72
-13.88
-14.33
-14.92
-15.45
-15.80
-15.97
-16.00
-15.93
-15.72
-15.33
-14.74
-13.99
-13.23
-12.61
-12.23
-12.07
-12.00
-11.81
-11.37
-10.70
-9.98
-9.49
-9.45
-9.95
-10.91
-12.11
-13.34
-14.51
-15.64
-16.88
-18.37
-20.08
-21.83
-23.25
-23.97
-23.72
-22.42
-20.21
-17.37
-14.22
-11.01
-7.77
-4.59
-1.61
0.99
3.06
4.58
5.66
6.47
7.25
8.25
9.54
11.02
12.43
13.55
14.27
14.58
14.54
14.43
14.81
15.96
17.80
19.86
21.58
22.53
22.44
21.35
19.92
19.70
21.67
25.95
31.72
37.85
43.34
47.17
48.71
48.44
48.93
51.88
57.90
66.27
75.93
85.80
94.20
99.25
100.11
99.42
99.89
104.64
116.03
135.57
161.90
188.85
206.88
207.37
188.61
152.70
105.43
53.39
2.60
-36.53
-53.93
-47.92
-39.63
-37.35
-43.77
-53.21
-64.73
-78.69
-95.54
-115.67
-138.47
-161.14
-177.72
-185.76
-186.71
-185.46
-186.24
-190.56
-197.36
-203.89
-206.89
-202.78
-192.12
-178.06
-164.47
-152.62
-141.10
-127.76
-111.38
-92.18
-70.45
-47.95
-26.31
-6.54
11.72
29.25
46.15
61.56
74.35
84.40
91.93
97.58
101.87
105.07
106.77
105.88
100.97
91.07
76.32
57.80
37.35
17.02
-1.42
-16.97
-29.56
-39.86
-48.72
-56.73
-63.95
-69.93
-73.99
-75.60
-74.62
-71.39
-66.69
-61.63
-57.51
-55.65
-57.10
-62.23
-70.51
-80.41
-89.71
-96.00
-97.29
-92.49
-81.68
-66.16
-48.12
-30.10
-14.39
-2.42
5.51
10.16
12.89
15.02
17.27
19.48
20.74
19.96
16.46
10.34
2.52
-5.66
-12.99
-18.76
-22.85
-25.41
-26.36
-25.06
-20.38
-11.26
2.55
19.93
38.52
55.36
67.92
74.94
76.72
74.69
70.78
66.73
63.64
61.85
60.96
59.99
57.63
52.75
44.92
34.88
24.64
16.92
14.22
17.75
26.89
39.34
51.87
61.33
65.43
63.14
54.74
41.53
25.53
9.11
-5.44
-16.28
-22.35
-23.51
-20.56
-14.98
-8.53
-2.78
1.30
3.75
5.52
8.13
12.88
20.14
28.91
37.07
42.12
42.15
36.52
26.10
12.86
-0.62
-11.77
-18.45
-19.27
-13.93
-3.44
9.83
22.73
32.14
36.17
34.77
29.71
23.79
19.60
18.41
19.70
21.66
22.11
19.61
14.05
6.53
-1.20
-7.50
-11.34
-12.49
-11.34
-8.63
-5.10
-1.41
2.01
4.93
7.33
9.24
10.66
11.45
11.40
10.30
8.11
4.96
1.10
-3.27
-8.02
-13.01
-17.92
-22.15
-24.96
-25.68
-24.01
-20.20
-14.92
-9.09
-3.64
0.67
3.22
3.62
1.82
-1.74
-5.98
-9.32
-10.12
-7.30
-0.81
8.21
17.78
25.83
30.89
32.54
31.25
28.00
23.68
18.94
14.02
8.90
3.53
-2.04
-7.74
-13.47
-19.24
-25.06
-30.63
-35.45
-39.06
-41.39
-42.87
-44.56
-47.73
-53.62
-63.06
-75.85
-91.10
-107.62
-124.18
-139.68
-153.41
-164.78
-173.49
-179.27
-180.52
-175.33
-162.23
-140.61
-110.54
-72.90
-28.31
21.89
75.20
129.93
182.88
229.25
264.03
284.38
290.27
285.93
276.50
265.92
259.41
259.56
265.54
274.14
282.08
286.41
287.66
286.65
283.73
283.15
288.09
298.46
311.18
322.61
329.12
331.67
331.95
304.60
237.06
135.60
22.57
-79.30
-148.22
-192.02
-219.08
-235.28
-244.44
-246.85
-241.41
-229.44
-214.84
-201.71
-193.95
-190.74
-190.45
-191.85
-190.84
-184.38
-172.27
-156.95
-141.47
-129.08
-119.61
-112.29
-106.54
-99.86
-90.25
-77.51
-63.17
-49.29
-38.14
-29.80
-23.94
-20.17
-17.10
-13.50
-9.07
-4.35
-0.16
2.59
4.07
4.63
4.53
4.24
4.09
4.06
3.88
3.33
2.27
0.99
-0.23
-1.23
-2.10
-3.00
-4.22
-6.00
-8.45
-11.55
-15.13
-18.98
-22.88
-26.65
-30.12
-33.17
-35.69
-37.58
-38.84
-39.44
-39.36
-38.53
-36.89
-34.39
-31.13
-27.34
-23.39
-19.67
-16.51
-14.05
-12.28
-11.04
-10.12
-9.32
-8.47
-7.53
-6.53
-5.58
-4.75
-4.06
-3.42
-2.72
-1.90
-0.98
-0.07
0.62
1.00
1.08
1.00
0.98
1.19
1.67
2.33
2.92
3.21
3.07
2.55
1.84
1.21
0.87
0.82
0.91
0.86
0.44
-0.41
-1.59
-2.85
-3.91
-4.56
-4.66
-4.21
-3.25
-1.92
-0.42
0.99
2.04
2.54
2.40
1.66
0.46
-1.07
-2.85
-4.85
-7.10
-9.55
-12.09
-14.52
-16.67
-18.42
-19.80
-20.87
-21.67
-22.15
-22.19
-21.66
-20.55
-19.02
-17.29
-15.60
-14.05
-12.59
-11.08
-9.40
-7.59
-5.80
-4.26
-3.14
-2.47
-2.19
-2.21
-2.44
-2.83
-3.30
-3.70
-3.82
-3.45
-2.48
-0.94
1.05
3.29
5.68
8.17
10.77
13.47
16.22
18.87
21.26
23.23
24.73
25.75
26.32
26.47
26.18
25.42
24.14
22.36
20.16
17.66
14.97
12.15
9.21
6.17
3.09
0.03
-2.95
-5.82
-8.63
-11.43
-14.27
-17.03
-19.55
-21.58
-23.01
-23.91
-24.51
-25.09
-26.00
-27.37
-29.10
-30.84
-32.06
-32.33
-31.46
-29.45
-26.54
-23.07
-19.36
-15.54
-11.55
-7.14
-2.09
3.61
9.93
16.61
23.11
28.70
32.77
34.89
35.15
34.02
32.12
30.34
29.43
29.68
30.89
32.63
34.35
35.93
37.49
37.49
35.06
30.44
24.76
19.07
14.88
11.72
9.29
7.60
6.77
6.57
6.92
7.57
8.09
8.20
7.64
6.54
4.99
3.06
1.09
-0.45
-1.12
-0.70
0.75
2.71
4.58
5.71
5.60
4.23
2.04
-0.41
-2.65
-4.43
-5.76
-6.67
-7.21
-7.43
-7.31
-6.81
-6.04
-5.23
-4.65
-4.55
-5.02
-5.96
-7.20
-8.52
-9.76
-10.87
-11.94
-13.11
-14.52
-16.25
-18.24
-20.34
-22.37
-24.14
-25.48
-26.27
-26.41
-25.82
-24.45
-22.27
-19.34
-15.81
-11.93
-7.98
-4.29
-1.06
1.60
3.71
5.39
6.79
8.03
9.12
10.01
10.60
10.85
10.77
10.45
9.92
9.19
8.22
7.07
5.89
4.97
4.55
4.71
5.30
6.01
6.53
6.69
6.56
6.32
6.15
6.11
6.10
5.95
5.52
4.73
3.60
2.23
0.75
-0.64
-1.73
-2.29
-2.22
-1.53
-0.39
0.96
2.28
3.43
4.38
5.17
5.84
6.37
6.73
6.90
6.88
6.74
6.52
6.25
5.86
5.26
4.37
3.18
1.79
0.32
-1.06
-2.24
-3.20
-4.00
-4.81
-5.79
-7.06
-8.63
-10.43
-12.33
-14.18
-15.88
-17.42
-18.83
-20.19
-21.53
-22.88
-24.19
-25.33
-26.04
-25.97
-24.75
-22.14
-18.15
-13.12
-7.55
-2.00
3.11
7.58
11.36
14.52
17.13
19.23
20.90
22.18
23.14
23.81
24.15
24.09
23.55
22.52
21.03
19.21
17.22
15.25
13.51
12.16
11.29
10.87
10.68
10.38
9.60
8.04
5.64
2.60
-0.63
-3.51
-5.54
-6.49
-6.39
-5.58
-4.55
-3.81
-3.75
-4.56
-6.18
-8.34
-10.59
-12.45
-13.45
-13.29
-11.90
-9.43
-6.24
-2.80
0.42
3.05
4.91
6.03
6.58
6.83
7.07
7.47
8.13
8.96
9.80
10.56
11.17
11.71
12.22
12.72
13.10
13.19
12.83
11.95
10.68
9.25
7.98
7.07
6.54
6.21
5.77
4.93
3.47
1.42
-1.02
-3.51
-5.74
-7.49
-8.71
-9.46
-9.83
-9.86
-9.49
-8.70
-7.48
-5.96
-4.35
-2.86
-1.61
-0.62
0.18
0.84
1.31
1.44
1.13
0.39
-0.53
-1.26
-1.44
-0.91
0.17
1.45
2.49
3.03
3.05
2.79
2.62
2.85
3.66
5.07
6.92
8.98
10.97
12.64
13.84
14.57
14.94
15.16
15.40
15.76
16.24
16.77
17.32
17.85
18.31
18.53
18.28
17.39
15.88
14.03
12.29
11.05
10.35
9.87
9.03
7.31
4.53
0.93
-2.96
-6.65
-9.81
-12.45
-14.73
-16.81
-18.72
-20.35
-21.54
-22.18
-22.28
-21.95
-21.35
-20.61
-19.85
-19.12
-18.50
-18.06
-17.87
-17.92
-18.11
-18.27
-18.22
-17.87
-17.29
-16.69
-16.31
-16.27
-16.52
-16.78
-16.65
-15.80
-14.08
-11.57
-8.57
-5.50
-2.71
-0.44
1.20
2.25
2.83
3.12
3.32
3.61
4.13
4.95
6.01
7.18
8.29
9.20
9.82
10.14
10.21
10.12
9.94
9.70
9.41
9.05
8.56
7.94
7.18
6.32
5.43
4.58
3.82
3.18
2.60
2.01
1.26
0.28
-0.96
-2.41
-4.01
-5.62
-7.11
-8.32
-9.06
-9.19
-8.66
-7.55
-6.05
-4.40
-2.77
-1.22
0.27
1.71
3.03
4.04
4.54
4.37
3.51
2.09
0.28
-1.75
-3.87
-5.95
-7.82
-9.29
-10.16
-10.32
-9.79
-8.74
-7.39
-5.99
-4.66
-3.50
-2.51
-1.72
-1.17
-0.89
-0.90
-1.14
-1.53
-2.05
-2.71
-3.59
-4.78
-6.25
-7.93
-9.65
-11.26
-12.65
-13.73
-14.40
-14.51
-13.93
-12.54
-10.35
-7.51
-4.32
-1.17
1.57
3.59
4.80
5.27
5.25
5.04
4.90
4.95
5.14
5.32
5.29
4.97
4.38
3.62
2.85
2.17
1.63
1.20
0.76
0.18
-0.66
-1.76
-3.04
-4.31
-5.39
-6.21
-6.76
-7.16
-7.53
-7.91
-8.29
-8.58
-8.70
-8.60
-8.23
-7.53
-6.49
-5.09
-3.44
-1.67
0.04
1.61
3.04
4.36
5.57
6.57
7.17
7.20
6.58
5.50
4.37
3.59
3.42
3.79
4.42
4.91
4.92
4.25
2.78
0.47
-2.64
-6.20
-9.35
-10.75
-9.17
-4.16
3.50
11.94
19.01
23.08
23.69
21.49
17.75
13.53
9.25
4.90
0.59
-2.61
-3.06
0.44
7.49
16.18
23.97
28.89
30.25
28.69
25.65
22.58
20.54
19.43
18.76
17.91
16.43
14.13
11.14
7.81
4.46
1.28
-1.84
-4.67
-7.11
-9.21
-11.03
-12.62
-14.01
-15.23
-16.34
-17.42
-18.44
-19.39
-20.24
-20.96
-21.52
-21.95
-22.29
-22.62
-23.02
-23.48
-23.98
-24.51
-24.97
-25.27
-25.27
-24.77
-23.60
-21.66
-18.91
-15.53
-11.84
-8.19
-4.88
-2.04
0.38
2.49
4.43
6.25
7.87
9.21
10.22
10.94
11.41
11.72
11.85
11.79
11.50
11.02
10.42
9.76
9.08
8.34
7.48
6.45
5.32
4.13
2.94
1.77
0.55
-0.73
-2.02
-3.23
-4.25
-5.07
-5.82
-6.76
-8.06
-9.79
-11.77
-13.66
-15.11
-15.84
-15.74
-14.87
-13.34
-11.26
-8.72
-5.80
-2.62
0.67
3.95
7.14
10.28
13.47
16.76
20.13
23.41
26.38
28.78
30.45
31.38
31.65
31.48
31.03
30.47
29.89
29.32
28.75
28.16
27.51
26.70
25.59
24.05
21.98
19.37
16.28
12.85
9.15
5.27
1.18
-3.10
-7.53
-11.97
-16.18
-19.88
-22.71
-24.42
-24.88
-24.19
-22.65
-20.70
-18.79
-17.23
-16.09
-15.25
-14.50
-13.70
-12.91
-12.37
-12.43
-13.36
-15.23
-17.87
-20.85
-23.64
-25.68
-26.52
-25.85
-23.64
-20.09
-15.67
-11.03
-6.85
-3.58
-1.35
0.04
1.02
1.98
3.11
4.37
5.62
6.80
7.91
9.09
10.35
11.59
12.57
13.11
13.21
13.12
13.17
13.64
14.54
15.65
16.67
17.44
17.99
18.50
19.16
20.05
21.04
21.91
22.48
22.69
22.63
22.46
22.30
22.14
21.87
21.33
20.41
19.12
17.58
15.96
14.40
12.91
11.41
9.76
7.86
5.67
3.28
0.83
-1.56
-3.78
-5.82
-7.64
-9.28
-10.74
-12.04
-13.24
-14.43
-15.69
-17.02
-18.39
-19.67
-20.68
-21.19
-21.03
-20.11
-18.43
-16.14
-13.50
-10.80
-8.35
-6.32
-4.77
-3.66
-2.86
-2.24
-1.71
-1.21
-0.73
-0.28
0.13
0.50
0.83
1.13
1.38
1.55
1.60
1.51
1.29
1.04
0.87
0.89
1.12
1.48
1.82
1.98
1.85
1.46
0.89
0.24
-0.37
-0.92
-1.45
-2.00
-2.62
-3.33
-4.16
-5.11
-6.21
-7.43
-8.64
-9.59
-9.99
-9.59
-8.29
-6.23
-3.74
-1.23
0.94
2.59
3.77
4.63
5.36
6.12
6.93
7.73
8.38
8.75
8.76
8.42
7.85
7.25
6.81
6.68
6.95
7.55
8.36
9.17
9.72
9.84
9.42
8.54
7.39
6.21
5.20
4.41
3.74
3.02
2.11
0.97
-0.28
-1.51
-2.58
-3.49
-4.32
-5.17
-6.14
-7.19
-8.18
-8.94
-9.31
-9.23
-8.72
-7.87
-6.82
-5.65
-4.47
-3.40
-2.60
-2.20
-2.30
-2.89
-3.87
-5.07
-6.30
-7.37
-8.17
-8.68
-9.00
-9.31
-9.75
-10.43
-11.31
-12.25
-13.12
-13.81
-14.26
-14.47
-14.43
-14.14
-13.63
-13.00
-12.43
-12.07
-11.99
-12.13
-12.29
-12.29
-12.03
-11.52
-10.87
-10.22
-9.70
-9.39
-9.33
-9.51
-9.89
-10.31
-10.61
-10.63
-10.28
-9.58
-8.62
-7.51
-6.29
-4.89
-3.18
-1.07
1.45
4.26
7.11
9.71
11.87
13.48
14.61
15.41
16.01
16.45
16.72
16.74
16.47
15.97
15.30
14.57
13.80
12.99
12.06
10.92
9.51
7.81
5.86
3.78
1.71
-0.21
-1.92
-3.42
-4.79
-6.13
-7.47
-8.81
-10.12
-11.36
-12.45
-13.23
-13.41
-12.67
-10.76
-7.68
-3.72
0.61
4.76
8.35
11.28
13.68
15.75
17.70
19.60
21.43
23.10
24.49
25.52
26.13
26.33
26.17
25.71
25.05
24.24
23.30
22.24
21.07
19.76
18.31
16.68
14.87
12.91
10.88
8.92
7.10
5.45
3.89
2.34
0.70
-1.01
-2.73
-4.34
-5.81
-7.13
-8.40
-9.68
-11.01
-12.40
-13.83
-15.30
-16.82
-18.35
-19.76
-20.79
-21.11
-20.48
-18.87
-16.50
-13.74
-10.97
-8.50
-6.45
-4.77
-3.37
-2.15
-1.07
-0.11
0.73
1.45
2.03
2.47
2.76
2.89
2.84
2.61
2.23
1.75
1.30
0.98
0.87
0.99
1.24
1.47
1.50
1.21
0.57
-0.39
-1.54
-2.72
-3.75
-4.48
-4.87
-4.97
-4.94
-5.04
-5.46
-6.31
-7.49
-8.76
-9.77
-10.22
-9.94
-8.92
-7.28
-5.27
-3.09
-0.95
1.01
2.71
4.10
5.20
6.08
6.83
7.50
8.10
8.55
8.72
8.53
8.00
7.26
6.48
5.83
5.39
5.11
4.90
4.65
4.32
3.94
3.55
3.21
2.85
2.36
1.64
0.65
-0.48
-1.57
-2.44
-3.05
-3.47
-3.88
-4.49
-5.40
-6.63
-8.10
-9.64
-11.09
-12.23
-12.83
-12.69
-11.75
-10.09
-7.92
-5.53
-3.16
-0.94
1.10
2.97
4.64
6.03
7.10
7.83
8.25
8.46
8.52
8.48
8.34
8.11
7.81
7.48
7.11
6.75
6.40
6.13
5.98
5.98
6.04
6.02
5.76
5.16
4.26
3.22
2.22
1.36
0.63
-0.07
-0.85
-1.77
-2.78
-3.79
-4.69
-5.44
-6.07
-6.64
-7.24
-7.97
-8.89
-10.03
-11.37
-12.76
-13.97
-14.68
-14.62
-13.63
-11.74
-9.18
-6.26
-3.30
-0.57
1.82
3.84
5.49
6.82
7.82
8.54
8.98
9.18
9.16
8.92
8.51
7.99
7.44
6.94
6.53
6.21
5.97
5.80
5.71
5.72
5.79
5.84
5.74
5.39
4.75
3.86
2.84
1.81
0.86
0.03
-0.71
-1.39
-2.07
-2.75
-3.44
-4.09
-4.70
-5.27
-5.86
-6.53
-7.36
-8.38
-9.58
-10.84
-12.03
-12.96
-13.44
-13.29
-12.42
-10.84
-8.67
-6.13
-3.47
-0.94
1.26
3.02
4.32
5.23
5.88
6.36
6.73
7.00
7.13
7.06
6.80
6.38
5.87
5.38
4.96
4.63
4.41
4.26
4.14
4.04
3.91
3.72
3.44
3.06
2.57
1.98
1.27
0.49
-0.33
-1.14
-1.89
-2.57
-3.17
-3.74
-4.34
-5.02
-5.82
-6.77
-7.85
-9.02
-10.16
-11.07
-11.52
-11.28
-10.22
-8.39
-6.02
-3.48
-1.12
0.86
2.40
3.65
4.78
5.87
6.89
7.68
8.09
8.05
7.66
7.12
6.61
6.20
5.88
5.58
5.23
4.85
4.50
4.24
4.06
3.86
3.57
3.11
2.51
1.83
1.10
0.30
-0.60
-1.60
-2.66
-3.65
-4.50
-5.18
-5.77
-6.41
-7.23
-8.31
-9.59
-10.92
-12.06
-12.74
-12.72
-11.87
-10.21
-7.90
-5.25
-2.60
-0.21
1.82
3.48
4.81
5.87
6.67
7.23
7.52
7.60
7.56
7.50
7.52
7.64
7.81
7.90
7.79
7.41
6.75
5.88
4.94
4.03
3.27
2.74
2.49
2.48
2.58
2.61
2.34
1.66
0.60
-0.66
-1.88
-2.86
-3.56
-4.05
-4.50
-5.02
-5.69
-6.53
-7.55
-8.73
-9.96
-11.02
-11.58
-11.36
-10.21
-8.23
-5.75
-3.20
-0.92
0.89
2.24
3.23
3.97
4.53
4.93
5.19
5.34
5.44
5.54
5.64
5.75
5.83
5.88
5.93
6.01
6.16
6.37
6.64
6.91
7.16
7.34
7.44
7.48
7.48
7.45
7.34
7.11
6.72
6.15
5.41
4.54
3.60
2.66
1.79
1.05
0.45
-0.13
-0.84
-1.91
-3.48
-5.49
-7.65
-9.52
-10.64
-10.69
-9.65
-7.73
-5.33
-2.86
-0.66
1.05
2.21
2.86
3.12
3.13
3.02
2.88
2.72
2.53
2.29
1.98
1.55
1.02
0.39
-0.31
-1.01
-1.58
-1.90
-1.92
-1.74
-1.52
-1.43
-1.55
-1.84
-2.17
-2.44
-2.63
-2.83
-3.15
-3.66
-4.37
-5.19
-6.04
-6.87
-7.68
-8.48
-9.25
-9.98
-10.62
-11.12
-11.37
-11.27
-10.65
-9.42
-7.56
-5.18
-2.53
0.12
2.48
4.40
5.83
6.88
7.72
8.51
9.36
10.26
11.15
11.94
12.54
12.92
13.06
12.97
12.63
12.06
11.33
10.54
9.81
9.22
8.75
8.32
7.84
7.23
6.50
5.67
4.78
3.88
3.06
2.38
1.92
1.68
1.58
1.43
1.02
0.19
-1.08
-2.73
-4.53
-6.25
-7.63
-8.40
-8.43
-7.65
-6.20
-4.34
-2.39
-0.67
0.61
1.36
1.57
1.29
0.65
-0.18
-0.97
-1.52
-1.70
-1.57
-1.34
-1.26
-1.55
-2.29
-3.41
-4.74
-6.13
-7.44
-8.61
-9.61
-10.42
-11.01
-11.32
-11.33
-11.09
-10.70
-10.27
-9.92
-9.70
-9.58
-9.53
-9.51
-9.59
-9.84
-10.33
-11.03
-11.81
-12.49
-12.94
-13.19
-13.39
-13.76
-14.42
-15.29
-16.11
-16.50
-16.14
-14.86
-12.70
-9.85
-6.60
-3.25
-0.05
2.82
5.26
7.28
8.93
10.31
11.50
12.58
13.54
14.36
14.98
15.39
15.59
15.63
15.59
15.54
15.55
15.61
15.64
15.53
15.16
14.48
13.51
12.37
11.16
9.97
8.79
7.59
6.34
5.05
3.77
2.58
1.55
0.69
-0.02
-0.66
-1.28
-1.94
-2.68
-3.54
-4.55
-5.71
-6.95
-8.12
-9.02
-9.44
-9.21
-8.29
-6.76
-4.82
-2.71
-0.66
1.13
2.56
3.64
4.40
4.91
5.25
5.43
5.49
5.41
5.22
4.95
4.65
4.34
4.01
3.62
3.11
2.50
1.84
1.27
0.92
0.87
1.12
1.59
2.17
2.74
3.22
3.58
3.83
4.05
4.33
4.75
5.34
6.03
6.65
6.98
6.86
6.22
5.12
3.75
2.27
0.90
-0.18
-0.82
-0.86
-0.29
0.80
2.17
3.55
4.71
5.55
6.06
6.28
6.21
5.80
5.05
4.01
2.82
1.62
0.50
-0.56
-1.60
-2.68
-3.71
-4.53
-5.00
-5.10
-4.97
-4.84
-4.91
-5.23
-5.70
-6.18
-6.55
-6.78
-6.95
-7.11
-7.29
-7.45
-7.54
-7.51
-7.37
-7.16
-6.90
-6.64
-6.40
-6.20
-6.06
-5.93
-5.67
-5.09
-3.99
-2.31
-0.12
2.28
4.59
6.52
7.93
8.83
9.35
9.61
9.68
9.53
9.10
8.36
7.32
6.07
4.67
3.17
1.58
-0.14
-1.99
-3.99
-6.07
-8.15
-10.12
-11.84
-13.23
-14.28
-15.05
-15.64
-16.18
-16.68
-17.11
-17.33
-17.19
-16.70
-15.93
-15.08
-14.31
-13.69
-13.18
-12.67
-12.13
-11.58
-11.12
-10.79
-10.51
-10.04
-9.07
-7.40
-4.96
-1.94
1.37
4.68
7.75
10.48
12.86
14.88
16.55
17.84
18.76
19.34
19.64
19.77
19.78
19.69
19.51
19.23
18.90
18.56
18.23
17.93
17.60
17.17
16.57
15.76
14.74
13.54
12.23
10.83
9.36
7.81
6.18
4.46
2.72
1.02
-0.56
-1.95
-3.17
-4.25
-5.30
-6.39
-7.59
-8.93
-10.41
-11.97
-13.49
-14.79
-15.66
-15.95
-15.57
-14.58
-13.07
-11.18
-9.09
-6.98
-5.02
-3.36
-2.07
-1.08
-0.24
0.63
1.63
2.74
3.84
4.79
5.50
5.97
6.29
6.53
6.72
6.81
6.80
6.66
6.44
6.20
5.98
5.77
5.52
5.17
4.68
4.05
3.30
2.49
1.70
0.97
0.34
-0.22
-0.73
-1.28
-1.95
-2.78
-3.76
-4.82
-5.89
-6.90
-7.83
-8.72
-9.59
-10.35
-10.87
-10.93
-10.38
-9.21
-7.55
-5.61
-3.62
-1.71
0.09
1.78
3.33
4.66
5.68
6.34
6.66
6.77
6.80
6.85
6.95
7.06
7.08
6.94
6.59
6.04
5.33
4.53
3.71
2.93
2.22
1.63
1.16
0.80
0.46
0.06
-0.51
-1.28
-2.22
-3.23
-4.19
-5.06
-5.84
-6.60
-7.45
-8.45
-9.62
-10.90
-12.20
-13.39
-14.27
-14.69
-14.48
-13.57
-12.00
-9.92
-7.59
-5.28
-3.21
-1.51
-0.18
0.84
1.64
2.34
2.97
3.56
4.12
4.67
5.21
5.70
6.06
6.16
5.89
5.28
4.47
3.70
3.18
2.99
3.05
3.15
3.07
2.71
2.09
1.31
0.46
-0.43
-1.38
-2.39
-3.38
-4.27
-4.97
-5.51
-6.04
-6.73
-7.72
-8.98
-10.30
-11.36
-11.84
-11.54
-10.41
-8.61
-6.39
-4.06
-1.85
0.03
1.55
2.76
3.78
4.76
5.78
6.85
7.88
8.72
9.26
9.46
9.39
9.16
8.87
8.57
8.27
7.94
7.60
7.28
7.00
6.76
6.53
6.26
5.88
5.36
4.67
3.82
2.84
1.77
0.69
-0.33
-1.25
-2.06
-2.78
-3.46
-4.11
-4.77
-5.48
-6.34
-7.46
-8.93
-10.68
-12.49
-13.94
-14.63
-14.27
-12.83
-10.53
-7.75
-4.87
-2.22
0.05
1.88
3.30
4.36
5.12
5.60
5.86
5.96
5.99
6.04
6.15
6.32
6.50
6.60
6.55
6.33
5.99
5.63
5.33
5.12
4.99
4.86
4.67
4.38
3.94
3.30
2.41
1.28
-0.03
-1.38
-2.61
-3.63
-4.39
-4.96
-5.47
-6.04
-6.78
-7.75
-8.96
-10.37
-11.82
-13.08
-13.83
-13.79
-12.78
-10.83
-8.21
-5.28
-2.45
-0.03
1.88
3.32
4.44
5.39
6.27
7.09
7.79
8.29
8.57
8.62
8.53
8.36
8.15
7.92
7.63
7.23
6.75
6.22
5.75
5.37
5.07
4.73
4.20
3.42
2.46
1.49
0.71
0.25
0.03
-0.12
-0.40
-0.89
-1.55
-2.20
-2.74
-3.16
-3.57
-4.12
-4.89
-5.85
-6.90
-7.99
-9.09
-10.21
-11.27
-12.11
-12.44
-12.02
-10.73
-8.65
-6.06
-3.31
-0.74
1.43
3.11
4.35
5.23
5.87
6.32
6.58
6.64
6.49
6.16
5.76
5.41
5.21
5.20
5.34
5.56
5.76
5.86
5.79
5.53
5.09
4.52
3.86
3.15
2.40
1.61
0.76
-0.11
-0.97
-1.76
-2.43
-2.97
-3.45
-3.98
-4.71
-5.73
-7.02
-8.42
-9.68
-10.50
-10.66
-10.07
-8.77
-6.95
-4.85
-2.72
-0.80
0.78
2.01
2.97
3.80
4.65
5.58
6.54
7.38
7.97
8.22
8.18
7.97
7.76
7.64
7.58
7.50
7.31
6.95
6.47
5.97
5.54
5.20
4.84
4.35
3.62
2.65
1.52
0.37
-0.71
-1.68
-2.57
-3.44
-4.34
-5.30
-6.37
-7.56
-8.90
-10.37
-11.82
-13.05
-13.76
-13.69
-12.70
-10.84
-8.34
-5.56
-2.88
-0.58
1.17
2.42
3.28
3.92
4.49
5.08
5.68
6.27
6.79
7.19
7.47
7.60
7.60
7.48
7.29
7.09
6.95
6.93
7.01
7.07
6.96
6.53
5.72
4.58
3.31
2.14
1.24
0.67
0.34
0.07
-0.35
-1.09
-2.18
-3.53
-4.94
-6.20
-7.11
-7.63
-7.89
-8.11
-8.52
-9.27
-10.30
-11.38
-12.11
-12.11
-11.13
-9.11
-6.28
-3.02
0.21
3.01
5.15
6.61
7.52
8.10
8.51
8.88
9.21
9.48
9.64
9.64
9.44
9.05
8.47
7.79
7.10
6.54
6.21
6.14
6.22
6.29
6.16
5.70
4.93
3.96
2.98
2.11
1.39
0.75
0.10
-0.65
-1.48
-2.35
-3.20
-4.00
-4.79
-5.62
-6.55
-7.58
-8.66
-9.73
-10.70
-11.49
-12.02
-12.15
-11.76
-10.71
-9.00
-6.77
-4.30
-1.92
0.10
1.68
2.88
3.84
4.67
5.38
5.92
6.27
6.49
6.67
6.90
7.12
7.23
7.09
6.67
6.06
5.44
4.90
4.47
4.07
3.61
3.03
2.38
1.77
1.26
0.90
0.64
0.41
0.14
-0.21
-0.68
-1.29
-2.05
-2.98
-4.02
-5.14
-6.25
-7.30
-8.29
-9.18
-9.98
-10.61
-10.96
-10.86
-10.17
-8.81
-6.86
-4.55
-2.17
-0.01
1.75
3.00
3.76
4.13
4.24
4.27
4.36
4.61
5.01
5.46
5.82
5.99
5.92
5.65
5.29
4.92
4.62
4.39
4.23
4.10
3.97
3.77
3.39
2.73
1.72
0.40
-1.08
-2.49
-3.64
-4.44
-4.97
-5.41
-5.97
-6.82
-7.97
-9.31
-10.60
-11.55
-11.92
-11.52
-10.32
-8.45
-6.15
-3.71
-1.44
0.44
1.83
2.78
3.43
3.99
4.61
5.37
6.21
7.00
7.57
7.81
7.74
7.40
6.92
6.36
5.79
5.20
4.66
4.20
3.89
3.72
3.62
3.45
3.07
2.41
1.48
0.38
-0.78
-1.89
-2.89
-3.76
-4.50
-5.13
-5.65
-6.11
-6.57
-7.13
-7.88
-8.86
-9.95
-10.94
-11.50
-11.33
-10.26
-8.35
-5.87
-3.22
-0.81
1.06
2.33
3.12
3.67
4.24
4.98
5.90
6.87
7.71
8.26
8.42
8.19
7.64
6.83
5.82
4.70
3.57
2.58
1.88
1.54
1.49
1.57
1.53
1.18
0.47
-0.54
-1.72
-2.95
-4.15
-5.28
-6.33
-7.25
-8.01
-8.60
-9.09
-9.59
-10.25
-11.18
-12.32
-13.45
-14.24
-14.35
-13.55
-11.82
-9.36
-6.51
-3.67
-1.15
0.85
2.28
3.21
3.79
4.21
4.62
5.11
5.67
6.23
6.67
6.92
6.96
6.85
6.62
6.32
5.98
5.60
5.25
4.97
4.80
4.73
4.65
4.46
4.06
3.45
2.69
1.85
1.01
0.23
-0.46
-1.04
-1.49
-1.86
-2.26
-2.82
-3.65
-4.77
-6.14
-7.57
-8.85
-9.70
-9.88
-9.22
-7.70
-5.46
-2.82
-0.16
2.15
3.96
5.27
6.27
7.15
8.04
8.92
9.67
10.15
10.30
10.13
9.70
9.10
8.40
7.65
6.88
6.16
5.58
5.19
5.00
4.93
4.83
4.55
3.98
3.12
2.06
0.94
-0.09
-0.99
-1.77
-2.53
-3.36
-4.29
-5.26
-6.16
-6.88
-7.38
-7.78
-8.26
-9.04
-10.23
-11.76
-13.35
-14.58
-15.01
-14.38
-12.63
-10.00
-6.90
-3.76
-0.93
1.38
3.15
4.44
5.36
6.05
6.61
7.10
7.54
7.88
8.06
8.04
7.79
7.35
6.75
6.01
5.13
4.11
3.01
1.94
0.97
0.13
-0.65
-1.48
-2.49
-3.71
-5.08
-6.50
-7.84
-9.02
-10.00
-10.78
-11.40
-11.98
-12.60
-13.35
-14.22
-15.08
-15.69
-15.77
-15.08
-13.48
-11.00
-7.80
-4.17
-0.43
3.13
6.30
8.95
11.07
12.71
13.95
14.91
15.64
16.21
16.62
16.86
16.88
16.66
16.19
15.49
14.58
13.52
12.35
11.14
9.97
8.90
7.99
7.24
6.57
5.87
5.02
3.94
2.61
1.14
-0.30
-1.52
-2.41
-2.96
-3.32
-3.69
-4.31
-5.31
-6.65
-8.10
-9.30
-9.90
-9.64
-8.46
-6.51
-4.07
-1.51
0.84
2.74
4.11
4.99
5.54
5.96
6.42
6.99
7.67
8.34
8.87
9.16
9.14
8.79
8.12
7.19
6.05
4.84
3.67
2.64
1.79
1.09
0.47
-0.14
-0.78
-1.46
-2.14
-2.82
-3.47
-4.09
-4.67
-5.21
-5.70
-6.13
-6.51
-6.88
-7.31
-7.88
-8.63
-9.54
-10.52
-11.42
-12.07
-12.30
-11.96
-10.94
-9.22
-6.86
-4.11
-1.32
1.13
2.96
4.07
4.55
4.62
4.55
4.53
4.64
4.86
5.14
5.38
5.54
5.61
5.64
5.65
5.67
5.69
5.68
5.65
5.63
5.69
5.85
6.08
6.24
6.16
5.70
4.81
3.64
2.40
1.32
0.51
-0.10
-0.70
-1.54
-2.77
-4.42
-6.29
-8.06
-9.34
-9.85
-9.44
-8.16
-6.19
-3.82
-1.33
1.06
3.16
4.83
5.94
6.42
6.30
5.74
5.00
4.34
3.96
3.90
4.08
4.38
4.66
4.85
4.91
4.88
4.83
4.87
5.15
5.73
6.54
7.32
7.77
7.63
6.82
5.52
4.04
2.70
1.68
0.99
0.50
0.03
-0.60
-1.52
-2.78
-4.30
-5.86
-7.13
-7.76
-7.56
-6.52
-4.88
-2.96
-1.09
0.54
1.85
2.84
3.55
3.97
4.13
4.08
3.93
3.78
3.68
3.60
3.47
3.15
2.57
1.74
0.73
-0.33
-1.32
-2.18
-2.84
-3.33
-3.67
-3.94
-4.21
-4.59
-5.10
-5.70
-6.27
-6.65
-6.72
-6.51
-6.15
-5.85
-5.80
-6.10
-6.73
-7.61
-8.64
-9.68
-10.55
-11.01
-10.82
-9.81
-8.02
-5.67
-3.16
-0.87
0.96
2.29
3.23
3.97
4.67
5.38
6.04
6.59
6.95
7.10
7.06
6.89
6.61
6.26
5.86
5.48
5.17
5.02
5.05
5.20
5.35
5.32
4.99
4.37
3.56
2.72
1.94
1.24
0.54
-0.23
-1.14
-2.17
-3.25
-4.29
-5.21
-5.99
-6.63
-7.20
-7.83
-8.62
-9.59
-10.66
-11.57
-12.01
-11.68
-10.45
-8.40
-5.85
-3.20
-0.82
1.09
2.47
3.43
4.09
4.55
4.90
5.13
5.28
5.36
5.38
5.35
5.24
5.08
4.85
4.59
4.33
4.06
3.79
3.48
3.12
2.71
2.24
1.72
1.12
0.38
-0.52
-1.57
-2.67
-3.74
-4.67
-5.46
-6.18
-6.93
-7.80
-8.78
-9.79
-10.71
-11.40
-11.78
-11.77
-11.28
-10.23
-8.60
-6.48
-4.11
-1.81
0.11
1.51
2.43
3.05
3.59
4.18
4.84
5.50
6.05
6.42
6.56
6.50
6.24
5.84
5.35
4.87
4.48
4.20
4.01
3.82
3.50
2.97
2.17
1.11
-0.12
-1.42
-2.68
-3.82
-4.83
-5.71
-6.53
-7.33
-8.14
-8.99
-9.86
-10.72
-11.48
-11.95
-11.89
-11.09
-9.49
-7.25
-4.69
-2.19
-0.03
1.69
3.04
4.12
5.01
5.74
6.31
6.79
7.27
7.85
8.49
9.02
9.24
8.99
8.32
7.42
6.53
5.82
5.34
5.00
4.67
4.28
3.80
3.28
2.71
2.06
1.24
0.17
-1.11
-2.50
-3.81
-4.90
-5.71
-6.29
-6.82
-7.49
-8.40
-9.56
-10.88
-12.20
-13.33
-14.09
-14.30
-13.83
-12.62
-10.70
-8.27
-5.58
-2.93
-0.55
1.49
3.20
4.64
5.85
6.87
7.69
8.30
8.73
8.99
9.09
9.00
8.70
8.19
7.53
6.84
6.26
5.86
5.61
5.41
5.10
4.54
3.72
2.72
1.71
0.83
0.16
-0.35
-0.83
-1.43
-2.24
-3.24
-4.34
-5.45
-6.50
-7.48
-8.44
-9.44
-10.50
-11.64
-12.85
-14.09
-15.34
-16.48
-17.33
-17.64
-17.19
-15.89
-13.80
-11.16
-8.29
-5.54
-3.13
-1.17
0.37
1.60
2.65
3.63
4.61
5.58
6.47
7.21
7.74
8.11
8.44
8.88
9.56
10.49
11.60
12.77
13.83
14.67
15.24
15.52
15.58
15.48
15.27
14.96
14.50
13.82
12.90
11.76
10.45
9.05
7.64
6.27
4.96
3.78
2.78
1.96
1.19
0.21
-1.23
-3.23
-5.69
-8.24
-10.41
-11.81
-12.23
-11.72
-10.48
-8.83
-7.05
-5.42
-4.11
-3.27
-2.90
-2.89
-3.04
-3.10
-2.89
-2.34
-1.55
-0.69
0.03
0.47
0.58
0.43
0.12
-0.21
-0.46
-0.54
-0.39
0.10
1.03
2.45
4.29
6.31
8.13
9.33
9.61
8.90
7.39
5.44
3.41
1.56
-0.02
-1.36
-2.51
-3.51
-4.37
-5.16
-5.91
-6.69
-7.46
-8.13
-8.47
-8.28
-7.37
-5.72
-3.49
-0.98
1.48
3.62
5.26
6.41
7.18
7.73
8.25
8.82
9.45
10.06
10.51
10.67
10.47
9.96
9.25
8.47
7.69
6.92
6.10
5.20
4.29
3.47
2.84
2.37
1.94
1.32
0.41
-0.80
-2.13
-3.36
-4.32
-4.99
-5.48
-5.93
-6.49
-7.20
-8.02
-8.91
-9.85
-10.87
-11.97
-13.07
-14.00
-14.48
-14.30
-13.39
-11.92
-10.19
-8.57
-7.24
-6.20
-5.23
-4.07
-2.59
-0.84
1.03
2.82
4.46
5.97
7.43
8.86
10.13
10.97
11.18
10.66
9.59
8.33
7.28
6.71
6.62
6.82
7.01
6.95
6.52
5.73
4.59
3.09
1.13
-1.35
-4.29
-7.42
-10.37
-12.76
-14.39
-15.21
-15.41
-15.18
-14.70
-14.00
-13.07
-11.82
-10.19
-8.19
-5.84
-3.14
-0.05
3.54
7.70
12.33
17.15
21.65
25.23
27.41
27.98
27.09
25.13
22.61
20.03
17.75
16.02
14.99
14.65
14.89
15.41
15.89
16.08
15.95
15.68
15.61
15.98
16.80
17.76
18.39
18.28
17.27
15.50
13.31
11.03
8.80
6.53
3.99
1.02
-2.38
-6.02
-9.64
-13.03
-16.09
-18.90
-21.57
-24.19
-26.77
-29.19
-31.28
-32.80
-33.54
-33.31
-32.02
-29.73
-26.63
-23.05
-19.34
-15.80
-12.62
-9.85
-7.48
-5.45
-3.73
-2.35
-1.32
-0.64
-0.25
-0.08
-0.08
-0.18
-0.32
-0.43
-0.42
-0.22
0.14
0.55
0.82
0.81
0.52
0.02
-0.50
-0.94
-1.28
-1.62
-2.10
-2.78
-3.61
-4.46
-5.19
-5.75
-6.18
-6.65
-7.30
-8.21
-9.35
-10.62
-11.86
-12.91
-13.60
-13.76
-13.23
-11.94
-9.91
-7.37
-4.66
-2.15
-0.15
1.26
2.13
2.62
2.88
3.00
2.99
2.87
2.68
2.52
2.50
2.65
2.86
2.96
2.72
2.06
1.03
-0.17
-1.32
-2.31
-3.17
-4.06
-5.20
-6.69
-8.52
-10.59
-12.76
-14.97
-17.13
-19.14
-20.82
-21.93
-22.27
-21.80
-20.64
-19.07
-17.42
-15.98
-14.93
-14.34
-14.14
-14.10
-13.84
-12.91
-10.93
-7.71
-3.41
1.53
6.49
10.94
14.52
17.13
18.87
19.89
20.42
20.68
20.90
21.34
22.16
23.37
24.82
26.25
27.37
28.04
28.26
28.18
27.93
27.62
27.25
26.73
25.92
24.73
23.13
21.15
18.94
16.66
14.52
12.67
11.18
9.95
8.72
7.18
5.01
2.09
-1.44
-5.18
-8.59
-11.19
-12.70
-13.15
-12.80
-12.09
-11.52
-11.51
-12.35
-14.06
-16.35
-18.70
-20.43
-21.02
-20.25
-18.30
-15.59
-12.58
-9.58
-6.66
-3.79
-0.95
1.74
4.06
5.82
6.92
7.44
7.54
7.38
7.03
6.46
5.65
4.66
3.64
2.78
2.26
2.11
2.19
2.25
1.98
1.14
-0.42
-2.75
-5.80
-9.51
-13.72
-18.15
-22.32
-25.58
-27.27
-26.85
-24.17
-19.55
-13.78
-7.88
-2.87
0.57
2.19
2.29
1.44
0.39
-0.27
-0.14
0.92
2.81
5.30
8.09
10.84
13.28
15.20
16.55
17.41
17.97
18.36
18.64
18.68
18.26
17.21
15.45
13.14
10.55
8.02
5.86
4.27
3.38
3.21
3.67
4.62
5.78
6.86
7.57
7.74
7.40
6.70
5.91
5.25
4.84
4.66
4.58
4.44
4.08
3.43
2.43
1.08
-0.58
-2.43
-4.27
-5.86
-6.99
-7.53
-7.50
-7.09
-6.54
-6.19
-6.32
-7.13
-8.72
-10.97
-13.59
-16.15
-18.23
-19.45
-19.68
-18.97
-17.55
-15.74
-13.84
-12.08
-10.60
-9.43
-8.56
-7.91
-7.38
-6.85
-6.13
-4.99
-3.25
-0.87
1.94
4.73
6.99
8.34
8.79
8.66
8.48
8.63
9.27
10.24
11.24
12.04
12.50
12.58
12.23
11.44
10.28
9.03
8.16
8.20
9.55
12.21
15.75
19.42
22.39
24.00
24.06
22.89
21.21
19.85
19.33
19.68
20.35
20.54
19.60
17.35
14.14
10.68
7.64
5.40
3.96
3.06
2.37
1.55
0.36
-1.42
-3.90
-6.99
-10.36
-13.50
-15.92
-17.36
-17.96
-18.17
-18.51
-19.36
-20.77
-22.49
-24.20
-25.66
-26.81
-27.79
-28.78
-29.90
-31.13
-32.26
-32.95
-32.77
-31.37
-28.51
-24.16
-18.53
-12.00
-5.00
2.07
8.94
15.43
21.41
26.72
31.20
34.75
37.24
38.52
38.37
36.45
32.49
26.53
19.06
11.10
3.86
-1.61
-4.85
-6.06
-5.89
-5.07
-4.03
-2.87
-1.40
0.47
2.62
4.75
6.57
7.99
9.20
10.44
11.85
13.30
14.41
14.77
14.20
12.77
10.81
8.67
6.55
4.43
2.16
-0.44
-3.39
-6.53
-9.52
-11.93
-13.44
-13.90
-13.45
-12.44
-11.26
-10.15
-9.17
-8.26
-7.38
-6.71
-6.53
-7.13
-8.51
-10.31
-11.94
-12.89
-12.95
-12.32
-11.44
-10.74
-10.37
-10.24
-10.05
-9.56
-8.62
-7.24
-5.50
-3.45
-1.20
1.09
3.14
4.52
4.83
3.84
1.69
-1.03
-3.39
-4.52
-3.88
-1.56
1.83
5.46
8.76
11.66
14.52
17.83
21.85
26.39
30.96
35.08
38.56
41.51
44.07
46.03
46.73
45.37
41.47
35.32
27.94
20.63
14.30
9.06
4.28
-0.83
-6.63
-12.74
-18.33
-22.59
-25.34
-27.11
-28.84
-31.25
-34.50
-38.10
-41.23
-43.15
-43.52
-42.43
-40.18
-37.07
-33.27
-28.96
-24.46
-20.39
-17.50
-16.48
-17.60
-20.46
-24.10
-27.17
-28.42
-27.08
-23.11
-17.19
-10.53
-4.44
0.06
2.52
3.07
2.34
1.03
-0.30
-1.38
-2.21
-2.89
-3.43
-3.72
-3.50
-2.53
-0.75
1.66
4.32
6.85
9.08
11.18
13.61
16.81
20.89
25.42
29.56
32.40
33.41
32.73
31.06
29.28
27.99
27.29
26.75
25.73
23.75
20.67
16.74
12.37
7.95
3.74
-0.14
-3.58
-6.43
-8.54
-9.75
-10.03
-9.48
-8.29
-6.75
-5.11
-3.59
-2.32
-1.37
-0.72
-0.33
-0.16
-0.17
-0.32
-0.56
-0.75
-0.72
-0.31
0.53
1.67
2.89
3.94
4.69
5.16
5.48
5.74
5.95
6.03
5.89
5.56
5.16
4.91
4.91
5.14
5.37
5.35
4.89
3.94
2.64
1.18
-0.27
-1.59
-2.75
-3.76
-4.70
-5.69
-6.82
-8.18
-9.79
-11.56
-13.32
-14.82
-15.78
-15.97
-15.22
-13.49
-10.92
-7.79
-4.49
-1.42
1.16
3.14
4.62
5.76
6.74
7.64
8.40
8.88
8.92
8.41
7.41
6.05
4.54
3.08
1.76
0.61
-0.42
-1.40
-2.38
-3.42
-4.56
-5.81
-7.12
-8.36
-9.39
-10.07
-10.37
-10.41
-10.45
-10.73
-11.42
-12.51
-13.81
-15.05
-16.01
-16.61
-16.92
-17.14
-17.38
-17.67
-17.78
-17.30
-15.82
-12.99
-8.81
-3.55
2.17
7.62
12.12
15.23
16.87
17.34
17.17
16.92
17.01
17.59
18.61
19.87
21.19
22.47
23.65
24.63
25.24
25.28
24.59
23.16
21.19
19.00
16.95
15.26
13.97
12.90
11.76
10.24
8.13
5.42
2.25
-1.08
-4.28
-7.12
-9.57
-11.71
-13.72
-15.70
-17.62
-19.32
-20.50
-20.88
-20.30
-18.74
-16.33
-13.31
-9.93
-6.47
-3.16
-0.25
2.12
3.83
4.89
5.40
5.49
5.36
5.15
4.95
4.78
4.59
4.30
3.85
3.23
2.50
1.75
1.11
0.66
0.41
0.31
0.25
0.11
-0.19
-0.70
-1.45
-2.42
-3.58
-4.88
-6.21
-7.49
-8.70
-9.90
-11.21
-12.69
-14.22
-15.49
-16.06
-15.55
-13.80
-10.99
-7.57
-4.06
-0.84
1.89
4.13
5.96
7.43
8.55
9.33
9.85
10.21
10.54
10.88
11.16
11.28
11.10
10.60
9.84
8.96
8.08
7.27
6.49
5.68
4.79
3.83
2.84
1.87
0.94
0.00
-0.98
-2.01
-3.04
-4.02
-4.92
-5.78
-6.70
-7.83
-9.23
-10.90
-12.71
-14.48
-15.95
-16.84
-16.86
-15.81
-13.63
-10.50
-6.82
-3.07
0.26
2.91
4.83
6.20
7.28
8.24
9.16
9.98
10.58
10.88
10.89
10.66
10.29
9.82
9.30
8.71
8.06
7.39
6.76
6.24
5.80
5.37
4.87
4.21
3.38
2.43
1.42
0.40
-0.64
-1.71
-2.80
-3.88
-4.89
-5.79
-6.62
-7.53
-8.67
-10.13
-11.89
-13.73
-15.31
-16.27
-16.32
-15.32
-13.31
-10.53
-7.29
-3.95
-0.85
1.79
3.83
5.25
6.13
6.60
6.81
6.88
6.86
6.77
6.59
6.32
5.95
5.51
5.03
4.55
4.09
3.68
3.32
3.00
2.68
2.36
1.99
1.59
1.12
0.54
-0.19
-1.11
-2.18
-3.32
-4.42
-5.39
-6.22
-7.01
-7.88
-8.91
-10.06
-11.10
-11.72
-11.61
-10.56
-8.60
-5.97
-3.04
-0.18
2.31
4.30
5.78
6.81
7.48
7.82
7.88
7.71
7.43
7.16
6.97
6.88
6.78
6.55
6.10
5.46
4.74
4.09
3.64
3.41
3.32
3.21
2.93
2.37
1.51
0.38
-0.88
-2.14
-3.30
-4.32
-5.23
-6.15
-7.25
-8.63
-10.27
-12.03
-13.63
-14.69
-14.88
-14.03
-12.12
-9.42
-6.32
-3.27
-0.67
1.26
2.51
3.25
3.71
4.12
4.57
5.04
5.39
5.55
5.49
5.27
4.96
4.60
4.14
3.47
2.55
1.47
0.41
-0.35
-0.66
-0.51
-0.12
0.19
0.08
-0.61
-1.77
-3.14
-4.39
-5.31
-5.87
-6.29
-6.84
-7.72
-8.96
-10.42
-11.86
-13.00
-13.64
-13.61
-12.79
-11.14
-8.74
-5.81
-2.69
0.25
2.72
4.59
5.92
6.85
7.55
8.10
8.53
8.79
8.86
8.74
8.47
8.09
7.64
7.13
6.58
6.03
5.53
5.16
4.96
4.94
5.01
5.05
4.90
4.44
3.62
2.49
1.17
-0.16
-1.35
-2.33
-3.11
-3.83
-4.64
-5.65
-6.91
-8.35
-9.83
-11.20
-12.24
-12.75
-12.55
-11.53
-9.69
-7.17
-4.24
-1.26
1.45
3.64
5.21
6.17
6.66
6.84
6.86
6.84
6.85
6.94
7.08
7.26
7.37
7.34
7.08
6.57
5.87
5.08
4.30
3.62
3.03
2.50
1.98
1.46
0.92
0.37
-0.28
-1.06
-2.03
-3.11
-4.19
-5.14
-5.92
-6.61
-7.37
-8.34
-9.57
-11.00
-12.42
-13.56
-14.13
-13.89
-12.72
-10.65
-7.92
-4.90
-2.00
0.49
2.41
3.80
4.79
5.52
6.09
6.55
6.91
7.16
7.25
7.13
6.76
6.13
5.31
4.44
3.64
3.00
2.53
2.22
2.06
2.06
2.20
2.42
2.62
2.64
2.39
1.85
1.06
0.13
-0.86
-1.83
-2.72
-3.51
-4.25
-5.01
-5.95
-7.15
-8.55
-9.88
-10.71
-10.58
-9.21
-6.69
-3.43
-0.05
2.90
5.08
6.49
7.34
7.92
8.42
8.89
9.26
9.43
9.37
9.19
9.03
8.99
9.08
9.14
8.96
8.39
7.42
6.23
5.09
4.22
3.74
3.58
3.53
3.34
2.81
1.90
0.68
-0.65
-1.91
-2.92
-3.63
-4.09
-4.41
-4.73
-5.23
-6.00
-7.06
-8.30
-9.46
-10.18
-10.12
-9.03
-6.87
-3.87
-0.44
2.98
5.99
8.34
9.91
10.76
11.04
10.97
10.78
10.62
10.54
10.50
10.42
10.23
9.90
9.40
8.71
7.80
6.68
5.46
4.29
3.35
2.72
2.36
2.08
1.67
0.97
-0.06
-1.35
-2.73
-4.07
-5.23
-6.15
-6.84
-7.39
-7.97
-8.72
-9.75
-11.06
-12.49
-13.78
-14.60
-14.69
-13.88
-12.16
-9.66
-6.67
-3.54
-0.61
1.86
3.75
5.07
5.91
6.38
6.58
6.56
6.38
6.10
5.81
5.55
5.32
5.04
4.64
4.08
3.37
2.63
1.95
1.43
1.09
0.86
0.62
0.22
-0.45
-1.40
-2.54
-3.66
-4.54
-5.02
-5.12
-5.01
-4.98
-5.31
-6.15
-7.41
-8.80
-9.84
-10.11
-9.34
-7.50
-4.85
-1.78
1.29
4.04
6.26
7.90
8.96
9.53
9.74
9.80
9.91
10.18
10.59
10.96
11.05
10.71
9.92
8.85
7.72
6.70
5.85
5.13
4.43
3.69
2.87
1.92
0.79
-0.54
-2.07
-3.68
-5.16
-6.35
-7.14
-7.58
-7.83
-8.14
-8.71
-9.63
-10.88
-12.26
-13.50
-14.26
-14.22
-13.21
-11.26
-8.61
-5.64
-2.77
-0.34
1.49
2.71
3.43
3.82
4.03
4.19
4.32
4.39
4.34
4.11
3.67
3.03
2.24
1.32
0.27
-0.95
-2.38
-4.04
-5.87
-7.71
-9.38
-10.76
-11.79
-12.55
-13.19
-13.87
-14.65
-15.51
-16.34
-17.02
-17.48
-17.69
-17.72
-17.59
-17.33
-16.93
-16.35
-15.53
-14.35
-12.69
-10.41
-7.47
-3.96
-0.14
3.65
7.05
9.91
12.22
14.10
15.68
17.03
18.13
18.91
19.35
19.48
19.39
19.19
18.90
18.52
17.95
17.15
16.11
14.91
13.66
12.50
11.55
10.85
10.38
10.03
9.60
8.87
7.68
6.03
4.07
2.08
0.35
-0.93
-1.75
-2.26
-2.72
-3.38
-4.37
-5.70
-7.21
-8.64
-9.67
-10.03
-9.56
-8.24
-6.24
-3.85
-1.42
0.76
2.51
3.78
4.62
5.13
5.45
5.65
5.77
5.84
5.81
5.69
5.47
5.19
4.90
4.64
4.40
4.15
3.86
3.50
3.07
2.59
2.04
1.40
0.64
-0.27
-1.31
-2.41
-3.48
-4.42
-5.18
-5.81
-6.38
-7.06
-7.97
-9.14
-10.46
-11.65
-12.35
-12.21
-11.04
-8.91
-6.15
-3.19
-0.49
1.70
3.32
4.51
5.43
6.23
6.93
7.50
7.92
8.18
8.34
8.45
8.51
8.50
8.33
7.93
7.30
6.51
5.70
5.01
4.52
4.23
4.00
3.64
2.98
1.93
0.56
-0.92
-2.28
-3.38
-4.22
-4.92
-5.64
-6.51
-7.57
-8.75
-9.89
-10.78
-11.18
-10.85
-9.65
-7.61
-4.96
-2.06
0.68
2.98
4.77
6.13
7.20
8.12
8.93
9.57
9.98
10.10
9.94
9.60
9.20
8.82
8.52
8.25
7.91
7.37
6.55
5.45
4.16
2.82
1.59
0.57
-0.25
-0.91
-1.55
-2.29
-3.17
-4.16
-5.13
-5.95
-6.50
-6.76
-6.81
-6.76
-6.76
-6.89
-7.15
-7.46
-7.67
-7.59
-7.04
-5.89
-4.12
-1.84
0.70
3.14
5.18
6.64
7.53
8.01
8.30
8.55
8.81
9.05
9.20
9.21
9.06
8.79
8.40
7.90
7.29
6.57
5.77
4.97
4.22
3.59
3.10
2.73
2.39
1.96
1.33
0.41
-0.79
-2.19
-3.66
-5.06
-6.28
-7.26
-8.04
-8.65
-9.18
-9.73
-10.38
-11.16
-12.02
-12.80
-13.29
-13.22
-12.43
-10.89
-8.72
-6.21
-3.67
-1.41
0.41
1.74
2.65
3.24
3.62
3.88
4.04
4.17
4.29
4.41
4.56
4.69
4.72
4.57
4.19
3.59
2.87
2.16
1.59
1.21
1.00
0.86
0.65
0.28
-0.27
-0.97
-1.77
-2.62
-3.50
-4.44
-5.48
-6.64
-7.85
-8.98
-9.83
-10.15
-9.80
-8.74
-7.09
-5.09
-3.04
-1.18
0.38
1.64
2.68
3.56
4.33
4.97
5.53
6.03
6.52
7.02
7.42
7.60
7.43
6.91
6.15
5.34
4.64
4.12
3.71
3.29
2.78
2.12
1.32
0.41
-0.57
-1.58
-2.57
-3.48
-4.28
-4.99
-5.71
-6.51
-7.44
-8.42
-9.34
-10.09
-10.63
-10.96
-11.07
-10.88
-10.26
-9.05
-7.21
-4.90
-2.42
-0.12
1.71
3.02
3.91
4.58
5.22
5.94
6.72
7.45
8.00
8.26
8.22
7.90
7.39
6.77
6.11
5.44
4.77
4.11
3.49
2.91
2.36
1.77
1.09
0.27
-0.63
-1.50
-2.19
-2.70
-3.10
-3.60
-4.37
-5.44
-6.70
-7.91
-8.86
-9.46
-9.82
-10.14
-10.63
-11.36
-12.24
-13.04
-13.45
-13.18
-12.10
-10.21
-7.71
-4.90
-2.11
0.41
2.50
4.09
5.24
6.05
6.63
7.14
7.72
8.40
9.16
9.84
10.28
10.36
10.09
9.60
9.05
8.55
8.13
7.73
7.31
6.83
6.29
5.71
5.03
4.19
3.16
1.99
0.80
-0.24
-1.07
-1.74
-2.42
-3.24
-4.22
-5.25
-6.16
-6.82
-7.27
-7.65
-8.18
-9.02
-10.20
-11.61
-13.03
-14.18
-14.75
-14.50
-13.33
-11.26
-8.54
-5.51
-2.57
-0.01
2.01
3.49
4.53
5.27
5.84
6.33
6.77
7.16
7.43
7.55
7.50
7.34
7.14
7.01
6.93
6.84
6.58
6.08
5.34
4.49
3.70
3.04
2.46
1.80
0.92
-0.25
-1.60
-2.92
-4.04
-4.89
-5.51
-6.05
-6.61
-7.22
-7.83
-8.38
-8.88
-9.36
-9.87
-10.34
-10.58
-10.29
-9.21
-7.25
-4.58
-1.59
1.29
3.73
5.63
7.09
8.31
9.42
10.41
11.15
11.48
11.35
10.83
10.11
9.42
8.92
8.66
8.52
8.36
8.04
7.51
6.82
6.07
5.36
4.67
3.93
3.02
1.86
0.48
-1.06
-2.63
-4.12
-5.41
-6.45
-7.20
-7.71
-8.11
-8.61
-9.36
-10.42
-11.59
-12.54
-12.88
-12.31
-10.78
-8.48
-5.75
-2.97
-0.41
1.76
3.47
4.76
5.73
6.51
7.25
8.06
8.94
9.82
10.54
10.92
10.87
10.41
9.64
8.75
7.87
7.07
6.35
5.66
4.95
4.23
3.54
2.90
2.29
1.65
0.86
-0.14
-1.34
-2.64
-3.88
-4.96
-5.87
-6.67
-7.49
-8.34
-9.19
-9.90
-10.39
-10.66
-10.81
-11.01
-11.35
-11.81
-12.16
-12.08
-11.25
-9.48
-6.83
-3.56
-0.07
3.24
6.09
8.33
9.97
11.11
11.88
12.42
12.84
13.22
13.59
13.90
14.03
13.83
13.23
12.26
11.03
9.72
8.50
7.46
6.60
5.88
5.26
4.68
4.10
3.49
2.77
1.90
0.89
-0.21
-1.28
-2.19
-2.93
-3.57
-4.23
-5.04
-5.98
-6.97
-7.87
-8.55
-8.99
-9.28
-9.56
-9.97
-10.56
-11.31
-12.08
-12.66
-12.81
-12.30
-10.98
-8.90
-6.29
-3.51
-0.95
1.11
2.53
3.36
3.73
3.81
3.81
3.89
4.14
4.63
5.26
5.89
6.30
6.34
5.94
5.20
4.31
3.44
2.74
2.24
1.91
1.68
1.47
1.19
0.76
0.09
-0.85
-2.03
-3.32
-4.56
-5.58
-6.28
-6.66
-6.81
-6.87
-6.97
-7.18
-7.57
-8.15
-8.82
-9.44
-9.73
-9.42
-8.30
-6.36
-3.83
-1.10
1.41
3.43
4.87
5.83
6.52
7.11
7.68
8.22
8.66
8.90
8.88
8.56
8.03
7.40
6.83
6.39
6.07
5.74
5.26
4.55
3.65
2.72
1.90
1.27
0.77
0.28
-0.35
-1.15
-2.08
-3.02
-3.84
-4.51
-5.05
-5.57
-6.16
-6.88
-7.71
-8.58
-9.34
-9.82
-9.91
-9.50
-8.57
-7.15
-5.30
-3.18
-0.97
1.10
2.87
4.26
5.25
5.92
6.36
6.67
6.91
7.14
7.37
7.61
7.85
8.05
8.15
8.07
7.74
7.15
6.35
5.38
4.33
3.29
2.29
1.39
0.60
-0.10
-0.71
-1.31
-1.97
-2.78
-3.78
-4.93
-6.15
-7.31
-8.33
-9.17
-9.87
-10.49
-11.13
-11.84
-12.69
-13.62
-14.49
-15.07
-15.03
-14.12
-12.21
-9.40
-6.05
-2.61
0.48
2.92
4.66
5.86
6.75
7.57
8.49
9.52
10.57
11.49
12.14
12.41
12.32
11.90
11.26
10.50
9.71
8.95
8.26
7.61
6.93
6.17
5.23
4.11
2.89
1.72
0.75
0.05
-0.46
-0.95
-1.60
-2.52
-3.66
-4.85
-5.89
-6.66
-7.17
-7.49
-7.79
-8.18
-8.77
-9.60
-10.60
-11.65
-12.53
-12.96
-12.70
-11.59
-9.67
-7.12
-4.26
-1.44
1.03
2.94
4.22
4.96
5.31
5.51
5.75
6.10
6.53
6.90
7.06
6.89
6.42
5.77
5.11
4.61
4.34
4.24
4.21
4.13
3.94
3.64
3.26
2.79
2.18
1.35
0.26
-0.99
-2.22
-3.25
-3.93
-4.32
-4.54
-4.77
-5.13
-5.63
-6.23
-6.90
-7.64
-8.45
-9.30
-10.03
-10.38
-10.11
-9.05
-7.25
-4.91
-2.36
0.09
2.19
3.85
5.10
6.04
6.82
7.55
8.23
8.80
9.11
9.06
8.62
7.93
7.18
6.60
6.25
6.07
5.89
5.52
4.92
4.16
3.42
2.84
2.42
2.05
1.53
0.74
-0.36
-1.63
-2.90
-4.01
-4.87
-5.53
-6.10
-6.70
-7.44
-8.38
-9.48
-10.68
-11.79
-12.59
-12.80
-12.20
-10.68
-8.35
-5.49
-2.49
0.30
2.64
4.49
5.91
7.04
7.98
8.77
9.41
9.87
10.15
10.25
10.21
10.08
9.87
9.60
9.23
8.67
7.88
6.83
5.62
4.43
3.42
2.71
2.28
1.97
1.55
0.87
-0.12
-1.38
-2.78
-4.20
-5.56
-6.79
-7.84
-8.64
-9.19
-9.51
-9.70
-9.91
-10.29
-10.90
-11.71
-12.54
-13.11
-13.13
-12.36
-10.72
-8.29
-5.32
-2.14
0.91
3.52
5.54
6.95
7.90
8.61
9.31
10.11
10.96
11.67
12.02
11.91
11.39
10.67
9.94
9.33
8.80
8.23
7.56
6.79
6.03
5.39
4.95
4.71
4.59
4.47
4.26
3.88
3.35
2.72
2.08
1.52
1.08
0.75
0.49
0.22
-0.08
-0.45
-0.88
-1.39
-2.00
-2.77
-3.68
-4.72
-5.81
-6.90
-7.97
-9.03
-10.13
-11.24
-12.18
-12.69
-12.47
-11.34
-9.34
-6.77
-4.08
-1.70
0.11
1.32
2.09
2.65
3.16
3.68
4.16
4.51
4.64
4.55
4.28
3.91
3.52
3.14
2.81
2.52
2.25
2.00
1.79
1.60
1.42
1.20
0.95
0.67
0.41
0.21
0.05
-0.15
-0.51
-1.07
-1.82
-2.62
-3.29
-3.72
-3.87
-3.85
-3.83
-3.98
-4.40
-5.11
-6.04
-7.06
-8.02
-8.74
-9.00
-8.60
-7.43
-5.49
-3.01
-0.33
2.13
4.09
5.42
6.22
6.71
7.09
7.47
7.83
8.07
8.09
7.87
7.46
6.99
6.57
6.25
6.03
5.85
5.66
5.43
5.12
4.72
4.22
3.61
2.90
2.12
1.27
0.36
-0.62
-1.71
-2.90
-4.15
-5.34
-6.33
-7.02
-7.39
-7.55
-7.65
-7.89
-8.39
-9.16
-10.08
-10.92
-11.41
-11.29
-10.41
-8.75
-6.48
-3.86
-1.23
1.13
3.07
4.58
5.76
6.73
7.60
8.38
9.04
9.50
9.75
9.77
9.60
9.24
8.71
8.01
7.21
6.44
5.82
5.43
5.23
5.07
4.81
4.32
3.56
2.58
1.48
0.38
-0.64
-1.51
-2.20
-2.74
-3.20
-3.67
-4.25
-4.97
-5.78
-6.57
-7.22
-7.68
-7.96
-8.09
-8.18
-8.29
-8.51
-8.88
-9.40
-9.96
-10.38
-10.40
-9.77
-8.30
-6.01
-3.08
0.14
3.22
5.81
7.68
8.86
9.52
9.92
10.27
10.68
11.13
11.54
11.86
12.05
12.07
11.90
11.46
10.68
9.55
8.21
6.88
5.83
5.23
5.05
5.11
5.13
4.83
4.11
3.05
1.83
0.68
-0.31
-1.11
-1.81
-2.48
-3.13
-3.74
-4.29
-4.79
-5.33
-5.97
-6.73
-7.55
-8.34
-9.00
-9.58
-10.20
-11.01
-12.06
-13.27
-14.37
-14.98
-14.78
-13.62
-11.56
-8.89
-6.00
-3.27
-0.99
0.73
1.90
2.63
3.06
3.32
3.54
3.80
4.11
4.44
4.69
4.80
4.75
4.57
4.31
4.03
3.73
3.36
2.92
2.41
1.87
1.38
0.96
0.55
0.05
-0.65
-1.61
-2.76
-4.01
-5.22
-6.26
-7.09
-7.70
-8.15
-8.53
-8.91
-9.38
-9.96
-10.66
-11.41
-12.06
-12.40
-12.21
-11.33
-9.76
-7.61
-5.12
-2.55
-0.11
2.06
3.94
5.53
6.85
7.89
8.62
9.00
9.03
8.76
8.30
7.81
7.43
7.20
7.09
6.95
6.60
5.96
5.05
3.98
2.86
1.69
0.40
-1.18
-3.10
-5.27
-7.44
-9.29
-10.60
-11.28
-11.46
-11.36
-11.20
-11.11
-11.09
-11.05
-10.93
-10.69
-10.36
-10.00
-9.61
-9.09
-8.29
-7.01
-5.14
-2.70
0.15
3.16
6.08
8.73
11.06
13.13
15.03
16.86
18.69
20.50
22.22
23.74
24.95
25.79
26.22
26.30
26.11
25.75
25.24
24.58
23.70
22.60
21.36
20.10
18.98
18.06
17.28
16.44
15.33
13.81
11.85
9.53
7.02
4.49
2.11
0.00
-1.77
-3.21
-4.37
-5.38
-6.38
-7.48
-8.78
-10.35
-12.26
-14.56
-17.21
-20.03
-22.66
-24.65
-25.59
-25.25
-23.72
-21.30
-18.46
-15.68
-13.34
-11.68
-10.74
-10.40
-10.37
-10.28
-9.78
-8.74
-7.22
-5.51
-3.94
-2.73
-1.88
-1.22
-0.54
0.25
1.09
1.80
2.26
2.48
2.56
2.63
2.77
2.90
2.91
2.69
2.27
1.82
1.47
1.31
1.30
1.24
0.94
0.27
-0.72
-1.84
-2.85
-3.57
-3.99
-4.18
-4.36
-4.73
-5.42
-6.45
-7.73
-9.11
-10.35
-11.20
-11.42
-10.82
-9.36
-7.15
-4.50
-1.76
0.73
2.72
4.15
5.07
5.63
6.00
6.32
6.63
6.91
7.12
7.24
7.27
7.27
7.25
7.24
7.20
7.06
6.81
6.47
6.10
5.73
5.36
4.93
4.35
3.54
2.49
1.26
-0.01
-1.20
-2.28
-3.21
-4.07
-4.92
-5.80
-6.75
-7.78
-8.87
-9.95
-10.84
-11.30
-11.04
-9.86
-7.80
-5.11
-2.24
0.35
2.35
3.69
4.50
5.00
5.39
5.79
6.24
6.72
7.18
7.58
7.85
7.92
7.74
7.32
6.70
6.01
5.35
4.82
4.48
4.33
4.30
4.32
4.27
4.02
3.51
2.73
1.75
0.75
-0.11
-0.74
-1.17
-1.56
-2.12
-2.95
-4.02
-5.16
-6.10
-6.68
-6.84
-6.75
-6.65
-6.77
-7.27
-8.09
-9.04
-9.82
-10.11
-9.61
-8.21
-5.95
-3.06
0.10
3.12
5.70
7.64
8.91
9.62
9.94
10.07
10.20
10.46
10.89
11.39
11.80
11.95
11.71
11.10
10.24
9.33
8.53
7.88
7.32
6.70
5.90
4.89
3.74
2.59
1.56
0.71
0.04
-0.51
-1.00
-1.51
-2.11
-2.83
-3.68
-4.62
-5.56
-6.43
-7.15
-7.73
-8.22
-8.72
-9.33
-10.10
-11.03
-12.05
-12.99
-13.62
-13.70
-12.98
-11.37
-8.94
-5.93
-2.66
0.52
3.36
5.72
7.59
9.02
10.08
10.84
11.38
11.74
11.93
11.99
11.91
11.72
11.42
11.07
10.69
10.29
9.83
9.27
8.59
7.79
6.92
6.00
5.07
4.07
2.97
1.72
0.34
-1.10
-2.48
-3.69
-4.68
-5.43
-6.01
-6.53
-7.12
-7.80
-8.56
-9.26
-9.80
-10.09
-10.24
-10.44
-10.89
-11.69
-12.78
-13.84
-14.50
-14.38
-13.30
-11.29
-8.60
-5.58
-2.63
-0.00
2.18
3.96
5.48
6.82
8.01
8.94
9.47
9.53
9.17
8.55
7.87
7.27
6.82
6.48
6.22
6.04
5.95
5.96
6.02
6.01
5.83
5.42
4.80
4.04
3.25
2.48
1.72
0.96
0.17
-0.64
-1.47
-2.28
-3.08
-3.88
-4.70
-5.51
-6.28
-6.96
-7.54
-8.04
-8.48
-8.85
-9.05
-8.94
-8.39
-7.36
-5.93
-4.30
-2.67
-1.17
0.16
1.39
2.54
3.58
4.45
5.04
5.33
5.38
5.32
5.31
5.41
5.61
5.83
5.95
5.90
5.66
5.28
4.86
4.47
4.19
4.01
3.84
3.58
3.12
2.40
1.43
0.30
-0.86
-1.91
-2.76
-3.42
-3.97
-4.51
-5.14
-5.91
-6.80
-7.77
-8.76
-9.67
-10.39
-10.75
-10.58
-9.73
-8.18
-6.07
-3.69
-1.40
0.51
1.88
2.76
3.33
3.80
4.36
5.07
5.90
6.73
7.42
7.82
7.86
7.54
6.94
6.19
5.45
4.83
4.34
3.96
3.63
3.30
2.95
2.57
2.14
1.61
0.96
0.18
-0.64
-1.44
-2.11
-2.66
-3.14
-3.62
-4.20
-4.90
-5.71
-6.62
-7.63
-8.79
-10.08
-11.40
-12.55
-13.26
-13.28
-12.49
-10.93
-8.79
-6.35
-3.90
-1.70
0.11
1.49
2.54
3.38
4.18
5.03
5.94
6.82
7.56
8.09
8.43
8.63
8.74
8.77
8.64
8.25
7.58
6.71
5.80
5.04
4.55
4.29
4.10
3.77
3.14
2.15
0.91
-0.38
-1.51
-2.36
-2.91
-3.30
-3.71
-4.28
-5.03
-5.87
-6.63
-7.18
-7.49
-7.59
-7.61
-7.65
-7.83
-8.23
-8.92
-9.88
-10.99
-11.95
-12.35
-11.83
-10.21
-7.65
-4.55
-1.45
1.22
3.23
4.59
5.48
6.10
6.66
7.26
7.95
8.69
9.41
9.98
10.32
10.41
10.30
10.05
9.70
9.25
8.66
7.96
7.25
6.66
6.28
6.06
5.87
5.57
5.05
4.30
3.40
2.43
1.44
0.45
-0.57
-1.58
-2.56
-3.47
-4.30
-5.06
-5.80
-6.53
-7.29
-8.08
-8.93
-9.88
-10.97
-12.19
-13.47
-14.68
-15.61
-16.03
-15.76
-14.72
-12.94
-10.60
-7.97
-5.32
-2.89
-0.82
0.84
2.12
3.09
3.84
4.43
4.89
5.23
5.45
5.56
5.62
5.68
5.78
5.88
5.90
5.72
5.31
4.75
4.19
3.84
3.77
3.92
4.10
4.11
3.80
3.15
2.25
1.21
0.12
-0.95
-1.95
-2.82
-3.50
-3.99
-4.37
-4.78
-5.42
-6.43
-7.79
-9.30
-10.59
-11.22
-10.85
-9.37
-6.97
-4.08
-1.21
1.24
3.12
4.51
5.61
6.58
7.40
7.95
8.10
7.81
7.19
6.49
5.94
5.67
5.65
5.73
5.71
5.51
5.13
4.70
4.37
4.23
4.25
4.28
4.19
3.87
3.34
2.62
1.80
0.95
0.09
-0.72
-1.46
-2.15
-2.82
-3.58
-4.53
-5.70
-7.03
-8.34
-9.42
-10.01
-9.96
-9.19
-7.75
-5.79
-3.53
-1.23
0.86
2.62
3.99
5.02
5.76
6.27
6.60
6.77
6.83
6.83
6.82
6.83
6.86
6.85
6.76
6.53
6.12
5.56
4.89
4.20
3.56
2.99
2.45
1.87
1.19
0.39
-0.51
-1.46
-2.43
-3.41
-4.40
-5.38
-6.31
-7.14
-7.79
-8.24
-8.50
-8.64
-8.76
-9.00
-9.46
-10.09
-10.72
-11.03
-10.68
-9.44
-7.32
-4.58
-1.62
1.14
3.43
5.18
6.44
7.37
8.06
8.54
8.85
9.01
9.08
9.16
9.30
9.47
9.57
9.44
8.99
8.26
7.36
6.48
5.74
5.13
4.59
4.02
3.37
2.64
1.86
1.06
0.21
-0.70
-1.64
-2.51
-3.23
-3.73
-4.09
-4.41
-4.83
-5.38
-5.98
-6.54
-6.98
-7.32
-7.69
-8.18
-8.84
-9.62
-10.36
-10.89
-10.97
-10.42
-9.06
-6.87
-3.98
-0.69
2.58
5.43
7.61
9.09
10.04
10.68
11.21
11.70
12.16
12.53
12.77
12.89
12.89
12.74
12.38
11.77
10.94
9.96
8.98
8.13
7.46
6.92
6.38
5.73
4.91
3.93
2.86
1.76
0.67
-0.39
-1.38
-2.28
-3.05
-3.73
-4.40
-5.16
-6.06
-7.05
-8.00
-8.76
-9.25
-9.50
-9.65
-9.88
-10.35
-11.09
-12.03
-13.00
-13.79
-14.17
-13.96
-13.02
-11.33
-8.96
-6.12
-3.16
-0.43
1.77
3.31
4.26
4.83
5.23
5.62
6.04
6.41
6.66
6.76
6.76
6.71
6.62
6.45
6.13
5.64
5.06
4.50
4.10
3.93
3.91
3.91
3.73
3.26
2.52
1.60
0.62
-0.32
-1.21
-2.10
-3.00
-3.89
-4.72
-5.42
-6.01
-6.59
-7.30
-8.26
-9.47
-10.79
-11.97
-12.75
-12.92
-12.44
-11.36
-9.84
-8.04
-6.11
-4.17
-2.35
-0.73
0.56
1.51
2.16
2.63
3.04
3.46
3.84
4.09
4.10
3.84
3.35
2.74
2.15
1.61
1.14
0.71
0.29
-0.11
-0.49
-0.83
-1.19
-1.62
-2.23
-3.05
-4.06
-5.19
-6.31
-7.33
-8.21
-8.98
-9.71
-10.47
-11.30
-12.19
-13.13
-14.03
-14.78
-15.23
-15.19
-14.49
-13.08
-11.05
-8.67
-6.26
-4.13
-2.42
-1.14
-0.15
0.69
1.50
2.33
3.13
3.87
4.50
4.99
5.33
5.52
5.56
5.51
5.47
5.57
5.88
6.40
7.04
7.63
8.02
8.13
7.97
7.61
7.08
6.39
5.49
4.39
3.13
1.83
0.62
-0.47
-1.47
-2.44
-3.43
-4.44
-5.40
-6.29
-7.06
-7.67
-8.01
-7.85
-6.95
-5.13
-2.45
0.81
4.19
7.24
9.68
11.46
12.75
13.78
14.71
15.61
16.40
16.98
17.23
17.10
16.65
15.96
15.18
14.40
13.64
12.85
11.96
10.94
9.85
8.79
7.90
7.18
6.53
5.73
4.64
3.21
1.64
0.18
-0.93
-1.59
-1.94
-2.19
-2.57
-3.17
-3.96
-4.82
-5.61
-6.28
-6.82
-7.27
-7.67
-8.08
-8.54
-9.11
-9.81
-10.58
-11.25
-11.54
-11.15
-9.85
-7.63
-4.69
-1.45
1.67
4.38
6.56
8.30
9.73
10.94
11.94
12.69
13.15
13.35
13.35
13.21
12.96
12.59
12.13
11.60
11.05
10.51
9.96
9.36
8.67
7.91
7.14
6.40
5.71
4.99
4.15
3.09
1.83
0.49
-0.72
-1.62
-2.13
-2.33
-2.43
-2.68
-3.24
-4.13
-5.26
-6.44
-7.56
-8.53
-9.36
-10.07
-10.70
-11.32
-11.99
-12.75
-13.54
-14.16
-14.34
-13.80
-12.43
-10.34
-7.82
-5.24
-2.90
-0.99
0.47
1.52
2.24
2.73
3.08
3.39
3.69
3.97
4.16
4.19
4.06
3.81
3.51
3.22
2.99
2.83
2.72
2.66
2.65
2.61
2.47
2.15
1.65
1.02
0.37
-0.21
-0.69
-1.12
-1.56
-2.05
-2.62
-3.26
-3.96
-4.72
-5.55
-6.44
-7.39
-8.35
-9.28
-10.09
-10.66
-10.82
-10.42
-9.35
-7.62
-5.43
-3.07
-0.90
0.85
2.08
2.86
3.37
3.78
4.17
4.53
4.79
4.90
4.83
4.60
4.24
3.80
3.30
2.78
2.27
1.80
1.41
1.13
0.97
0.91
0.90
0.86
0.70
0.38
-0.09
-0.68
-1.31
-1.94
-2.53
-3.06
-3.51
-3.86
-4.15
-4.43
-4.78
-5.27
-5.91
-6.67
-7.43
-8.06
-8.40
-8.28
-7.57
-6.23
-4.36
-2.19
-0.01
1.87
3.32
4.35
5.12
5.84
6.64
7.55
8.50
9.33
9.90
10.11
9.92
9.36
8.51
7.50
6.44
5.43
4.55
3.84
3.34
3.07
2.97
2.97
2.89
2.63
2.13
1.47
0.79
0.20
-0.25
-0.67
-1.17
-1.87
-2.75
-3.73
-4.68
-5.49
-6.14
-6.63
-6.96
-7.14
-7.20
-7.27
-7.50
-8.04
-8.92
-9.93
-10.72
-10.90
-10.18
-8.54
-6.20
-3.52
-0.92
1.31
3.04
4.28
5.14
5.78
6.34
6.91
7.57
8.30
9.04
9.62
9.90
9.73
9.06
7.98
6.64
5.27
4.05
3.09
2.44
2.08
1.99
2.10
2.27
2.37
2.28
1.90
1.26
0.45
-0.36
-1.04
-1.51
-1.80
-2.03
-2.33
-2.84
-3.59
-4.52
-5.49
-6.37
-7.04
-7.50
-7.83
-8.21
-8.82
-9.77
-11.05
-12.53
-13.90
-14.85
-15.08
-14.42
-12.87
-10.62
-7.94
-5.17
-2.64
-0.59
0.90
1.90
2.61
3.29
4.10
5.09
6.12
6.99
7.55
7.76
7.69
7.47
7.21
6.92
6.58
6.19
5.76
5.34
4.99
4.69
4.41
4.10
3.71
3.25
2.75
2.21
1.65
1.05
0.40
-0.26
-0.87
-1.40
-1.85
-2.27
-2.75
-3.41
-4.32
-5.53
-6.98
-8.50
-9.83
-10.64
-10.60
-9.53
-7.51
-4.81
-1.89
0.79
2.90
4.33
5.15
5.56
5.76
5.95
6.22
6.58
6.98
7.30
7.39
7.11
6.44
5.49
4.48
3.60
2.98
2.59
2.27
1.89
1.38
0.83
0.37
0.12
0.05
-0.00
-0.21
-0.68
-1.40
-2.23
-3.00
-3.60
-3.99
-4.22
-4.40
-4.67
-5.12
-5.85
-6.84
-8.04
-9.27
-10.27
-10.76
-10.50
-9.33
-7.29
-4.55
-1.49
1.51
4.05
5.89
6.99
7.53
7.77
8.01
8.45
9.12
9.88
10.53
10.82
10.66
10.04
9.09
7.99
6.94
6.08
5.49
5.19
5.13
5.24
5.39
5.45
5.27
4.75
3.88
2.74
1.51
0.40
-0.43
-0.91
-1.15
-1.37
-1.78
-2.53
-3.61
-4.85
-6.04
-7.01
-7.68
-8.11
-8.43
-8.83
-9.46
-10.33
-11.35
-12.29
-12.83
-12.72
-11.78
-10.04
-7.73
-5.15
-2.63
-0.39
1.49
3.04
4.32
5.42
6.39
7.28
8.12
8.93
9.72
10.41
10.91
11.11
10.95
10.46
9.78
9.05
8.44
8.04
7.85
7.81
7.80
7.70
7.43
6.96
6.33
5.65
5.04
4.58
4.23
3.92
3.57
3.15
2.70
2.33
2.09
1.94
1.77
1.45
0.91
0.13
-0.78
-1.71
-2.58
-3.38
-4.18
-5.06
-6.10
-7.34
-8.77
-10.28
-11.69
-12.77
-13.25
-12.93
-11.77
-9.89
-7.59
-5.25
-3.23
-1.76
-0.88
-0.45
-0.19
0.16
0.78
1.68
2.71
3.62
4.21
4.36
4.07
3.46
2.70
2.01
1.51
1.29
1.33
1.55
1.87
2.23
2.61
2.97
3.26
3.38
3.23
2.72
1.89
0.82
-0.32
-1.41
-2.36
-3.18
-3.89
-4.54
-5.14
-5.74
-6.40
-7.20
-8.18
-9.27
-10.27
-10.90
-10.89
-10.10
-8.60
-6.68
-4.71
-3.04
-1.84
-1.05
-0.47
0.13
0.85
1.66
2.40
2.90
3.08
2.93
2.50
1.87
1.12
0.30
-0.47
-1.06
-1.40
-1.49
-1.44
-1.42
-1.52
-1.76
-2.07
-2.37
-2.62
-2.88
-3.22
-3.67
-4.17
-4.62
-4.94
-5.14
-5.29
-5.50
-5.82
-6.22
-6.62
-6.93
-7.12
-7.24
-7.34
-7.42
-7.38
-7.06
-6.25
-4.80
-2.70
-0.12
2.68
5.39
7.72
9.53
10.76
11.51
11.95
12.26
12.56
12.89
13.15
13.20
12.94
12.35
11.50
10.54
9.56
8.64
7.80
7.06
6.41
5.86
5.32
4.68
3.80
2.62
1.19
-0.35
-1.80
-3.02
-3.95
-4.62
-5.14
-5.59
-6.07
-6.63
-7.32
-8.10
-8.88
-9.52
-9.92
-10.04
-9.98
-9.93
-10.08
-10.49
-11.04
-11.44
-11.31
-10.36
-8.51
-5.92
-2.90
0.19
3.06
5.56
7.62
9.24
10.43
11.25
11.76
12.10
12.40
12.72
13.01
13.19
13.14
12.82
12.28
11.59
10.83
10.02
9.16
8.26
7.40
6.67
6.10
5.64
5.12
4.36
3.28
1.98
0.68
-0.36
-0.99
-1.27
-1.40
-1.63
-2.13
-2.92
-3.92
-5.03
-6.14
-7.23
-8.27
-9.23
-10.07
-10.79
-11.45
-12.17
-13.06
-14.11
-15.14
-15.79
-15.71
-14.67
-12.67
-9.97
-7.00
-4.15
-1.71
0.20
1.63
2.67
3.43
3.96
4.35
4.65
4.94
5.27
5.64
5.98
6.20
6.24
6.09
5.81
5.47
5.14
4.81
4.48
4.15
3.83
3.53
3.25
2.91
2.44
1.77
0.92
-0.02
-0.93
-1.70
-2.32
-2.86
-3.40
-4.02
-4.75
-5.53
-6.37
-7.25
-8.21
-9.19
-10.09
-10.67
-10.69
-10.00
-8.61
-6.69
-4.51
-2.34
-0.39
1.24
2.48
3.37
3.98
4.41
4.77
5.15
5.53
5.81
5.90
5.76
5.41
4.98
4.59
4.32
4.15
4.02
3.88
3.73
3.65
3.67
3.75
3.79
3.59
3.02
2.06
0.81
-0.51
-1.72
-2.71
-3.46
-4.00
-4.39
-4.67
-4.89
-5.10
-5.42
-5.97
-6.85
-7.99
-9.19
-10.09
-10.33
-9.63
-7.90
-5.33
-2.31
0.68
3.20
5.05
6.23
6.96
7.48
7.96
8.42
8.80
9.05
9.15
9.15
9.09
8.98
8.77
8.39
7.86
7.26
6.72
6.35
6.18
6.17
6.20
6.17
6.00
5.69
5.25
4.68
3.96
3.09
2.11
1.10
0.16
-0.65
-1.35
-2.02
-2.79
-3.74
-4.83
-5.93
-6.92
-7.69
-8.27
-8.74
-9.24
-9.90
-10.76
-11.73
-12.59
-13.01
-12.70
-11.43
-9.22
-6.29
-3.00
0.23
3.10
5.45
7.29
8.74
9.94
10.97
11.88
12.64
13.19
13.48
13.46
13.17
12.63
11.91
11.09
10.20
9.29
8.39
7.50
6.61
5.71
4.81
3.91
3.05
2.24
1.46
0.65
-0.21
-1.13
-2.10
-3.04
-3.92
-4.75
-5.57
-6.45
-7.38
-8.34
-9.26
-10.09
-10.83
-11.50
-12.15
-12.86
-13.65
-14.53
-15.43
-16.26
-16.84
-16.94
-16.38
-15.05
-13.00
-10.43
-7.67
-5.04
-2.81
-1.09
0.12
0.95
1.50
1.89
2.15
2.29
2.29
2.19
2.06
1.98
2.00
2.11
2.22
2.26
2.19
2.02
1.83
1.70
1.69
1.77
1.86
1.90
1.83
1.64
1.37
1.07
0.80
0.53
0.21
-0.23
-0.87
-1.68
-2.61
-3.58
-4.53
-5.51
-6.53
-7.57
-8.49
-9.06
-9.04
-8.27
-6.82
-4.88
-2.76
-0.73
1.05
2.56
3.88
5.11
6.30
7.47
8.60
9.60
10.40
10.93
11.13
11.02
10.66
10.15
9.57
8.99
8.43
7.86
7.31
6.77
6.29
5.88
5.54
5.21
4.84
4.35
3.72
2.92
1.96
0.83
-0.43
-1.74
-3.00
-4.08
-4.90
-5.49
-5.94
-6.42
-7.06
-7.94
-9.04
-10.26
-11.41
-12.27
-12.56
-12.06
-10.69
-8.53
-5.88
-3.14
-0.71
1.17
2.44
3.23
3.78
4.27
4.82
5.43
6.09
6.72
7.23
7.55
7.61
7.39
6.98
6.50
6.13
5.99
6.14
6.53
7.06
7.59
8.01
8.23
8.16
7.77
7.05
6.06
4.93
3.83
2.96
2.43
2.26
2.35
2.50
2.50
2.22
1.62
0.79
-0.12
-0.94
-1.56
-1.98
-2.27
-2.60
-3.10
-3.87
-4.85
-5.88
-6.64
-6.79
-6.10
-4.54
-2.33
0.17
2.57
4.61
6.21
7.45
8.49
9.46
10.43
11.42
12.41
13.36
14.25
15.00
15.51
15.70
15.47
14.76
13.60
12.07
10.32
8.55
6.98
5.74
4.89
4.34
3.92
3.43
2.74
1.83
0.77
-0.36
-1.51
-2.69
-3.94
-5.26
-6.60
-7.91
-9.13
-10.23
-11.24
-12.18
-13.04
-13.77
-14.37
-14.88
-15.46
-16.23
-17.21
-18.22
-18.92
-18.89
-17.87
-15.89
-13.22
-10.32
-7.62
-5.37
-3.66
-2.38
-1.36
-0.48
0.34
1.11
1.81
2.44
3.00
3.44
3.72
3.78
3.59
3.23
2.82
2.48
2.31
2.29
2.32
2.30
2.17
1.95
1.72
1.49
1.19
0.72
-0.04
-1.07
-2.23
-3.32
-4.19
-4.78
-5.19
-5.59
-6.13
-6.88
-7.81
-8.88
-9.96
-10.93
-11.62
-11.84
-11.44
-10.32
-8.58
-6.45
-4.25
-2.27
-0.74
0.30
0.93
1.30
1.61
2.00
2.51
3.07
3.54
3.77
3.69
3.33
2.85
2.44
2.23
2.27
2.46
2.65
2.72
2.67
2.53
2.37
2.22
2.07
1.86
1.54
1.12
0.65
0.18
-0.23
-0.62
-1.03
-1.56
-2.28
-3.26
-4.55
-6.16
-8.01
-9.91
-11.58
-12.66
-12.88
-12.14
-10.57
-8.49
-6.29
-4.30
-2.61
-1.18
0.15
1.51
2.90
4.21
5.33
6.21
6.93
7.64
8.45
9.37
10.25
10.92
11.23
11.18
10.89
10.51
10.12
9.70
9.19
8.49
7.56
6.45
5.23
3.98
2.75
1.55
0.38
-0.70
-1.65
-2.43
-3.01
-3.43
-3.77
-4.12
-4.55
-5.09
-5.72
-6.43
-7.20
-8.03
-8.85
-9.55
-9.90
-9.66
-8.63
-6.80
-4.36
-1.66
0.94
3.16
4.92
6.29
7.44
8.48
9.45
10.26
10.77
10.91
10.71
10.35
10.01
9.82
9.71
9.51
9.02
8.13
6.92
5.60
4.44
3.60
3.09
2.77
2.41
1.86
1.04
0.02
-1.08
-2.10
-2.94
-3.57
-4.05
-4.48
-4.98
-5.58
-6.26
-6.91
-7.38
-7.59
-7.51
-7.28
-7.06
-7.02
-7.27
-7.77
-8.40
-8.94
-9.11
-8.69
-7.52
-5.56
-2.94
0.11
3.29
6.30
8.90
10.94
12.39
13.29
13.78
14.03
14.18
14.34
14.49
14.55
14.43
14.10
13.61
13.04
12.46
11.90
11.33
10.75
10.19
9.72
9.36
9.02
8.53
7.69
6.42
4.77
2.87
0.86
-1.23
-3.46
-5.92
-8.58
-11.30
-13.83
-15.98
-17.62
-18.78
-19.57
-20.11
-20.52
-20.90
-21.31
-21.79
-22.27
-22.60
-22.50
-21.66
-19.84
-17.03
-13.45
-9.58
-5.93
-2.94
-0.83
0.48
1.22
1.71
2.16
2.59
2.92
3.04
2.88
2.53
2.12
1.82
1.67
1.63
1.58
1.44
1.17
0.82
0.48
0.27
0.19
0.21
0.24
0.16
-0.06
-0.40
-0.76
-1.02
-1.11
-1.02
-0.83
-0.66
-0.63
-0.82
-1.25
-1.87
-2.56
-3.19
-3.60
-3.62
-3.10
-1.97
-0.23
1.98
4.37
6.59
8.36
9.58
10.32
10.81
11.23
11.68
12.09
12.34
12.34
12.12
11.76
11.32
10.78
10.00
8.85
7.30
5.44
3.52
1.75
0.32
-0.77
-1.54
-2.10
-2.54
-2.92
-3.33
-3.87
-4.62
-5.64
-6.86
-8.10
-9.08
-9.59
-9.53
-9.01
-8.31
-7.78
-7.67
-8.06
-8.77
-9.47
-9.77
-9.38
-8.19
-6.26
-3.81
-1.12
1.56
4.02
6.12
7.77
8.94
9.61
9.86
9.83
9.63
9.39
9.15
8.86
8.44
7.79
6.86
5.65
4.25
2.77
1.33
0.02
-1.08
-1.95
-2.60
-3.07
-3.44
-3.78
-4.14
-4.53
-4.91
-5.24
-5.50
-5.69
-5.83
-5.98
-6.14
-6.28
-6.35
-6.29
-6.05
-5.66
-5.22
-4.85
-4.72
-4.91
-5.44
-6.25
-7.14
-7.85
-8.12
-7.72
-6.52
-4.50
-1.82
1.25
4.31
6.99
9.02
10.30
10.95
11.23
11.38
11.57
11.84
12.11
12.25
12.16
11.86
11.41
10.95
10.53
10.17
9.85
9.51
9.13
8.75
8.43
8.23
8.14
8.10
7.98
7.66
7.08
6.27
5.34
4.42
3.62
2.91
2.20
1.37
0.39
-0.67
-1.65
-2.38
-2.81
-3.07
-3.37
-3.88
-4.71
-5.79
-6.95
-8.02
-8.92
-9.60
-10.02
-10.06
-9.55
-8.34
-6.40
-3.89
-1.18
1.34
3.33
4.65
5.33
5.57
5.60
5.60
5.68
5.85
6.09
6.35
6.62
6.86
7.01
7.00
6.76
6.25
5.54
4.74
3.98
3.33
2.79
2.26
1.63
0.86
-0.02
-0.89
-1.66
-2.26
-2.72
-3.09
-3.43
-3.79
-4.17
-4.57
-5.00
-5.44
-5.91
-6.42
-7.02
-7.77
-8.72
-9.83
-10.90
-11.66
-11.76
-10.99
-9.36
-7.07
-4.51
-2.04
0.09
1.81
3.18
4.32
5.29
6.09
6.69
7.05
7.16
7.07
6.87
6.61
6.32
5.97
5.55
5.04
4.42
3.71
2.96
2.18
1.40
0.62
-0.16
-0.98
-1.84
-2.73
-3.62
-4.46
-5.23
-5.90
-6.52
-7.14
-7.80
-8.51
-9.25
-9.98
-10.68
-11.36
-12.02
-12.61
-13.02
-13.03
-12.43
-11.09
-9.06
-6.59
-4.03
-1.71
0.17
1.61
2.72
3.68
4.60
5.55
6.51
7.43
8.23
8.84
9.14
9.04
8.51
7.61
6.48
5.32
4.32
3.57
3.07
2.73
2.41
2.00
1.43
0.71
-0.08
-0.86
-1.59
-2.30
-3.06
-3.95
-4.95
-6.01
-7.00
-7.82
-8.42
-8.85
-9.17
-9.50
-9.91
-10.44
-11.08
-11.73
-12.24
-12.36
-11.83
-10.49
-8.34
-5.59
-2.65
0.08
2.27
3.81
4.81
5.46
6.01
6.58
7.21
7.82
8.37
8.80
9.09
9.24
9.23
9.01
8.55
7.87
7.02
6.10
5.20
4.38
3.60
2.83
2.01
1.17
0.36
-0.32
-0.83
-1.21
-1.59
-2.12
-2.90
-3.94
-5.14
-6.32
-7.29
-7.93
-8.22
-8.24
-8.16
-8.16
-8.37
-8.88
-9.67
-10.64
-11.61
-12.29
-12.34
-11.50
-9.63
-6.86
-3.51
-0.05
3.05
5.52
7.28
8.45
9.26
9.90
10.48
11.03
11.51
11.87
12.04
11.97
11.63
11.08
10.40
9.74
9.27
9.06
9.10
9.25
9.26
8.93
8.14
6.96
5.60
4.32
3.30
2.59
2.07
1.55
0.85
-0.07
-1.14
-2.19
-3.10
-3.80
-4.38
-4.97
-5.70
-6.60
-7.59
-8.59
-9.57
-10.54
-11.57
-12.65
-13.61
-14.12
-13.86
-12.63
-10.48
-7.75
-4.85
-2.20
-0.01
1.68
2.98
4.05
4.96
5.75
6.39
6.86
7.14
7.24
7.17
6.95
6.60
6.16
5.66
5.15
4.62
4.09
3.57
3.09
2.70
2.40
2.15
1.88
1.44
0.75
-0.23
-1.43
-2.69
-3.84
-4.73
-5.31
-5.65
-5.87
-6.18
-6.75
-7.66
-8.89
-10.27
-11.53
-12.38
-12.55
-11.90
-10.41
-8.17
-5.43
-2.52
0.21
2.45
4.08
5.17
5.90
6.53
7.24
8.07
8.94
9.75
10.39
10.80
10.94
10.81
10.42
9.81
9.03
8.17
7.33
6.56
5.85
5.17
4.50
3.84
3.24
2.70
2.18
1.57
0.75
-0.32
-1.63
-3.03
-4.40
-5.61
-6.64
-7.50
-8.21
-8.79
-9.30
-9.81
-10.43
-11.25
-12.24
-13.18
-13.76
-13.62
-12.59
-10.67
-8.13
-5.31
-2.58
-0.17
1.79
3.34
4.58
5.65
6.67
7.73
8.81
9.81
10.58
10.92
10.74
10.06
9.03
7.89
6.88
6.18
5.81
5.69
5.66
5.55
5.22
4.63
3.83
2.90
1.94
0.98
0.08
-0.75
-1.50
-2.14
-2.65
-3.05
-3.45
-3.95
-4.62
-5.44
-6.26
-6.92
-7.29
-7.38
-7.36
-7.46
-7.90
-8.70
-9.69
-10.53
-10.83
-10.33
-8.93
-6.79
-4.23
-1.61
0.82
2.92
4.74
6.35
7.84
9.21
10.43
11.43
12.18
12.66
12.85
12.71
12.19
11.28
10.07
8.74
7.48
6.43
5.63
5.01
4.42
3.79
3.07
2.29
1.51
0.79
0.16
-0.42
-0.96
-1.50
-2.08
-2.72
-3.45
-4.23
-5.01
-5.72
-6.28
-6.63
-6.78
-6.77
-6.68
-6.65
-6.79
-7.21
-7.88
-8.66
-9.31
-9.53
-9.05
-7.73
-5.63
-3.00
-0.19
2.44
4.61
6.24
7.40
8.24
8.89
9.42
9.79
9.93
9.82
9.53
9.21
9.01
9.00
9.08
9.10
8.89
8.38
7.66
6.92
6.34
6.01
5.85
5.67
5.32
4.74
4.00
3.26
2.62
2.11
1.60
0.94
0.03
-1.08
-2.26
-3.35
-4.29
-5.08
-5.83
-6.57
-7.31
-7.97
-8.48
-8.85
-9.17
-9.60
-10.22
-11.01
-11.75
-12.10
-11.74
-10.49
-8.40
-5.77
-3.01
-0.52
1.45
2.87
3.88
4.61
5.18
5.57
5.71
5.58
5.23
4.81
4.50
4.39
4.48
4.69
4.88
4.95
4.86
4.64
4.31
3.91
3.44
2.93
2.44
2.02
1.70
1.43
1.10
0.61
-0.08
-0.92
-1.78
-2.53
-3.10
-3.49
-3.75
-3.99
-4.30
-4.78
-5.47
-6.35
-7.35
-8.27
-8.92
-9.07
-8.63
-7.59
-6.09
-4.35
-2.58
-0.95
0.47
1.66
2.66
3.52
4.26
4.89
5.38
5.67
5.72
5.51
5.07
4.50
3.94
3.46
3.12
2.86
2.58
2.21
1.72
1.15
0.61
0.15
-0.23
-0.63
-1.15
-1.86
-2.70
-3.55
-4.24
-4.70
-4.97
-5.18
-5.48
-5.97
-6.67
-7.53
-8.47
-9.37
-10.12
-10.56
-10.52
-9.82
-8.42
-6.40
-3.98
-1.52
0.67
2.38
3.58
4.40
5.04
5.68
6.35
6.97
7.40
7.52
7.32
6.86
6.24
5.57
4.87
4.18
3.50
2.84
2.21
1.64
1.15
0.76
0.49
0.32
0.18
-0.06
-0.49
-1.15
-1.95
-2.75
-3.40
-3.83
-4.08
-4.27
-4.52
-4.86
-5.23
-5.53
-5.62
-5.51
-5.28
-5.10
-5.15
-5.50
-6.15
-6.91
-7.56
-7.84
-7.58
-6.69
-5.22
-3.34
-1.26
0.82
2.74
4.47
6.00
7.36
8.54
9.49
10.18
10.61
10.83
10.90
10.84
10.61
10.17
9.50
8.65
7.75
6.93
6.26
5.73
5.26
4.78
4.26
3.72
3.24
2.86
2.58
2.35
2.05
1.58
0.89
0.02
-0.91
-1.72
-2.31
-2.66
-2.90
-3.20
-3.69
-4.41
-5.23
-6.01
-6.62
-7.03
-7.34
-7.70
-8.24
-8.98
-9.82
-10.55
-10.88
-10.60
-9.58
-7.90
-5.79
-3.54
-1.44
0.32
1.66
2.60
3.23
3.65
4.00
4.35
4.71
5.05
5.27
5.26
4.98
4.45
3.78
3.10
2.51
2.04
1.66
1.32
0.97
0.62
0.30
0.05
-0.12
-0.25
-0.42
-0.73
-1.23
-1.96
-2.88
-3.90
-4.90
-5.77
-6.44
-6.90
-7.19
-7.38
-7.54
-7.77
-8.14
-8.68
-9.32
-9.90
-10.13
-9.75
-8.55
-6.57
-4.01
-1.23
1.42
3.67
5.44
6.76
7.72
8.45
9.03
9.51
9.89
10.12
10.09
9.74
9.07
8.17
7.25
6.48
5.97
5.67
5.45
5.16
4.75
4.27
3.81
3.41
3.01
2.49
1.75
0.76
-0.39
-1.55
-2.58
-3.42
-4.08
-4.58
-4.93
-5.16
-5.35
-5.59
-6.01
-6.65
-7.47
-8.34
-9.01
-9.24
-8.84
-7.71
-5.88
-3.53
-0.97
1.49
3.60
5.25
6.50
7.48
8.35
9.16
9.90
10.54
11.02
11.33
11.41
11.19
10.59
9.57
8.22
6.74
5.38
4.38
3.80
3.54
3.38
3.06
2.43
1.49
0.36
-0.77
-1.75
-2.51
-3.09
-3.58
-4.07
-4.64
-5.31
-6.02
-6.71
-7.26
-7.60
-7.72
-7.68
-7.64
-7.77
-8.17
-8.79
-9.42
-9.75
-9.46
-8.36
-6.48
-4.03
-1.36
1.17
3.34
5.07
6.44
7.60
8.73
9.89
11.08
12.18
13.07
13.61
13.76
13.53
13.04
12.38
11.65
10.86
9.95
8.86
7.59
6.24
4.99
4.03
3.44
3.17
3.00
2.70
2.16
1.41
0.61
-0.08
-0.59
-0.97
-1.40
-1.99
-2.78
-3.70
-4.62
-5.47
-6.22
-6.92
-7.59
-8.28
-8.99
-9.76
-10.62
-11.57
-12.50
-13.18
-13.32
-12.67
-11.15
-8.89
-6.20
-3.46
-0.97
1.09
2.68
3.85
4.71
5.35
5.84
6.27
6.73
7.23
7.72
8.10
8.23
8.02
7.49
6.74
5.91
5.13
4.47
3.91
3.40
2.90
2.40
1.94
1.49
1.00
0.40
-0.39
-1.37
-2.49
-3.62
-4.64
-5.46
-6.06
-6.47
-6.81
-7.18
-7.68
-8.35
-9.18
-10.07
-10.91
-11.52
-11.74
-11.45
-10.56
-9.09
-7.16
-4.96
-2.71
-0.61
1.16
2.55
3.56
4.25
4.70
5.02
5.29
5.54
5.76
5.89
5.89
5.71
5.38
4.94
4.42
3.85
3.24
2.62
2.07
1.67
1.47
1.46
1.48
1.37
0.96
0.19
-0.83
-1.94
-2.97
-3.81
-4.49
-5.10
-5.76
-6.50
-7.30
-8.12
-8.90
-9.63
-10.26
-10.68
-10.67
-10.03
-8.60
-6.46
-3.90
-1.33
0.84
2.40
3.36
3.95
4.46
5.09
5.90
6.81
7.67
8.33
8.70
8.74
8.47
8.00
7.41
6.83
6.32
5.86
5.41
4.92
4.37
3.82
3.32
2.89
2.47
1.96
1.25
0.30
-0.88
-2.16
-3.42
-4.54
-5.42
-6.05
-6.47
-6.80
-7.20
-7.82
-8.73
-9.90
-11.16
-12.27
-12.95
-12.98
-12.21
-10.66
-8.49
-5.97
-3.41
-1.07
0.88
2.43
3.66
4.68
5.63
6.57
7.45
8.21
8.76
9.05
9.07
8.88
8.55
8.17
7.75
7.34
6.94
6.60
6.33
6.13
5.90
5.48
4.75
3.66
2.30
0.90
-0.31
-1.15
-1.61
-1.79
-1.91
-2.12
-2.57
-3.25
-4.12
-5.09
-6.02
-6.79
-7.31
-7.58
-7.68
-7.82
-8.20
-8.94
-9.98
-11.05
-11.81
-11.90
-11.15
-9.57
-7.34
-4.72
-1.97
0.69
3.10
5.11
6.65
7.70
8.34
8.71
9.00
9.33
9.71
10.08
10.30
10.27
9.97
9.51
9.02
8.59
8.24
7.89
7.46
6.90
6.26
5.61
5.03
4.48
3.87
3.10
2.13
1.02
-0.09
-1.06
-1.85
-2.56
-3.32
-4.27
-5.42
-6.66
-7.84
-8.79
-9.46
-9.91
-10.28
-10.74
-11.40
-12.28
-13.25
-14.07
-14.40
-13.95
-12.55
-10.26
-7.34
-4.21
-1.31
1.08
2.89
4.23
5.33
6.37
7.41
8.35
9.04
9.32
9.18
8.73
8.17
7.67
7.28
6.93
6.47
5.82
5.00
4.17
3.53
3.23
3.23
3.36
3.35
2.96
2.12
0.91
-0.45
-1.73
-2.76
-3.46
-3.84
-4.00
-4.11
-4.32
-4.79
-5.64
-6.86
-8.33
-9.79
-10.91
-11.36
-10.92
-9.57
-7.50
-5.04
-2.60
-0.49
1.15
2.32
3.16
3.84
4.49
5.18
5.89
6.55
7.05
7.31
7.28
6.96
6.45
5.83
5.18
4.55
3.93
3.30
2.71
2.20
1.82
1.53
1.19
0.65
-0.21
-1.38
-2.75
-4.13
-5.38
-6.39
-7.18
-7.79
-8.32
-8.86
-9.56
-10.55
-11.89
-13.51
-15.10
-16.24
-16.49
-15.58
-13.60
-10.94
-8.13
-5.62
-3.62
-2.08
-0.82
0.36
1.52
2.65
3.68
4.61
5.43
6.19
6.86
7.42
7.81
7.97
7.87
7.51
6.93
6.21
5.53
5.08
5.03
5.38
6.02
6.72
7.30
7.67
7.89
8.08
8.30
8.45
8.35
7.79
6.69
5.12
3.35
1.65
0.23
-0.86
-1.75
-2.63
-3.73
-5.15
-6.92
-8.89
-10.85
-12.46
-13.38
-13.28
-11.98
-9.50
-6.12
-2.29
1.53
4.93
7.75
10.00
11.83
13.40
14.84
16.14
17.21
17.87
17.96
17.38
16.19
14.57
12.80
11.17
9.81
8.75
7.86
6.97
5.94
4.71
3.30
1.83
0.47
-0.61
-1.27
-1.43
-1.13
-0.53
0.13
0.59
0.69
0.36
-0.32
-1.20
-2.15
-3.10
-4.02
-4.92
-5.82
-6.72
-7.65
-8.62
-9.63
-10.62
-11.42
-11.81
-11.61
-10.72
-9.22
-7.29
-5.14
-2.96
-0.88
0.99
2.59
3.85
4.78
5.42
5.87
6.20
6.45
6.61
6.65
6.55
6.35
6.08
5.76
5.37
4.88
4.30
3.72
3.23
2.87
2.59
2.23
1.65
0.74
-0.48
-1.86
-3.23
-4.41
-5.31
-5.87
-6.15
-6.25
-6.35
-6.62
-7.18
-8.02
-8.99
-9.79
-10.09
-9.62
-8.30
-6.18
-3.55
-0.73
1.90
4.09
5.71
6.80
7.55
8.15
8.73
9.25
9.58
9.55
9.09
8.25
7.21
6.19
5.32
4.59
3.88
3.10
2.18
1.19
0.21
-0.65
-1.36
-1.94
-2.42
-2.82
-3.15
-3.46
-3.82
-4.30
-4.93
-5.65
-6.31
-6.75
-6.89
-6.74
-6.44
-6.19
-6.15
-6.44
-7.08
-8.00
-9.03
-9.91
-10.34
-10.06
-8.91
-6.95
-4.40
-1.62
1.05
3.31
5.01
6.13
6.78
7.13
7.37
7.62
7.91
8.13
8.14
7.82
7.15
6.23
5.21
4.26
3.51
3.01
2.76
2.75
2.91
3.14
3.32
3.35
3.16
2.76
2.21
1.54
0.77
-0.10
-1.05
-2.04
-3.01
-3.93
-4.80
-5.66
-6.55
-7.48
-8.42
-9.34
-10.26
-11.21
-12.25
-13.36
-14.41
-15.12
-15.19
-14.34
-12.50
-9.82
-6.65
-3.42
-0.53
1.81
3.56
4.80
5.70
6.38
6.97
7.52
8.08
8.64
9.17
9.60
9.80
9.68
9.21
8.43
7.49
6.59
5.85
5.31
4.87
4.40
3.81
3.08
2.25
1.39
0.55
-0.28
-1.12
-1.94
-2.68
-3.31
-3.82
-4.33
-4.98
-5.84
-6.85
-7.85
-8.68
-9.24
-9.63
-10.05
-10.68
-11.59
-12.64
-13.54
-13.90
-13.41
-11.93
-9.50
-6.37
-2.90
0.50
3.52
5.95
7.75
9.04
9.97
10.67
11.20
11.48
11.39
10.82
9.79
8.43
6.96
5.56
4.33
3.24
2.19
1.02
-0.30
-1.75
-3.15
-4.27
-4.90
-4.90
-4.31
-3.33
-2.25
-1.40
-0.97
-1.00
-1.40
-1.99
-2.66
-3.33
-3.98
-4.64
-5.35
-6.13
-6.97
-7.81
-8.48
-8.73
-8.28
-6.91
-4.64
-1.69
1.48
4.40
6.74
8.37
9.39
10.01
10.44
10.78
11.03
11.14
11.07
10.82
10.37
9.71
8.75
7.41
5.71
3.75
1.79
0.13
-1.03
-1.62
-1.74
-1.62
-1.48
-1.48
-1.69
-2.08
-2.58
-3.08
-3.48
-3.68
-3.65
-3.43
-3.09
-2.74
-2.49
-2.43
-2.62
-3.06
-3.68
-4.29
-4.62
-4.38
-3.31
-1.38
1.21
4.06
6.70
8.79
10.21
11.05
11.53
11.80
11.88
11.69
11.15
10.27
9.17
8.03
6.98
6.01
5.07
4.06
2.95
1.77
0.62
-0.44
-1.38
-2.21
-2.99
-3.76
-4.57
-5.44
-6.36
-7.31
-8.27
-9.20
-10.09
-10.92
-11.67
-12.31
-12.73
-12.85
-12.67
-12.26
-11.78
-11.41
-11.29
-11.42
-11.67
-11.78
-11.47
-10.52
-8.79
-6.30
-3.20
0.28
3.84
7.20
10.13
12.46
14.15
15.26
15.91
16.24
16.37
16.32
16.07
15.60
14.90
13.99
12.97
11.90
10.84
9.83
8.91
8.11
7.49
7.06
6.79
6.55
6.22
5.71
5.01
4.19
3.34
2.53
1.73
0.89
-0.08
-1.20
-2.45
-3.71
-4.91
-5.96
-6.88
-7.71
-8.51
-9.38
-10.39
-11.56
-12.80
-13.91
-14.59
-14.52
-13.51
-11.59
-9.01
-6.21
-3.56
-1.35
0.40
1.79
2.97
4.02
4.93
5.62
6.03
6.14
6.01
5.75
5.44
5.18
5.00
4.92
4.94
5.00
5.00
4.82
4.40
3.75
2.97
2.21
1.56
1.05
0.58
0.00
-0.83
-1.96
-3.33
-4.74
-5.97
-6.86
-7.39
-7.66
-7.86
-8.19
-8.77
-9.55
-10.32
-10.76
-10.57
-9.54
-7.69
-5.25
-2.60
-0.11
1.93
3.46
4.52
5.28
5.88
6.41
6.87
7.25
7.51
7.60
7.45
7.01
6.25
5.23
4.07
2.93
1.98
1.32
0.93
0.70
0.48
0.12
-0.48
-1.34
-2.45
-3.76
-5.22
-6.76
-8.24
-9.51
-10.41
-10.86
-10.89
-10.66
-10.38
-10.29
-10.56
-11.21
-12.12
-13.04
-13.62
-13.53
-12.54
-10.64
-7.98
-4.92
-1.83
0.95
3.24
5.00
6.35
7.44
8.40
9.29
10.11
10.80
11.30
11.53
11.44
11.00
10.20
9.09
7.75
6.31
4.89
3.57
2.42
1.44
0.60
-0.17
-0.93
-1.79
-2.79
-3.97
-5.26
-6.54
-7.67
-8.53
-9.06
-9.30
-9.34
-9.35
-9.46
-9.78
-10.37
-11.19
-12.17
-13.20
-14.13
-14.83
-15.11
-14.77
-13.64
-11.64
-8.90
-5.70
-2.47
0.41
2.77
4.65
6.29
7.93
9.69
11.53
13.24
14.61
15.50
15.93
15.98
15.79
15.47
15.13
14.83
14.65
14.62
14.74
14.94
15.11
15.09
14.72
13.93
12.68
11.02
9.09
7.08
5.17
3.53
2.21
1.16
0.18
-0.88
-2.15
-3.62
-5.16
-6.60
-7.77
-8.62
-9.15
-9.50
-9.83
-10.32
-11.07
-12.11
-13.35
-14.51
-15.28
-15.34
-14.46
-12.64
-10.02
-6.91
-3.64
-0.55
2.12
4.21
5.68
6.58
7.04
7.23
7.32
7.43
7.59
7.79
7.97
8.11
8.21
8.29
8.35
8.37
8.27
7.97
7.42
6.67
5.83
5.03
4.36
3.78
3.18
2.46
1.56
0.48
-0.67
-1.82
-2.88
-3.82
-4.65
-5.38
-6.02
-6.66
-7.35
-8.18
-9.17
-10.26
-11.31
-12.08
-12.34
-11.89
-10.64
-8.60
-5.97
-3.07
-0.28
2.03
3.68
4.66
5.15
5.41
5.68
6.07
6.59
7.15
7.64
7.99
8.14
8.07
7.80
7.37
6.86
6.34
5.88
5.50
5.17
4.88
4.60
4.34
4.05
3.63
2.96
1.93
0.55
-1.01
-2.51
-3.75
-4.62
-5.20
-5.67
-6.20
-6.93
-7.90
-9.09
-10.40
-11.68
-12.70
-13.16
-12.79
-11.44
-9.21
-6.41
-3.43
-0.70
1.53
3.17
4.25
4.90
5.28
5.52
5.72
5.92
6.09
6.18
6.11
5.84
5.37
4.78
4.18
3.65
3.23
2.90
2.61
2.30
1.94
1.51
1.00
0.43
-0.22
-0.99
-1.88
-2.90
-3.99
-5.11
-6.19
-7.18
-8.04
-8.76
-9.35
-9.85
-10.29
-10.75
-11.29
-11.90
-12.48
-12.83
-12.66
-11.72
-9.89
-7.26
-4.17
-1.07
1.60
3.56
4.79
5.47
5.93
6.45
7.16
8.04
8.94
9.66
10.07
10.16
9.99
9.63
9.15
8.58
7.90
7.11
6.20
5.25
4.36
3.57
2.90
2.28
1.60
0.78
-0.23
-1.38
-2.56
-3.68
-4.65
-5.47
-6.16
-6.74
-7.22
-7.59
-7.87
-8.16
-8.56
-9.15
-9.91
-10.69
-11.23
-11.26
-10.59
-9.19
-7.16
-4.68
-1.98
0.75
3.35
5.66
7.58
9.02
9.99
10.60
11.01
11.40
11.86
12.37
12.78
12.94
12.71
12.07
11.11
10.02
8.97
8.11
7.49
7.08
6.79
6.56
6.29
5.90
5.29
4.38
3.16
1.73
0.26
-1.07
-2.14
-3.02
-3.87
-4.85
-6.02
-7.31
-8.51
-9.46
-10.14
-10.65
-11.15
-11.75
-12.44
-13.14
-13.73
-14.10
-14.14
-13.70
-12.61
-10.75
-8.16
-5.14
-2.11
0.52
2.53
4.01
5.22
6.39
7.65
8.88
9.88
10.52
10.81
10.87
10.88
10.89
10.86
10.67
10.21
9.52
8.74
8.00
7.44
7.04
6.74
6.43
6.05
5.58
5.01
4.32
3.45
2.37
1.07
-0.33
-1.68
-2.81
-3.67
-4.32
-4.96
-5.78
-6.88
-8.23
-9.63
-10.86
-11.66
-11.84
-11.30
-10.03
-8.16
-5.93
-3.63
-1.54
0.18
1.54
2.61
3.53
4.38
5.14
5.76
6.17
6.34
6.33
6.24
6.15
6.13
6.15
6.14
5.99
5.59
4.90
3.98
2.96
2.02
1.33
0.94
0.78
0.69
0.47
-0.06
-0.96
-2.16
-3.45
-4.61
-5.47
-6.01
-6.34
-6.68
-7.21
-8.00
-9.03
-10.14
-11.12
-11.77
-11.89
-11.32
-10.05
-8.17
-5.91
-3.61
-1.55
0.10
1.37
2.41
3.43
4.53
5.69
6.74
7.51
7.90
7.90
7.64
7.26
6.87
6.48
6.04
5.49
4.81
4.08
3.36
2.72
2.17
1.63
0.98
0.17
-0.82
-1.88
-2.87
-3.70
-4.31
-4.80
-5.30
-5.97
-6.89
-8.04
-9.26
-10.38
-11.24
-11.80
-12.17
-12.49
-12.90
-13.50
-14.26
-15.03
-15.64
-15.87
-15.51
-14.37
-12.39
-9.60
-6.26
-2.73
0.60
3.46
5.76
7.63
9.27
10.83
12.38
13.85
15.13
16.13
16.79
17.07
16.93
16.34
15.35
14.08
12.73
11.54
10.61
9.92
9.35
8.72
7.97
7.14
6.32
5.60
4.95
4.27
3.42
2.38
1.19
0.03
-0.97
-1.76
-2.42
-3.10
-3.92
-4.97
-6.22
-7.61
-9.11
-10.70
-12.40
-14.18
-15.91
-17.38
-18.32
-18.53
-17.96
-16.73
-15.08
-13.29
-11.54
-9.93
-8.50
-7.27
-6.30
-5.64
-5.31
-5.28
-5.47
-5.84
-6.38
-7.08
-7.92
-8.82
-9.66
-10.42
-11.10
-11.79
-12.54
-13.28
-13.88
-14.16
-13.98
-13.32
-12.24
-10.83
-9.20
-7.41
-5.47
-3.33
-0.90
1.90
5.08
8.54
12.06
15.33
17.99
19.74
20.42
20.04
18.80
17.03
15.14
13.51
12.43
12.04
12.33
13.15
14.29
15.45
16.38
16.85
16.77
16.17
15.26
14.28
13.49
13.01
12.84
12.84
12.83
12.66
12.27
11.68
11.00
10.28
9.50
8.58
7.38
5.84
4.03
2.15
0.41
-1.05
-2.23
-3.25
-4.26
-5.32
-6.37
-7.35
-8.23
-9.08
-10.04
-11.18
-12.50
-13.86
-15.13
-16.20
-17.06
-17.71
-18.09
-18.00
-17.22
-15.63
-13.35
-10.72
-8.16
-6.08
-4.61
-3.68
-3.03
-2.39
-1.58
-0.55
0.62
1.82
2.91
3.82
4.50
5.04
5.56
6.21
7.10
8.15
9.18
9.91
10.08
9.60
8.59
7.32
6.14
5.34
5.02
5.11
5.39
5.63
5.66
5.40
4.89
4.21
3.44
2.65
1.87
1.14
0.49
-0.07
-0.61
-1.20
-1.90
-2.69
-3.42
-3.87
-3.75
-2.88
-1.22
1.03
3.55
5.93
7.83
9.09
9.71
9.91
9.95
10.05
10.31
10.69
11.07
11.30
11.25
10.86
10.12
9.07
7.81
6.45
5.20
4.18
3.47
3.02
2.69
2.33
1.81
1.12
0.33
-0.45
-1.10
-1.56
-1.86
-2.10
-2.42
-2.99
-3.85
-4.96
-6.12
-7.09
-7.63
-7.55
-6.82
-5.51
-3.77
-1.80
0.20
2.06
3.63
4.87
5.80
6.49
6.99
7.32
7.46
7.38
7.12
6.79
6.58
6.58
6.78
7.05
7.19
7.07
6.74
6.33
6.06
6.06
6.32
6.69
6.96
6.93
6.46
5.54
4.21
2.64
0.97
-0.59
-1.91
-2.91
-3.59
-4.01
-4.26
-4.42
-4.61
-4.96
-5.61
-6.65
-8.06
-9.72
-11.39
-12.79
-13.62
-13.66
-12.80
-11.03
-8.50
-5.50
-2.44
0.24
2.25
3.50
4.13
4.42
4.70
5.10
5.61
6.04
6.22
6.03
5.49
4.72
3.82
2.89
1.95
1.06
0.31
-0.21
-0.41
-0.32
-0.05
0.17
0.15
-0.21
-0.88
-1.74
-2.65
-3.50
-4.28
-4.99
-5.68
-6.34
-6.96
-7.50
-7.97
-8.41
-8.87
-9.40
-9.99
-10.61
-11.13
-11.34
-11.06
-10.10
-8.43
-6.18
-3.63
-1.15
0.98
2.57
3.64
4.30
4.74
5.08
5.42
5.76
6.10
6.40
6.64
6.79
6.79
6.57
6.09
5.31
4.31
3.21
2.18
1.34
0.72
0.28
-0.11
-0.53
-1.02
-1.56
-2.14
-2.77
-3.48
-4.29
-5.13
-5.85
-6.31
-6.45
-6.36
-6.25
-6.38
-6.87
-7.72
-8.74
-9.60
-9.98
-9.62
-8.44
-6.55
-4.19
-1.69
0.61
2.48
3.80
4.60
4.94
4.94
4.70
4.29
3.82
3.37
3.02
2.80
2.65
2.51
2.29
1.97
1.61
1.29
1.09
1.03
1.04
1.01
0.84
0.47
-0.10
-0.80
-1.55
-2.23
-2.71
-2.95
-2.95
-2.84
-2.84
-3.15
-3.90
-5.02
-6.31
-7.47
-8.25
-8.49
-8.16
-7.33
-6.06
-4.46
-2.62
-0.69
1.17
2.75
3.90
4.59
4.90
5.00
5.04
5.11
5.19
5.18
4.98
4.57
4.06
3.58
3.23
3.05
2.95
2.82
2.56
2.20
1.81
1.48
1.25
1.05
0.76
0.32
-0.27
-0.94
-1.59
-2.19
-2.81
-3.53
-4.46
-5.60
-6.88
-8.16
-9.32
-10.21
-10.71
-10.66
-9.92
-8.47
-6.42
-4.06
-1.75
0.19
1.57
2.38
2.75
2.91
3.01
3.16
3.36
3.57
3.73
3.80
3.76
3.57
3.26
2.86
2.43
2.00
1.59
1.17
0.70
0.17
-0.34
-0.73
-0.89
-0.82
-0.70
-0.76
-1.20
-2.07
-3.21
-4.34
-5.22
-5.75
-6.02
-6.24
-6.58
-7.15
-7.90
-8.75
-9.60
-10.38
-10.96
-11.18
-10.77
-9.50
-7.27
-4.21
-0.72
2.69
5.50
7.43
8.47
8.86
8.96
9.09
9.38
9.80
10.18
10.35
10.20
9.74
9.02
8.14
7.19
6.24
5.37
4.66
4.14
3.80
3.56
3.29
2.89
2.36
1.73
1.08
0.47
-0.07
-0.55
-0.99
-1.39
-1.77
-2.19
-2.69
-3.28
-3.92
-4.50
-4.95
-5.20
-5.35
-5.56
-6.01
-6.81
-7.95
-9.21
-10.27
-10.71
-10.20
-8.56
-5.86
-2.47
1.05
4.16
6.47
7.91
8.64
8.97
9.17
9.37
9.53
9.57
9.41
9.08
8.69
8.34
8.05
7.74
7.28
6.62
5.80
4.98
4.36
4.02
3.89
3.78
3.50
2.94
2.15
1.30
0.54
-0.06
-0.54
-1.01
-1.55
-2.20
-2.93
-3.68
-4.37
-4.94
-5.33
-5.53
-5.54
-5.49
-5.57
-5.95
-6.76
-7.89
-9.06
-9.82
-9.73
-8.55
-6.33
-3.43
-0.38
2.31
4.34
5.67
6.45
6.87
7.07
7.10
6.94
6.61
6.19
5.80
5.50
5.32
5.17
4.96
4.64
4.20
3.71
3.24
2.82
2.48
2.19
1.95
1.74
1.55
1.34
1.05
0.64
0.05
-0.67
-1.46
-2.23
-2.90
-3.44
-3.90
-4.39
-5.02
-5.85
-6.87
-7.96
-8.91
-9.47
-9.43
-8.65
-7.14
-5.03
-2.60
-0.18
1.91
3.48
4.47
4.95
5.10
5.13
5.17
5.23
5.27
5.17
4.89
4.42
3.89
3.41
3.09
2.91
2.77
2.53
2.09
1.50
0.89
0.42
0.18
0.12
0.06
-0.22
-0.82
-1.72
-2.75
-3.72
-4.45
-4.92
-5.21
-5.48
-5.86
-6.44
-7.22
-8.12
-8.95
-9.48
-9.47
-8.73
-7.22
-5.09
-2.63
-0.23
1.75
3.10
3.81
4.08
4.18
4.39
4.84
5.49
6.17
6.65
6.76
6.50
5.96
5.33
4.78
4.40
4.15
3.93
3.61
3.12
2.44
1.64
0.81
0.02
-0.65
-1.17
-1.53
-1.77
-1.99
-2.30
-2.80
-3.50
-4.33
-5.17
-5.90
-6.49
-6.95
-7.38
-7.86
-8.43
-9.10
-9.80
-10.45
-10.87
-10.86
-10.25
-8.93
-6.93
-4.45
-1.78
0.79
2.99
4.69
5.84
6.52
6.85
6.97
7.05
7.19
7.40
7.63
7.75
7.64
7.23
6.58
5.81
5.10
4.57
4.27
4.15
4.10
3.98
3.69
3.17
2.45
1.60
0.70
-0.12
-0.78
-1.24
-1.53
-1.72
-1.91
-2.16
-2.50
-2.89
-3.28
-3.61
-3.89
-4.18
-4.55
-5.10
-5.86
-6.81
-7.83
-8.72
-9.19
-9.02
-8.05
-6.34
-4.10
-1.68
0.57
2.42
3.82
4.87
5.71
6.44
7.08
7.56
7.77
7.66
7.27
6.68
6.01
5.39
4.84
4.39
3.98
3.53
2.99
2.37
1.69
1.04
0.48
0.06
-0.23
-0.44
-0.61
-0.81
-1.12
-1.57
-2.21
-3.03
-3.96
-4.85
-5.52
-5.87
-5.88
-5.69
-5.50
-5.54
-5.91
-6.61
-7.50
-8.38
-9.04
-9.30
-9.02
-8.10
-6.53
-4.43
-2.02
0.38
2.44
3.99
4.98
5.57
5.94
6.25
6.51
6.66
6.60
6.31
5.85
5.33
4.89
4.57
4.34
4.12
3.84
3.46
3.00
2.52
2.05
1.63
1.22
0.79
0.27
-0.37
-1.15
-2.04
-2.96
-3.87
-4.68
-5.39
-5.98
-6.45
-6.85
-7.21
-7.60
-8.06
-8.60
-9.07
-9.29
-9.03
-8.15
-6.63
-4.62
-2.35
-0.05
2.05
3.79
5.10
5.98
6.48
6.76
7.01
7.37
7.89
8.44
8.83
8.86
8.43
7.59
6.52
5.40
4.44
3.71
3.23
2.92
2.68
2.45
2.17
1.81
1.39
0.90
0.33
-0.33
-1.09
-1.91
-2.72
-3.45
-4.01
-4.42
-4.74
-5.08
-5.51
-6.06
-6.69
-7.33
-7.91
-8.40
-8.73
-8.83
-8.58
-7.82
-6.43
-4.47
-2.12
0.28
2.38
3.90
4.79
5.17
5.27
5.34
5.52
5.82
6.15
6.36
6.37
6.16
5.78
5.28
4.68
3.97
3.17
2.35
1.67
1.33
1.44
1.98
2.75
3.45
3.83
3.75
3.26
2.54
1.77
1.11
0.61
0.26
-0.03
-0.33
-0.73
-1.26
-1.94
-2.66
-3.33
-3.80
-4.02
-4.03
-3.97
-4.04
-4.48
-5.38
-6.71
-8.20
-9.48
-10.11
-9.81
-8.53
-6.44
-3.92
-1.37
0.86
2.58
3.72
4.32
4.49
4.41
4.29
4.27
4.47
4.88
5.43
6.01
6.52
6.87
7.02
6.92
6.58
6.00
5.27
4.52
3.88
3.47
3.31
3.30
3.28
3.07
2.55
1.74
0.72
-0.34
-1.33
-2.21
-3.02
-3.81
-4.59
-5.34
-6.02
-6.62
-7.17
-7.77
-8.49
-9.37
-10.37
-11.41
-12.40
-13.31
-14.19
-15.12
-16.17
-17.28
-18.27
-18.87
-18.82
-17.98
-16.43
-14.44
-12.33
-10.38
-8.66
-7.09
-5.47
-3.65
-1.60
0.62
2.85
4.97
6.93
8.75
10.47
12.07
13.47
14.49
15.03
15.05
14.64
13.97
13.19
12.42
11.69
10.98
10.28
9.61
9.01
8.51
8.12
7.77
7.37
6.85
6.18
5.34
4.37
3.34
2.30
1.31
0.43
-0.34
-1.03
-1.69
-2.42
-3.29
-4.26
-5.18
-5.83
-5.92
-5.28
-3.89
-1.92
0.32
2.47
4.20
5.36
5.95
6.13
6.15
6.22
6.42
6.72
6.97
7.03
6.79
6.28
5.58
4.83
4.13
3.51
2.96
2.43
1.88
1.32
0.78
0.28
-0.12
-0.45
-0.78
-1.21
-1.82
-2.62
-3.57
-4.52
-5.38
-6.12
-6.77
-7.42
-8.05
-8.59
-8.83
-8.58
-7.70
-6.21
-4.27
-2.18
-0.23
1.37
2.54
3.36
3.97
4.56
5.21
5.89
6.49
6.89
6.99
6.78
6.33
5.82
5.40
5.20
5.28
5.57
5.96
6.31
6.55
6.66
6.67
6.62
6.48
6.19
5.71
5.02
4.19
3.37
2.70
2.26
2.06
2.00
1.98
1.93
1.79
1.56
1.20
0.72
0.09
-0.63
-1.40
-2.11
-2.74
-3.27
-3.75
-4.23
-4.71
-5.21
-5.71
-6.28
-6.98
-7.83
-8.79
-9.75
-10.60
-11.29
-11.82
-12.14
-12.10
-11.46
-10.00
-7.63
-4.57
-1.23
1.87
4.31
5.95
6.86
7.28
7.51
7.76
8.16
8.72
9.39
10.04
10.52
10.67
10.42
9.76
8.75
7.55
6.32
5.24
4.45
4.02
3.93
4.04
4.13
4.01
3.51
2.61
1.42
0.14
-1.00
-1.85
-2.37
-2.64
-2.80
-3.03
-3.43
-4.05
-4.83
-5.67
-6.47
-7.16
-7.73
-8.24
-8.73
-9.29
-9.91
-10.56
-11.05
-11.18
-10.74
-9.61
-7.84
-5.59
-3.15
-0.78
1.30
2.97
4.21
5.04
5.59
5.96
6.28
6.60
6.91
7.14
7.22
7.12
6.82
6.41
5.93
5.46
5.05
4.72
4.51
4.41
4.34
4.21
3.92
3.42
2.73
1.93
1.07
0.16
-0.78
-1.75
-2.70
-3.52
-4.16
-4.57
-4.80
-4.90
-4.96
-5.06
-5.28
-5.70
-6.31
-7.00
-7.52
-7.54
-6.79
-5.17
-2.86
-0.25
2.17
4.02
5.09
5.43
5.28
4.98
4.79
4.84
5.07
5.34
5.48
5.45
5.30
5.14
5.04
4.96
4.79
4.45
3.93
3.35
2.84
2.50
2.30
2.11
1.77
1.18
0.32
-0.71
-1.79
-2.84
-3.84
-4.83
-5.86
-6.88
-7.81
-8.56
-9.08
-9.44
-9.79
-10.24
-10.79
-11.29
-11.43
-10.92
-9.62
-7.58
-5.11
-2.57
-0.36
1.30
2.36
2.92
3.21
3.47
3.85
4.44
5.19
5.98
6.66
7.07
7.14
6.88
6.35
5.68
4.99
4.36
3.82
3.37
2.95
2.54
2.11
1.65
1.14
0.58
-0.03
-0.71
-1.46
-2.28
-3.14
-3.99
-4.79
-5.47
-6.04
-6.52
-7.02
-7.60
-8.34
-9.23
-10.20
-11.17
-11.97
-12.45
-12.41
-11.70
-10.25
-8.16
-5.71
-3.26
-1.16
0.36
1.30
1.84
2.24
2.72
3.40
4.21
5.03
5.72
6.20
6.52
6.75
6.96
7.16
7.27
7.22
6.98
6.60
6.22
5.95
5.85
5.87
5.88
5.74
5.35
4.67
3.79
2.79
1.82
0.96
0.24
-0.38
-0.97
-1.62
-2.38
-3.22
-4.07
-4.85
-5.52
-6.14
-6.81
-7.63
-8.67
-9.88
-11.12
-12.19
-12.83
-12.86
-12.15
-10.77
-8.89
-6.79
-4.76
-3.00
-1.58
-0.46
0.45
1.25
1.99
2.67
3.27
3.79
4.19
4.47
4.61
4.64
4.55
4.42
4.29
4.20
4.17
4.24
4.40
4.66
4.97
5.24
5.33
5.10
4.47
3.41
2.02
0.48
-1.02
-2.28
-3.20
-3.78
-4.06
-4.16
-4.18
-4.21
-4.29
-4.41
-4.51
-4.45
-4.13
-3.46
-2.42
-1.09
0.38
1.82
3.08
4.05
4.67
4.89
4.67
4.02
3.04
1.89
0.77
-0.16
-0.87
-1.43
-2.00
-2.66
-3.42
-4.14
-4.63
-4.73
-4.38
-3.61
-2.55
-1.35
-0.13
0.95
1.82
2.39
2.69
2.83
2.93
3.10
3.38
3.71
3.95
4.03
3.97
3.83
3.72
3.69
3.70
3.67
3.51
3.14
2.55
1.76
0.82
-0.15
-0.97
-1.39
-1.16
-0.12
1.70
4.05
6.56
8.82
10.50
11.48
11.80
11.65
11.25
10.84
10.54
10.35
10.21
9.99
9.57
8.85
7.81
6.47
4.90
3.19
1.48
-0.13
-1.54
-2.76
-3.85
-4.89
-5.92
-6.89
-7.69
-8.19
-8.32
-8.16
-7.85
-7.59
-7.52
-7.71
-8.11
-8.58
-8.97
-9.16
-9.08
-8.77
-8.33
-7.90
-7.62
-7.58
-7.70
-7.84
-7.74
-7.18
-6.03
-4.31
-2.18
0.11
2.33
4.30
5.93
7.22
8.15
8.77
9.13
9.29
9.31
9.20
8.91
8.36
7.51
6.44
5.28
4.24
3.43
2.85
2.41
1.95
1.41
0.86
0.40
0.15
0.07
0.05
-0.11
-0.52
-1.14
-1.81
-2.34
-2.61
-2.66
-2.69
-2.90
-3.41
-4.21
-5.15
-6.01
-6.65
-7.03
-7.24
-7.42
-7.74
-8.29
-9.06
-9.92
-10.63
-10.93
-10.59
-9.53
-7.78
-5.55
-3.13
-0.80
1.20
2.78
3.95
4.80
5.46
6.00
6.44
6.76
6.94
6.98
6.92
6.80
6.63
6.41
6.07
5.56
4.89
4.09
3.25
2.50
1.89
1.42
1.03
0.64
0.17
-0.41
-1.07
-1.74
-2.37
-2.94
-3.47
-4.00
-4.58
-5.24
-6.00
-6.83
-7.72
-8.62
-9.52
-10.38
-11.17
-11.82
-12.26
-12.39
-12.10
-11.31
-10.01
-8.27
-6.26
-4.19
-2.29
-0.72
0.45
1.28
1.94
2.59
3.37
4.28
5.20
5.97
6.43
6.52
6.30
5.94
5.60
5.35
5.19
5.09
5.01
5.00
5.13
5.44
5.85
6.18
6.19
5.72
4.78
3.53
2.28
1.27
0.64
0.30
0.03
-0.43
-1.27
-2.51
-4.00
-5.54
-6.90
-7.87
-8.34
-8.22
-7.47
-6.12
-4.28
-2.19
-0.12
1.63
2.87
3.58
3.88
4.00
4.13
4.41
4.84
5.36
5.82
6.12
6.21
6.08
5.81
5.44
5.05
4.69
4.38
4.14
3.99
3.92
3.90
3.85
3.68
3.31
2.66
1.76
0.72
-0.28
-1.08
-1.60
-1.91
-2.18
-2.65
-3.46
-4.66
-6.13
-7.64
-8.91
-9.68
-9.77
-9.10
-7.78
-6.03
-4.15
-2.41
-0.99
0.11
0.99
1.82
2.69
3.62
4.55
5.40
6.05
6.49
6.73
6.80
6.73
6.57
6.33
6.03
5.72
5.45
5.26
5.16
5.10
5.00
4.75
4.32
3.74
3.10
2.48
1.90
1.31
0.65
-0.12
-0.96
-1.78
-2.51
-3.13
-3.69
-4.31
-5.07
-5.99
-7.01
-8.00
-8.89
-9.67
-10.41
-11.15
-11.83
-12.23
-12.05
-11.03
-9.16
-6.66
-3.91
-1.33
0.84
2.57
3.97
5.16
6.24
7.21
8.07
8.77
9.31
9.65
9.72
9.49
8.98
8.32
7.66
7.16
6.86
6.71
6.59
6.42
6.14
5.76
5.32
4.84
4.32
3.76
3.17
2.54
1.89
1.23
0.54
-0.19
-0.97
-1.80
-2.65
-3.50
-4.34
-5.15
-5.93
-6.66
-7.32
-7.92
-8.50
-9.11
-9.78
-10.55
-11.34
-12.06
-12.55
-12.72
-12.51
-11.91
-10.93
-9.56
-7.77
-5.62
-3.23
-0.85
1.26
2.90
4.05
4.87
5.58
6.33
7.15
7.93
8.52
8.86
8.98
9.01
9.02
9.04
9.01
8.85
8.57
8.20
7.83
7.50
7.22
6.92
6.54
6.02
5.35
4.56
3.69
2.76
1.80
0.85
-0.07
-0.97
-1.86
-2.78
-3.77
-4.81
-5.85
-6.79
-7.56
-8.12
-8.52
-8.85
-9.23
-9.75
-10.43
-11.21
-11.94
-12.38
-12.28
-11.46
-9.86
-7.64
-5.11
-2.65
-0.58
0.98
2.11
3.03
3.99
5.14
6.44
7.73
8.80
9.53
9.91
10.04
10.02
9.93
9.70
9.28
8.65
7.91
7.23
6.76
6.51
6.37
6.12
5.62
4.85
3.89
2.88
1.90
0.95
-0.02
-1.03
-2.04
-2.95
-3.70
-4.31
-4.88
-5.52
-6.30
-7.20
-8.11
-8.88
-9.45
-9.89
-10.34
-10.94
-11.74
-12.62
-13.31
-13.52
-13.02
-11.75
-9.81
-7.46
-5.00
-2.63
-0.44
1.54
3.36
5.00
6.39
7.47
8.20
8.64
8.90
9.09
9.31
9.56
9.77
9.90
9.86
9.65
9.25
8.69
8.05
7.42
6.88
6.48
6.17
5.84
5.37
4.70
3.84
2.85
1.82
0.81
-0.16
-1.05
-1.85
-2.56
-3.20
-3.79
-4.38
-4.98
-5.58
-6.16
-6.71
-7.27
-7.93
-8.76
-9.77
-10.90
-12.00
-12.86
-13.24
-12.98
-11.98
-10.33
-8.21
-5.92
-3.74
-1.85
-0.32
0.91
1.91
2.75
3.45
4.01
4.43
4.73
4.93
5.05
5.10
5.05
4.92
4.72
4.51
4.33
4.16
4.00
3.81
3.60
3.36
3.10
2.80
2.40
1.83
1.10
0.26
-0.58
-1.32
-1.91
-2.39
-2.85
-3.37
-4.01
-4.79
-5.67
-6.63
-7.63
-8.62
-9.47
-10.04
-10.12
-9.58
-8.35
-6.53
-4.30
-1.98
0.17
1.92
3.20
4.03
4.53
4.83
5.05
5.23
5.41
5.56
5.66
5.71
5.69
5.60
5.43
5.18
4.86
4.52
4.22
4.04
4.00
4.05
4.07
3.90
3.45
2.68
1.68
0.61
-0.38
-1.18
-1.78
-2.27
-2.80
-3.50
-4.43
-5.55
-6.74
-7.85
-8.77
-9.42
-9.80
-9.83
-9.43
-8.46
-6.90
-4.85
-2.55
-0.31
1.64
3.18
4.37
5.32
6.16
6.92
7.59
8.11
8.43
8.54
8.48
8.30
8.09
7.91
7.79
7.72
7.63
7.45
7.15
6.75
6.28
5.78
5.23
4.59
3.83
2.99
2.16
1.41
0.74
0.04
-0.81
-1.90
-3.19
-4.53
-5.74
-6.72
-7.52
-8.26
-9.09
-10.06
-11.13
-12.18
-13.06
-13.64
-13.75
-13.22
-11.91
-9.80
-7.05
-4.03
-1.20
1.03
2.47
3.21
3.56
3.85
4.36
5.18
6.26
7.42
8.49
9.32
9.83
9.98
9.78
9.29
8.61
7.90
7.31
6.96
6.82
6.81
6.76
6.49
5.91
5.06
4.03
2.98
2.03
1.24
0.57
-0.06
-0.75
-1.57
-2.51
-3.53
-4.56
-5.54
-6.45
-7.31
-8.11
-8.80
-9.31
-9.66
-9.93
-10.29
-10.87
-11.67
-12.48
-12.89
-12.51
-11.10
-8.72
-5.70
-2.54
0.30
2.52
4.05
5.03
5.67
6.18
6.72
7.37
8.09
8.82
9.47
9.97
10.30
10.48
10.50
10.36
10.00
9.43
8.67
7.85
7.09
6.49
6.04
5.62
5.09
4.36
3.44
2.48
1.61
0.91
0.35
-0.17
-0.81
-1.64
-2.69
-3.87
-5.05
-6.08
-6.87
-7.38
-7.63
-7.71
-7.75
-7.89
-8.24
-8.84
-9.65
-10.53
-11.23
-11.48
-11.03
-9.76
-7.72
-5.14
-2.40
0.15
2.25
3.85
5.06
6.05
7.01
7.98
8.91
9.70
10.22
10.46
10.44
10.24
9.97
9.67
9.34
8.95
8.44
7.81
7.09
6.34
5.63
4.98
4.38
3.76
3.05
2.24
1.37
0.58
-0.06
-0.49
-0.80
-1.13
-1.61
-2.33
-3.25
-4.26
-5.24
-6.11
-6.82
-7.41
-7.95
-8.49
-9.09
-9.79
-10.61
-11.54
-12.46
-13.18
-13.44
-13.00
-11.76
-9.77
-7.27
-4.61
-2.16
-0.18
1.23
2.15
2.76
3.29
3.88
4.57
5.31
5.99
6.50
6.82
6.99
7.06
7.07
7.00
6.84
6.55
6.17
5.75
5.33
4.90
4.42
3.82
3.06
2.20
1.33
0.54
-0.10
-0.63
-1.13
-1.67
-2.31
-3.04
-3.85
-4.68
-5.52
-6.36
-7.22
-8.12
-9.06
-9.99
-10.78
-11.26
-11.30
-10.80
-9.78
-8.33
-6.59
-4.75
-2.99
-1.45
-0.26
0.57
1.11
1.50
1.95
2.58
3.41
4.35
5.22
5.88
6.25
6.36
6.30
6.14
5.94
5.70
5.39
5.00
4.53
4.03
3.53
3.07
2.64
2.24
1.82
1.36
0.77
-0.02
-1.03
-2.24
-3.51
-4.62
-5.44
-5.93
-6.19
-6.44
-6.89
-7.59
-8.45
-9.23
-9.66
-9.56
-8.84
-7.57
-5.87
-3.94
-1.97
-0.18
1.27
2.35
3.13
3.80
4.56
5.49
6.55
7.52
8.18
8.42
8.26
7.90
7.55
7.33
7.23
7.16
7.00
6.69
6.29
5.89
5.56
5.28
4.95
4.42
3.60
2.50
1.21
-0.09
-1.25
-2.17
-2.87
-3.47
-4.14
-5.01
-6.11
-7.37
-8.60
-9.64
-10.37
-10.84
-11.20
-11.65
-12.31
-13.14
-13.94
-14.42
-14.26
-13.31
-11.55
-9.17
-6.46
-3.73
-1.23
0.91
2.74
4.38
5.93
7.43
8.82
9.99
10.89
11.50
11.90
12.14
12.24
12.15
11.81
11.20
10.37
9.45
8.54
7.73
7.04
6.43
5.83
5.18
4.46
3.63
2.69
1.68
0.64
-0.38
-1.34
-2.23
-3.07
-3.87
-4.65
-5.36
-5.97
-6.45
-6.81
-7.09
-7.40
-7.84
-8.46
-9.27
-10.16
-10.98
-11.55
-11.68
-11.26
-10.21
-8.52
-6.25
-3.59
-0.74
2.02
4.46
6.46
7.99
9.14
10.06
10.84
11.52
12.08
12.47
12.69
12.74
12.61
12.30
11.80
11.10
10.27
9.41
8.65
8.09
7.72
7.44
7.06
6.44
5.51
4.30
2.94
1.59
0.40
-0.58
-1.39
-2.09
-2.81
-3.65
-4.64
-5.74
-6.83
-7.78
-8.48
-8.95
-9.29
-9.66
-10.19
-10.94
-11.86
-12.82
-13.67
-14.23
-14.33
-13.85
-12.72
-11.00
-8.81
-6.41
-4.06
-1.97
-0.29
0.97
1.84
2.42
2.82
3.14
3.46
3.82
4.22
4.65
5.07
5.43
5.67
5.73
5.56
5.14
4.58
4.01
3.62
3.50
3.68
4.04
4.44
4.70
4.72
4.45
3.90
3.12
2.17
1.19
0.31
-0.32
-0.61
-0.60
-0.46
-0.43
-0.74
-1.53
-2.76
-4.21
-5.54
-6.41
-6.64
-6.17
-5.13
-3.69
-2.05
-0.39
1.15
2.45
3.47
4.18
4.63
4.94
5.19
5.43
5.64
5.73
5.63
5.30
4.80
4.22
3.69
3.26
2.97
2.78
2.64
2.48
2.24
1.91
1.51
1.09
0.69
0.31
-0.07
-0.49
-1.00
-1.57
-2.18
-2.77
-3.32
-3.81
-4.23
-4.62
-5.02
-5.49
-6.09
-6.85
-7.68
-8.36
-8.65
-8.35
-7.38
-5.87
-4.07
-2.23
-0.53
0.95
2.23
3.35
4.33
5.19
5.91
6.53
7.05
7.44
7.65
7.65
7.42
7.05
6.64
6.32
6.10
5.92
5.69
5.30
4.74
4.10
3.55
3.22
3.13
3.17
3.15
2.90
2.33
1.48
0.47
-0.53
-1.42
-2.14
-2.73
-3.27
-3.82
-4.45
-5.20
-6.04
-6.92
-7.76
-8.49
-9.10
-9.62
-10.09
-10.56
-11.05
-11.49
-11.78
-11.75
-11.23
-10.14
-8.47
-6.38
-4.07
-1.80
0.26
2.03
3.53
4.82
5.98
7.06
8.05
8.93
9.64
10.15
10.46
10.59
10.63
10.65
10.66
10.62
10.38
9.80
8.86
7.68
6.50
5.56
5.00
4.75
4.61
4.35
3.82
3.09
2.30
1.63
1.16
0.81
0.43
-0.09
-0.78
-1.58
-2.35
-3.03
-3.61
-4.19
-4.87
-5.69
-6.64
-7.68
-8.77
-9.89
-11.02
-12.07
-12.83
-13.09
-12.65
-11.46
-9.68
-7.63
-5.61
-3.86
-2.41
-1.17
-0.02
1.11
2.24
3.27
4.15
4.85
5.35
5.68
5.90
6.03
6.09
6.07
5.95
5.69
5.29
4.78
4.24
3.76
3.37
3.03
2.66
2.13
1.42
0.57
-0.31
-1.14
-1.89
-2.58
-3.23
-3.85
-4.40
-4.80
-5.05
-5.21
-5.42
-5.79
-6.42
-7.27
-8.26
-9.25
-10.08
-10.61
-10.70
-10.22
-9.13
-7.51
-5.54
-3.50
-1.61
-0.02
1.26
2.32
3.26
4.12
4.92
5.60
6.12
6.42
6.48
6.29
5.90
5.35
4.78
4.32
4.07
4.08
4.27
4.52
4.69
4.68
4.44
3.94
3.23
2.35
1.39
0.43
-0.44
-1.20
-1.88
-2.56
-3.29
-4.06
-4.81
-5.45
-5.96
-6.40
-6.94
-7.71
-8.76
-9.90
-10.86
-11.31
-11.03
-9.96
-8.25
-6.14
-3.91
-1.79
0.04
1.55
2.74
3.68
4.44
5.12
5.75
6.36
6.91
7.33
7.57
7.58
7.37
6.98
6.48
5.97
5.53
5.22
5.06
5.01
5.01
4.95
4.75
4.33
3.71
2.95
2.19
1.54
1.05
0.65
0.17
-0.52
-1.49
-2.65
-3.79
-4.72
-5.34
-5.71
-5.98
-6.34
-6.93
-7.80
-8.87
-9.97
-10.88
-11.32
-11.06
-9.96
-8.04
-5.50
-2.70
0.00
2.28
3.99
5.12
5.81
6.24
6.58
6.93
7.32
7.72
8.10
8.41
8.64
8.77
8.78
8.63
8.27
7.72
7.08
6.47
6.02
5.76
5.62
5.45
5.10
4.51
3.68
2.71
1.69
0.69
-0.29
-1.25
-2.17
-2.99
-3.64
-4.04
-4.23
-4.32
-4.46
-4.82
-5.50
-6.47
-7.61
-8.72
-9.64
-10.21
-10.35
-9.97
-9.04
-7.55
-5.58
-3.29
-0.92
1.25
3.00
4.25
5.10
5.74
6.35
7.05
7.81
8.53
9.08
9.38
9.45
9.34
9.08
8.66
8.07
7.30
6.45
5.66
5.03
4.62
4.36
4.11
3.74
3.21
2.55
1.89
1.31
0.85
0.49
0.15
-0.23
-0.73
-1.37
-2.16
-3.07
-4.05
-5.01
-5.85
-6.54
-7.06
-7.49
-7.89
-8.31
-8.71
-8.96
-8.92
-8.47
-7.51
-6.10
-4.33
-2.39
-0.47
1.25
2.67
3.77
4.57
5.16
5.59
5.90
6.05
6.02
5.80
5.46
5.11
4.86
4.76
4.77
4.77
4.62
4.26
3.73
3.10
2.51
2.00
1.58
1.19
0.77
0.29
-0.25
-0.83
-1.41
-1.97
-2.51
-3.03
-3.58
-4.18
-4.85
-5.56
-6.30
-7.03
-7.75
-8.50
-9.29
-10.04
-10.61
-10.75
-10.26
-9.03
-7.17
-4.95
-2.76
-0.96
0.29
1.01
1.44
1.84
2.41
3.15
3.93
4.56
4.91
4.97
4.83
4.59
4.32
3.98
3.48
2.81
2.03
1.25
0.59
0.08
-0.37
-0.91
-1.68
-2.69
-3.86
-5.05
-6.17
-7.21
-8.22
-9.30
-10.47
-11.67
-12.79
-13.71
-14.39
-14.85
-15.18
-15.49
-15.88
-16.33
-16.74
-16.88
-16.48
-15.32
-13.32
-10.58
-7.39
-4.14
-1.23
1.09
2.76
3.90
4.73
5.55
6.53
7.77
9.22
10.71
12.06
13.06
13.61
13.66
13.25
12.50
11.58
10.70
10.06
9.75
9.80
10.12
10.54
10.90
11.07
10.94
10.45
9.60
8.43
7.04
5.57
4.20
3.04
2.13
1.40
0.71
-0.10
-1.16
-2.46
-3.92
-5.36
-6.61
-7.55
-8.22
-8.75
-9.32
-10.09
-11.06
-12.14
-13.11
-13.73
-13.82
-13.27
-12.09
-10.41
-8.41
-6.35
-4.49
-3.03
-2.02
-1.39
-0.95
-0.46
0.22
1.09
2.04
2.88
3.46
3.75
3.80
3.71
3.56
3.33
2.99
2.51
2.00
1.60
1.51
1.81
2.42
3.08
3.50
3.47
2.96
2.16
1.35
0.78
0.52
0.49
0.48
0.35
0.06
-0.27
-0.43
-0.30
0.12
0.69
1.18
1.41
1.32
0.96
0.47
0.02
-0.28
-0.29
0.06
0.82
2.01
3.55
5.30
7.05
8.60
9.79
10.60
11.10
11.48
11.90
12.47
13.19
13.94
14.54
14.84
14.75
14.28
13.55
12.72
11.93
11.29
10.82
10.52
10.33
10.23
10.14
10.00
9.70
9.10
8.10
6.72
5.09
3.44
2.04
1.05
0.46
0.09
-0.33
-1.06
-2.18
-3.53
-4.77
-5.52
-5.51
-4.68
-3.25
-1.58
-0.02
1.21
2.04
2.52
2.73
2.73
2.53
2.09
1.40
0.47
-0.65
-1.91
-3.25
-4.60
-5.88
-6.99
-7.86
-8.42
-8.66
-8.62
-8.39
-8.04
-7.60
-7.08
-6.47
-5.78
-5.07
-4.48
-4.11
-4.00
-4.11
-4.32
-4.52
-4.69
-4.85
-5.03
-5.27
-5.56
-5.87
-6.17
-6.39
-6.50
-6.43
-6.16
-5.74
-5.30
-4.99
-4.98
-5.32
-5.97
-6.75
-7.45
-7.83
-7.69
-6.87
-5.28
-2.99
-0.20
2.71
5.36
7.42
8.77
9.52
9.92
10.25
10.67
11.19
11.71
12.08
12.21
12.10
11.80
11.34
10.74
10.02
9.19
8.27
7.33
6.40
5.52
4.68
3.86
3.07
2.34
1.68
1.06
0.43
-0.28
-1.13
-2.10
-3.14
-4.13
-4.98
-5.65
-6.13
-6.48
-6.77
-7.04
-7.29
-7.53
-7.75
-8.01
-8.36
-8.85
-9.44
-10.04
-10.47
-10.57
-10.23
-9.44
-8.25
-6.73
-5.00
-3.17
-1.38
0.20
1.43
2.23
2.67
2.90
3.14
3.51
3.99
4.44
4.70
4.67
4.38
3.98
3.62
3.39
3.30
3.26
3.14
2.92
2.65
2.42
2.32
2.32
2.33
2.15
1.68
0.91
-0.01
-0.89
-1.55
-1.94
-2.15
-2.37
-2.71
-3.16
-3.61
-3.92
-4.04
-4.04
-4.07
-4.20
-4.38
-4.38
-3.91
-2.83
-1.16
0.88
2.99
4.91
6.52
7.76
8.64
9.17
9.39
9.32
9.06
8.67
8.19
7.67
7.10
6.53
6.04
5.67
5.42
5.20
4.91
4.48
3.91
3.27
2.65
2.08
1.57
1.08
0.59
0.07
-0.47
-1.05
-1.67
-2.36
-3.10
-3.88
-4.67
-5.43
-6.19
-6.96
-7.77
-8.61
-9.45
-10.17
-10.59
-10.51
-9.78
-8.36
-6.37
-4.11
-1.88
0.05
1.56
2.69
3.52
4.16
4.64
4.99
5.18
5.23
5.14
4.96
4.71
4.41
4.07
3.67
3.18
2.60
1.95
1.28
0.70
0.29
0.07
0.00
-0.02
-0.12
-0.37
-0.79
-1.35
-2.00
-2.71
-3.48
-4.28
-5.07
-5.79
-6.37
-6.80
-7.13
-7.49
-8.01
-8.75
-9.66
-10.59
-11.32
-11.64
-11.39
-10.49
-8.94
-6.77
-4.14
-1.30
1.43
3.74
5.42
6.40
6.80
6.84
6.74
6.65
6.60
6.55
6.38
6.01
5.39
4.58
3.67
2.79
2.02
1.41
0.95
0.59
0.30
0.06
-0.12
-0.29
-0.53
-0.90
-1.43
-2.05
-2.66
-3.16
-3.50
-3.73
-3.93
-4.17
-4.43
-4.65
-4.78
-4.78
-4.74
-4.77
-5.04
-5.67
-6.66
-7.91
-9.13
-9.97
-10.06
-9.18
-7.33
-4.73
-1.72
1.27
3.90
5.90
7.17
7.72
7.66
7.24
6.68
6.21
5.94
5.85
5.84
5.79
5.61
5.26
4.79
4.24
3.68
3.16
2.74
2.49
2.41
2.42
2.40
2.19
1.67
0.83
-0.18
-1.18
-1.97
-2.49
-2.77
-2.97
-3.24
-3.73
-4.42
-5.20
-5.83
-6.07
-5.71
-4.66
-3.01
-1.00
1.03
2.81
4.18
5.13
5.78
6.27
6.68
7.05
7.34
7.53
7.58
7.48
7.19
6.67
5.91
4.96
3.97
3.10
2.50
2.20
2.11
2.06
1.90
1.54
0.95
0.20
-0.65
-1.55
-2.45
-3.33
-4.17
-4.94
-5.67
-6.37
-7.01
-7.51
-7.81
-7.86
-7.73
-7.54
-7.46
-7.59
-7.96
-8.49
-9.03
-9.39
-9.40
-8.84
-7.61
-5.66
-3.15
-0.36
2.34
4.61
6.29
7.39
8.04
8.45
8.74
9.01
9.27
9.50
9.65
9.67
9.49
9.06
8.34
7.34
6.16
4.93
3.80
2.90
2.24
1.80
1.45
1.11
0.68
0.18
-0.37
-0.93
-1.46
-1.97
-2.49
-3.07
-3.73
-4.46
-5.21
-5.88
-6.38
-6.71
-6.91
-7.09
-7.38
-7.84
-8.41
-8.92
-9.14
-8.85
-7.94
-6.42
-4.44
-2.21
0.04
2.14
3.96
5.45
6.60
7.43
7.98
8.31
8.52
8.70
8.87
9.01
9.02
8.78
8.24
7.44
6.49
5.54
4.70
3.98
3.34
2.74
2.13
1.53
0.94
0.34
-0.29
-0.97
-1.71
-2.43
-3.02
-3.40
-3.58
-3.65
-3.78
-4.12
-4.70
-5.45
-6.22
-6.84
-7.26
-7.53
-7.80
-8.22
-8.86
-9.68
-10.52
-11.15
-11.37
-11.06
-10.13
-8.64
-6.69
-4.51
-2.33
-0.39
1.14
2.18
2.77
3.03
3.13
3.22
3.40
3.66
3.92
4.05
3.97
3.65
3.15
2.57
2.00
1.48
0.98
0.45
-0.12
-0.73
-1.35
-1.94
-2.54
-3.14
-3.79
-4.45
-5.07
-5.57
-5.93
-6.20
-6.47
-6.83
-7.30
-7.79
-8.17
-8.36
-8.35
-8.20
-7.95
-7.56
-6.91
-5.84
-4.30
-2.39
-0.33
1.59
3.16
4.29
5.02
5.47
5.77
5.99
6.18
6.32
6.37
6.36
6.34
6.43
6.73
7.30
8.04
8.74
9.18
9.20
8.86
8.33
7.85
7.57
7.49
7.44
7.26
6.80
6.07
5.14
4.11
3.04
1.96
0.89
-0.14
-1.07
-1.85
-2.46
-2.98
-3.53
-4.25
-5.20
-6.32
-7.39
-8.13
-8.25
-7.61
-6.28
-4.48
-2.60
-0.95
0.23
0.93
1.26
1.41
1.60
1.95
2.50
3.19
3.91
4.46
4.71
4.56
4.04
3.25
2.38
1.60
1.03
0.74
0.70
0.86
1.12
1.36
1.47
1.35
0.98
0.39
-0.32
-1.07
-1.78
-2.45
-3.11
-3.79
-4.51
-5.26
-5.98
-6.60
-7.08
-7.44
-7.76
-8.19
-8.83
-9.66
-10.54
-11.17
-11.18
-10.34
-8.56
-6.02
-3.04
-0.01
2.75
5.04
6.76
7.94
8.67
9.08
9.34
9.58
9.84
10.14
10.40
10.54
10.51
10.25
9.73
8.95
7.93
6.76
5.59
4.60
3.93
3.61
3.55
3.56
3.46
3.14
2.58
1.87
1.12
0.39
-0.26
-0.81
-1.26
-1.65
-2.02
-2.45
-3.01
-3.70
-4.50
-5.29
-5.98
-6.53
-6.97
-7.41
-8.00
-8.83
-9.86
-10.96
-11.84
-12.17
-11.68
-10.25
-7.95
-5.04
-1.88
1.14
3.72
5.67
6.97
7.73
8.14
8.39
8.64
8.97
9.31
9.55
9.57
9.34
8.88
8.31
7.72
7.19
6.71
6.24
5.75
5.24
4.72
4.20
3.70
3.22
2.74
2.25
1.75
1.23
0.70
0.16
-0.41
-1.06
-1.82
-2.71
-3.68
-4.62
-5.42
-5.99
-6.33
-6.51
-6.68
-6.97
-7.50
-8.26
-9.20
-10.16
-10.87
-11.02
-10.36
-8.74
-6.28
-3.33
-0.36
2.19
4.10
5.34
6.09
6.54
6.82
6.96
6.92
6.69
6.33
5.90
5.46
5.02
4.55
4.01
3.43
2.89
2.47
2.22
2.10
2.00
1.81
1.45
0.90
0.22
-0.51
-1.22
-1.86
-2.39
-2.81
-3.19
-3.65
-4.33
-5.33
-6.59
-7.84
-8.72
-8.84
-8.02
-6.35
-4.13
-1.79
0.33
2.05
3.36
4.39
5.25
6.01
6.67
7.21
7.56
7.72
7.70
7.55
7.29
6.93
6.45
5.85
5.20
4.57
4.07
3.75
3.59
3.46
3.21
2.73
2.01
1.11
0.19
-0.65
-1.35
-1.91
-2.39
-2.88
-3.41
-4.00
-4.63
-5.25
-5.82
-6.32
-6.72
-7.03
-7.27
-7.48
-7.74
-8.14
-8.77
-9.61
-10.48
-11.09
-11.07
-10.15
-8.23
-5.53
-2.45
0.50
2.94
4.67
5.78
6.48
7.04
7.60
8.21
8.77
9.20
9.44
9.46
9.27
8.89
8.32
7.60
6.79
5.95
5.17
4.47
3.84
3.18
2.44
1.55
0.52
-0.60
-1.74
-2.89
-4.08
-5.35
-6.73
-8.17
-9.63
-10.98
-12.16
-13.13
-13.87
-14.42
-14.85
-15.28
-15.80
-16.48
-17.30
-18.14
-18.80
-19.01
-18.55
-17.29
-15.26
-12.59
-9.56
-6.47
-3.65
-1.33
0.39
1.54
2.29
2.91
3.61
4.55
5.73
6.99
8.13
8.94
9.32
9.31
9.06
8.71
8.38
8.09
7.79
7.44
7.01
6.57
6.19
5.91
5.77
5.71
5.70
5.71
5.72
5.70
5.60
5.34
4.83
3.99
2.87
1.60
0.37
-0.61
-1.22
-1.48
-1.52
-1.58
-1.88
-2.58
-3.64
-4.86
-5.88
-6.34
-6.00
-4.81
-2.96
-0.77
1.44
3.42
5.06
6.34
7.32
8.03
8.54
8.87
9.12
9.35
9.62
9.90
10.09
10.03
9.65
8.95
8.08
7.26
6.71
6.60
6.92
7.52
8.14
8.53
8.50
8.02
7.19
6.19
5.20
4.32
3.61
3.01
2.46
1.86
1.13
0.19
-1.02
-2.48
-4.06
-5.53
-6.60
-7.03
-6.68
-5.62
-4.04
-2.22
-0.42
1.14
2.36
3.22
3.75
4.05
4.21
4.31
4.40
4.42
4.29
3.92
3.31
2.54
1.79
1.20
0.89
0.84
0.95
1.10
1.16
1.08
0.85
0.52
0.14
-0.24
-0.62
-1.02
-1.47
-2.01
-2.62
-3.25
-3.83
-4.33
-4.76
-5.24
-5.85
-6.64
-7.53
-8.40
-9.09
-9.53
-9.76
-9.91
-10.13
-10.54
-11.16
-11.96
-12.87
-13.81
-14.65
-15.18
-15.16
-14.35
-12.63
-10.09
-7.00
-3.76
-0.76
1.68
3.42
4.49
5.06
5.41
5.82
6.49
7.43
8.50
9.46
10.08
10.27
10.07
9.64
9.12
8.61
8.13
7.65
7.18
6.71
6.26
5.78
5.21
4.47
3.54
2.47
1.38
0.38
-0.43
-1.06
-1.56
-2.05
-2.61
-3.29
-4.06
-4.84
-5.59
-6.27
-6.92
-7.58
-8.30
-9.09
-9.89
-10.61
-11.11
-11.26
-10.94
-10.07
-8.64
-6.70
-4.42
-2.00
0.33
2.40
4.08
5.34
6.21
6.76
7.08
7.28
7.43
7.56
7.65
7.64
7.47
7.09
6.52
5.83
5.11
4.45
3.90
3.46
3.13
2.91
2.78
2.72
2.69
2.64
2.49
2.16
1.58
0.74
-0.31
-1.48
-2.60
-3.54
-4.27
-4.80
-5.23
-5.66
-6.18
-6.83
-7.56
-8.30
-8.92
-9.24
-9.11
-8.38
-7.02
-5.14
-2.95
-0.75
1.21
2.77
3.93
4.73
5.28
5.67
5.95
6.17
6.31
6.37
6.31
6.13
5.84
5.51
5.19
4.95
4.77
4.60
4.37
4.02
3.57
3.07
2.60
2.19
1.81
1.40
0.87
0.16
-0.69
-1.63
-2.55
-3.38
-4.08
-4.65
-5.13
-5.58
-6.07
-6.61
-7.21
-7.77
-8.17
-8.23
-7.79
-6.77
-5.24
-3.40
-1.53
0.14
1.47
2.49
3.29
3.98
4.63
5.24
5.80
6.26
6.64
6.95
7.18
7.32
7.31
7.13
6.75
6.19
5.46
4.64
3.83
3.15
2.69
2.47
2.39
2.34
2.20
1.93
1.52
0.99
0.34
-0.43
-1.27
-2.14
-2.96
-3.67
-4.31
-4.92
-5.56
-6.20
-6.75
-7.13
-7.32
-7.45
-7.67
-8.20
-9.09
-10.29
-11.57
-12.62
-13.15
-12.90
-11.79
-9.91
-7.52
-4.95
-2.49
-0.30
1.56
3.08
4.29
5.16
5.72
6.07
6.36
6.73
7.24
7.80
8.23
8.37
8.15
7.60
6.86
6.04
5.24
4.51
3.89
3.40
3.06
2.83
2.64
2.39
1.99
1.43
0.75
0.05
-0.61
-1.17
-1.65
-2.10
-2.57
-3.09
-3.68
-4.33
-4.98
-5.59
-6.14
-6.62
-7.07
-7.55
-8.14
-8.86
-9.66
-10.40
-10.85
-10.82
-10.17
-8.86
-6.97
-4.67
-2.18
0.22
2.31
3.92
5.00
5.62
5.93
6.11
6.32
6.62
7.00
7.39
7.66
7.73
7.52
7.05
6.39
5.67
5.03
4.54
4.23
4.05
3.91
3.77
3.59
3.37
3.09
2.69
2.11
1.32
0.36
-0.68
-1.66
-2.48
-3.11
-3.57
-3.97
-4.41
-4.96
-5.68
-6.58
-7.66
-8.81
-9.87
-10.58
-10.66
-9.95
-8.45
-6.34
-3.93
-1.55
0.55
2.24
3.53
4.48
5.18
5.71
6.10
6.35
6.46
6.41
6.22
5.91
5.54
5.17
4.85
4.58
4.33
4.04
3.66
3.18
2.65
2.11
1.63
1.24
0.95
0.70
0.43
0.07
-0.49
-1.26
-2.18
-3.12
-3.93
-4.50
-4.81
-4.96
-5.08
-5.31
-5.69
-6.19
-6.70
-7.11
-7.30
-7.15
-6.55
-5.44
-3.87
-1.99
-0.04
1.74
3.18
4.27
5.10
5.80
6.48
7.12
7.63
7.89
7.80
7.40
6.85
6.33
5.99
5.85
5.82
5.72
5.43
4.92
4.26
3.58
2.97
2.45
1.98
1.50
0.99
0.46
-0.03
-0.49
-0.95
-1.50
-2.19
-3.06
-4.06
-5.10
-6.09
-6.96
-7.67
-8.19
-8.48
-8.48
-8.11
-7.34
-6.14
-4.54
-2.62
-0.52
1.58
3.49
5.04
6.12
6.77
7.10
7.27
7.41
7.57
7.68
7.63
7.33
6.76
6.03
5.28
4.64
4.20
3.92
3.73
3.54
3.28
2.94
2.54
2.10
1.61
1.01
0.30
-0.52
-1.38
-2.18
-2.87
-3.47
-4.04
-4.65
-5.27
-5.83
-6.25
-6.48
-6.59
-6.76
-7.19
-8.00
-9.11
-10.32
-11.29
-11.71
-11.40
-10.30
-8.54
-6.32
-3.86
-1.39
0.89
2.84
4.36
5.43
6.12
6.56
6.92
7.33
7.84
8.40
8.87
9.09
8.94
8.41
7.63
6.79
6.11
5.69
5.53
5.54
5.59
5.61
5.55
5.38
5.07
4.52
3.69
2.63
1.49
0.46
-0.27
-0.68
-0.83
-0.89
-0.98
-1.15
-1.36
-1.56
-1.76
-2.00
-2.41
-3.05
-3.95
-5.03
-6.15
-7.15
-7.84
-8.02
-7.54
-6.34
-4.48
-2.17
0.28
2.52
4.33
5.64
6.51
7.08
7.43
7.61
7.56
7.27
6.74
6.04
5.20
4.19
2.88
1.16
-1.03
-3.59
-6.23
-8.61
-10.38
-11.38
-11.63
-11.32
-10.76
-10.24
-9.98
-10.11
-10.62
-11.45
-12.47
-13.53
-14.46
-15.15
-15.56
-15.75
-15.82
-15.87
-15.93
-15.88
-15.54
-14.68
-13.20
-11.12
-8.62
-5.97
-3.45
-1.22
0.64
2.14
3.33
4.26
4.96
5.49
5.91
6.25
6.56
6.78
6.86
6.78
6.59
6.44
6.47
6.75
7.21
7.69
7.99
7.99
7.69
7.19
6.60
5.97
5.33
4.64
3.89
3.11
2.39
1.81
1.46
1.34
1.40
1.53
1.63
1.59
1.38
0.98
0.44
-0.16
-0.72
-1.10
-1.22
-1.07
-0.76
-0.51
-0.58
-1.13
-2.12
-3.31
-4.31
-4.70
-4.25
-2.95
-1.03
1.16
3.31
5.19
6.75
8.04
9.16
10.14
10.98
11.63
12.06
12.24
12.18
11.86
11.23
10.27
8.99
7.49
5.93
4.53
3.50
2.95
2.92
3.31
3.93
4.56
4.99
5.11
4.92
4.48
3.88
3.19
2.43
1.59
0.71
-0.16
-0.98
-1.70
-2.35
-3.01
-3.78
-4.72
-5.89
-7.25
-8.74
-10.23
-11.55
-12.54
-13.02
-12.88
-12.04
-10.49
-8.27
-5.52
-2.47
0.56
3.24
5.29
6.61
7.29
7.56
7.66
7.79
7.97
8.09
8.02
7.67
7.03
6.18
5.24
4.30
3.46
2.81
2.44
2.40
2.71
3.28
3.93
4.50
4.91
5.15
5.31
5.42
5.46
5.31
4.87
4.10
3.07
1.98
1.04
0.42
0.18
0.26
0.49
0.68
0.63
0.19
-0.64
-1.76
-2.92
-3.86
-4.31
-4.10
-3.19
-1.67
0.29
2.45
4.58
6.45
7.92
8.89
9.38
9.45
9.20
8.77
8.26
7.74
7.24
6.73
6.13
5.36
4.35
3.09
1.62
0.04
-1.52
-2.98
-4.30
-5.51
-6.68
-7.84
-9.02
-10.16
-11.18
-12.02
-12.66
-13.08
-13.31
-13.38
-13.31
-13.17
-13.03
-12.96
-12.98
-13.07
-13.17
-13.20
-13.12
-12.92
-12.62
-12.19
-11.57
-10.59
-9.12
-7.05
-4.43
-1.46
1.55
4.26
6.40
7.87
8.70
9.07
9.18
9.14
9.01
8.77
8.38
7.86
7.28
6.70
6.17
5.65
5.08
4.40
3.59
2.70
1.80
0.96
0.23
-0.43
-1.02
-1.60
-2.22
-2.92
-3.73
-4.64
-5.58
-6.45
-7.17
-7.72
-8.15
-8.58
-9.09
-9.69
-10.31
-10.80
-10.99
-10.78
-10.11
-8.99
-7.47
-5.65
-3.69
-1.79
-0.16
1.07
1.86
2.35
2.72
3.12
3.56
3.93
4.08
3.87
3.37
2.74
2.19
1.83
1.63
1.45
1.16
0.76
0.39
0.27
0.49
1.00
1.57
1.90
1.77
1.14
0.18
-0.86
-1.71
-2.25
-2.47
-2.48
-2.50
-2.74
-3.34
-4.36
-5.70
-7.10
-8.27
-8.96
-9.01
-8.44
-7.35
-5.89
-4.22
-2.49
-0.84
0.59
1.70
2.43
2.83
3.01
3.11
3.26
3.50
3.81
4.13
4.39
4.54
4.56
4.48
4.33
4.16
4.01
3.91
3.87
3.90
4.02
4.19
4.34
4.31
3.96
3.19
2.04
0.66
-0.69
-1.81
-2.58
-3.07
-3.46
-3.99
-4.85
-6.11
-7.69
-9.41
-11.02
-12.24
-12.83
-12.57
-11.42
-9.45
-6.95
-4.28
-1.78
0.30
1.89
3.07
3.99
4.79
5.60
6.42
7.26
8.11
8.91
9.61
10.17
10.53
10.67
10.64
10.51
10.38
10.29
10.25
10.19
10.03
9.68
9.07
8.22
7.17
5.97
4.70
3.43
2.23
1.12
0.15
-0.72
-1.56
-2.47
-3.55
-4.83
-6.27
-7.74
-9.07
-10.11
-10.82
-11.21
-11.37
-11.45
-11.60
-11.94
-12.56
-13.41
-14.31
-14.91
-14.84
-13.79
-11.69
-8.71
-5.26
-1.81
1.27
3.79
5.71
7.13
8.21
9.09
9.91
10.76
11.67
12.59
13.40
13.90
13.96
13.54
12.73
11.73
10.77
10.02
9.56
9.34
9.22
9.02
8.56
7.70
6.42
4.82
3.08
1.43
0.08
-0.90
-1.55
-2.05
-2.61
-3.41
-4.51
-5.83
-7.22
-8.49
-9.51
-10.26
-10.81
-11.28
-11.80
-12.46
-13.27
-14.14
-14.91
-15.32
-15.11
-14.06
-12.12
-9.44
-6.36
-3.28
-0.58
1.55
3.09
4.19
5.03
5.79
6.57
7.39
8.20
8.92
9.46
9.75
9.76
9.49
9.02
8.47
8.00
7.69
7.59
7.63
7.69
7.60
7.23
6.55
5.65
4.62
3.59
2.60
1.63
0.63
-0.43
-1.54
-2.65
-3.70
-4.64
-5.49
-6.27
-7.05
-7.88
-8.81
-9.85
-10.98
-12.07
-12.92
-13.33
-13.12
-12.23
-10.73
-8.78
-6.57
-4.27
-2.07
-0.13
1.45
2.62
3.46
4.16
4.90
5.81
6.86
7.93
8.87
9.52
9.86
9.89
9.70
9.37
8.98
8.60
8.25
7.94
7.63
7.27
6.81
6.25
5.57
4.79
3.89
2.88
1.78
0.64
-0.48
-1.53
-2.53
-3.48
-4.43
-5.36
-6.26
-7.09
-7.90
-8.79
-9.89
-11.25
-12.73
-13.99
-14.58
-14.12
-12.48
-9.85
-6.70
-3.59
-0.95
1.04
2.48
3.60
4.64
5.76
6.96
8.16
9.25
10.09
10.64
10.90
10.96
10.94
10.95
10.98
10.97
10.74
10.16
9.20
8.00
6.76
5.70
4.93
4.40
3.93
3.36
2.55
1.49
0.24
-1.06
-2.33
-3.49
-4.51
-5.39
-6.21
-7.01
-7.84
-8.70
-9.53
-10.28
-10.90
-11.37
-11.72
-11.94
-12.06
-12.11
-12.15
-12.26
-12.51
-12.82
-13.00
-12.72
-11.67
-9.73
-7.04
-3.94
-0.86
1.86
4.10
5.90
7.42
8.81
10.09
11.21
12.06
12.62
12.95
13.16
13.33
13.47
13.48
13.21
12.57
11.56
10.33
9.06
7.93
7.02
6.28
5.56
4.72
3.71
2.59
1.43
0.35
-0.65
-1.58
-2.51
-3.44
-4.32
-5.06
-5.57
-5.85
-5.96
-6.03
-6.15
-6.41
-6.79
-7.27
-7.78
-8.24
-8.62
-8.89
-9.11
-9.38
-9.82
-10.52
-11.41
-12.30
-12.84
-12.68
-11.58
-9.57
-6.89
-3.95
-1.17
1.16
2.94
4.21
5.10
5.77
6.35
6.92
7.54
8.20
8.83
9.31
9.54
9.48
9.15
8.65
8.09
7.57
7.13
6.80
6.52
6.25
5.90
5.37
4.61
3.58
2.32
0.95
-0.38
-1.55
-2.48
-3.22
-3.84
-4.44
-5.09
-5.77
-6.42
-6.96
-7.41
-7.83
-8.37
-9.18
-10.28
-11.56
-12.77
-13.61
-13.84
-13.32
-12.09
-10.28
-8.12
-5.83
-3.59
-1.52
0.28
1.81
3.07
4.08
4.89
5.51
5.97
6.30
6.54
6.76
6.99
7.24
7.46
7.58
7.56
7.39
7.12
6.80
6.44
6.05
5.59
5.04
4.43
3.76
2.99
2.03
0.81
-0.68
-2.33
-3.92
-5.22
-6.10
-6.59
-6.83
-7.00
-7.27
-7.73
-8.41
-9.27
-10.22
-11.07
-11.54
-11.34
-10.25
-8.25
-5.56
-2.55
0.35
2.81
4.69
6.01
6.90
7.54
8.09
8.68
9.36
10.08
10.77
11.28
11.52
11.48
11.21
10.80
10.33
9.85
9.38
8.96
8.63
8.41
8.22
7.94
7.42
6.58
5.51
4.40
3.43
2.67
2.06
1.44
0.64
-0.40
-1.62
-2.92
-4.17
-5.32
-6.35
-7.29
-8.15
-8.96
-9.76
-10.60
-11.55
-12.61
-13.69
-14.59
-15.01
-14.69
-13.43
-11.27
-8.43
-5.32
-2.36
0.12
2.02
3.43
4.56
5.61
6.69
7.80
8.85
9.73
10.41
10.87
11.15
11.28
11.27
11.10
10.75
10.25
9.63
8.97
8.35
7.83
7.41
7.08
6.75
6.32
5.66
4.69
3.38
1.84
0.28
-1.05
-1.97
-2.45
-2.64
-2.77
-3.06
-3.59
-4.31
-5.06
-5.69
-6.12
-6.38
-6.51
-6.63
-6.80
-7.12
-7.66
-8.47
-9.51
-10.63
-11.54
-11.89
-11.39
-9.91
-7.57
-4.68
-1.66
1.12
3.45
5.27
6.64
7.67
8.42
8.94
9.24
9.34
9.35
9.34
9.38
9.45
9.45
9.25
8.78
8.08
7.30
6.61
6.14
5.92
5.82
5.66
5.30
4.65
3.77
2.76
1.77
0.91
0.24
-0.30
-0.83
-1.49
-2.39
-3.48
-4.65
-5.70
-6.53
-7.15
-7.64
-8.16
-8.77
-9.48
-10.24
-10.99
-11.73
-12.41
-12.92
-13.08
-12.67
-11.53
-9.67
-7.30
-4.71
-2.21
-0.04
1.67
2.93
3.81
4.44
4.91
5.28
5.56
5.70
5.69
5.54
5.31
5.10
4.97
4.93
4.91
4.81
4.59
4.25
3.88
3.54
3.28
3.08
2.84
2.48
1.96
1.23
0.35
-0.66
-1.72
-2.79
-3.79
-4.62
-5.24
-5.64
-5.88
-6.06
-6.28
-6.61
-7.07
-7.64
-8.25
-8.78
-9.08
-8.96
-8.26
-6.90
-4.94
-2.60
-0.18
2.01
3.76
5.03
5.88
6.47
6.92
7.34
7.74
8.08
8.29
8.31
8.09
7.67
7.12
6.51
5.93
5.44
5.05
4.73
4.42
4.06
3.60
3.00
2.28
1.48
0.64
-0.20
-1.03
-1.84
-2.62
-3.33
-3.95
-4.49
-5.00
-5.55
-6.17
-6.90
-7.67
-8.44
-9.19
-9.92
-10.63
-11.18
-11.36
-10.91
-9.71
-7.84
-5.57
-3.26
-1.19
0.51
1.88
3.02
3.97
4.75
5.38
5.91
6.47
7.16
7.95
8.70
9.20
9.30
9.00
8.46
7.85
7.29
6.81
6.32
5.76
5.11
4.45
3.85
3.37
2.93
2.40
1.65
0.66
-0.53
-1.77
-2.92
-3.91
-4.71
-5.40
-6.04
-6.68
-7.36
-8.04
-8.69
-9.24
-9.66
-9.93
-10.09
-10.19
-10.31
-10.56
-10.94
-11.43
-11.87
-12.02
-11.64
-10.48
-8.47
-5.72
-2.52
0.75
3.73
6.18
8.05
9.45
10.50
11.34
12.00
12.45
12.68
12.73
12.65
12.49
12.26
11.86
11.20
10.21
8.96
7.61
6.36
5.32
4.51
3.82
3.15
2.44
1.70
1.00
0.37
-0.19
-0.71
-1.21
-1.68
-2.08
-2.38
-2.64
-2.92
-3.34
-3.96
-4.76
-5.62
-6.41
-7.04
-7.51
-7.90
-8.36
-9.01
-9.89
-10.91
-11.85
-12.45
-12.47
-11.78
-10.35
-8.29
-5.74
-2.93
-0.10
2.49
4.60
6.08
6.92
7.27
7.40
7.55
7.86
8.28
8.65
8.78
8.56
8.03
7.32
6.57
5.89
5.33
4.87
4.49
4.14
3.78
3.39
2.92
2.37
1.72
1.00
0.25
-0.50
-1.17
-1.75
-2.23
-2.63
-3.01
-3.40
-3.80
-4.21
-4.64
-5.15
-5.85
-6.83
-8.08
-9.46
-10.71
-11.50
-11.59
-10.87
-9.36
-7.26
-4.82
-2.33
-0.05
1.83
3.25
4.27
5.04
5.73
6.43
7.14
7.77
8.18
8.31
8.19
7.91
7.58
7.23
6.84
6.39
5.86
5.31
4.82
4.42
4.09
3.76
3.32
2.76
2.10
1.46
0.89
0.40
-0.09
-0.72
-1.60
-2.72
-3.94
-5.05
-5.89
-6.38
-6.60
-6.78
-7.12
-7.80
-8.84
-10.10
-11.32
-12.17
-12.33
-11.63
-10.08
-7.88
-5.33
-2.72
-0.24
2.01
4.02
5.74
7.12
8.07
8.62
8.88
9.04
9.25
9.57
9.88
10.01
9.81
9.23
8.40
7.51
6.80
6.37
6.23
6.21
6.10
5.70
4.95
3.94
2.85
1.84
0.98
0.22
-0.53
-1.31
-2.07
-2.71
-3.19
-3.59
-4.08
-4.84
-5.94
-7.21
-8.36
-9.12
-9.36
-9.21
-8.93
-8.84
-9.12
-9.79
-10.71
-11.64
-12.28
-12.36
-11.65
-10.08
-7.70
-4.76
-1.59
1.49
4.20
6.42
8.10
9.28
10.06
10.55
10.91
11.25
11.67
12.13
12.54
12.71
12.50
11.86
10.84
9.63
8.46
7.47
6.73
6.17
5.64
5.05
4.39
3.75
3.23
2.87
2.56
2.14
1.46
0.51
-0.59
-1.66
-2.56
-3.27
-3.83
-4.32
-4.75
-5.11
-5.40
-5.65
-5.96
-6.41
-7.03
-7.78
-8.60
-9.48
-10.46
-11.58
-12.79
-13.88
-14.50
-14.30
-13.09
-10.95
-8.21
-5.28
-2.57
-0.32
1.41
2.64
3.45
3.91
4.12
4.23
4.42
4.82
5.49
6.29
7.01
7.43
7.40
6.94
6.23
5.49
4.91
4.58
4.47
4.45
4.37
4.11
3.63
2.99
2.30
1.67
1.14
0.71
0.29
-0.20
-0.80
-1.51
-2.28
-3.04
-3.71
-4.28
-4.78
-5.32
-6.02
-6.98
-8.18
-9.47
-10.58
-11.19
-11.05
-10.09
-8.40
-6.22
-3.84
-1.49
0.68
2.58
4.20
5.51
6.45
6.99
7.14
7.02
6.80
6.65
6.66
6.80
6.91
6.84
6.51
6.00
5.46
5.02
4.76
4.61
4.46
4.25
3.94
3.56
3.11
2.55
1.83
0.92
-0.14
-1.24
-2.28
-3.17
-3.91
-4.53
-5.08
-5.63
-6.22
-6.92
-7.80
-8.91
-10.21
-11.54
-12.67
-13.30
-13.19
-12.25
-10.54
-8.29
-5.78
-3.29
-1.06
0.80
2.24
3.35
4.22
5.01
5.81
6.68
7.59
8.46
9.22
9.81
10.18
10.29
10.11
9.61
8.84
7.93
7.01
6.24
5.68
5.30
4.99
4.66
4.23
3.67
2.99
2.22
1.41
0.62
-0.06
-0.62
-1.08
-1.54
-2.15
-2.99
-4.07
-5.29
-6.48
-7.50
-8.28
-8.87
-9.38
-9.91
-10.55
-11.29
-12.09
-12.84
-13.40
-13.55
-13.09
-11.83
-9.74
-6.99
-3.88
-0.81
1.90
4.08
5.76
7.04
8.06
8.94
9.71
10.39
10.97
11.43
11.74
11.87
11.76
11.41
10.86
10.19
9.47
8.78
8.14
7.54
6.98
6.44
5.86
5.19
4.36
3.35
2.20
1.02
-0.04
-0.86
-1.41
-1.79
-2.14
-2.65
-3.42
-4.43
-5.53
-6.56
-7.37
-7.91
-8.22
-8.43
-8.65
-8.99
-9.50
-10.17
-10.94
-11.67
-12.13
-12.08
-11.34
-9.84
-7.70
-5.19
-2.61
-0.22
1.81
3.42
4.66
5.57
6.24
6.75
7.21
7.63
8.02
8.30
8.37
8.19
7.74
7.13
6.44
5.75
5.11
4.48
3.84
3.17
2.49
1.83
1.25
0.78
0.45
0.22
0.02
-0.25
-0.66
-1.25
-1.96
-2.67
-3.25
-3.69
-4.03
-4.44
-5.08
-6.00
-7.16
-8.43
-9.64
-10.67
-11.42
-11.77
-11.57
-10.67
-9.00
-6.65
-3.90
-1.12
1.34
3.27
4.64
5.57
6.22
6.73
7.17
7.54
7.79
7.88
7.82
7.65
7.43
7.20
6.97
6.72
6.39
5.93
5.35
4.71
4.07
3.50
2.98
2.48
1.92
1.24
0.47
-0.37
-1.21
-2.02
-2.80
-3.57
-4.34
-5.11
-5.82
-6.46
-7.04
-7.61
-8.26
-9.01
-9.82
-10.52
-10.90
-10.76
-9.96
-8.52
-6.54
-4.22
-1.79
0.49
2.42
3.91
4.97
5.70
6.27
6.86
7.54
8.29
9.02
9.60
9.91
9.90
9.59
9.03
8.32
7.56
6.84
6.20
5.68
5.25
4.89
4.54
4.13
3.58
2.80
1.80
0.64
-0.54
-1.62
-2.51
-3.25
-3.89
-4.52
-5.21
-5.95
-6.68
-7.38
-8.03
-8.64
-9.28
-9.99
-10.79
-11.62
-12.34
-12.72
-12.54
-11.60
-9.89
-7.55
-4.85
-2.12
0.34
2.39
3.99
5.21
6.15
6.89
7.50
8.05
8.58
9.13
9.68
10.15
10.43
10.41
10.05
9.36
8.46
7.46
6.49
5.64
4.94
4.39
3.96
3.59
3.22
2.78
2.24
1.61
0.92
0.20
-0.52
-1.20
-1.84
-2.44
-2.99
-3.54
-4.14
-4.81
-5.59
-6.41
-7.19
-7.82
-8.24
-8.47
-8.63
-8.85
-9.27
-9.90
-10.67
-11.36
-11.70
-11.44
-10.43
-8.68
-6.33
-3.63
-0.88
1.66
3.80
5.45
6.63
7.46
8.09
8.66
9.23
9.76
10.16
10.34
10.23
9.83
9.22
8.46
7.65
6.86
6.17
5.63
5.26
5.01
4.77
4.41
3.86
3.11
2.25
1.39
0.58
-0.14
-0.79
-1.41
-2.02
-2.66
-3.33
-4.03
-4.73
-5.36
-5.86
-6.20
-6.41
-6.60
-6.91
-7.44
-8.22
-9.19
-10.24
-11.27
-12.16
-12.80
-13.06
-12.77
-11.81
-10.18
-8.04
-5.65
-3.39
-1.53
-0.24
0.51
0.91
1.16
1.46
1.88
2.36
2.77
2.97
2.90
2.63
2.32
2.15
2.19
2.42
2.72
2.93
2.97
2.83
2.56
2.22
1.79
1.24
0.57
-0.18
-0.94
-1.63
-2.27
-2.93
-3.66
-4.47
-5.21
-5.73
-5.90
-5.72
-5.36
-5.01
-4.87
-4.97
-5.22
-5.40
-5.31
-4.80
-3.85
-2.52
-0.97
0.64
2.20
3.66
5.04
6.34
7.58
8.71
9.70
10.51
11.12
11.47
11.50
11.16
10.45
9.42
8.21
6.96
5.77
4.64
3.56
2.47
1.35
0.18
-1.04
-2.32
-3.62
-4.87
-5.96
-6.73
-7.08
-7.01
-6.58
-5.95
-5.25
-4.59
-4.00
-3.46
-2.92
-2.40
-1.93
-1.67
-1.74
-2.21
-3.04
-4.02
-4.87
-5.25
-4.91
-3.73
-1.81
0.59
3.09
5.36
7.15
8.39
9.17
9.67
10.07
10.50
10.96
11.39
11.68
11.78
11.67
11.37
10.93
10.35
9.64
8.80
7.85
6.83
5.84
4.95
4.24
3.67
3.21
2.74
2.21
1.61
0.97
0.37
-0.11
-0.47
-0.73
-0.98
-1.30
-1.72
-2.25
-2.88
-3.54
-4.16
-4.71
-5.14
-5.45
-5.70
-6.01
-6.52
-7.35
-8.46
-9.65
-10.59
-10.91
-10.36
-8.91
-6.76
-4.26
-1.76
0.48
2.35
3.92
5.27
6.45
7.49
8.35
9.04
9.55
9.86
9.96
9.82
9.41
8.77
7.98
7.14
6.35
5.63
4.99
4.43
3.95
3.56
3.22
2.84
2.26
1.42
0.31
-0.89
-1.96
-2.72
-3.08
-3.15
-3.10
-3.13
-3.37
-3.82
-4.40
-4.99
-5.52
-5.99
-6.46
-6.99
-7.62
-8.33
-9.07
-9.77
-10.34
-10.69
-10.73
-10.35
-9.49
-8.16
-6.47
-4.57
-2.67
-0.88
0.71
2.11
3.31
4.34
5.20
5.86
6.31
6.52
6.51
6.29
5.98
5.65
5.39
5.20
5.02
4.75
4.32
3.73
3.07
2.49
2.07
1.81
1.59
1.29
0.82
0.18
-0.53
-1.23
-1.85
-2.40
-2.94
-3.47
-3.98
-4.41
-4.75
-5.03
-5.37
-5.91
-6.75
-7.82
-8.90
-9.69
-9.85
-9.16
-7.58
-5.31
-2.66
-0.04
2.20
3.83
4.83
5.29
5.43
5.45
5.52
5.70
5.96
6.22
6.37
6.37
6.19
5.87
5.49
5.09
4.71
4.34
3.99
3.63
3.26
2.84
2.36
1.78
1.11
0.36
-0.41
-1.15
-1.82
-2.43
-3.00
-3.53
-4.04
-4.52
-5.01
-5.57
-6.28
-7.17
-8.17
-9.10
-9.73
-9.85
-9.34
-8.21
-6.62
-4.76
-2.81
-0.89
0.92
2.57
4.00
5.17
6.08
6.81
7.49
8.19
8.88
9.41
9.60
9.32
8.63
7.69
6.75
6.00
5.50
5.18
4.92
4.64
4.30
3.94
3.58
3.18
2.68
2.01
1.14
0.10
-1.03
-2.17
-3.25
-4.21
-5.00
-5.59
-5.98
-6.23
-6.48
-6.88
-7.54
-8.48
-9.60
-10.74
-11.70
-12.32
-12.43
-11.91
-10.73
-8.96
-6.81
-4.57
-2.52
-0.78
0.63
1.85
3.05
4.33
5.70
7.05
8.26
9.22
9.85
10.15
10.15
9.94
9.60
9.20
8.78
8.34
7.85
7.30
6.71
6.11
5.51
4.91
4.28
3.59
2.85
2.09
1.39
0.79
0.27
-0.21
-0.71
-1.28
-1.91
-2.59
-3.26
-3.94
-4.63
-5.33
-6.02
-6.70
-7.35
-8.00
-8.69
-9.46
-10.32
-11.22
-12.07
-12.74
-13.08
-12.93
-12.17
-10.71
-8.60
-6.04
-3.31
-0.74
1.44
3.15
4.45
5.53
6.54
7.53
8.45
9.14
9.49
9.47
9.16
8.72
8.27
7.88
7.51
7.09
6.58
6.00
5.45
5.03
4.79
4.65
4.50
4.20
3.70
3.05
2.34
1.65
1.02
0.45
-0.11
-0.67
-1.26
-1.88
-2.55
-3.26
-3.99
-4.68
-5.26
-5.70
-6.04
-6.33
-6.65
-7.02
-7.44
-7.91
-8.46
-9.09
-9.73
-10.19
-10.19
-9.46
-7.97
-5.90
-3.66
-1.64
-0.09
1.00
1.85
2.68
3.59
4.55
5.38
5.96
6.25
6.31
6.26
6.14
5.95
5.66
5.24
4.75
4.26
3.83
3.47
3.17
2.88
2.58
2.27
1.93
1.52
0.95
0.18
-0.73
-1.63
-2.36
-2.80
-3.02
-3.16
-3.43
-3.91
-4.59
-5.33
-6.03
-6.63
-7.18
-7.71
-8.24
-8.67
-8.85
-8.66
-8.00
-6.87
-5.36
-3.57
-1.65
0.25
1.99
3.44
4.57
5.39
5.95
6.32
6.52
6.55
6.39
6.10
5.78
5.52
5.41
5.41
5.40
5.27
4.99
4.58
4.14
3.74
3.35
2.90
2.32
1.59
0.82
0.14
-0.38
-0.79
-1.21
-1.74
-2.40
-3.08
-3.67
-4.17
-4.64
-5.26
-6.16
-7.35
-8.67
-9.84
-10.55
-10.57
-9.79
-8.25
-6.14
-3.76
-1.42
0.59
2.14
3.24
4.06
4.80
5.62
6.57
7.58
8.50
9.18
9.51
9.47
9.13
8.58
7.92
7.23
6.59
6.01
5.49
5.00
4.49
3.92
3.30
2.64
1.98
1.35
0.76
0.22
-0.29
-0.78
-1.23
-1.65
-2.04
-2.44
-2.90
-3.44
-4.06
-4.73
-5.37
-5.91
-6.29
-6.56
-6.80
-7.14
-7.68
-8.50
-9.56
-10.75
-11.87
-12.69
-12.97
-12.59
-11.51
-9.87
-7.86
-5.70
-3.55
-1.51
0.40
2.17
3.76
5.13
6.25
7.14
7.83
8.42
8.92
9.33
9.58
9.62
9.43
9.05
8.56
8.05
7.55
7.03
6.46
5.82
5.15
4.55
4.10
3.78
3.51
3.15
2.59
1.83
0.93
0.04
-0.74
-1.39
-1.97
-2.57
-3.24
-3.97
-4.72
-5.37
-5.87
-6.18
-6.31
-6.36
-6.46
-6.78
-7.47
-8.55
-9.87
-11.16
-12.06
-12.30
-11.71
-10.32
-8.25
-5.73
-2.99
-0.28
2.13
4.06
5.43
6.28
6.80
7.19
7.58
8.02
8.44
8.77
8.95
8.95
8.81
8.56
8.23
7.84
7.41
6.93
6.37
5.70
4.95
4.15
3.39
2.75
2.27
1.91
1.59
1.20
0.68
0.03
-0.68
-1.35
-1.90
-2.27
-2.53
-2.80
-3.22
-3.85
-4.65
-5.43
-6.07
-6.50
-6.80
-7.14
-7.67
-8.45
-9.42
-10.46
-11.42
-12.12
-12.39
-12.05
-11.00
-9.24
-6.90
-4.29
-1.73
0.52
2.31
3.64
4.56
5.18
5.62
6.00
6.42
6.94
7.51
8.02
8.37
8.46
8.28
7.90
7.41
6.89
6.37
5.88
5.40
4.92
4.43
3.94
3.46
2.97
2.46
1.94
1.38
0.82
0.23
-0.39
-1.10
-1.95
-2.93
-3.98
-4.96
-5.74
-6.27
-6.58
-6.82
-7.12
-7.61
-8.30
-9.12
-9.92
-10.49
-10.56
-9.94
-8.51
-6.36
-3.76
-1.10
1.24
3.07
4.35
5.24
5.93
6.55
7.15
7.68
8.08
8.29
8.28
8.10
7.81
7.50
7.20
6.94
6.65
6.26
5.76
5.15
4.52
3.94
3.41
2.88
2.28
1.56
0.77
-0.00
-0.68
-1.25
-1.79
-2.41
-3.17
-4.04
-4.93
-5.73
-6.39
-6.92
-7.38
-7.89
-8.50
-9.24
-10.03
-10.70
-11.01
-10.75
-9.79
-8.17
-6.07
-3.79
-1.58
0.38
2.07
3.54
4.86
6.04
7.04
7.81
8.35
8.72
9.02
9.30
9.55
9.69
9.64
9.36
8.92
8.40
7.90
7.47
7.10
6.71
6.30
5.87
5.44
5.04
4.66
4.21
3.62
2.84
1.89
0.88
-0.07
-0.89
-1.57
-2.17
-2.81
-3.50
-4.21
-4.88
-5.47
-5.98
-6.44
-6.90
-7.34
-7.70
-7.95
-8.14
-8.39
-8.86
-9.66
-10.77
-11.98
-12.94
-13.24
-12.61
-10.96
-8.51
-5.63
-2.81
-0.40
1.45
2.80
3.82
4.69
5.53
6.36
7.17
7.94
8.65
9.24
9.61
9.67
9.37
8.72
7.86
6.93
6.11
5.50
5.10
4.88
4.70
4.45
4.00
3.34
2.49
1.56
0.66
-0.13
-0.81
-1.42
-1.99
-2.57
-3.15
-3.76
-4.40
-5.15
-6.05
-7.13
-8.31
-9.44
-10.38
-11.03
-11.45
-11.81
-12.35
-13.28
-14.60
-16.11
-17.42
-18.12
-17.91
-16.74
-14.84
-12.55
-10.29
-8.40
-7.06
-6.26
-5.79
-5.33
-4.49
-2.97
-0.68
2.19
5.21
7.83
9.58
10.28
10.03
9.19
8.25
7.63
7.56
8.05
8.88
9.78
10.50
10.87
10.87
10.54
9.97
9.23
8.35
7.35
6.19
4.92
3.58
2.30
1.23
0.47
0.04
-0.17
-0.34
-0.72
-1.48
-2.65
-4.17
-5.87
-7.60
-9.20
-10.52
-11.38
-11.63
-11.13
-9.86
-7.97
-5.76
-3.58
-1.75
-0.41
0.50
1.15
1.76
2.46
3.26
4.09
4.90
5.69
6.52
7.47
8.53
9.55
10.33
10.68
10.54
10.00
9.26
8.45
7.63
6.74
5.71
4.50
3.18
1.91
0.82
-0.04
-0.73
-1.37
-2.04
-2.78
-3.53
-4.23
-4.81
-5.25
-5.52
-5.60
-5.51
-5.35
-5.29
-5.50
-6.03
-6.73
-7.21
-7.05
-5.92
-3.78
-0.89
2.28
5.25
7.69
9.46
10.64
11.41
11.96
12.44
12.93
13.41
13.82
14.07
14.10
13.90
13.51
12.95
12.26
11.44
10.50
9.47
8.42
7.40
6.47
5.63
4.86
4.13
3.41
2.66
1.85
0.98
0.04
-0.93
-1.85
-2.68
-3.41
-4.03
-4.60
-5.14
-5.64
-6.09
-6.47
-6.83
-7.24
-7.80
-8.60
-9.66
-10.94
-12.21
-13.18
-13.49
-12.84
-11.14
-8.54
-5.42
-2.26
0.55
2.79
4.48
5.74
6.71
7.46
7.95
8.11
7.95
7.52
6.99
6.53
6.26
6.19
6.25
6.32
6.29
6.13
5.87
5.55
5.21
4.82
4.33
3.70
2.93
2.09
1.25
0.51
-0.08
-0.54
-0.91
-1.27
-1.65
-2.10
-2.62
-3.21
-3.86
-4.56
-5.32
-6.12
-6.91
-7.66
-8.31
-8.80
-9.16
-9.46
-9.81
-10.22
-10.58
-10.66
-10.16
-8.92
-6.95
-4.49
-1.90
0.52
2.57
4.19
5.43
6.32
6.88
7.10
7.02
6.70
6.26
5.82
5.43
5.14
4.92
4.74
4.57
4.39
4.21
4.04
3.94
3.92
3.94
3.88
3.62
3.08
2.32
1.46
0.67
0.09
-0.28
-0.53
-0.78
-1.15
-1.69
-2.38
-3.14
-3.92
-4.65
-5.32
-5.95
-6.57
-7.26
-8.06
-8.92
-9.68
-10.07
-9.85
-8.87
-7.17
-5.03
-2.81
-0.90
0.48
1.31
1.68
1.82
1.88
1.98
2.15
2.35
2.57
2.79
2.98
3.16
3.33
3.49
3.61
3.65
3.57
3.39
3.15
2.90
2.72
2.63
2.57
2.43
2.12
1.58
0.87
0.10
-0.61
-1.18
-1.63
-2.01
-2.41
-2.90
-3.52
-4.28
-5.17
-6.15
-7.13
-7.98
-8.53
-8.60
-8.10
-7.06
-5.57
-3.83
-2.04
-0.38
1.00
2.05
2.80
3.34
3.83
4.40
5.07
5.76
6.35
6.69
6.71
6.43
5.97
5.42
4.87
4.34
3.79
3.24
2.71
2.28
2.00
1.86
1.74
1.51
1.06
0.37
-0.46
-1.28
-1.95
-2.42
-2.75
-3.04
-3.41
-3.94
-4.63
-5.48
-6.44
-7.45
-8.41
-9.16
-9.51
-9.28
-8.40
-6.91
-5.01
-2.95
-1.01
0.68
2.07
3.24
4.27
5.18
5.91
6.38
6.53
6.38
6.05
5.69
5.40
5.23
5.14
5.05
4.89
4.62
4.21
3.70
3.11
2.54
2.07
1.74
1.54
1.39
1.19
0.82
0.26
-0.48
-1.34
-2.21
-3.05
-3.80
-4.44
-4.95
-5.37
-5.70
-6.03
-6.44
-7.01
-7.77
-8.66
-9.54
-10.20
-10.43
-10.05
-8.99
-7.28
-5.05
-2.56
-0.09
2.07
3.71
4.79
5.41
5.76
6.05
6.40
6.85
7.31
7.69
7.91
7.93
7.75
7.40
6.91
6.37
5.81
5.30
4.83
4.40
4.00
3.64
3.35
3.10
2.86
2.54
2.07
1.42
0.64
-0.16
-0.90
-1.50
-1.99
-2.45
-2.97
-3.59
-4.28
-4.97
-5.55
-5.98
-6.28
-6.55
-6.94
-7.58
-8.50
-9.62
-10.75
-11.62
-11.93
-11.48
-10.16
-8.06
-5.44
-2.64
-0.04
2.10
3.65
4.65
5.24
5.64
6.02
6.53
7.17
7.82
8.31
8.45
8.18
7.55
6.73
5.92
5.27
4.81
4.51
4.32
4.21
4.17
4.21
4.28
4.30
4.20
3.92
3.50
2.97
2.40
1.83
1.26
0.70
0.15
-0.40
-0.95
-1.50
-2.08
-2.68
-3.23
-3.68
-4.00
-4.22
-4.44
-4.76
-5.30
-6.06
-7.02
-8.10
-9.18
-10.09
-10.63
-10.58
-9.74
-8.06
-5.68
-2.91
-0.18
2.14
3.78
4.69
5.02
5.01
4.87
4.76
4.77
4.90
5.14
5.45
5.72
5.84
5.73
5.37
4.84
4.30
3.88
3.64
3.57
3.57
3.57
3.50
3.31
2.97
2.44
1.73
0.89
0.09
-0.52
-0.82
-0.83
-0.69
-0.58
-0.63
-0.92
-1.44
-2.12
-2.89
-3.69
-4.41
-4.95
-5.27
-5.37
-5.41
-5.59
-6.10
-6.92
-7.85
-8.50
-8.48
-7.57
-5.81
-3.55
-1.21
0.78
2.19
3.00
3.35
3.42
3.38
3.34
3.32
3.33
3.34
3.35
3.33
3.27
3.17
3.03
2.87
2.75
2.67
2.67
2.69
2.69
2.59
2.37
2.03
1.58
1.07
0.54
-0.01
-0.57
-1.14
-1.69
-2.19
-2.62
-2.99
-3.31
-3.59
-3.84
-4.06
-4.26
-4.49
-4.84
-5.39
-6.12
-6.94
-7.62
-7.92
-7.64
-6.71
-5.27
-3.53
-1.81
-0.31
0.84
1.68
2.32
2.87
3.41
3.97
4.52
5.02
5.42
5.69
5.75
5.56
5.12
4.47
3.76
3.16
2.80
2.68
2.73
2.79
2.74
2.53
2.20
1.80
1.39
0.95
0.43
-0.20
-0.91
-1.61
-2.17
-2.51
-2.66
-2.78
-3.06
-3.61
-4.43
-5.34
-6.11
-6.55
-6.67
-6.64
-6.74
-7.20
-8.09
-9.26
-10.40
-11.17
-11.31
-10.72
-9.43
-7.59
-5.42
-3.12
-0.92
1.01
2.50
3.44
3.86
3.94
3.94
4.17
4.78
5.73
6.81
7.70
8.14
8.07
7.58
6.90
6.29
5.87
5.66
5.50
5.23
4.75
4.06
3.30
2.61
2.10
1.77
1.57
1.37
1.09
0.72
0.26
-0.26
-0.82
-1.40
-1.94
-2.42
-2.82
-3.14
-3.48
-3.88
-4.42
-5.07
-5.76
-6.40
-6.90
-7.20
-7.36
-7.50
-7.79
-8.37
-9.22
-10.17
-10.88
-10.94
-10.06
-8.17
-5.48
-2.37
0.70
3.35
5.35
6.64
7.33
7.60
7.72
7.92
8.35
9.02
9.77
10.42
10.75
10.66
10.17
9.43
8.63
7.93
7.39
7.02
6.80
6.69
6.63
6.57
6.39
5.94
5.15
4.02
2.72
1.50
0.58
0.07
-0.08
-0.08
-0.14
-0.43
-0.97
-1.72
-2.60
-3.54
-4.49
-5.39
-6.16
-6.71
-6.99
-7.05
-7.04
-7.18
-7.66
-8.58
-9.85
-11.17
-12.10
-12.18
-11.11
-8.87
-5.77
-2.33
0.86
3.35
4.94
5.73
6.01
6.08
6.19
6.43
6.77
7.10
7.34
7.40
7.26
6.94
6.48
5.93
5.40
4.96
4.66
4.53
4.55
4.67
4.85
5.05
5.21
5.25
5.09
4.65
3.93
3.01
2.08
1.30
0.77
0.44
0.21
-0.04
-0.38
-0.81
-1.29
-1.80
-2.37
-3.06
-3.89
-4.80
-5.68
-6.44
-7.04
-7.56
-8.12
-8.81
-9.60
-10.36
-10.89
-11.01
-10.57
-9.50
-7.81
-5.62
-3.13
-0.64
1.57
3.30
4.46
5.15
5.57
5.93
6.35
6.81
7.23
7.54
7.70
7.76
7.77
7.75
7.62
7.29
6.72
5.99
5.26
4.67
4.32
4.15
4.04
3.89
3.62
3.23
2.76
2.25
1.73
1.22
0.76
0.35
-0.08
-0.59
-1.22
-1.94
-2.63
-3.20
-3.60
-3.90
-4.21
-4.59
-5.01
-5.37
-5.62
-5.83
-6.16
-6.81
-7.82
-9.01
-10.04
-10.52
-10.19
-8.99
-7.08
-4.79
-2.44
-0.31
1.41
2.69
3.57
4.16
4.56
4.87
5.11
5.29
5.42
5.51
5.53
5.49
5.37
5.18
4.90
4.55
4.14
3.67
3.18
2.71
2.31
2.07
2.00
2.06
2.10
1.99
1.63
1.05
0.33
-0.41
-1.12
-1.80
-2.50
-3.21
-3.88
-4.40
-4.72
-4.89
-5.06
-5.42
-6.08
-7.04
-8.12
-9.09
-9.70
-9.75
-9.16
-7.90
-6.07
-3.91
-1.67
0.33
1.88
2.93
3.60
4.04
4.42
4.79
5.08
5.25
5.29
5.27
5.27
5.33
5.37
5.27
4.92
4.34
3.64
2.96
2.38
1.87
1.32
0.66
-0.11
-0.86
-1.48
-1.89
-2.16
-2.44
-2.91
-3.63
-4.51
-5.38
-6.04
-6.42
-6.58
-6.69
-6.93
-7.38
-8.01
-8.72
-9.35
-9.79
-9.96
-9.76
-9.11
-7.94
-6.23
-4.08
-1.73
0.50
2.34
3.62
4.36
4.69
4.83
4.98
5.28
5.73
6.26
6.76
7.12
7.24
7.12
6.78
6.29
5.75
5.23
4.83
4.55
4.35
4.15
3.84
3.38
2.80
2.18
1.61
1.12
0.70
0.30
-0.12
-0.56
-1.01
-1.46
-1.98
-2.59
-3.33
-4.13
-4.86
-5.42
-5.76
-5.96
-6.21
-6.73
-7.66
-8.98
-10.47
-11.79
-12.54
-12.44
-11.38
-9.45
-6.92
-4.15
-1.48
0.82
2.62
3.90
4.76
5.32
5.73
6.13
6.59
7.11
7.64
8.09
8.38
8.42
8.24
7.89
7.49
7.12
6.83
6.60
6.39
6.14
5.82
5.49
5.20
4.97
4.78
4.53
4.10
3.43
2.49
1.37
0.18
-0.92
-1.82
-2.50
-2.99
-3.37
-3.73
-4.15
-4.63
-5.19
-5.82
-6.52
-7.32
-8.22
-9.22
-10.25
-11.22
-11.98
-12.33
-12.09
-11.12
-9.41
-7.10
-4.47
-1.83
0.53
2.43
3.83
4.78
5.37
5.72
5.91
6.03
6.14
6.30
6.54
6.80
6.99
7.01
6.81
6.39
5.84
5.32
4.95
4.80
4.85
4.97
5.00
4.76
4.20
3.35
2.41
1.55
0.92
0.55
0.35
0.17
-0.13
-0.63
-1.34
-2.18
-3.09
-3.93
-4.62
-5.08
-5.32
-5.46
-5.65
-6.00
-6.48
-6.94
-7.10
-6.71
-5.68
-4.04
-2.00
0.15
2.13
3.76
4.93
5.66
6.06
6.27
6.44
6.63
6.78
6.80
6.58
6.14
5.59
5.10
4.78
4.66
4.62
4.53
4.30
3.94
3.53
3.19
2.96
2.80
2.59
2.19
1.54
0.66
-0.35
-1.35
-2.24
-2.96
-3.49
-3.84
-4.09
-4.32
-4.62
-5.09
-5.77
-6.63
-7.55
-8.32
-8.73
-8.60
-7.83
-6.47
-4.65
-2.58
-0.49
1.41
2.96
4.11
4.87
5.33
5.58
5.74
5.86
5.97
6.11
6.29
6.50
6.67
6.73
6.57
6.16
5.55
4.89
4.32
3.96
3.80
3.71
3.58
3.29
2.84
2.31
1.78
1.29
0.81
0.29
-0.33
-1.06
-1.83
-2.53
-3.09
-3.50
-3.84
-4.22
-4.75
-5.44
-6.25
-7.09
-7.90
-8.69
-9.46
-10.18
-10.72
-10.87
-10.40
-9.19
-7.30
-4.97
-2.56
-0.38
1.37
2.65
3.53
4.16
4.67
5.16
5.63
6.04
6.33
6.46
6.45
6.35
6.20
6.02
5.82
5.55
5.16
4.68
4.14
3.65
3.26
3.02
2.88
2.74
2.49
2.06
1.46
0.75
0.02
-0.68
-1.33
-1.96
-2.60
-3.24
-3.81
-4.28
-4.64
-4.95
-5.30
-5.76
-6.34
-6.95
-7.54
-8.04
-8.51
-9.01
-9.62
-10.30
-10.88
-11.12
-10.75
-9.65
-7.88
-5.69
-3.42
-1.41
0.13
1.20
1.90
2.41
2.89
3.38
3.88
4.30
4.56
4.62
4.50
4.25
3.92
3.58
3.23
2.86
2.42
1.86
1.22
0.58
0.06
-0.26
-0.39
-0.43
-0.52
-0.77
-1.19
-1.68
-2.09
-2.33
-2.39
-2.37
-2.41
-2.63
-3.03
-3.54
-4.02
-4.32
-4.39
-4.27
-4.10
-4.07
-4.32
-4.84
-5.50
-6.00
-6.06
-5.45
-4.12
-2.24
-0.09
2.01
3.81
5.19
6.14
6.73
7.06
7.21
7.29
7.38
7.52
7.73
7.92
7.99
7.83
7.40
6.77
6.05
5.39
4.88
4.52
4.27
4.06
3.80
3.47
3.06
2.56
1.96
1.28
0.53
-0.27
-1.08
-1.85
-2.52
-3.06
-3.47
-3.76
-4.00
-4.27
-4.66
-5.25
-6.05
-7.04
-8.15
-9.30
-10.29
-10.90
-10.88
-10.00
-8.23
-5.73
-2.90
-0.19
1.97
3.41
4.18
4.53
4.78
5.16
5.76
6.54
7.33
7.99
8.37
8.42
8.16
7.66
7.03
6.39
5.82
5.42
5.20
5.17
5.22
5.24
5.09
4.66
3.91
2.89
1.76
0.68
-0.21
-0.83
-1.22
-1.52
-1.90
-2.51
-3.39
-4.43
-5.44
-6.25
-6.76
-7.02
-7.24
-7.62
-8.28
-9.13
-9.96
-10.42
-10.22
-9.25
-7.55
-5.34
-2.91
-0.48
1.80
3.86
5.67
7.22
8.46
9.31
9.77
9.88
9.74
9.49
9.25
9.07
8.96
8.86
8.67
8.36
7.90
7.34
6.75
6.22
5.83
5.59
5.48
5.36
5.11
4.63
3.91
3.01
2.08
1.24
0.59
0.12
-0.24
-0.59
-1.05
-1.67
-2.42
-3.23
-3.97
-4.55
-4.94
-5.23
-5.56
-6.07
-6.80
-7.63
-8.31
-8.53
-8.04
-6.73
-4.69
-2.14
0.61
3.23
5.48
7.22
8.41
9.09
9.35
9.30
9.08
8.82
8.64
8.56
8.49
8.28
7.74
6.83
5.62
4.30
3.07
2.03
1.15
0.28
-0.76
-2.03
-3.50
-5.02
-6.45
-7.69
-8.74
-9.67
-10.60
-11.66
-12.86
-14.14
-15.33
-16.23
-16.63
-16.41
-15.57
-14.24
-12.68
-11.22
-10.20
-9.85
-10.22
-11.13
-12.24
-13.10
-13.33
-12.74
-11.36
-9.41
-7.21
-5.05
-3.15
-1.60
-0.41
0.47
1.09
1.50
1.74
1.87
1.93
1.97
1.98
1.89
1.66
1.27
0.76
0.25
-0.14
-0.34
-0.39
-0.39
-0.47
-0.71
-1.10
-1.55
-1.99
-2.36
-2.65
-2.86
-2.98
-2.98
-2.82
-2.46
-1.93
-1.23
-0.43
0.46
1.36
2.18
2.81
3.13
3.14
2.95
2.81
3.01
3.80
5.31
7.44
9.99
12.60
14.94
16.75
17.87
18.34
18.26
17.81
17.16
16.41
15.64
14.88
14.18
13.56
13.03
12.57
12.05
11.39
10.50
9.38
8.15
6.97
6.00
5.29
4.80
4.36
3.80
3.03
2.07
1.02
0.01
-0.91
-1.75
-2.59
-3.52
-4.51
-5.48
-6.34
-7.01
-7.51
-7.94
-8.38
-8.90
-9.52
-10.23
-11.01
-11.82
-12.48
-12.77
-12.42
-11.22
-9.15
-6.42
-3.40
-0.48
2.04
4.00
5.37
6.19
6.56
6.58
6.41
6.22
6.11
6.09
6.07
5.88
5.38
4.56
3.53
2.42
1.35
0.42
-0.33
-0.83
-1.06
-1.04
-0.89
-0.79
-0.90
-1.28
-1.85
-2.45
-2.94
-3.25
-3.43
-3.57
-3.74
-3.91
-4.02
-4.01
-3.85
-3.59
-3.29
-2.99
-2.71
-2.46
-2.30
-2.30
-2.54
-2.96
-3.42
-3.65
-3.38
-2.47
-0.97
0.92
2.87
4.56
5.79
6.48
6.66
6.45
6.01
5.48
5.00
4.66
4.47
4.40
4.32
4.09
3.63
2.91
2.04
1.14
0.35
-0.29
-0.82
-1.30
-1.76
-2.18
-2.50
-2.67
-2.75
-2.84
-3.04
-3.38
-3.80
-4.20
-4.54
-4.86
-5.26
-5.83
-6.53
-7.24
-7.84
-8.28
-8.63
-9.00
-9.48
-10.07
-10.61
-10.86
-10.57
-9.59
-7.89
-5.59
-2.93
-0.20
2.27
4.24
5.59
6.33
6.60
6.60
6.45
6.22
5.90
5.45
4.85
4.17
3.48
2.86
2.37
1.96
1.61
1.27
0.95
0.68
0.49
0.37
0.28
0.15
-0.09
-0.51
-1.12
-1.87
-2.70
-3.53
-4.30
-4.96
-5.50
-5.95
-6.33
-6.66
-6.95
-7.22
-7.49
-7.74
-7.91
-7.86
-7.42
-6.42
-4.77
-2.56
0.00
2.58
4.86
6.61
7.77
8.44
8.81
9.07
9.32
9.55
9.67
9.58
9.24
8.66
7.95
7.23
6.58
6.04
5.58
5.15
4.68
4.15
3.55
2.93
2.35
1.86
1.45
1.06
0.60
-0.03
-0.87
-1.86
-2.89
-3.84
-4.61
-5.18
-5.62
-6.01
-6.43
-6.93
-7.51
-8.19
-8.94
-9.72
-10.44
-10.94
-11.00
-10.43
-9.10
-7.05
-4.48
-1.75
0.77
2.80
4.25
5.22
5.92
6.53
7.15
7.78
8.34
8.78
9.09
9.28
9.35
9.21
8.80
8.09
7.14
6.13
5.22
4.55
4.11
3.83
3.57
3.25
2.81
2.23
1.52
0.68
-0.27
-1.26
-2.16
-2.89
-3.36
-3.62
-3.76
-3.89
-4.10
-4.39
-4.74
-5.09
-5.46
-5.91
-6.54
-7.40
-8.47
-9.63
-10.67
-11.36
-11.49
-10.92
-9.66
-7.83
-5.65
-3.34
-1.13
0.83
2.45
3.72
4.67
5.36
5.83
6.11
6.24
6.23
6.11
5.96
5.79
5.63
5.42
5.09
4.61
4.00
3.33
2.71
2.20
1.80
1.42
0.97
0.37
-0.38
-1.24
-2.12
-2.97
-3.76
-4.49
-5.18
-5.80
-6.29
-6.61
-6.77
-6.84
-6.94
-7.20
-7.71
-8.42
-9.25
-9.99
-10.43
-10.37
-9.68
-8.31
-6.36
-4.03
-1.62
0.55
2.25
3.39
4.06
4.46
4.81
5.26
5.85
6.48
7.04
7.44
7.68
7.86
8.02
8.19
8.28
8.19
7.88
7.37
6.79
6.27
5.88
5.57
5.19
4.57
3.64
2.45
1.16
-0.03
-1.01
-1.78
-2.42
-3.08
-3.82
-4.69
-5.68
-6.80
-8.07
-9.47
-10.87
-12.02
-12.59
-12.32
-11.16
-9.30
-7.13
-5.05
-3.36
-2.17
-1.38
-0.82
-0.28
0.41
1.29
2.35
3.49
4.59
5.53
6.24
6.69
6.86
6.77
6.44
5.94
5.36
4.84
4.49
4.33
4.27
4.18
3.88
3.31
2.50
1.59
0.77
0.15
-0.24
-0.50
-0.79
-1.25
-1.92
-2.75
-3.60
-4.36
-4.97
-5.48
-6.02
-6.68
-7.47
-8.34
-9.14
-9.74
-10.01
-9.86
-9.22
-8.01
-6.21
-3.94
-1.43
0.93
2.81
3.99
4.51
4.62
4.66
4.90
5.38
5.96
6.43
6.62
6.57
6.42
6.40
6.60
7.03
7.56
8.04
8.40
8.66
8.90
9.18
9.45
9.58
9.44
8.91
8.00
6.76
5.28
3.61
1.80
-0.09
-1.92
-3.56
-4.88
-5.90
-6.70
-7.44
-8.24
-9.13
-10.06
-11.00
-11.94
-12.86
-13.69
-14.24
-14.27
-13.57
-12.07
-9.90
-7.39
-4.86
-2.61
-0.72
0.81
2.07
3.13
4.03
4.78
5.42
5.98
6.53
7.10
7.68
8.24
8.69
8.97
9.04
8.93
8.71
8.46
8.27
8.16
8.11
8.05
7.89
7.56
7.00
6.20
5.21
4.09
2.99
2.04
1.33
0.85
0.50
0.13
-0.40
-1.13
-2.01
-2.98
-3.93
-4.82
-5.56
-6.04
-6.11
-5.65
-4.59
-3.01
-1.13
0.78
2.49
3.89
4.99
5.88
6.63
7.27
7.73
7.95
7.88
7.56
7.08
6.56
6.08
5.65
5.24
4.82
4.37
3.91
3.49
3.16
2.90
2.68
2.44
2.13
1.73
1.23
0.62
-0.09
-0.93
-1.88
-2.92
-3.93
-4.76
-5.28
-5.44
-5.32
-5.10
-5.04
-5.32
-6.02
-7.00
-8.02
-8.72
-8.82
-8.17
-6.77
-4.85
-2.67
-0.50
1.43
3.05
4.31
5.24
5.86
6.21
6.34
6.33
6.24
6.14
6.03
5.90
5.70
5.39
4.97
4.47
3.98
3.58
3.35
3.29
3.34
3.36
3.20
2.80
2.19
1.44
0.69
-0.02
-0.69
-1.36
-2.07
-2.80
-3.48
-4.05
-4.48
-4.82
-5.13
-5.43
-5.70
-5.87
-5.95
-6.07
-6.43
-7.23
-8.40
-9.65
-10.46
-10.34
-9.09
-6.87
-4.15
-1.45
0.87
2.69
4.07
5.16
6.03
6.71
7.18
7.51
7.77
8.04
8.30
8.44
8.34
7.92
7.25
6.48
5.80
5.32
5.03
4.80
4.47
3.94
3.19
2.31
1.45
0.74
0.21
-0.13
-0.36
-0.54
-0.74
-1.04
-1.55
-2.34
-3.43
-4.73
-6.03
-7.11
-7.77
-8.01
-7.94
-7.84
-7.96
-8.43
-9.25
-10.29
-11.34
-12.19
-12.61
-12.44
-11.57
-10.03
-7.94
-5.58
-3.25
-1.26
0.23
1.18
1.66
1.83
1.78
1.61
1.34
0.98
0.51
-0.07
-0.75
-1.50
-2.25
-2.89
-3.32
-3.50
-3.45
-3.23
-2.94
-2.66
-2.47
-2.42
-2.52
-2.78
-3.16
-3.60
-4.01
-4.36
-4.58
-4.67
-4.62
-4.45
-4.22
-4.00
-3.89
-3.98
-4.35
-4.94
-5.60
-6.10
-6.21
-5.75
-4.67
-3.04
-1.04
1.10
3.15
4.93
6.33
7.31
7.94
8.29
8.48
8.62
8.77
8.94
9.07
9.07
8.87
8.43
7.81
7.07
6.34
5.69
5.16
4.74
4.40
4.09
3.77
3.43
3.03
2.55
1.98
1.33
0.61
-0.12
-0.83
-1.48
-2.04
-2.49
-2.82
-3.02
-3.14
-3.23
-3.40
-3.73
-4.25
-4.90
-5.52
-5.91
-5.86
-5.22
-4.01
-2.36
-0.49
1.34
2.95
4.23
5.16
5.79
6.23
6.60
6.98
7.37
7.69
7.82
7.65
7.16
6.42
5.59
4.82
4.26
3.94
3.86
3.94
4.08
4.18
4.12
3.82
3.25
2.42
1.45
0.45
-0.41
-1.03
-1.39
-1.54
-1.62
-1.80
-2.16
-2.72
-3.42
-4.16
-4.86
-5.47
-6.01
-6.52
-7.08
-7.73
-8.53
-9.40
-10.19
-10.64
-10.46
-9.45
-7.59
-5.07
-2.24
0.54
2.98
4.94
6.44
7.57
8.44
9.11
9.62
9.96
10.09
9.95
9.54
8.88
8.06
7.18
6.34
5.60
4.98
4.44
3.94
3.46
2.97
2.42
1.82
1.13
0.40
-0.33
-0.98
-1.49
-1.85
-2.09
-2.26
-2.45
-2.73
-3.13
-3.65
-4.24
-4.81
-5.32
-5.74
-6.13
-6.59
-7.20
-7.98
-8.86
-9.66
-10.12
-10.05
-9.29
-7.86
-5.92
-3.75
-1.67
0.04
1.22
1.90
2.22
2.38
2.56
2.87
3.33
3.85
4.31
4.59
4.58
4.27
3.70
3.00
2.33
1.82
1.52
1.40
1.38
1.35
1.28
1.17
1.06
0.98
0.92
0.80
0.56
0.19
-0.26
-0.68
-1.02
-1.31
-1.65
-2.18
-2.95
-3.88
-4.84
-5.72
-6.43
-7.01
-7.46
-7.73
-7.68
-7.12
-5.99
-4.41
-2.65
-1.03
0.27
1.23
1.97
2.68
3.47
4.31
5.11
5.74
6.07
6.08
5.78
5.25
4.57
3.85
3.16
2.58
2.17
1.94
1.88
1.94
2.07
2.17
2.13
1.87
1.35
0.61
-0.25
-1.08
-1.77
-2.30
-2.67
-2.98
-3.29
-3.66
-4.08
-4.58
-5.19
-5.94
-6.81
-7.67
-8.32
-8.49
-8.05
-6.98
-5.43
-3.64
-1.83
-0.15
1.32
2.57
3.58
4.34
4.86
5.15
5.23
5.13
4.88
4.55
4.20
3.92
3.75
3.66
3.52
3.22
2.69
1.99
1.25
0.64
0.24
0.02
-0.15
-0.41
-0.84
-1.42
-2.06
-2.66
-3.17
-3.56
-3.88
-4.13
-4.39
-4.71
-5.18
-5.88
-6.76
-7.66
-8.34
-8.53
-8.09
-7.02
-5.53
-3.86
-2.22
-0.67
0.80
2.24
3.63
4.84
5.78
6.39
6.75
7.04
7.39
7.85
8.29
8.53
8.40
7.86
7.01
6.07
5.21
4.55
4.11
3.85
3.67
3.49
3.25
2.92
2.48
1.97
1.44
0.96
0.54
0.16
-0.27
-0.82
-1.57
-2.54
-3.68
-4.87
-5.98
-6.90
-7.57
-8.02
-8.35
-8.70
-9.18
-9.84
-10.66
-11.52
-12.23
-12.58
-12.34
-11.33
-9.50
-7.00
-4.11
-1.28
1.12
2.87
3.99
4.67
5.20
5.76
6.41
7.09
7.69
8.14
8.41
8.56
8.57
8.44
8.11
7.57
6.88
6.16
5.54
5.12
4.88
4.74
4.56
4.26
3.82
3.26
2.67
2.12
1.67
1.31
1.01
0.71
0.32
-0.23
-0.97
-1.84
-2.72
-3.48
-3.99
-4.23
-4.26
-4.26
-4.41
-4.84
-5.57
-6.43
-7.16
-7.42
-6.96
-5.68
-3.61
-0.97
1.92
4.69
7.06
8.81
9.90
10.41
10.54
10.52
10.49
10.48
10.43
10.20
9.71
8.95
8.01
6.99
5.99
5.09
4.34
3.78
3.40
3.18
3.05
2.91
2.66
2.21
1.57
0.79
-0.02
-0.78
-1.39
-1.85
-2.16
-2.40
-2.63
-2.90
-3.22
-3.55
-3.88
-4.21
-4.56
-5.02
-5.65
-6.49
-7.52
-8.64
-9.65
-10.33
-10.46
-9.89
-8.63
-6.81
-4.68
-2.48
-0.43
1.35
2.80
3.93
4.75
5.30
5.66
5.93
6.22
6.55
6.86
7.01
6.93
6.60
6.12
5.64
5.28
5.05
4.85
4.55
4.10
3.54
3.01
2.67
2.56
2.61
2.66
2.54
2.18
1.61
0.93
0.22
-0.46
-1.14
-1.84
-2.58
-3.33
-4.05
-4.71
-5.27
-5.72
-6.06
-6.29
-6.49
-6.74
-7.18
-7.92
-8.97
-10.19
-11.28
-11.89
-11.73
-10.69
-8.89
-6.65
-4.35
-2.32
-0.70
0.51
1.42
2.17
2.87
3.55
4.19
4.76
5.23
5.58
5.79
5.83
5.70
5.44
5.11
4.77
4.44
4.14
3.85
3.56
3.28
3.01
2.73
2.44
2.11
1.72
1.28
0.85
0.47
0.14
-0.16
-0.51
-0.98
-1.61
-2.33
-3.03
-3.62
-4.04
-4.33
-4.58
-4.90
-5.35
-5.97
-6.71
-7.48
-8.19
-8.68
-8.78
-8.36
-7.32
-5.71
-3.72
-1.60
0.40
2.13
3.51
4.56
5.33
5.85
6.18
6.33
6.31
6.17
5.94
5.65
5.33
4.98
4.57
4.08
3.48
2.83
2.23
1.79
1.62
1.69
1.89
2.01
1.89
1.44
0.74
-0.04
-0.72
-1.17
-1.43
-1.62
-1.90
-2.38
-3.11
-4.00
-4.91
-5.70
-6.30
-6.68
-6.87
-6.98
-7.09
-7.33
-7.78
-8.48
-9.34
-10.20
-10.80
-10.89
-10.29
-8.95
-6.98
-4.61
-2.15
0.13
1.99
3.32
4.11
4.45
4.49
4.40
4.32
4.37
4.54
4.76
4.89
4.82
4.53
4.09
3.63
3.26
3.04
2.89
2.69
2.32
1.80
1.21
0.69
0.36
0.18
0.02
-0.28
-0.82
-1.61
-2.55
-3.50
-4.39
-5.18
-5.91
-6.61
-7.27
-7.84
-8.32
-8.75
-9.20
-9.69
-10.11
-10.29
-9.99
-9.08
-7.52
-5.43
-3.05
-0.61
1.65
3.59
5.13
6.24
6.95
7.32
7.45
7.44
7.40
7.38
7.42
7.49
7.51
7.39
7.06
6.51
5.78
4.96
4.18
3.51
3.01
2.65
2.39
2.11
1.68
1.01
0.07
-1.07
-2.27
-3.36
-4.22
-4.85
-5.33
-5.80
-6.42
-7.29
-8.42
-9.71
-11.01
-12.04
-12.52
-12.21
-10.99
-8.91
-6.18
-3.14
-0.12
2.58
4.74
6.30
7.29
7.89
8.28
8.63
9.04
9.45
9.75
9.82
9.61
9.17
8.63
8.06
7.52
6.98
6.38
5.72
5.03
4.37
3.81
3.36
2.96
2.50
1.86
0.99
-0.10
-1.31
-2.49
-3.47
-4.21
-4.72
-5.13
-5.54
-6.04
-6.63
-7.30
-8.04
-8.90
-9.91
-11.01
-11.99
-12.52
-12.26
-10.99
-8.72
-5.73
-2.45
0.67
3.28
5.23
6.52
7.31
7.80
8.23
8.77
9.48
10.29
11.04
11.54
11.67
11.38
10.71
9.74
8.56
7.30
6.09
5.09
4.44
4.17
4.16
4.21
4.08
3.63
2.86
1.93
1.01
0.25
-0.32
-0.80
-1.34
-2.07
-3.04
-4.18
-5.32
-6.28
-6.95
-7.30
-7.47
-7.64
-8.01
-8.76
-9.89
-11.26
-12.62
-13.59
-13.85
-13.23
-11.75
-9.65
-7.28
-5.01
-3.08
-1.61
-0.55
0.21
0.84
1.50
2.31
3.34
4.56
5.87
7.11
8.12
8.82
9.18
9.26
9.17
9.06
9.05
9.21
9.50
9.84
10.07
10.08
9.84
9.36
8.79
8.23
7.81
7.56
7.44
7.32
7.05
6.49
5.59
4.38
3.00
1.62
0.39
-0.60
-1.35
-1.93
-2.47
-3.08
-3.81
-4.60
-5.26
-5.54
-5.25
-4.32
-2.84
-1.08
0.64
2.05
3.01
3.52
3.72
3.78
3.89
4.18
4.65
5.19
5.65
5.89
5.89
5.71
5.46
5.23
5.05
4.88
4.70
4.48
4.24
4.01
3.73
3.31
2.68
1.84
0.91
0.06
-0.57
-0.95
-1.19
-1.42
-1.77
-2.26
-2.83
-3.40
-3.88
-4.31
-4.73
-5.26
-6.02
-7.06
-8.37
-9.80
-11.08
-11.88
-11.91
-11.06
-9.42
-7.27
-4.95
-2.78
-0.95
0.47
1.55
2.39
3.13
3.86
4.60
5.34
6.02
6.56
6.90
7.00
6.83
6.39
5.70
4.82
3.88
3.00
2.32
1.83
1.49
1.16
0.76
0.25
-0.30
-0.82
-1.23
-1.56
-1.86
-2.22
-2.71
-3.31
-3.99
-4.68
-5.31
-5.86
-6.32
-6.66
-6.91
-7.10
-7.28
-7.52
-7.91
-8.46
-9.10
-9.65
-9.86
-9.52
-8.55
-7.01
-5.12
-3.14
-1.28
0.32
1.63
2.66
3.48
4.14
4.68
5.12
5.43
5.54
5.38
4.98
4.45
3.96
3.66
3.58
3.60
3.54
3.25
2.73
2.16
1.72
1.53
1.53
1.52
1.25
0.62
-0.32
-1.37
-2.31
-3.03
-3.55
-3.98
-4.43
-4.96
-5.53
-6.05
-6.49
-6.89
-7.32
-7.86
-8.52
-9.17
-9.61
-9.65
-9.12
-8.00
-6.39
-4.48
-2.49
-0.61
1.05
2.45
3.61
4.57
5.37
6.02
6.51
6.85
7.02
7.02
6.87
6.58
6.17
5.68
5.13
4.57
4.04
3.59
3.24
2.98
2.71
2.34
1.80
1.09
0.31
-0.44
-1.09
-1.69
-2.35
-3.15
-4.11
-5.12
-6.01
-6.66
-7.10
-7.47
-7.99
-8.78
-9.79
-10.83
-11.57
-11.74
-11.17
-9.85
-7.95
-5.74
-3.47
-1.39
0.42
1.94
3.22
4.35
5.39
6.39
7.37
8.34
9.21
9.87
10.16
9.98
9.36
8.42
7.41
6.52
5.88
5.47
5.22
5.01
4.77
4.43
3.96
3.30
2.45
1.44
0.39
-0.55
-1.26
-1.72
-2.00
-2.28
-2.71
-3.35
-4.16
-4.97
-5.67
-6.22
-6.68
-7.23
-7.98
-8.98
-10.13
-11.21
-11.96
-12.10
-11.44
-9.92
-7.64
-4.89
-2.07
0.42
2.34
3.66
4.56
5.33
6.19
7.22
8.33
9.33
10.07
10.48
10.57
10.42
10.09
9.63
9.02
8.30
7.49
6.66
5.88
5.22
4.66
4.16
3.65
3.09
2.50
1.93
1.47
1.12
0.88
0.62
0.21
-0.47
-1.43
-2.59
-3.80
-4.87
-5.67
-6.16
-6.41
-6.56
-6.81
-7.32
-8.13
-9.17
-10.26
-11.11
-11.45
-11.10
-9.97
-8.14
-5.82
-3.29
-0.84
1.26
2.88
3.97
4.64
5.06
5.41
5.83
6.34
6.85
7.26
7.42
7.30
6.91
6.37
5.79
5.28
4.89
4.65
4.54
4.52
4.52
4.46
4.24
3.76
3.04
2.14
1.17
0.23
-0.62
-1.39
-2.08
-2.66
-3.09
-3.31
-3.37
-3.43
-3.74
-4.47
-5.62
-6.98
-8.15
-8.75
-8.55
-7.52
-5.88
-3.93
-1.96
-0.17
1.39
2.73
3.89
4.87
5.63
6.10
6.24
6.07
5.69
5.25
4.91
4.74
4.76
4.85
4.86
4.69
4.29
3.71
3.12
2.65
2.37
2.26
2.23
2.13
1.89
1.46
0.86
0.10
-0.75
-1.65
-2.52
-3.30
-3.92
-4.39
-4.80
-5.26
-5.91
-6.76
-7.74
-8.66
-9.29
-9.43
-8.95
-7.88
-6.32
-4.42
-2.42
-0.52
1.11
2.36
3.22
3.78
4.20
4.60
5.05
5.51
5.91
6.17
6.25
6.19
6.05
5.88
5.69
5.47
5.16
4.75
4.27
3.74
3.21
2.69
2.19
1.69
1.19
0.72
0.29
-0.09
-0.47
-0.94
-1.57
-2.39
-3.32
-4.24
-5.01
-5.56
-5.92
-6.20
-6.54
-7.04
-7.73
-8.55
-9.36
-9.97
-10.15
-9.76
-8.75
-7.18
-5.25
-3.22
-1.31
0.31
1.61
2.61
3.40
4.04
4.58
5.07
5.53
6.00
6.48
6.93
7.28
7.47
7.44
7.22
6.82
6.31
5.72
5.10
4.46
3.84
3.28
2.80
2.41
2.08
1.73
1.31
0.76
0.07
-0.75
-1.62
-2.45
-3.16
-3.70
-4.07
-4.35
-4.64
-5.02
-5.53
-6.15
-6.82
-7.47
-8.07
-8.68
-9.39
-10.27
-11.30
-12.27
-12.85
-12.67
-11.53
-9.46
-6.77
-3.86
-1.16
1.11
2.89
4.26
5.34
6.20
6.88
7.42
7.85
8.22
8.54
8.81
8.96
8.94
8.72
8.30
7.73
7.08
6.42
5.81
5.25
4.75
4.29
3.89
3.53
3.22
2.90
2.51
1.97
1.29
0.51
-0.24
-0.87
-1.37
-1.82
-2.35
-3.01
-3.79
-4.62
-5.42
-6.15
-6.82
-7.49
-8.18
-8.87
-9.55
-10.19
-10.78
-11.27
-11.54
-11.40
-10.65
-9.21
-7.14
-4.69
-2.18
0.10
1.98
3.43
4.52
5.36
6.00
6.46
6.73
6.81
6.76
6.66
6.56
6.48
6.38
6.18
5.87
5.42
4.89
4.35
3.85
3.42
3.02
2.56
1.95
1.12
0.09
-1.03
-2.10
-2.93
-3.47
-3.72
-3.81
-3.97
-4.38
-5.14
-6.20
-7.37
-8.38
-8.95
-8.91
-8.17
-6.79
-4.90
-2.69
-0.38
1.79
3.61
4.94
5.74
6.11
6.23
6.29
6.40
6.58
6.73
6.76
6.60
6.26
5.83
5.43
5.15
5.04
5.06
5.13
5.13
4.96
4.58
4.03
3.38
2.72
2.11
1.55
1.02
0.45
-0.19
-0.90
-1.66
-2.41
-3.12
-3.76
-4.32
-4.83
-5.32
-5.84
-6.43
-7.17
-8.13
-9.29
-10.55
-11.69
-12.42
-12.44
-11.60
-9.90
-7.59
-5.00
-2.47
-0.24
1.56
3.00
4.21
5.36
6.55
7.79
8.97
9.91
10.47
10.55
10.21
9.59
8.84
8.08
7.34
6.63
5.97
5.39
4.97
4.70
4.50
4.27
3.85
3.19
2.39
1.59
0.95
0.52
0.19
-0.21
-0.85
-1.77
-2.86
-3.90
-4.70
-5.16
-5.37
-5.48
-5.68
-6.09
-6.80
-7.78
-8.97
-10.18
-11.16
-11.60
-11.23
-9.94
-7.84
-5.27
-2.63
-0.28
1.62
3.07
4.21
5.18
6.07
6.92
7.69
8.34
8.83
9.09
9.10
8.82
8.24
7.48
6.66
5.95
5.46
5.19
5.05
4.93
4.71
4.35
3.87
3.32
2.75
2.16
1.56
0.97
0.46
0.07
-0.17
-0.37
-0.65
-1.15
-1.91
-2.84
-3.76
-4.50
-4.99
-5.28
-5.54
-5.94
-6.60
-7.50
-8.53
-9.55
-10.46
-11.20
-11.69
-11.86
-11.55
-10.62
-9.01
-6.84
-4.37
-1.92
0.21
1.87
3.06
3.91
4.58
5.18
5.75
6.24
6.59
6.75
6.74
6.60
6.40
6.19
5.96
5.68
5.30
4.82
4.27
3.72
3.22
2.80
2.49
2.27
2.15
2.06
1.92
1.62
1.06
0.24
-0.75
-1.76
-2.66
-3.37
-3.91
-4.36
-4.80
-5.29
-5.85
-6.53
-7.31
-8.15
-8.87
-9.23
-9.00
-8.04
-6.45
-4.45
-2.33
-0.29
1.54
3.14
4.46
5.45
6.05
6.26
6.18
5.98
5.82
5.80
5.88
5.98
6.01
5.93
5.73
5.40
4.97
4.44
3.88
3.36
2.96
2.68
2.46
2.20
1.82
1.27
0.58
-0.20
-1.04
-1.95
-2.93
-3.93
-4.86
-5.61
-6.12
-6.43
-6.68
-7.00
-7.50
-8.18
-8.93
-9.57
-9.90
-9.73
-8.96
-7.55
-5.63
-3.39
-1.11
0.92
2.53
3.66
4.38
4.81
5.12
5.43
5.81
6.28
6.77
7.17
7.37
7.31
7.00
6.51
5.97
5.49
5.11
4.82
4.56
4.27
3.92
3.53
3.12
2.70
2.22
1.61
0.82
-0.12
-1.15
-2.13
-2.95
-3.54
-3.94
-4.21
-4.45
-4.73
-5.09
-5.55
-6.12
-6.83
-7.74
-8.82
-10.00
-11.07
-11.72
-11.67
-10.75
-9.03
-6.81
-4.47
-2.38
-0.70
0.61
1.69
2.70
3.70
4.66
5.55
6.36
7.16
7.98
8.73
9.24
9.36
9.00
8.27
7.39
6.59
6.01
5.63
5.31
4.93
4.42
3.82
3.24
2.76
2.39
2.04
1.60
0.97
0.11
-0.92
-2.01
-3.01
-3.84
-4.49
-5.05
-5.61
-6.24
-6.95
-7.69
-8.35
-8.89
-9.32
-9.72
-10.21
-10.86
-11.65
-12.44
-13.00
-13.11
-12.57
-11.30
-9.34
-6.82
-3.99
-1.13
1.49
3.66
5.29
6.44
7.25
7.84
8.32
8.71
8.99
9.16
9.22
9.18
9.03
8.76
8.36
7.83
7.24
6.66
6.15
5.74
5.40
5.04
4.58
3.97
3.18
2.24
1.20
0.16
-0.78
-1.52
-2.02
-2.32
-2.51
-2.70
-2.98
-3.37
-3.82
-4.24
-4.59
-4.87
-5.17
-5.63
-6.36
-7.34
-8.41
-9.30
-9.72
-9.46
-8.44
-6.75
-4.61
-2.29
-0.03
1.98
3.62
4.81
5.55
5.90
5.99
6.00
6.06
6.26
6.55
6.79
6.84
6.61
6.15
5.61
5.16
4.95
4.98
5.17
5.36
5.39
5.18
4.75
4.15
3.42
2.59
1.66
0.61
-0.50
-1.57
-2.49
-3.17
-3.60
-3.87
-4.09
-4.37
-4.78
-5.34
-6.04
-6.85
-7.70
-8.45
-8.91
-8.84
-8.04
-6.50
-4.35
-1.90
0.51
2.58
4.16
5.28
6.07
6.66
7.15
7.53
7.73
7.70
7.43
7.01
6.56
6.20
5.99
5.89
5.83
5.70
5.41
4.95
4.35
3.70
3.07
2.54
2.10
1.73
1.34
0.88
0.29
-0.40
-1.14
-1.85
-2.52
-3.14
-3.76
-4.40
-5.05
-5.67
-6.23
-6.79
-7.41
-8.16
-8.97
-9.64
-9.87
-9.42
-8.20
-6.32
-4.07
-1.78
0.33
2.16
3.71
5.05
6.17
7.00
7.50
7.68
7.65
7.58
7.60
7.72
7.82
7.74
7.36
6.70
5.90
5.12
4.50
4.04
3.69
3.39
3.12
2.94
2.87
2.90
2.92
2.79
2.43
1.82
1.03
0.19
-0.60
-1.30
-1.92
-2.52
-3.11
-3.68
-4.17
-4.54
-4.76
-4.88
-4.99
-5.19
-5.57
-6.18
-6.99
-7.90
-8.73
-9.27
-9.31
-8.71
-7.43
-5.59
-3.41
-1.19
0.78
2.33
3.39
4.01
4.35
4.60
4.92
5.39
5.95
6.43
6.70
6.63
6.25
5.68
5.07
4.55
4.13
3.79
3.43
3.03
2.62
2.27
2.00
1.78
1.47
0.99
0.30
-0.50
-1.26
-1.84
-2.21
-2.46
-2.72
-3.10
-3.64
-4.24
-4.78
-5.15
-5.30
-5.31
-5.30
-5.47
-5.92
-6.65
-7.53
-8.36
-8.89
-8.96
-8.50
-7.52
-6.10
-4.37
-2.45
-0.50
1.33
2.88
4.04
4.77
5.10
5.15
5.07
4.99
4.99
5.06
5.10
4.99
4.67
4.19
3.65
3.23
3.02
2.99
3.03
3.00
2.78
2.35
1.71
0.94
0.10
-0.75
-1.56
-2.28
-2.90
-3.41
-3.83
-4.18
-4.49
-4.76
-5.02
-5.29
-5.61
-6.02
-6.53
-7.10
-7.66
-8.07
-8.19
-7.92
-7.22
-6.15
-4.82
-3.33
-1.75
-0.12
1.50
3.04
4.41
5.49
6.23
6.65
6.82
6.86
6.83
6.72
6.46
5.96
5.19
4.24
3.20
2.19
1.27
0.41
-0.43
-1.28
-2.14
-2.99
-3.85
-4.76
-5.80
-6.99
-8.27
-9.46
-10.38
-10.89
-11.01
-10.88
-10.72
-10.75
-11.08
-11.72
-12.50
-13.23
-13.68
-13.69
-13.19
-12.17
-10.68
-8.80
-6.60
-4.22
-1.81
0.43
2.32
3.73
4.71
5.42
6.08
6.86
7.82
8.87
9.83
10.51
10.80
10.71
10.35
9.89
9.49
9.24
9.16
9.20
9.24
9.20
9.03
8.73
8.36
7.94
7.48
6.92
6.20
5.31
4.31
3.33
2.47
1.73
1.02
0.22
-0.77
-1.93
-3.11
-4.14
-4.91
-5.45
-5.91
-6.46
-7.21
-8.07
-8.80
-9.09
-8.68
-7.49
-5.60
-3.26
-0.72
1.72
3.84
5.50
6.61
7.23
7.49
7.60
7.73
7.98
8.28
8.50
8.52
8.31
7.90
7.40
6.87
6.34
5.80
5.26
4.83
4.62
4.71
5.06
5.48
5.75
5.65
5.11
4.17
3.04
1.93
1.04
0.47
0.20
0.15
0.17
0.11
-0.09
-0.45
-0.91
-1.41
-1.90
-2.36
-2.85
-3.41
-4.13
-5.05
-6.16
-7.41
-8.63
-9.57
-9.94
-9.54
-8.32
-6.43
-4.19
-1.95
0.03
1.61
2.80
3.71
4.45
5.11
5.73
6.32
6.87
7.35
7.74
7.99
8.06
7.92
7.60
7.17
6.69
6.25
5.90
5.63
5.38
5.07
4.61
3.96
3.15
2.22
1.24
0.20
-0.90
-2.08
-3.33
-4.57
-5.72
-6.69
-7.47
-8.09
-8.62
-9.12
-9.63
-10.14
-10.62
-11.01
-11.20
-11.04
-10.38
-9.17
-7.44
-5.33
-3.06
-0.81
1.28
3.13
4.65
5.75
6.34
6.40
6.03
5.37
4.65
3.97
3.38
2.80
2.10
1.21
0.13
-1.04
-2.15
-3.05
-3.60
-3.78
-3.61
-3.18
-2.55
-1.81
-1.06
-0.42
-0.06
-0.11
-0.60
-1.44
-2.41
-3.27
-3.90
-4.33
-4.66
-5.02
-5.44
-5.84
-6.07
-6.06
-5.88
-5.73
-5.88
-6.50
-7.57
-8.86
-9.96
-10.48
-10.17
-9.04
-7.34
-5.44
-3.67
-2.19
-0.99
0.04
0.95
1.77
2.44
2.96
3.35
3.68
3.97
4.18
4.22
4.03
3.64
3.18
2.84
2.76
2.97
3.38
3.83
4.17
4.32
4.27
4.04
3.70
3.29
2.83
2.30
1.71
1.04
0.35
-0.28
-0.78
-1.09
-1.20
-1.20
-1.18
-1.29
-1.62
-2.20
-2.94
-3.73
-4.41
-4.88
-5.05
-4.94
-4.55
-3.96
-3.23
-2.45
-1.69
-0.95
-0.19
0.67
1.68
2.78
3.84
4.64
5.03
4.98
4.62
4.17
3.85
3.81
4.10
4.68
5.48
6.39
7.29
8.03
8.43
8.34
7.73
6.73
5.57
4.48
3.62
2.98
2.40
1.70
0.79
-0.31
-1.48
-2.54
-3.40
-4.02
-4.44
-4.73
-4.97
-5.31
-5.87
-6.75
-7.92
-9.12
-10.01
-10.19
-9.44
-7.81
-5.60
-3.26
-1.19
0.35
1.30
1.72
1.77
1.61
1.41
1.32
1.46
1.83
2.36
2.88
3.26
3.41
3.38
3.30
3.29
3.43
3.67
3.91
3.98
3.78
3.30
2.61
1.79
0.94
0.06
-0.86
-1.81
-2.76
-3.62
-4.27
-4.69
-4.91
-5.06
-5.24
-5.50
-5.85
-6.28
-6.84
-7.63
-8.70
-9.97
-11.19
-12.00
-12.07
-11.25
-9.62
-7.45
-5.05
-2.69
-0.49
1.47
3.13
4.45
5.35
5.81
5.89
5.72
5.45
5.22
5.13
5.19
5.36
5.52
5.55
5.37
4.98
4.49
4.06
3.79
3.71
3.77
3.85
3.91
3.95
4.01
4.07
4.05
3.82
3.31
2.59
1.85
1.31
1.12
1.23
1.48
1.66
1.64
1.41
1.01
0.52
-0.04
-0.67
-1.28
-1.70
-1.63
-0.76
1.06
3.75
7.01
10.38
13.39
15.69
17.11
17.69
17.58
17.00
16.15
15.20
14.23
13.28
12.39
11.55
10.77
10.06
9.38
8.71
8.02
7.30
6.58
5.89
5.25
4.67
4.12
3.54
2.83
1.94
0.83
-0.43
-1.70
-2.86
-3.82
-4.58
-5.21
-5.79
-6.39
-6.98
-7.53
-8.01
-8.45
-8.97
-9.67
-10.60
-11.65
-12.61
-13.21
-13.20
-12.46
-11.02
-9.04
-6.74
-4.33
-1.99
0.14
1.90
3.20
3.96
4.23
4.13
3.84
3.50
3.20
2.94
2.70
2.47
2.29
2.16
2.06
1.97
1.83
1.62
1.39
1.16
0.96
0.76
0.50
0.16
-0.26
-0.74
-1.22
-1.67
-2.11
-2.55
-3.02
-3.56
-4.17
-4.83
-5.50
-6.10
-6.58
-6.90
-7.14
-7.42
-7.83
-8.43
-9.10
-9.59
-9.62
-9.00
-7.66
-5.78
-3.63
-1.51
0.36
1.87
3.00
3.82
4.39
4.76
4.98
5.08
5.08
5.01
4.83
4.52
4.07
3.51
2.91
2.38
1.98
1.71
1.52
1.31
1.02
0.64
0.23
-0.15
-0.50
-0.89
-1.38
-2.00
-2.65
-3.23
-3.63
-3.89
-4.14
-4.55
-5.22
-6.14
-7.17
-8.11
-8.82
-9.21
-9.26
-8.99
-8.39
-7.44
-6.16
-4.60
-2.91
-1.28
0.14
1.22
1.99
2.55
3.03
3.52
3.98
4.32
4.42
4.25
3.86
3.38
2.89
2.43
1.96
1.46
0.95
0.56
0.39
0.51
0.85
1.28
1.61
1.70
1.50
1.04
0.41
-0.30
-1.01
-1.67
-2.26
-2.79
-3.29
-3.83
-4.45
-5.17
-5.98
-6.80
-7.51
-7.98
-8.04
-7.59
-6.55
-4.97
-2.97
-0.75
1.42
3.27
4.63
5.41
5.67
5.55
5.27
5.03
4.98
5.13
5.42
5.71
5.83
5.71
5.30
4.65
3.88
3.10
2.41
1.87
1.47
1.18
0.93
0.63
0.18
-0.47
-1.33
-2.29
-3.21
-3.92
-4.34
-4.55
-4.78
-5.30
-6.33
-7.86
-9.65
-11.29
-12.36
-12.59
-11.92
-10.49
-8.51
-6.20
-3.69
-1.12
1.39
3.64
5.42
6.60
7.20
7.42
7.56
7.85
8.37
9.00
9.49
9.62
9.29
8.56
7.62
6.68
5.88
5.24
4.71
4.19
3.65
3.08
2.51
1.98
1.48
0.94
0.34
-0.36
-1.14
-1.97
-2.84
-3.73
-4.67
-5.66
-6.64
-7.56
-8.37
-9.05
-9.68
-10.33
-11.01
-11.59
-11.78
-11.26
-9.80
-7.38
-4.23
-0.77
2.54
5.36
7.51
8.99
9.90
10.41
10.64
10.70
10.64
10.49
10.25
9.90
9.46
8.98
8.50
8.02
7.53
6.98
6.36
5.70
5.08
4.61
4.32
4.17
4.05
3.84
3.46
2.86
2.05
1.06
-0.07
-1.28
-2.48
-3.55
-4.40
-5.00
-5.40
-5.72
-6.10
-6.62
-7.30
-8.12
-9.03
-9.97
-10.85
-11.47
-11.56
-10.87
-9.23
-6.73
-3.68
-0.55
2.22
4.36
5.82
6.72
7.24
7.52
7.62
7.59
7.49
7.40
7.39
7.44
7.46
7.31
6.91
6.29
5.60
5.03
4.67
4.54
4.53
4.53
4.43
4.18
3.75
3.16
2.41
1.53
0.59
-0.32
-1.14
-1.88
-2.57
-3.26
-3.96
-4.61
-5.12
-5.46
-5.64
-5.78
-6.03
-6.50
-7.24
-8.18
-9.13
-9.86
-10.07
-9.57
-8.26
-6.25
-3.80
-1.29
0.95
2.71
3.96
4.80
5.36
5.76
6.07
6.31
6.48
6.59
6.65
6.67
6.63
6.54
6.36
6.08
5.71
5.28
4.87
4.58
4.43
4.37
4.29
4.08
3.72
3.27
2.86
2.57
2.42
2.28
1.98
1.39
0.54
-0.43
-1.30
-1.91
-2.27
-2.51
-2.84
-3.40
-4.24
-5.27
-6.38
-7.41
-8.28
-8.87
-9.10
-8.85
-8.08
-6.82
-5.23
-3.51
-1.87
-0.44
0.74
1.68
2.42
2.99
3.42
3.70
3.86
3.86
3.69
3.38
2.94
2.45
1.98
1.57
1.26
1.06
0.99
1.06
1.22
1.37
1.32
0.94
0.21
-0.74
-1.66
-2.36
-2.75
-2.93
-3.06
-3.28
-3.62
-4.01
-4.33
-4.57
-4.76
-4.97
-5.26
-5.61
-5.99
-6.39
-6.86
-7.47
-8.23
-9.00
-9.52
-9.52
-8.76
-7.22
-5.07
-2.65
-0.32
1.62
2.99
3.78
4.05
3.95
3.67
3.38
3.22
3.30
3.60
4.04
4.44
4.62
4.46
3.94
3.17
2.33
1.61
1.18
1.10
1.35
1.80
2.28
2.56
2.49
2.00
1.17
0.18
-0.77
-1.52
-2.05
-2.46
-2.89
-3.50
-4.32
-5.29
-6.24
-7.00
-7.47
-7.66
-7.73
-7.85
-8.20
-8.85
-9.75
-10.69
-11.41
-11.61
-11.11
-9.83
-7.89
-5.52
-3.04
-0.74
1.12
2.42
3.17
3.45
3.44
3.34
3.32
3.51
3.90
4.38
4.81
5.06
5.08
4.95
4.77
4.62
4.51
4.42
4.29
4.11
3.88
3.62
3.33
2.96
2.42
1.66
0.69
-0.38
-1.36
-2.07
-2.43
-2.48
-2.42
-2.50
-2.91
-3.69
-4.69
-5.69
-6.51
-7.07
-7.50
-7.99
-8.70
-9.66
-10.71
-11.56
-11.88
-11.38
-9.96
-7.66
-4.71
-1.46
1.68
4.35
6.30
7.44
7.88
7.85
7.61
7.38
7.25
7.24
7.30
7.37
7.41
7.41
7.34
7.19
6.91
6.52
6.04
5.52
5.02
4.56
4.10
3.56
2.87
2.03
1.14
0.34
-0.26
-0.62
-0.85
-1.11
-1.55
-2.21
-3.02
-3.84
-4.52
-5.03
-5.41
-5.78
-6.28
-6.97
-7.83
-8.72
-9.43
-9.69
-9.26
-8.01
-5.97
-3.32
-0.36
2.56
5.13
7.12
8.39
8.95
8.90
8.45
7.83
7.25
6.81
6.51
6.27
6.04
5.77
5.46
5.10
4.71
4.25
3.71
3.15
2.62
2.21
1.93
1.68
1.30
0.66
-0.30
-1.52
-2.84
-4.07
-5.02
-5.60
-5.83
-5.79
-5.66
-5.64
-5.93
-6.66
-7.80
-9.12
-10.22
-10.65
-10.07
-8.35
-5.65
-2.39
0.93
3.84
6.04
7.43
8.06
8.12
7.84
7.44
7.09
6.89
6.84
6.88
6.94
6.93
6.79
6.46
5.92
5.19
4.34
3.50
2.88
2.66
2.91
3.52
4.18
4.55
4.34
3.46
2.08
0.52
-0.88
-1.91
-2.54
-2.90
-3.18
-3.53
-4.07
-4.86
-5.95
-7.27
-8.65
-9.72
-10.07
-9.36
-7.49
-4.71
-1.52
1.47
3.81
5.31
6.06
6.33
6.45
6.65
7.06
7.62
8.21
8.66
8.83
8.68
8.24
7.58
6.83
6.05
5.33
4.71
4.25
4.00
3.93
3.98
4.01
3.90
3.59
3.10
2.52
1.91
1.27
0.57
-0.28
-1.26
-2.30
-3.27
-4.03
-4.51
-4.78
-4.97
-5.25
-5.75
-6.52
-7.52
-8.59
-9.47
-9.86
-9.48
-8.17
-6.00
-3.26
-0.37
2.22
4.20
5.48
6.19
6.53
6.73
6.93
7.17
7.44
7.73
8.01
8.29
8.52
8.70
8.77
8.69
8.42
7.98
7.38
6.68
5.96
5.31
4.76
4.31
3.91
3.48
2.96
2.35
1.69
1.05
0.46
-0.08
-0.61
-1.20
-1.90
-2.71
-3.54
-4.33
-5.03
-5.63
-6.15
-6.65
-7.14
-7.66
-8.21
-8.83
-9.54
-10.28
-10.95
-11.30
-11.12
-10.22
-8.55
-6.26
-3.63
-1.05
1.12
2.62
3.37
3.52
3.33
3.15
3.22
3.62
4.23
4.80
5.11
5.05
4.66
4.11
3.55
3.09
2.73
2.46
2.24
2.10
2.06
2.13
2.26
2.31
2.17
1.77
1.17
0.52
-0.05
-0.43
-0.68
-0.89
-1.19
-1.64
-2.22
-2.86
-3.50
-4.06
-4.51
-4.83
-5.03
-5.17
-5.34
-5.69
-6.32
-7.23
-8.25
-9.12
-9.49
-9.15
-8.00
-6.16
-3.86
-1.44
0.80
2.62
3.90
4.64
4.92
4.90
4.72
4.53
4.42
4.44
4.57
4.76
4.92
4.97
4.85
4.56
4.16
3.72
3.33
3.04
2.83
2.67
2.49
2.22
1.83
1.31
0.68
0.00
-0.66
-1.26
-1.76
-2.21
-2.68
-3.26
-3.98
-4.78
-5.52
-6.07
-6.33
-6.33
-6.23
-6.21
-6.46
-7.06
-7.95
-8.97
-9.84
-10.24
-9.91
-8.71
-6.67
-4.07
-1.30
1.21
3.13
4.34
4.88
5.00
4.93
4.90
4.99
5.19
5.37
5.41
5.24
4.91
4.51
4.14
3.83
3.56
3.27
2.95
2.62
2.34
2.13
1.97
1.79
1.51
1.08
0.51
-0.18
-0.92
-1.67
-2.35
-2.91
-3.30
-3.52
-3.61
-3.67
-3.82
-4.14
-4.68
-5.46
-6.47
-7.64
-8.89
-10.02
-10.75
-10.83
-10.05
-8.40
-6.10
-3.49
-0.99
1.11
2.67
3.75
4.44
4.85
5.06
5.08
4.94
4.70
4.43
4.22
4.12
4.15
4.27
4.43
4.54
4.53
4.36
4.05
3.66
3.30
3.05
2.95
2.95
2.97
2.88
2.59
2.04
1.26
0.31
-0.69
-1.66
-2.53
-3.25
-3.81
-4.25
-4.64
-5.07
-5.64
-6.37
-7.22
-7.98
-8.38
-8.14
-7.09
-5.23
-2.79
-0.15
2.28
4.18
5.42
6.03
6.21
6.19
6.13
6.12
6.18
6.28
6.35
6.35
6.22
5.95
5.51
4.95
4.34
3.72
3.16
2.69
2.30
1.96
1.62
1.24
0.73
0.08
-0.72
-1.56
-2.34
-2.94
-3.33
-3.52
-3.64
-3.79
-4.11
-4.66
-5.48
-6.55
-7.78
-9.01
-9.97
-10.37
-9.95
-8.61
-6.48
-3.88
-1.23
1.09
2.85
4.02
4.71
5.09
5.31
5.47
5.66
5.91
6.24
6.59
6.85
6.88
6.60
6.03
5.26
4.42
3.64
2.98
2.46
2.07
1.77
1.56
1.39
1.19
0.90
0.47
-0.08
-0.67
-1.18
-1.53
-1.70
-1.79
-1.97
-2.37
-3.05
-3.91
-4.73
-5.34
-5.68
-5.86
-6.09
-6.55
-7.25
-8.05
-8.64
-8.74
-8.16
-6.90
-5.07
-2.92
-0.71
1.32
2.95
4.09
4.74
5.04
5.17
5.33
5.64
6.05
6.47
6.76
6.86
6.79
6.60
6.34
6.00
5.56
5.05
4.55
4.17
4.00
3.99
4.05
4.02
3.76
3.21
2.41
1.47
0.53
-0.23
-0.69
-0.82
-0.73
-0.63
-0.78
-1.32
-2.23
-3.35
-4.45
-5.34
-5.99
-6.46
-6.93
-7.55
-8.38
-9.35
-10.29
-10.92
-10.99
-10.34
-8.98
-7.10
-4.96
-2.85
-0.96
0.62
1.90
2.96
3.90
4.78
5.60
6.34
6.94
7.34
7.51
7.49
7.33
7.12
6.91
6.74
6.57
6.40
6.17
5.88
5.53
5.14
4.73
4.30
3.84
3.32
2.71
2.01
1.27
0.54
-0.14
-0.81
-1.52
-2.36
-3.33
-4.36
-5.32
-6.06
-6.50
-6.66
-6.70
-6.80
-7.14
-7.80
-8.73
-9.74
-10.56
-10.86
-10.40
-9.08
-7.03
-4.57
-2.12
-0.05
1.45
2.42
3.04
3.54
4.10
4.77
5.51
6.23
6.85
7.31
7.56
7.59
7.41
7.05
6.58
6.05
5.54
5.11
4.77
4.52
4.30
4.03
3.63
3.04
2.26
1.38
0.52
-0.23
-0.84
-1.38
-1.99
-2.79
-3.81
-4.93
-5.95
-6.69
-7.08
-7.17
-7.15
-7.21
-7.51
-8.11
-8.96
-9.89
-10.67
-11.07
-10.90
-10.05
-8.53
-6.52
-4.27
-2.07
-0.16
1.33
2.39
3.11
3.65
4.15
4.69
5.29
5.88
6.34
6.59
6.61
6.43
6.14
5.81
5.48
5.16
4.86
4.61
4.38
4.17
3.92
3.57
3.08
2.48
1.80
1.05
0.25
-0.65
-1.63
-2.67
-3.71
-4.69
-5.56
-6.29
-6.90
-7.41
-7.85
-8.28
-8.78
-9.36
-9.94
-10.34
-10.27
-9.53
-8.06
-6.03
-3.78
-1.65
0.14
1.51
2.55
3.40
4.19
4.98
5.77
6.51
7.11
7.50
7.64
7.56
7.35
7.11
6.92
6.77
6.56
6.18
5.60
4.91
4.24
3.71
3.34
3.03
2.64
2.08
1.35
0.55
-0.23
-0.93
-1.56
-2.20
-2.91
-3.74
-4.64
-5.57
-6.46
-7.27
-8.04
-8.80
-9.58
-10.34
-10.96
-11.21
-10.90
-9.85
-8.07
-5.71
-3.07
-0.49
1.73
3.44
4.66
5.51
6.19
6.85
7.55
8.24
8.84
9.23
9.33
9.14
8.70
8.10
7.45
6.82
6.28
5.87
5.56
5.32
5.07
4.74
4.26
3.63
2.89
2.11
1.38
0.73
0.16
-0.38
-0.91
-1.47
-2.07
-2.69
-3.33
-3.95
-4.52
-5.03
-5.46
-5.84
-6.29
-6.95
-7.88
-9.04
-10.20
-11.02
-11.16
-10.38
-8.68
-6.27
-3.47
-0.65
1.90
4.02
5.63
6.75
7.43
7.78
7.94
8.04
8.20
8.45
8.73
8.94
8.93
8.65
8.09
7.34
6.49
5.64
4.83
4.13
3.55
3.11
2.78
2.51
2.20
1.79
1.28
0.71
0.16
-0.31
-0.72
-1.18
-1.79
-2.60
-3.54
-4.44
-5.14
-5.54
-5.72
-5.80
-5.97
-6.37
-7.06
-8.02
-9.17
-10.36
-11.38
-11.89
-11.60
-10.31
-8.05
-5.11
-1.98
0.83
2.99
4.41
5.26
5.79
6.25
6.72
7.18
7.55
7.71
7.61
7.27
6.73
6.10
5.45
4.87
4.40
4.06
3.84
3.72
3.63
3.51
3.27
2.86
2.27
1.53
0.74
0.01
-0.58
-1.02
-1.39
-1.80
-2.33
-2.96
-3.62
-4.21
-4.72
-5.19
-5.73
-6.41
-7.21
-8.04
-8.76
-9.21
-9.25
-8.77
-7.69
-6.02
-3.89
-1.51
0.79
2.74
4.17
5.06
5.54
5.75
5.81
5.79
5.70
5.55
5.38
5.22
5.10
5.01
4.92
4.82
4.70
4.56
4.37
4.12
3.79
3.42
3.05
2.72
2.40
2.01
1.44
0.62
-0.42
-1.51
-2.49
-3.24
-3.75
-4.09
-4.40
-4.74
-5.14
-5.63
-6.26
-7.08
-8.07
-9.05
-9.69
-9.65
-8.71
-6.93
-4.62
-2.22
-0.11
1.55
2.76
3.66
4.38
4.98
5.47
5.87
6.19
6.49
6.78
7.04
7.18
7.16
6.91
6.46
5.88
5.29
4.79
4.44
4.20
3.97
3.61
3.04
2.30
1.49
0.77
0.24
-0.12
-0.42
-0.80
-1.32
-1.98
-2.67
-3.31
-3.81
-4.20
-4.53
-4.89
-5.36
-6.01
-6.89
-7.92
-8.94
-9.71
-9.98
-9.56
-8.45
-6.79
-4.80
-2.75
-0.77
1.04
2.65
4.02
5.08
5.80
6.17
6.31
6.36
6.43
6.57
6.73
6.84
6.82
6.63
6.30
5.86
5.35
4.81
4.27
3.76
3.29
2.86
2.44
1.99
1.47
0.85
0.17
-0.49
-1.08
-1.60
-2.06
-2.53
-3.06
-3.70
-4.41
-5.16
-5.88
-6.57
-7.23
-7.89
-8.61
-9.37
-10.16
-10.90
-11.47
-11.75
-11.61
-10.96
-9.80
-8.19
-6.26
-4.18
-2.11
-0.17
1.51
2.90
3.96
4.74
5.34
5.88
6.47
7.12
7.75
8.19
8.32
8.10
7.61
7.03
6.53
6.21
6.06
5.97
5.80
5.44
4.88
4.14
3.31
2.44
1.58
0.76
0.01
-0.59
-0.98
-1.14
-1.16
-1.19
-1.42
-1.94
-2.71
-3.57
-4.34
-4.90
-5.27
-5.58
-5.98
-6.58
-7.37
-8.25
-9.09
-9.75
-10.09
-10.00
-9.35
-8.10
-6.33
-4.21
-2.00
0.04
1.75
3.08
4.08
4.82
5.38
5.81
6.13
6.34
6.42
6.36
6.13
5.74
5.22
4.66
4.18
3.85
3.73
3.78
3.92
4.01
3.94
3.62
3.03
2.20
1.24
0.25
-0.65
-1.42
-2.04
-2.56
-3.02
-3.47
-3.95
-4.50
-5.15
-5.90
-6.68
-7.32
-7.62
-7.38
-6.51
-5.05
-3.19
-1.18
0.72
2.35
3.64
4.61
5.33
5.91
6.42
6.90
7.32
7.60
7.67
7.50
7.10
6.57
6.05
5.63
5.38
5.28
5.25
5.22
5.13
4.94
4.68
4.33
3.87
3.27
2.49
1.57
0.61
-0.27
-0.97
-1.49
-1.91
-2.35
-2.85
-3.37
-3.80
-4.07
-4.21
-4.36
-4.71
-5.37
-6.30
-7.36
-8.40
-9.34
-10.18
-10.94
-11.53
-11.81
-11.53
-10.50
-8.66
-6.18
-3.37
-0.63
1.72
3.53
4.85
5.82
6.64
7.40
8.09
8.61
8.87
8.87
8.73
8.59
8.53
8.47
8.23
7.65
6.71
5.55
4.44
3.62
3.20
3.10
3.15
3.16
3.02
2.76
2.42
2.07
1.71
1.27
0.66
-0.15
-1.14
-2.17
-3.07
-3.73
-4.11
-4.31
-4.53
-4.96
-5.71
-6.81
-8.15
-9.60
-10.98
-12.12
-12.81
-12.86
-12.11
-10.51
-8.16
-5.36
-2.51
-0.00
1.88
3.08
3.72
4.08
4.45
4.98
5.71
6.48
7.12
7.50
7.57
7.41
7.08
6.65
6.12
5.47
4.71
3.93
3.29
2.91
2.82
2.93
3.03
2.94
2.59
2.01
1.30
0.55
-0.20
-0.99
-1.81
-2.64
-3.38
-3.95
-4.35
-4.64
-4.95
-5.36
-5.92
-6.61
-7.38
-8.15
-8.81
-9.19
-9.05
-8.20
-6.59
-4.35
-1.83
0.58
2.52
3.85
4.59
4.92
5.02
5.03
5.01
4.96
4.90
4.85
4.83
4.82
4.77
4.61
4.34
4.00
3.69
3.48
3.41
3.38
3.32
3.11
2.72
2.18
1.53
0.82
0.08
-0.66
-1.39
-2.08
-2.71
-3.29
-3.81
-4.28
-4.74
-5.26
-5.90
-6.74
-7.79
-8.99
-10.17
-11.08
-11.50
-11.25
-10.28
-8.65
-6.54
-4.19
-1.85
0.25
1.97
3.26
4.17
4.81
5.31
5.82
6.41
7.07
7.73
8.23
8.43
8.22
7.61
6.71
5.71
4.80
4.15
3.79
3.66
3.59
3.44
3.07
2.44
1.64
0.77
-0.04
-0.70
-1.26
-1.76
-2.32
-2.97
-3.67
-4.34
-4.89
-5.30
-5.62
-5.95
-6.38
-6.98
-7.79
-8.76
-9.84
-10.89
-11.72
-12.10
-11.79
-10.68
-8.81
-6.37
-3.70
-1.11
1.17
3.01
4.43
5.47
6.23
6.79
7.23
7.66
8.12
8.59
8.99
9.21
9.14
8.74
8.06
7.27
6.52
5.91
5.51
5.26
5.11
4.99
4.86
4.68
4.43
4.06
3.51
2.75
1.80
0.71
-0.42
-1.50
-2.47
-3.30
-4.01
-4.62
-5.15
-5.63
-6.08
-6.50
-6.93
-7.45
-8.18
-9.18
-10.44
-11.79
-12.89
-13.37
-12.96
-11.57
-9.39
-6.79
-4.17
-1.86
0.00
1.41
2.47
3.28
3.93
4.50
5.03
5.57
6.13
6.71
7.23
7.63
7.80
7.69
7.31
6.70
5.97
5.24
4.60
4.10
3.74
3.46
3.22
3.01
2.83
2.67
2.48
2.17
1.68
0.96
0.04
-0.98
-2.05
-3.09
-4.12
-5.15
-6.17
-7.18
-8.12
-8.99
-9.75
-10.32
-10.58
-10.33
-9.39
-7.71
-5.41
-2.79
-0.21
2.00
3.69
4.83
5.55
6.01
6.33
6.59
6.78
6.90
6.93
6.85
6.69
6.49
6.29
6.12
5.94
5.70
5.32
4.79
4.16
3.57
3.09
2.74
2.42
1.97
1.28
0.37
-0.62
-1.50
-2.13
-2.54
-2.81
-3.11
-3.55
-4.18
-4.97
-5.87
-6.82
-7.82
-8.84
-9.80
-10.54
-10.82
-10.41
-9.21
-7.26
-4.85
-2.32
-0.02
1.86
3.31
4.44
5.39
6.26
7.01
7.60
7.96
8.10
8.09
7.97
7.77
7.50
7.15
6.72
6.22
5.72
5.23
4.78
4.33
3.85
3.31
2.71
2.10
1.50
0.93
0.34
-0.32
-1.07
-1.92
-2.81
-3.70
-4.51
-5.22
-5.83
-6.35
-6.84
-7.39
-8.09
-9.03
-10.18
-11.40
-12.44
-12.97
-12.74
-11.59
-9.61
-7.03
-4.24
-1.60
0.62
2.33
3.59
4.54
5.34
6.06
6.70
7.24
7.65
7.94
8.12
8.17
8.03
7.65
7.05
6.32
5.64
5.17
5.00
5.05
5.13
5.04
4.59
3.76
2.66
1.47
0.41
-0.39
-0.95
-1.37
-1.81
-2.38
-3.12
-4.00
-4.93
-5.77
-6.38
-6.63
-6.42
-5.80
-4.96
-4.22
-3.93
-4.29
-5.26
-6.47
-7.43
-7.66
-6.91
-5.23
-2.93
-0.43
1.89
3.78
5.13
5.98
6.41
6.57
6.61
6.68
6.86
7.18
7.54
7.81
7.87
7.63
7.15
6.53
5.92
5.44
5.12
4.90
4.70
4.43
4.07
3.63
3.14
2.60
2.00
1.32
0.59
-0.12
-0.68
-1.03
-1.19
-1.29
-1.54
-2.13
-3.10
-4.31
-5.51
-6.44
-6.96
-7.14
-7.21
-7.48
-8.16
-9.28
-10.64
-11.94
-12.81
-12.96
-12.26
-10.72
-8.53
-5.97
-3.35
-0.96
1.03
2.51
3.51
4.11
4.47
4.74
5.04
5.40
5.78
6.06
6.13
5.91
5.44
4.83
4.25
3.84
3.62
3.53
3.43
3.20
2.77
2.20
1.63
1.18
0.94
0.85
0.83
0.74
0.53
0.21
-0.20
-0.65
-1.16
-1.76
-2.47
-3.27
-4.08
-4.85
-5.59
-6.38
-7.25
-8.15
-8.87
-9.08
-8.51
-7.09
-4.96
-2.49
-0.12
1.83
3.22
4.08
4.58
4.87
5.07
5.24
5.40
5.51
5.57
5.53
5.36
5.05
4.59
4.04
3.45
2.95
2.61
2.49
2.57
2.74
2.85
2.71
2.24
1.46
0.50
-0.42
-1.15
-1.63
-1.91
-2.13
-2.40
-2.78
-3.29
-3.88
-4.52
-5.20
-5.96
-6.82
-7.80
-8.86
-9.84
-10.55
-10.74
-10.21
-8.90
-6.89
-4.45
-1.90
0.42
2.30
3.69
4.65
5.30
5.81
6.26
6.71
7.17
7.59
7.90
8.08
8.07
7.87
7.51
7.04
6.50
5.97
5.49
5.09
4.76
4.44
4.05
3.54
2.90
2.21
1.54
0.95
0.44
-0.06
-0.65
-1.37
-2.24
-3.21
-4.17
-5.04
-5.77
-6.36
-6.89
-7.47
-8.22
-9.23
-10.49
-11.85
-13.09
-13.88
-13.96
-13.17
-11.50
-9.12
-6.32
-3.44
-0.77
1.47
3.21
4.49
5.47
6.27
7.00
7.69
8.30
8.78
9.09
9.22
9.16
8.93
8.54
8.03
7.45
6.88
6.36
5.92
5.56
5.25
4.98
4.73
4.45
4.10
3.60
2.93
2.10
1.19
0.29
-0.55
-1.30
-2.00
-2.71
-3.46
-4.25
-5.03
-5.73
-6.30
-6.71
-7.04
-7.38
-7.86
-8.57
-9.51
-10.61
-11.69
-12.52
-12.88
-12.61
-11.62
-9.92
-7.59
-4.82
-1.87
0.94
3.28
4.92
5.84
6.22
6.37
6.66
7.29
8.21
9.22
10.00
10.31
10.09
9.38
8.33
7.10
5.84
4.70
3.82
3.33
3.24
3.44
3.73
3.85
3.64
3.05
2.15
1.11
0.08
-0.81
-1.51
-2.03
-2.41
-2.74
-3.10
-3.58
-4.19
-4.86
-5.53
-6.13
-6.69
-7.29
-8.06
-9.01
-10.06
-10.93
-11.30
-10.88
-9.54
-7.35
-4.61
-1.72
0.93
3.06
4.58
5.54
6.09
6.36
6.46
6.45
6.37
6.25
6.15
6.13
6.20
6.35
6.52
6.61
6.52
6.15
5.52
4.73
3.93
3.29
2.89
2.68
2.50
2.17
1.55
0.62
-0.54
-1.79
-2.97
-3.95
-4.66
-5.10
-5.41
-5.77
-6.37
-7.28
-8.41
-9.46
-10.07
-9.89
-8.77
-6.83
-4.35
-1.73
0.69
2.69
4.21
5.33
6.20
6.93
7.60
8.18
8.60
8.79
8.72
8.45
8.05
7.63
7.25
6.93
6.63
6.35
6.06
5.78
5.52
5.26
4.96
4.56
3.99
3.28
2.43
1.54
0.67
-0.13
-0.82
-1.42
-1.96
-2.51
-3.10
-3.76
-4.46
-5.14
-5.75
-6.26
-6.69
-7.11
-7.57
-8.12
-8.78
-9.58
-10.55
-11.65
-12.75
-13.59
-13.79
-13.02
-11.14
-8.30
-4.92
-1.57
1.24
3.27
4.56
5.37
5.99
6.63
7.34
8.05
8.63
9.00
9.12
9.03
8.80
8.49
8.10
7.63
7.04
6.35
5.62
4.98
4.51
4.27
4.18
4.08
3.81
3.26
2.49
1.60
0.73
-0.03
-0.70
-1.30
-1.88
-2.45
-2.97
-3.45
-3.94
-4.51
-5.18
-5.91
-6.61
-7.15
-7.53
-7.85
-8.27
-8.97
-9.97
-11.10
-12.06
-12.47
-12.05
-10.73
-8.65
-6.10
-3.43
-0.96
1.14
2.81
4.10
5.11
5.92
6.62
7.27
7.92
8.57
9.16
9.63
9.88
9.84
9.47
8.81
7.96
7.04
6.19
5.54
5.14
4.95
4.86
4.71
4.41
3.89
3.19
2.38
1.53
0.70
-0.09
-0.79
-1.39
-1.84
-2.17
-2.42
-2.71
-3.14
-3.77
-4.58
-5.49
-6.40
-7.22
-7.93
-8.63
-9.42
-10.39
-11.52
-12.62
-13.38
-13.45
-12.57
-10.69
-8.05
-5.05
-2.10
0.47
2.53
4.09
5.25
6.10
6.70
7.09
7.32
7.43
7.49
7.50
7.49
7.40
7.22
6.91
6.50
6.01
5.51
5.03
4.62
4.26
3.93
3.58
3.20
2.79
2.34
1.85
1.28
0.57
-0.29
-1.28
-2.32
-3.30
-4.12
-4.76
-5.21
-5.54
-5.81
-6.10
-6.47
-6.96
-7.62
-8.44
-9.38
-10.29
-10.98
-11.17
-10.67
-9.34
-7.24
-4.59
-1.73
0.97
3.20
4.78
5.71
6.11
6.19
6.18
6.23
6.40
6.64
6.87
7.01
7.01
6.86
6.61
6.27
5.89
5.50
5.09
4.66
4.20
3.67
3.07
2.42
1.76
1.11
0.52
0.01
-0.47
-0.96
-1.51
-2.17
-2.94
-3.76
-4.59
-5.37
-6.12
-6.87
-7.72
-8.72
-9.83
-10.88
-11.58
-11.64
-10.88
-9.31
-7.11
-4.55
-1.93
0.51
2.64
4.41
5.80
6.80
7.44
7.79
7.94
8.03
8.16
8.33
8.49
8.53
8.35
7.94
7.34
6.66
6.03
5.49
5.07
4.69
4.28
3.80
3.21
2.56
1.86
1.15
0.43
-0.33
-1.13
-1.97
-2.84
-3.70
-4.50
-5.19
-5.74
-6.17
-6.53
-6.95
-7.52
-8.33
-9.39
-10.62
-11.84
-12.77
-13.12
-12.61
-11.10
-8.65
-5.57
-2.35
0.53
2.71
4.11
4.89
5.40
5.98
6.80
7.83
8.86
9.62
9.94
9.74
9.16
8.38
7.59
6.93
6.42
6.00
5.62
5.24
4.84
4.46
4.10
3.74
3.36
2.92
2.44
1.94
1.45
0.96
0.42
-0.22
-0.99
-1.85
-2.73
-3.57
-4.32
-4.98
-5.56
-6.06
-6.48
-6.80
-7.04
-7.27
-7.62
-8.24
-9.22
-10.52
-11.96
-13.17
-13.68
-13.10
-11.23
-8.18
-4.42
-0.57
2.78
5.27
6.84
7.69
8.13
8.40
8.65
8.92
9.20
9.49
9.78
10.03
10.17
10.07
9.65
8.91
7.92
6.88
5.96
5.30
4.90
4.68
4.48
4.18
3.70
3.07
2.33
1.55
0.77
0.02
-0.70
-1.37
-1.97
-2.50
-2.99
-3.48
-4.05
-4.71
-5.41
-6.08
-6.62
-7.02
-7.34
-7.75
-8.40
-9.33
-10.47
-11.59
-12.39
-12.58
-11.96
-10.49
-8.27
-5.54
-2.66
0.01
2.19
3.73
4.66
5.17
5.52
5.94
6.49
7.13
7.69
8.00
7.98
7.66
7.16
6.62
6.14
5.76
5.42
5.03
4.53
3.95
3.35
2.82
2.40
2.08
1.79
1.43
0.93
0.28
-0.48
-1.23
-1.86
-2.28
-2.49
-2.59
-2.71
-3.02
-3.63
-4.54
-5.64
-6.76
-7.76
-8.53
-9.02
-9.23
-9.13
-8.63
-7.65
-6.15
-4.16
-1.84
0.54
2.71
4.46
5.72
6.55
7.10
7.47
7.72
7.86
7.86
7.71
7.43
7.08
6.68
6.20
5.61
4.91
4.15
3.46
2.96
2.72
2.69
2.77
2.83
2.76
2.49
2.01
1.32
0.44
-0.59
-1.68
-2.73
-3.66
-4.43
-5.07
-5.63
-6.17
-6.71
-7.26
-7.85
-8.55
-9.41
-10.41
-11.40
-12.09
-12.15
-11.30
-9.48
-6.86
-3.87
-0.98
1.42
3.13
4.24
4.96
5.54
6.17
6.86
7.55
8.13
8.53
8.72
8.72
8.54
8.18
7.66
7.04
6.41
5.86
5.41
5.03
4.65
4.21
3.69
3.14
2.59
2.10
1.64
1.19
0.68
0.07
-0.64
-1.45
-2.32
-3.20
-4.05
-4.84
-5.55
-6.18
-6.68
-7.02
-7.19
-7.26
-7.35
-7.63
-8.27
-9.31
-10.68
-12.15
-13.38
-14.03
-13.81
-12.54
-10.29
-7.31
-4.02
-0.89
1.70
3.61
4.90
5.76
6.43
7.07
7.73
8.38
8.94
9.34
9.52
9.49
9.30
9.01
8.69
8.32
7.88
7.30
6.60
5.87
5.24
4.79
4.51
4.28
3.94
3.39
2.65
1.80
0.94
0.13
-0.60
-1.22
-1.70
-2.03
-2.24
-2.44
-2.75
-3.28
-4.03
-4.92
-5.82
-6.62
-7.31
-7.90
-8.44
-8.98
-9.57
-10.24
-10.98
-11.73
-12.33
-12.54
-12.09
-10.83
-8.77
-6.11
-3.22
-0.46
1.86
3.63
4.88
5.77
6.49
7.17
7.87
8.51
8.99
9.18
9.02
8.56
7.93
7.29
6.76
6.38
6.07
5.73
5.31
4.81
4.30
3.90
3.63
3.46
3.26
2.90
2.28
1.44
0.51
-0.37
-1.11
-1.72
-2.31
-3.00
-3.77
-4.48
-4.94
-5.02
-4.80
-4.57
-4.66
-5.32
-6.56
-8.13
-9.68
-10.86
-11.44
-11.31
-10.49
-8.99
-6.91
-4.39
-1.67
0.96
3.23
4.94
6.05
6.63
6.84
6.88
6.86
6.83
6.76
6.61
6.32
5.93
5.51
5.14
4.89
4.77
4.75
4.75
4.71
4.60
4.37
4.00
3.47
2.81
2.05
1.21
0.31
-0.61
-1.55
-2.45
-3.25
-3.88
-4.36
-4.73
-5.13
-5.64
-6.29
-7.07
-7.91
-8.78
-9.67
-10.49
-11.07
-11.15
-10.45
-8.82
-6.37
-3.42
-0.47
2.03
3.83
4.94
5.59
6.06
6.58
7.22
7.92
8.51
8.86
8.92
8.74
8.41
8.01
7.59
7.15
6.69
6.22
5.79
5.44
5.13
4.82
4.40
3.81
3.05
2.17
1.27
0.42
-0.36
-1.11
-1.85
-2.62
-3.38
-4.11
-4.78
-5.40
-5.97
-6.48
-6.92
-7.32
-7.75
-8.36
-9.27
-10.49
-11.80
-12.82
-13.08
-12.23
-10.23
-7.31
-3.97
-0.76
1.88
3.74
4.84
5.41
5.73
6.06
6.54
7.19
7.89
8.50
8.89
9.01
8.87
8.55
8.10
7.58
7.01
6.42
5.84
5.32
4.89
4.56
4.28
4.03
3.72
3.34
2.85
2.29
1.69
1.07
0.47
-0.14
-0.79
-1.49
-2.22
-2.92
-3.53
-4.04
-4.49
-4.95
-5.46
-6.03
-6.61
-7.13
-7.59
-8.03
-8.54
-9.25
-10.20
-11.32
-12.37
-13.01
-12.85
-11.63
-9.33
-6.26
-2.94
0.08
2.42
3.98
4.95
5.62
6.25
6.92
7.58
8.13
8.49
8.68
8.74
8.71
8.60
8.35
7.97
7.49
7.00
6.59
6.31
6.15
6.02
5.83
5.49
4.98
4.32
3.57
2.79
2.00
1.20
0.43
-0.28
-0.87
-1.31
-1.66
-2.02
-2.52
-3.21
-4.03
-4.86
-5.55
-6.02
-6.32
-6.56
-6.89
-7.44
-8.26
-9.31
-10.48
-11.60
-12.45
-12.80
-12.45
-11.34
-9.50
-7.13
-4.50
-1.90
0.40
2.24
3.53
4.35
4.86
5.27
5.76
6.40
7.09
7.62
7.81
7.56
6.98
6.27
5.66
5.24
4.96
4.72
4.40
4.04
3.73
3.55
3.46
3.35
3.06
2.51
1.77
0.98
0.27
-0.32
-0.88
-1.54
-2.33
-3.22
-4.07
-4.74
-5.19
-5.48
-5.71
-6.01
-6.49
-7.19
-8.06
-8.94
-9.62
-9.82
-9.33
-8.06
-6.09
-3.67
-1.12
1.26
3.25
4.75
5.79
6.44
6.84
7.10
7.31
7.47
7.55
7.49
7.25
6.84
6.33
5.78
5.25
4.77
4.34
3.94
3.56
3.21
2.89
2.55
2.13
1.57
0.89
0.11
-0.66
-1.36
-1.96
-2.50
-3.07
-3.73
-4.52
-5.39
-6.27
-7.10
-7.83
-8.51
-9.18
-9.89
-10.58
-11.12
-11.31
-10.93
-9.85
-8.08
-5.76
-3.16
-0.57
1.75
3.63
4.98
5.84
6.33
6.62
6.88
7.23
7.70
8.19
8.56
8.69
8.49
7.96
7.19
6.31
5.44
4.71
4.19
3.88
3.77
3.75
3.71
3.54
3.16
2.57
1.82
1.01
0.18
-0.62
-1.39
-2.16
-2.95
-3.73
-4.49
-5.16
-5.70
-6.10
-6.39
-6.65
-7.02
-7.65
-8.65
-9.99
-11.52
-12.94
-13.85
-13.88
-12.84
-10.76
-7.93
-4.81
-1.84
0.62
2.46
3.72
4.60
5.28
5.90
6.53
7.17
7.82
8.44
9.01
9.46
9.73
9.74
9.46
8.90
8.12
7.20
6.30
5.54
5.02
4.76
4.69
4.63
4.40
3.92
3.21
2.39
1.59
0.87
0.23
-0.39
-1.02
-1.65
-2.25
-2.81
-3.38
-4.01
-4.74
-5.50
-6.21
-6.79
-7.25
-7.66
-8.20
-8.98
-10.08
-11.41
-12.76
-13.81
-14.18
-13.61
-11.99
-9.46
-6.39
-3.21
-0.31
2.10
3.98
5.41
6.53
7.43
8.18
8.82
9.41
9.98
10.52
10.92
11.03
10.75
10.10
9.18
8.21
7.36
6.70
6.17
5.69
5.16
4.60
4.07
3.64
3.29
2.89
2.30
1.47
0.48
-0.46
-1.16
-1.54
-1.69
-1.80
-2.09
-2.65
-3.42
-4.25
-4.97
-5.48
-5.80
-6.05
-6.36
-6.85
-7.58
-8.56
-9.70
-10.83
-11.72
-12.14
-11.91
-10.94
-9.25
-7.00
-4.42
-1.78
0.68
2.78
4.43
5.60
6.34
6.73
6.88
6.88
6.83
6.77
6.74
6.73
6.71
6.68
6.59
6.43
6.14
5.72
5.20
4.69
4.28
4.08
4.07
4.13
4.10
3.80
3.16
2.22
1.09
-0.09
-1.17
-2.08
-2.76
-3.22
-3.50
-3.68
-3.91
-4.37
-5.16
-6.29
-7.63
-8.92
-9.85
-10.13
-9.62
-8.33
-6.42
-4.17
-1.89
0.22
2.02
3.49
4.66
5.57
6.26
6.75
7.10
7.35
7.57
7.75
7.84
7.72
7.32
6.65
5.86
5.12
4.58
4.26
4.05
3.80
3.43
2.97
2.52
2.16
1.90
1.62
1.16
0.43
-0.56
-1.70
-2.83
-3.83
-4.69
-5.43
-6.10
-6.74
-7.32
-7.84
-8.32
-8.79
-9.33
-9.92
-10.47
-10.78
-10.60
-9.74
-8.16
-5.99
-3.54
-1.16
0.88
2.48
3.72
4.74
5.65
6.52
7.32
8.02
8.61
9.08
9.40
9.50
9.31
8.76
7.90
6.86
5.85
5.03
4.49
4.20
4.04
3.84
3.49
2.91
2.11
1.20
0.29
-0.49
-1.07
-1.47
-1.77
-2.09
-2.49
-3.02
-3.63
-4.24
-4.81
-5.30
-5.71
-6.06
-6.39
-6.75
-7.26
-8.03
-9.10
-10.38
-11.62
-12.47
-12.62
-11.89
-10.34
-8.22
-5.82
-3.43
-1.25
0.64
2.21
3.48
4.49
5.30
5.96
6.48
6.81
6.89
6.68
6.24
5.67
5.15
4.78
4.60
4.57
4.57
4.47
4.19
3.72
3.10
2.45
1.85
1.43
1.21
1.18
1.26
1.31
1.16
0.71
-0.06
-1.07
-2.13
-3.05
-3.74
-4.20
-4.59
-5.06
-5.72
-6.57
-7.51
-8.39
-9.09
-9.46
-9.39
-8.79
-7.58
-5.83
-3.72
-1.53
0.41
1.92
2.97
3.71
4.35
5.08
5.92
6.73
7.33
7.55
7.34
6.79
6.11
5.48
5.04
4.79
4.66
4.55
4.43
4.29
4.14
3.95
3.59
2.97
2.01
0.81
-0.45
-1.55
-2.32
-2.75
-2.96
-3.12
-3.37
-3.77
-4.29
-4.89
-5.56
-6.34
-7.30
-8.46
-9.74
-10.94
-11.80
-12.03
-11.45
-10.02
-7.91
-5.39
-2.82
-0.49
1.42
2.88
3.97
4.82
5.56
6.25
6.92
7.53
8.03
8.33
8.37
8.18
7.79
7.32
6.84
6.42
6.07
5.80
5.59
5.40
5.20
4.92
4.53
4.00
3.34
2.62
1.89
1.16
0.44
-0.31
-1.09
-1.86
-2.58
-3.18
-3.67
-4.13
-4.62
-5.20
-5.87
-6.62
-7.41
-8.23
-9.12
-10.10
-11.11
-11.99
-12.52
-12.43
-11.54
-9.85
-7.60
-5.13
-2.77
-0.72
0.99
2.49
3.93
5.35
6.72
7.91
8.84
9.48
9.86
10.04
10.06
9.94
9.66
9.25
8.73
8.16
7.56
6.94
6.30
5.67
5.08
4.56
4.11
3.68
3.20
2.62
1.95
1.24
0.57
-0.03
-0.57
-1.14
-1.83
-2.67
-3.62
-4.59
-5.43
-6.09
-6.55
-6.89
-7.19
-7.58
-8.16
-8.96
-9.96
-11.05
-12.00
-12.52
-12.35
-11.32
-9.46
-6.99
-4.26
-1.64
0.62
2.40
3.76
4.82
5.72
6.53
7.24
7.77
8.02
7.95
7.63
7.21
6.84
6.61
6.52
6.49
6.41
6.21
5.90
5.49
5.01
4.44
3.79
3.06
2.34
1.70
1.23
0.94
0.74
0.51
0.12
-0.47
-1.22
-2.02
-2.75
-3.34
-3.78
-4.14
-4.51
-4.97
-5.59
-6.36
-7.21
-8.05
-8.72
-9.03
-8.78
-7.81
-6.12
-3.87
-1.44
0.80
2.51
3.62
4.24
4.67
5.15
5.79
6.52
7.15
7.51
7.52
7.20
6.65
5.97
5.27
4.65
4.21
3.98
3.93
3.94
3.87
3.62
3.20
2.69
2.20
1.75
1.29
0.72
-0.03
-0.96
-1.97
-2.93
-3.73
-4.32
-4.71
-4.97
-5.21
-5.56
-6.13
-6.96
-8.00
-9.12
-10.08
-10.62
-10.53
-9.69
-8.13
-6.00
-3.56
-1.08
1.18
3.04
4.43
5.37
5.96
6.35
6.68
7.03
7.43
7.78
7.98
7.92
7.55
6.94
6.20
5.48
4.87
4.42
4.12
3.94
3.85
3.78
3.64
3.36
2.87
2.18
1.33
0.42
-0.44
-1.19
-1.83
-2.42
-3.01
-3.65
-4.34
-5.03
-5.64
-6.11
-6.42
-6.63
-6.84
-7.22
-7.89
-8.91
-10.19
-11.50
-12.48
-12.76
-12.11
-10.49
-8.10
-5.32
-2.57
-0.21
1.59
2.82
3.62
4.24
4.86
5.60
6.43
7.21
7.80
8.06
7.99
7.66
7.21
6.77
6.42
6.13
5.85
5.51
5.12
4.69
4.30
3.98
3.69
3.35
2.88
2.22
1.43
0.63
-0.06
-0.57
-0.95
-1.33
-1.86
-2.62
-3.58
-4.61
-5.57
-6.38
-7.01
-7.46
-7.78
-8.00
-8.21
-8.49
-8.94
-9.62
-10.41
-11.04
-11.15
-10.43
-8.74
-6.26
-3.37
-0.51
1.93
3.78
5.06
5.92
6.52
7.00
7.43
7.84
8.23
8.57
8.83
8.99
9.00
8.85
8.51
7.98
7.26
6.41
5.52
4.73
4.16
3.85
3.69
3.53
3.19
2.57
1.70
0.71
-0.23
-1.00
-1.58
-1.99
-2.33
-2.69
-3.13
-3.66
-4.28
-4.92
-5.53
-6.05
-6.50
-6.95
-7.53
-8.33
-9.34
-10.44
-11.36
-11.80
-11.50
-10.37
-8.45
-6.01
-3.40
-0.97
1.01
2.44
3.38
3.98
4.44
4.91
5.45
6.00
6.47
6.76
6.84
6.71
6.44
6.09
5.69
5.24
4.73
4.22
3.76
3.44
3.28
3.24
3.19
3.00
2.61
2.03
1.32
0.57
-0.20
-0.96
-1.70
-2.39
-2.97
-3.40
-3.73
-4.04
-4.50
-5.22
-6.22
-7.42
-8.67
-9.73
-10.35
-10.32
-9.51
-7.94
-5.80
-3.38
-1.01
1.04
2.67
3.95
5.01
5.97
6.85
7.59
8.06
8.21
8.05
7.67
7.20
6.72
6.25
5.80
5.36
4.93
4.53
4.18
3.86
3.56
3.24
2.91
2.55
2.17
1.73
1.16
0.39
-0.62
-1.81
-3.01
-4.01
-4.65
-4.92
-4.97
-5.04
-5.38
-6.09
-7.13
-8.39
-9.68
-10.85
-11.71
-12.02
-11.56
-10.21
-8.04
-5.32
-2.52
-0.04
1.85
3.15
4.07
4.85
5.68
6.59
7.53
8.38
9.03
9.44
9.59
9.49
9.18
8.65
7.92
7.05
6.10
5.23
4.58
4.24
4.18
4.28
4.33
4.14
3.65
2.91
2.07
1.31
0.73
0.30
-0.09
-0.59
-1.27
-2.16
-3.17
-4.17
-5.04
-5.70
-6.12
-6.36
-6.52
-6.69
-7.01
-7.55
-8.40
-9.54
-10.86
-12.12
-12.93
-12.92
-11.83
-9.68
-6.77
-3.62
-0.74
1.52
3.10
4.16
5.00
5.85
6.79
7.76
8.65
9.33
9.76
9.95
9.96
9.81
9.48
8.93
8.16
7.20
6.17
5.26
4.59
4.21
4.06
3.97
3.76
3.31
2.59
1.71
0.82
0.09
-0.41
-0.69
-0.86
-1.07
-1.45
-2.10
-2.99
-4.05
-5.17
-6.23
-7.14
-7.85
-8.32
-8.58
-8.70
-8.79
-9.03
-9.53
-10.29
-11.14
-11.74
-11.70
-10.72
-8.74
-6.02
-2.99
-0.16
2.10
3.64
4.59
5.18
5.68
6.25
6.91
7.58
8.16
8.58
8.83
8.94
8.88
8.62
8.06
7.18
6.06
4.90
3.94
3.36
3.15
3.17
3.17
2.96
2.47
1.80
1.10
0.50
0.05
-0.33
-0.69
-1.13
-1.64
-2.23
-2.85
-3.50
-4.16
-4.83
-5.45
-5.99
-6.40
-6.73
-7.06
-7.55
-8.27
-9.22
-10.23
-11.01
-11.27
-10.77
-9.44
-7.43
-5.01
-2.52
-0.24
1.64
3.05
4.05
4.74
5.24
5.63
5.93
6.13
6.18
6.05
5.75
5.35
4.91
4.49
4.14
3.86
3.66
3.55
3.53
3.56
3.57
3.47
3.19
2.72
2.09
1.37
0.62
-0.17
-1.02
-1.96
-2.97
-3.93
-4.71
-5.26
-5.55
-5.71
-5.88
-6.20
-6.76
-7.54
-8.43
-9.25
-9.77
-9.76
-9.04
-7.55
-5.40
-2.85
-0.26
2.02
3.75
4.89
5.54
5.92
6.23
6.62
7.11
7.66
8.19
8.61
8.80
8.68
8.17
7.33
6.29
5.27
4.49
4.08
4.01
4.12
4.18
3.99
3.49
2.73
1.85
0.98
0.23
-0.41
-1.00
-1.60
-2.24
-2.90
-3.52
-4.06
-4.52
-4.95
-5.42
-6.00
-6.74
-7.66
-8.77
-10.00
-11.16
-11.96
-12.00
-10.98
-8.85
-5.87
-2.62
0.30
2.45
3.72
4.31
4.58
4.88
5.38
6.09
6.92
7.74
8.43
8.87
9.00
8.75
8.16
7.34
6.48
5.78
5.39
5.33
5.51
5.73
5.79
5.56
4.99
4.17
3.27
2.45
1.80
1.33
0.94
0.55
0.09
-0.43
-0.99
-1.61
-2.31
-3.11
-3.99
-4.84
-5.54
-6.00
-6.27
-6.50
-6.87
-7.49
-8.35
-9.38
-10.42
-11.37
-12.11
-12.50
-12.37
-11.54
-9.90
-7.55
-4.74
-1.86
0.71
2.73
4.13
5.04
5.65
6.13
6.58
7.04
7.49
7.90
8.27
8.58
8.77
8.80
8.59
8.12
7.41
6.60
5.83
5.22
4.83
4.62
4.51
4.37
4.11
3.69
3.10
2.38
1.58
0.77
0.03
-0.56
-0.96
-1.21
-1.41
-1.68
-2.13
-2.75
-3.45
-4.17
-4.84
-5.48
-6.19
-7.06
-8.11
-9.25
-10.35
-11.16
-11.48
-11.09
-9.89
-7.91
-5.33
-2.45
0.34
2.74
4.54
5.72
6.40
6.76
6.98
7.20
7.49
7.86
8.28
8.67
8.95
9.02
8.83
8.40
7.82
7.26
6.92
6.92
7.24
7.71
8.05
8.02
7.47
6.43
5.09
3.69
2.43
1.36
0.46
-0.32
-0.98
-1.47
-1.71
-1.72
-1.66
-1.76
-2.20
-3.04
-4.16
-5.38
-6.55
-7.70
-8.92
-10.30
-11.75
-12.98
-13.59
-13.25
-11.85
-9.62
-6.98
-4.41
-2.25
-0.63
0.49
1.23
1.71
1.98
2.06
1.94
1.69
1.40
1.15
1.04
1.09
1.28
1.57
1.85
2.06
2.15
2.12
1.98
1.78
1.56
1.34
1.10
0.82
0.47
-0.01
-0.65
-1.51
-2.56
-3.74
-4.94
-6.03
-6.93
-7.62
-8.16
-8.66
-9.22
-9.92
-10.76
-11.66
-12.43
-12.77
-12.39
-11.08
-8.84
-5.88
-2.56
0.71
3.61
5.96
7.69
8.84
9.48
9.77
9.85
9.87
9.92
9.96
9.89
9.60
9.02
8.23
7.35
6.51
5.79
5.20
4.66
4.14
3.58
3.00
2.39
1.75
1.09
0.38
-0.39
-1.20
-2.05
-2.91
-3.76
-4.55
-5.27
-5.91
-6.46
-6.94
-7.33
-7.60
-7.78
-7.93
-8.16
-8.57
-9.17
-9.81
-10.21
-10.07
-9.18
-7.50
-5.15
-2.36
0.58
3.42
5.92
7.91
9.31
10.15
10.58
10.79
10.95
11.15
11.34
11.43
11.25
10.71
9.78
8.53
7.08
5.63
4.33
3.32
2.65
2.26
2.05
1.92
1.75
1.50
1.07
0.41
-0.54
-1.72
-2.99
-4.14
-5.00
-5.53
-5.85
-6.18
-6.69
-7.38
-8.08
-8.59
-8.77
-8.64
-8.36
-8.10
-7.96
-7.97
-8.08
-8.26
-8.51
-8.78
-8.97
-8.85
-8.17
-6.74
-4.52
-1.67
1.50
4.61
7.33
9.45
10.89
11.73
12.14
12.32
12.42
12.49
12.51
12.45
12.27
11.98
11.59
11.09
10.48
9.70
8.78
7.79
6.84
6.06
5.53
5.19
4.94
4.61
4.09
3.31
2.33
1.30
0.35
-0.43
-1.02
-1.48
-1.93
-2.44
-3.06
-3.82
-4.65
-5.51
-6.33
-7.07
-7.72
-8.29
-8.89
-9.61
-10.53
-11.66
-12.82
-13.74
-14.10
-13.63
-12.26
-10.11
-7.42
-4.54
-1.76
0.70
2.69
4.17
5.18
5.82
6.19
6.39
6.49
6.51
6.44
6.30
6.12
5.89
5.62
5.25
4.72
4.04
3.28
2.58
2.03
1.67
1.42
1.20
0.94
0.62
0.29
-0.05
-0.43
-0.92
-1.58
-2.37
-3.23
-4.02
-4.69
-5.24
-5.76
-6.32
-6.93
-7.54
-8.12
-8.66
-9.20
-9.73
-10.11
-10.08
-9.36
-7.78
-5.43
-2.67
0.05
2.35
4.02
5.08
5.67
5.99
6.18
6.32
6.48
6.70
6.95
7.18
7.31
7.25
6.96
6.48
5.93
5.40
4.96
4.61
4.27
3.90
3.46
2.96
2.43
1.88
1.32
0.72
0.03
-0.76
-1.64
-2.59
-3.60
-4.61
-5.55
-6.34
-6.92
-7.29
-7.54
-7.83
-8.29
-8.97
-9.79
-10.53
-10.90
-10.67
-9.68
-7.95
-5.61
-2.94
-0.26
2.12
3.98
5.24
5.95
6.27
6.40
6.51
6.73
7.06
7.47
7.83
8.03
7.98
7.63
7.02
6.27
5.50
4.85
4.38
4.11
3.96
3.83
3.61
3.22
2.63
1.83
0.88
-0.16
-1.23
-2.28
-3.25
-4.09
-4.79
-5.36
-5.89
-6.46
-7.13
-7.87
-8.59
-9.19
-9.62
-9.95
-10.29
-10.76
-11.36
-11.87
-11.99
-11.40
-9.95
-7.70
-4.94
-2.04
0.68
2.98
4.76
6.01
6.77
7.17
7.34
7.47
7.72
8.12
8.62
9.04
9.20
8.99
8.43
7.66
6.89
6.26
5.84
5.57
5.38
5.20
5.00
4.83
4.71
4.61
4.46
4.16
3.62
2.88
2.00
1.09
0.23
-0.56
-1.28
-1.95
-2.55
-3.07
-3.52
-3.95
-4.44
-5.03
-5.75
-6.61
-7.61
-8.78
-10.07
-11.37
-12.40
-12.85
-12.43
-11.05
-8.81
-6.05
-3.14
-0.42
1.93
3.81
5.25
6.26
6.92
7.29
7.45
7.47
7.44
7.39
7.34
7.26
7.13
6.89
6.54
6.05
5.48
4.89
4.38
4.01
3.77
3.61
3.44
3.19
2.87
2.48
2.04
1.57
1.03
0.37
-0.42
-1.29
-2.18
-3.02
-3.76
-4.39
-4.95
-5.47
-5.98
-6.51
-7.08
-7.77
-8.57
-9.45
-10.27
-10.77
-10.71
-9.90
-8.34
-6.16
-3.64
-1.11
1.17
2.98
4.26
5.02
5.38
5.49
5.53
5.65
5.87
6.16
6.38
6.44
6.27
5.89
5.39
4.91
4.57
4.44
4.53
4.75
4.94
4.90
4.53
3.80
2.78
1.63
0.46
-0.64
-1.62
-2.48
-3.18
-3.71
-4.08
-4.37
-4.69
-5.12
-5.72
-6.46
-7.27
-8.08
-8.83
-9.42
-9.75
-9.68
-9.10
-7.97
-6.30
-4.21
-1.90
0.42
2.53
4.25
5.50
6.30
6.79
7.13
7.47
7.83
8.11
8.17
7.93
7.42
6.79
6.23
5.86
5.69
5.60
5.47
5.17
4.71
4.13
3.56
3.08
2.72
2.43
2.11
1.66
1.02
0.18
-0.74
-1.63
-2.40
-3.03
-3.59
-4.20
-4.94
-5.80
-6.74
-7.71
-8.67
-9.60
-10.47
-11.13
-11.36
-10.91
-9.66
-7.67
-5.18
-2.57
-0.16
1.86
3.45
4.71
5.69
6.43
6.91
7.16
7.27
7.39
7.63
7.98
8.33
8.46
8.23
7.62
6.77
5.90
5.19
4.72
4.43
4.20
3.95
3.64
3.31
2.98
2.60
2.13
1.49
0.68
-0.23
-1.09
-1.76
-2.20
-2.51
-2.86
-3.40
-4.19
-5.17
-6.17
-7.02
-7.61
-7.95
-8.17
-8.45
-8.95
-9.75
-10.77
-11.77
-12.44
-12.49
-11.72
-10.10
-7.75
-4.92
-1.90
1.04
3.63
5.71
7.17
8.03
8.41
8.52
8.54
8.61
8.75
8.91
9.00
8.96
8.75
8.42
7.98
7.44
6.82
6.15
5.47
4.85
4.38
4.08
3.89
3.69
3.36
2.79
1.99
1.03
0.06
-0.75
-1.34
-1.69
-1.92
-2.15
-2.53
-3.15
-3.99
-4.95
-5.86
-6.56
-6.96
-7.10
-7.09
-7.14
-7.47
-8.21
-9.34
-10.69
-11.92
-12.64
-12.54
-11.45
-9.46
-6.85
-4.03
-1.39
0.79
2.40
3.48
4.17
4.69
5.20
5.80
6.48
7.16
7.68
7.93
7.85
7.46
6.83
6.06
5.25
4.46
3.80
3.30
3.01
2.87
2.77
2.58
2.24
1.75
1.20
0.67
0.19
-0.30
-0.87
-1.57
-2.34
-3.09
-3.72
-4.20
-4.57
-4.91
-5.32
-5.84
-6.53
-7.40
-8.41
-9.45
-10.32
-10.80
-10.72
-9.99
-8.64
-6.78
-4.59
-2.27
-0.01
1.99
3.60
4.77
5.56
6.08
6.43
6.66
6.78
6.78
6.65
6.42
6.13
5.83
5.52
5.22
4.96
4.76
4.63
4.55
4.43
4.18
3.72
3.03
2.16
1.18
0.22
-0.67
-1.46
-2.18
-2.91
-3.66
-4.44
-5.21
-5.90
-6.50
-7.04
-7.62
-8.33
-9.23
-10.24
-11.18
-11.78
-11.75
-10.89
-9.16
-6.72
-3.83
-0.87
1.85
4.07
5.67
6.65
7.09
7.18
7.14
7.19
7.47
7.97
8.55
8.98
9.09
8.81
8.20
7.41
6.59
5.82
5.13
4.50
3.91
3.38
2.93
2.58
2.33
2.11
1.84
1.42
0.77
-0.10
-1.11
-2.13
-3.03
-3.75
-4.32
-4.82
-5.35
-5.94
-6.54
-7.08
-7.52
-7.92
-8.42
-9.21
-10.34
-11.70
-12.94
-13.63
-13.33
-11.88
-9.37
-6.20
-2.90
0.06
2.40
4.07
5.25
6.16
7.01
7.88
8.73
9.43
9.86
9.98
9.80
9.46
9.05
8.63
8.18
7.66
7.01
6.33
5.73
5.35
5.21
5.22
5.19
4.90
4.27
3.38
2.39
1.48
0.74
0.17
-0.36
-0.95
-1.68
-2.55
-3.53
-4.54
-5.50
-6.30
-6.89
-7.21
-7.32
-7.33
-7.44
-7.80
-8.52
-9.56
-10.74
-11.82
-12.48
-12.49
-11.69
-10.04
-7.68
-4.85
-1.86
0.94
3.32
5.15
6.46
7.38
8.07
8.66
9.21
9.70
10.11
10.40
10.55
10.57
10.42
10.10
9.57
8.87
8.04
7.17
6.33
5.59
4.99
4.51
4.15
3.83
3.48
3.06
2.51
1.84
1.10
0.34
-0.41
-1.16
-1.93
-2.76
-3.66
-4.60
-5.49
-6.23
-6.75
-7.06
-7.23
-7.38
-7.66
-8.17
-8.92
-9.82
-10.70
-11.34
-11.53
-11.12
-10.06
-8.40
-6.28
-3.90
-1.49
0.75
2.64
4.12
5.16
5.83
6.21
6.43
6.58
6.70
6.79
6.84
6.82
6.73
6.59
6.40
6.16
5.84
5.47
5.06
4.62
4.18
3.72
3.25
2.75
2.26
1.77
1.28
0.73
0.09
-0.64
-1.42
-2.14
-2.76
-3.29
-3.81
-4.38
-5.01
-5.61
-6.11
-6.44
-6.69
-6.99
-7.45
-8.06
-8.61
-8.81
-8.40
-7.27
-5.51
-3.40
-1.23
0.75
2.42
3.76
4.80
5.60
6.19
6.60
6.87
7.07
7.23
7.39
7.50
7.49
7.30
6.87
6.21
5.39
4.55
3.81
3.29
3.00
2.89
2.81
2.62
2.21
1.58
0.82
0.01
-0.80
-1.61
-2.46
-3.35
-4.21
-4.97
-5.55
-5.97
-6.32
-6.74
-7.34
-8.15
-9.13
-10.16
-11.05
-11.62
-11.71
-11.16
-9.95
-8.14
-5.91
-3.50
-1.16
0.96
2.77
4.30
5.59
6.70
7.65
8.43
8.99
9.31
9.42
9.35
9.16
8.88
8.50
8.01
7.41
6.74
6.11
5.60
5.23
4.93
4.58
4.08
3.38
2.54
1.66
0.79
-0.08
-1.00
-1.97
-2.91
-3.72
-4.29
-4.64
-4.92
-5.29
-5.85
-6.54
-7.18
-7.62
-7.82
-7.91
-8.11
-8.61
-9.44
-10.46
-11.38
-11.88
-11.72
-10.83
-9.22
-7.05
-4.49
-1.78
0.90
3.34
5.38
6.92
7.91
8.44
8.65
8.74
8.84
9.01
9.19
9.28
9.18
8.85
8.31
7.66
6.97
6.33
5.78
5.33
4.95
4.52
3.96
3.18
2.21
1.16
0.22
-0.45
-0.78
-0.86
-0.87
-1.01
-1.43
-2.16
-3.10
-4.08
-4.96
-5.63
-6.10
-6.42
-6.66
-6.90
-7.18
-7.56
-8.06
-8.71
-9.43
-10.11
-10.51
-10.38
-9.57
-8.03
-5.90
-3.44
-0.96
1.32
3.21
4.67
5.67
6.24
6.43
6.33
6.05
5.72
5.43
5.26
5.19
5.20
5.21
5.18
5.10
4.98
4.85
4.68
4.48
4.20
3.83
3.34
2.73
2.00
1.17
0.28
-0.64
-1.50
-2.21
-2.68
-2.89
-2.92
-2.91
-3.01
-3.37
-4.00
-4.88
-5.92
-7.07
-8.26
-9.42
-10.38
-10.93
-10.86
-10.04
-8.48
-6.35
-3.91
-1.42
0.86
2.77
4.22
5.20
5.82
6.23
6.58
6.97
7.35
7.58
7.55
7.26
6.78
6.25
5.80
5.45
5.17
4.87
4.53
4.17
3.85
3.60
3.41
3.20
2.86
2.32
1.56
0.59
-0.51
-1.64
-2.72
-3.72
-4.63
-5.48
-6.28
-7.02
-7.70
-8.32
-8.91
-9.50
-10.05
-10.42
-10.43
-9.87
-8.62
-6.71
-4.31
-1.71
0.79
2.93
4.51
5.49
5.93
6.01
5.95
5.92
6.04
6.28
6.56
6.75
6.78
6.61
6.26
5.75
5.14
4.45
3.73
3.06
2.50
2.09
1.83
1.65
1.45
1.13
0.61
-0.11
-0.99
-1.92
-2.79
-3.55
-4.16
-4.68
-5.14
-5.57
-5.99
-6.37
-6.74
-7.18
-7.79
-8.63
-9.61
-10.48
-10.88
-10.48
-9.15
-6.99
-4.29
-1.40
1.37
3.80
5.78
7.29
8.34
9.04
9.53
9.96
10.40
10.79
10.99
10.87
10.34
9.50
8.51
7.57
6.79
6.18
5.70
5.23
4.74
4.22
3.68
3.14
2.62
2.11
1.61
1.11
0.59
0.02
-0.62
-1.39
-2.27
-3.22
-4.15
-4.92
-5.45
-5.72
-5.82
-5.89
-6.14
-6.70
-7.62
-8.82
-10.11
-11.25
-11.99
-12.12
-11.54
-10.23
-8.27
-5.84
-3.20
-0.62
1.68
3.54
4.93
5.90
6.58
7.07
7.47
7.79
8.04
8.20
8.26
8.19
7.99
7.73
7.44
7.18
6.93
6.64
6.25
5.71
5.04
4.33
3.66
3.09
2.62
2.23
1.89
1.56
1.26
0.96
0.63
0.21
-0.36
-1.09
-1.94
-2.84
-3.69
-4.45
-5.08
-5.57
-5.94
-6.21
-6.45
-6.76
-7.28
-8.07
-9.12
-10.28
-11.30
-11.89
-11.82
-10.96
-9.35
-7.14
-4.56
-1.86
0.69
2.91
4.69
6.01
6.93
7.58
8.04
8.36
8.57
8.64
8.58
8.41
8.11
7.71
7.21
6.64
6.05
5.52
5.08
4.75
4.47
4.21
3.95
3.70
3.44
3.15
2.74
2.16
1.40
0.51
-0.42
-1.27
-2.03
-2.71
-3.38
-4.05
-4.71
-5.32
-5.83
-6.26
-6.65
-7.09
-7.66
-8.39
-9.25
-10.11
-10.75
-10.93
-10.43
-9.18
-7.28
-4.98
-2.60
-0.35
1.63
3.33
4.74
5.81
6.45
6.62
6.36
5.86
5.36
5.02
4.89
4.87
4.81
4.63
4.35
4.06
3.86
3.78
3.77
3.73
3.57
3.26
2.80
2.21
1.54
0.78
-0.06
-0.98
-1.94
-2.87
-3.67
-4.26
-4.59
-4.72
-4.74
-4.81
-5.08
-5.66
-6.54
-7.65
-8.76
-9.64
-10.06
-9.87
-9.05
-7.65
-5.81
-3.67
-1.40
0.85
2.91
4.63
5.89
6.69
7.14
7.37
7.51
7.59
7.58
7.37
6.92
6.28
5.59
5.01
4.64
4.48
4.42
4.31
4.03
3.56
2.96
2.35
1.79
1.28
0.71
-0.02
-0.96
-2.07
-3.17
-4.10
-4.73
-5.07
-5.28
-5.52
-5.91
-6.49
-7.21
-8.01
-8.85
-9.68
-10.42
-10.94
-11.03
-10.51
-9.30
-7.46
-5.20
-2.75
-0.35
1.84
3.72
5.23
6.38
7.19
7.70
7.99
8.13
8.16
8.07
7.87
7.54
7.14
6.70
6.29
5.91
5.57
5.22
4.85
4.43
3.97
3.45
2.86
2.22
1.55
0.90
0.32
-0.20
-0.69
-1.23
-1.89
-2.68
-3.57
-4.46
-5.27
-5.92
-6.39
-6.76
-7.13
-7.61
-8.28
-9.14
-10.18
-11.32
-12.42
-13.28
-13.64
-13.23
-11.86
-9.57
-6.65
-3.55
-0.70
1.60
3.33
4.62
5.70
6.72
7.73
8.67
9.46
10.04
10.37
10.42
10.19
9.70
9.02
8.24
7.49
6.82
6.25
5.76
5.34
4.96
4.63
4.33
3.98
3.54
2.95
2.19
1.28
0.29
-0.67
-1.55
-2.28
-2.90
-3.44
-3.97
-4.56
-5.20
-5.86
-6.51
-7.09
-7.63
-8.19
-8.85
-9.67
-10.64
-11.63
-12.41
-12.69
-12.21
-10.86
-8.74
-6.10
-3.28
-0.61
1.73
3.69
5.30
6.60
7.64
8.41
8.93
9.23
9.36
9.38
9.30
9.09
8.71
8.14
7.42
6.63
5.88
5.30
4.92
4.73
4.62
4.48
4.21
3.75
3.14
2.44
1.73
1.07
0.44
-0.20
-0.91
-1.71
-2.58
-3.46
-4.27
-4.93
-5.39
-5.68
-5.88
-6.08
-6.40
-6.93
-7.72
-8.74
-9.88
-10.91
-11.50
-11.35
-10.31
-8.41
-5.91
-3.16
-0.48
1.90
3.90
5.49
6.67
7.45
7.84
7.90
7.75
7.52
7.30
7.13
7.00
6.85
6.64
6.32
5.90
5.37
4.79
4.25
3.83
3.60
3.51
3.50
3.42
3.17
2.68
1.95
1.03
-0.02
-1.16
-2.33
-3.44
-4.40
-5.10
-5.49
-5.65
-5.74
-5.97
-6.51
-7.41
-8.53
-9.60
-10.30
-10.35
-9.58
-8.02
-5.83
-3.26
-0.64
1.75
3.68
5.06
5.91
6.37
6.64
6.90
7.29
7.81
8.38
8.86
9.11
9.03
8.60
7.88
6.97
6.00
5.12
4.43
3.97
3.72
3.58
3.43
3.14
2.63
1.91
1.04
0.12
-0.78
-1.63
-2.46
-3.29
-4.11
-4.89
-5.55
-6.04
-6.37
-6.62
-6.95
-7.51
-8.40
-9.63
-11.03
-12.31
-13.11
-13.12
-12.18
-10.31
-7.74
-4.81
-1.86
0.81
3.01
4.68
5.83
6.56
7.01
7.36
7.72
8.17
8.67
9.11
9.36
9.32
8.98
8.38
7.61
6.77
5.93
5.18
4.57
4.13
3.84
3.65
3.47
3.21
2.77
2.11
1.23
0.19
-0.90
-1.94
-2.81
-3.49
-4.03
-4.54
-5.17
-5.97
-6.92
-7.85
-8.57
-8.96
-9.04
-9.01
-9.13
-9.61
-10.51
-11.67
-12.75
-13.36
-13.16
-12.00
-9.91
-7.14
-4.00
-0.86
1.97
4.30
6.05
7.24
8.01
8.53
8.98
9.49
10.08
10.66
11.05
11.09
10.69
9.88
8.83
7.74
6.79
6.06
5.58
5.28
5.09
4.94
4.79
4.57
4.26
3.83
3.28
2.59
1.78
0.86
-0.13
-1.17
-2.20
-3.15
-3.95
-4.52
-4.85
-4.96
-4.92
-4.87
-4.94
-5.24
-5.79
-6.60
-7.64
-8.86
-10.21
-11.56
-12.72
-13.40
-13.32
-12.29
-10.33
-7.65
-4.65
-1.73
0.80
2.78
4.20
5.19
5.87
6.33
6.62
6.74
6.70
6.52
6.28
6.04
5.87
5.75
5.65
5.50
5.21
4.79
4.28
3.76
3.30
2.92
2.62
2.34
2.06
1.77
1.46
1.09
0.57
-0.20
-1.25
-2.51
-3.79
-4.87
-5.59
-5.90
-5.95
-5.97
-6.19
-6.73
-7.60
-8.65
-9.67
-10.40
-10.63
-10.20
-9.03
-7.11
-4.60
-1.72
1.19
3.77
5.75
6.99
7.55
7.64
7.52
7.44
7.50
7.67
7.84
7.87
7.70
7.35
6.91
6.44
6.02
5.65
5.36
5.14
4.98
4.87
4.73
4.48
4.07
3.44
2.63
1.67
0.64
-0.44
-1.53
-2.63
-3.69
-4.65
-5.45
-6.07
-6.54
-6.95
-7.43
-8.07
-8.91
-9.91
-10.91
-11.67
-11.94
-11.49
-10.22
-8.22
-5.69
-2.97
-0.39
1.84
3.60
4.94
5.95
6.70
7.24
7.59
7.81
7.97
8.14
8.33
8.45
8.36
7.98
7.30
6.49
5.77
5.30
5.09
5.00
4.81
4.39
3.75
3.00
2.27
1.64
1.09
0.55
-0.01
-0.60
-1.17
-1.72
-2.31
-3.00
-3.89
-4.97
-6.13
-7.20
-8.01
-8.51
-8.80
-9.07
-9.57
-10.40
-11.44
-12.37
-12.79
-12.33
-10.88
-8.57
-5.75
-2.80
-0.04
2.33
4.27
5.79
6.91
7.67
8.09
8.29
8.37
8.45
8.55
8.63
8.57
8.26
7.65
6.82
5.96
5.23
4.76
4.57
4.57
4.64
4.68
4.61
4.40
4.00
3.33
2.38
1.18
-0.11
-1.30
-2.21
-2.79
-3.11
-3.37
-3.77
-4.40
-5.22
-6.07
-6.75
-7.17
-7.31
-7.31
-7.38
-7.76
-8.59
-9.87
-11.39
-12.75
-13.51
-13.26
-11.80
-9.19
-5.72
-1.89
1.80
4.95
7.32
8.88
9.74
10.11
10.21
10.17
10.10
10.01
9.88
9.67
9.36
8.92
8.32
7.58
6.78
6.03
5.47
5.16
5.02
4.89
4.56
3.93
3.02
1.97
0.96
0.14
-0.47
-0.95
-1.38
-1.84
-2.35
-2.87
-3.39
-3.90
-4.36
-4.76
-5.06
-5.28
-5.48
-5.74
-6.18
-6.87
-7.80
-8.95
-10.18
-11.28
-11.99
-12.01
-11.13
-9.33
-6.81
-3.95
-1.16
1.26
3.19
4.68
5.82
6.69
7.32
7.67
7.71
7.49
7.05
6.45
5.79
5.13
4.58
4.21
4.07
4.09
4.16
4.09
3.77
3.14
2.25
1.19
0.11
-0.90
-1.77
-2.49
-3.09
-3.61
-4.10
-4.56
-4.97
-5.31
-5.54
-5.68
-5.74
-5.75
-5.77
-5.82
-5.94
-6.13
-6.31
-6.33
-5.94
-4.91
-3.13
-0.71
2.09
4.84
7.17
8.88
9.93
10.45
10.61
10.53
10.29
9.89
9.35
8.73
8.07
7.37
6.60
5.70
4.60
3.32
1.93
0.60
-0.48
-1.23
-1.65
-1.85
-2.00
-2.22
-2.58
-3.04
-3.50
-3.88
-4.15
-4.38
-4.65
-5.03
-5.55
-6.13
-6.64
-6.96
-7.01
-6.84
-6.56
-6.34
-6.37
-6.74
-7.44
-8.30
-9.04
-9.31
-8.83
-7.44
-5.23
-2.44
0.55
3.40
5.83
7.72
9.04
9.86
10.26
10.37
10.34
10.28
10.30
10.37
10.42
10.32
9.98
9.37
8.54
7.57
6.58
5.65
4.84
4.16
3.59
3.09
2.60
2.07
1.46
0.77
0.03
-0.70
-1.39
-2.02
-2.60
-3.17
-3.77
-4.42
-5.14
-5.93
-6.76
-7.57
-8.31
-8.90
-9.30
-9.54
-9.69
-9.89
-10.28
-10.92
-11.76
-12.58
-13.07
-12.91
-11.92
-10.12
-7.73
-5.10
-2.55
-0.30
1.58
3.13
4.45
5.58
6.52
7.25
7.77
8.10
8.27
8.31
8.24
8.09
7.89
7.63
7.29
6.82
6.20
5.48
4.75
4.14
3.71
3.45
3.23
2.94
2.49
1.88
1.14
0.34
-0.50
-1.38
-2.26
-3.10
-3.85
-4.51
-5.10
-5.68
-6.29
-6.96
-7.64
-8.31
-8.92
-9.42
-9.70
-9.66
-9.17
-8.15
-6.60
-4.64
-2.45
-0.26
1.73
3.35
4.54
5.34
5.82
6.10
6.28
6.38
6.38
6.24
5.95
5.57
5.21
4.97
4.91
5.02
5.20
5.30
5.22
4.90
4.37
3.71
3.00
2.26
1.52
0.76
-0.01
-0.77
-1.50
-2.20
-2.91
-3.66
-4.46
-5.27
-6.05
-6.76
-7.41
-8.08
-8.82
-9.64
-10.44
-11.00
-11.10
-10.59
-9.43
-7.72
-5.66
-3.43
-1.19
0.95
2.90
4.55
5.83
6.71
7.24
7.53
7.71
7.85
7.96
7.98
7.90
7.71
7.44
7.12
6.77
6.39
5.99
5.58
5.20
4.82
4.41
3.90
3.28
2.58
1.87
1.22
0.65
0.13
-0.42
-1.08
-1.88
-2.81
-3.76
-4.67
-5.42
-6.01
-6.52
-7.11
-7.95
-9.10
-10.48
-11.84
-12.85
-13.18
-12.64
-11.21
-9.03
-6.34
-3.45
-0.67
1.74
3.61
4.86
5.60
5.99
6.26
6.63
7.19
7.90
8.60
9.09
9.18
8.84
8.14
7.26
6.40
5.68
5.14
4.78
4.56
4.45
4.40
4.33
4.12
3.61
2.75
1.57
0.26
-0.94
-1.84
-2.35
-2.56
-2.65
-2.81
-3.15
-3.69
-4.36
-5.07
-5.76
-6.43
-7.06
-7.68
-8.28
-8.90
-9.58
-10.36
-11.18
-11.87
-12.14
-11.69
-10.35
-8.16
-5.40
-2.47
0.24
2.47
4.17
5.40
6.29
6.93
7.38
7.65
7.80
7.88
7.99
8.14
8.28
8.30
8.04
7.43
6.54
5.55
4.73
4.22
4.03
3.98
3.84
3.47
2.87
2.19
1.59
1.14
0.79
0.43
-0.05
-0.70
-1.44
-2.16
-2.80
-3.36
-3.89
-4.43
-5.00
-5.60
-6.25
-6.96
-7.74
-8.50
-9.06
-9.15
-8.54
-7.12
-5.00
-2.43
0.21
2.60
4.54
5.94
6.84
7.33
7.50
7.47
7.32
7.14
6.97
6.80
6.63
6.43
6.17
5.89
5.60
5.32
5.04
4.74
4.40
4.00
3.58
3.18
2.81
2.45
2.01
1.39
0.53
-0.54
-1.66
-2.67
-3.42
-3.90
-4.23
-4.56
-5.06
-5.77
-6.69
-7.75
-8.84
-9.88
-10.76
-11.33
-11.40
-10.80
-9.46
-7.45
-4.97
-2.31
0.23
2.44
4.22
5.53
6.45
7.07
7.50
7.85
8.16
8.47
8.73
8.87
8.84
8.58
8.13
7.55
6.89
6.24
5.62
5.06
4.56
4.10
3.65
3.18
2.65
2.08
1.48
0.87
0.27
-0.33
-0.96
-1.65
-2.41
-3.23
-4.04
-4.80
-5.46
-6.04
-6.57
-7.12
-7.71
-8.31
-8.88
-9.40
-9.90
-10.40
-10.85
-11.10
-10.90
-10.01
-8.37
-6.14
-3.64
-1.22
0.89
2.67
4.20
5.57
6.79
7.79
8.48
8.84
8.96
8.94
8.86
8.77
8.63
8.43
8.15
7.80
7.39
6.93
6.38
5.75
5.04
4.30
3.61
2.99
2.44
1.90
1.31
0.62
-0.14
-0.89
-1.54
-2.04
-2.42
-2.77
-3.21
-3.84
-4.64
-5.50
-6.28
-6.88
-7.26
-7.48
-7.66
-7.93
-8.37
-8.99
-9.76
-10.59
-11.30
-11.67
-11.50
-10.64
-9.12
-7.13
-4.93
-2.75
-0.73
1.10
2.73
4.13
5.23
5.96
6.35
6.53
6.66
6.83
7.05
7.17
7.06
6.70
6.16
5.62
5.22
4.99
4.84
4.65
4.32
3.80
3.15
2.45
1.77
1.16
0.62
0.15
-0.29
-0.76
-1.30
-1.90
-2.54
-3.13
-3.63
-4.03
-4.41
-4.85
-5.44
-6.21
-7.15
-8.18
-9.22
-10.11
-10.68
-10.72
-10.06
-8.65
-6.62
-4.20
-1.70
0.61
2.56
4.09
5.24
6.09
6.74
7.28
7.74
8.13
8.40
8.47
8.27
7.79
7.09
6.28
5.48
4.83
4.37
4.08
3.87
3.65
3.36
2.98
2.56
2.13
1.68
1.14
0.41
-0.56
-1.72
-2.90
-3.94
-4.75
-5.37
-5.93
-6.56
-7.33
-8.18
-9.01
-9.76
-10.43
-11.08
-11.78
-12.45
-12.88
-12.82
-12.03
-10.45
-8.23
-5.65
-3.03
-0.62
1.45
3.13
4.44
5.45
6.26
6.97
7.67
8.39
9.10
9.67
10.00
9.99
9.64
9.04
8.31
7.56
6.87
6.26
5.73
5.27
4.88
4.54
4.22
3.89
3.47
2.92
2.20
1.33
0.37
-0.59
-1.51
-2.40
-3.28
-4.21
-5.17
-6.11
-6.95
-7.60
-8.03
-8.26
-8.35
-8.41
-8.61
-9.08
-9.89
-10.98
-12.06
-12.70
-12.47
-11.08
-8.56
-5.23
-1.64
1.71
4.45
6.49
7.90
8.87
9.52
9.93
10.13
10.12
9.92
9.57
9.13
8.63
8.08
7.48
6.84
6.20
5.64
5.23
5.02
5.00
5.07
5.09
4.93
4.52
3.86
3.01
2.07
1.12
0.20
-0.69
-1.54
-2.36
-3.12
-3.76
-4.27
-4.63
-4.89
-5.11
-5.38
-5.77
-6.32
-7.01
-7.83
-8.73
-9.69
-10.65
-11.53
-12.12
-12.15
-11.37
-9.61
-6.95
-3.69
-0.31
2.70
5.01
6.54
7.44
7.99
8.43
8.87
9.29
9.57
9.63
9.45
9.11
8.70
8.31
8.00
7.77
7.56
7.33
6.98
6.49
5.85
5.13
4.43
3.82
3.32
2.85
2.30
1.62
0.84
0.10
-0.47
-0.79
-0.93
-1.07
-1.38
-1.98
-2.83
-3.82
-4.81
-5.70
-6.46
-7.08
-7.58
-7.95
-8.24
-8.52
-8.90
-9.46
-10.16
-10.86
-11.28
-11.13
-10.24
-8.59
-6.34
-3.76
-1.17
1.20
3.16
4.67
5.77
6.55
7.15
7.61
7.95
8.10
8.00
7.67
7.17
6.65
6.22
5.94
5.79
5.69
5.59
5.47
5.31
5.11
4.85
4.48
3.99
3.36
2.62
1.78
0.84
-0.19
-1.26
-2.29
-3.18
-3.88
-4.35
-4.68
-4.97
-5.33
-5.85
-6.53
-7.34
-8.21
-9.08
-9.86
-10.45
-10.73
-10.54
-9.73
-8.22
-6.05
-3.41
-0.58
2.10
4.31
5.91
6.86
7.31
7.47
7.54
7.64
7.77
7.85
7.78
7.52
7.12
6.66
6.28
6.01
5.81
5.61
5.29
4.83
4.27
3.68
3.13
2.63
2.12
1.54
0.86
0.13
-0.57
-1.17
-1.66
-2.13
-2.69
-3.44
-4.38
-5.40
-6.35
-7.08
-7.57
-7.91
-8.27
-8.82
-9.62
-10.63
-11.65
-12.39
-12.56
-11.96
-10.54
-8.41
-5.80
-3.00
-0.27
2.20
4.28
5.91
7.06
7.77
8.12
8.27
8.36
8.52
8.75
9.00
9.13
9.06
8.72
8.17
7.46
6.65
5.79
4.94
4.13
3.42
2.86
2.46
2.18
1.93
1.62
1.16
0.51
-0.29
-1.19
-2.07
-2.87
-3.57
-4.18
-4.79
-5.43
-6.10
-6.76
-7.33
-7.74
-8.01
-8.21
-8.45
-8.80
-9.34
-10.03
-10.79
-11.46
-11.81
-11.57
-10.52
-8.60
-5.94
-2.85
0.26
3.01
5.18
6.72
7.73
8.37
8.81
9.11
9.34
9.51
9.62
9.65
9.54
9.25
8.71
7.97
7.11
6.25
5.48
4.83
4.27
3.75
3.24
2.76
2.35
2.02
1.75
1.44
0.98
0.34
-0.49
-1.39
-2.29
-3.11
-3.84
-4.51
-5.17
-5.82
-6.42
-6.90
-7.21
-7.36
-7.43
-7.57
-7.92
-8.53
-9.34
-10.22
-10.97
-11.39
-11.33
-10.70
-9.45
-7.59
-5.23
-2.58
0.09
2.49
4.41
5.79
6.70
7.26
7.58
7.68
7.56
7.19
6.62
5.99
5.44
5.10
4.98
5.01
5.08
5.06
4.91
4.57
4.08
3.47
2.81
2.15
1.55
1.01
0.49
-0.04
-0.65
-1.33
-2.06
-2.76
-3.36
-3.84
-4.20
-4.54
-4.97
-5.59
-6.47
-7.60
-8.87
-10.09
-11.00
-11.36
-10.98
-9.79
-7.83
-5.27
-2.36
0.62
3.38
5.70
7.38
8.35
8.68
8.52
8.12
7.71
7.42
7.30
7.26
7.22
7.09
6.85
6.51
6.09
5.61
5.09
4.53
3.97
3.42
2.91
2.43
1.95
1.42
0.78
-0.01
-0.96
-2.04
-3.17
-4.24
-5.16
-5.89
-6.46
-6.94
-7.41
-7.96
-8.67
-9.53
-10.48
-11.35
-11.92
-11.92
-11.17
-9.60
-7.34
-4.61
-1.72
1.06
3.51
5.46
6.86
7.71
8.15
8.38
8.59
8.93
9.39
9.85
10.11
10.04
9.59
8.84
7.94
7.07
6.32
5.75
5.32
4.99
4.69
4.31
3.78
3.06
2.20
1.32
0.56
-0.02
-0.46
-0.89
-1.45
-2.24
-3.20
-4.18
-5.01
-5.62
-6.01
-6.30
-6.61
-7.05
-7.68
-8.49
-9.46
-10.51
-11.44
-12.00
-11.88
-10.85
-8.87
-6.14
-3.02
0.03
2.67
4.72
6.22
7.27
8.02
8.54
8.89
9.14
9.36
9.61
9.86
9.99
9.85
9.34
8.49
7.49
6.55
5.85
5.42
5.17
4.93
4.55
3.97
3.24
2.46
1.74
1.15
0.66
0.19
-0.38
-1.10
-1.96
-2.86
-3.67
-4.29
-4.71
-4.99
-5.20
-5.42
-5.70
-6.05
-6.52
-7.12
-7.90
-8.91
-10.13
-11.50
-12.82
-13.77
-14.03
-13.32
-11.57
-8.93
-5.80
-2.67
0.04
2.06
3.37
4.10
4.49
4.75
5.05
5.45
5.93
6.45
6.93
7.37
7.72
7.98
8.11
8.08
7.85
7.41
6.81
6.12
5.42
4.75
4.13
3.53
2.93
2.30
1.67
1.05
0.44
-0.17
-0.80
-1.49
-2.20
-2.91
-3.53
-4.02
-4.35
-4.63
-4.99
-5.57
-6.42
-7.47
-8.49
-9.17
-9.24
-8.55
-7.13
-5.14
-2.84
-0.45
1.81
3.81
5.46
6.68
7.42
7.69
7.59
7.26
6.90
6.65
6.58
6.64
6.74
6.74
6.57
6.20
5.67
5.07
4.45
3.84
3.24
2.67
2.16
1.73
1.40
1.14
0.85
0.43
-0.20
-1.03
-1.99
-2.95
-3.82
-4.58
-5.21
-5.76
-6.21
-6.56
-6.85
-7.17
-7.68
-8.49
-9.57
-10.70
-11.50
-11.60
-10.75
-8.99
-6.59
-3.94
-1.42
0.74
2.45
3.76
4.75
5.51
6.07
6.50
6.84
7.13
7.39
7.63
7.79
7.83
7.69
7.35
6.81
6.12
5.34
4.59
3.94
3.47
3.16
2.94
2.66
2.22
1.56
0.75
-0.09
-0.83
-1.38
-1.79
-2.12
-2.52
-3.05
-3.75
-4.56
-5.40
-6.17
-6.78
-7.21
-7.50
-7.75
-8.10
-8.68
-9.57
-10.65
-11.67
-12.29
-12.20
-11.25
-9.47
-7.09
-4.42
-1.79
0.56
2.52
4.06
5.21
6.04
6.64
7.12
7.56
7.99
8.38
8.65
8.68
8.45
7.97
7.35
6.70
6.11
5.65
5.29
5.03
4.81
4.62
4.40
4.09
3.60
2.88
1.95
0.93
-0.03
-0.76
-1.21
-1.43
-1.57
-1.82
-2.28
-2.97
-3.84
-4.76
-5.61
-6.30
-6.81
-7.14
-7.37
-7.63
-8.01
-8.61
-9.37
-10.16
-10.74
-10.87
-10.37
-9.20
-7.42
-5.21
-2.79
-0.39
1.82
3.71
5.18
6.24
6.93
7.36
7.63
7.83
7.97
8.02
7.96
7.76
7.46
7.09
6.71
6.30
5.87
5.40
4.93
4.55
4.32
4.23
4.20
4.09
3.78
3.22
2.44
1.50
0.48
-0.60
-1.72
-2.82
-3.82
-4.63
-5.20
-5.55
-5.76
-5.95
-6.21
-6.58
-7.06
-7.66
-8.35
-9.11
-9.85
-10.43
-10.63
-10.27
-9.23
-7.50
-5.22
-2.62
0.02
2.42
4.33
5.62
6.28
6.45
6.36
6.23
6.18
6.22
6.27
6.21
6.01
5.72
5.46
5.30
5.22
5.14
4.91
4.43
3.74
2.92
2.16
1.59
1.24
1.06
0.93
0.68
0.22
-0.49
-1.39
-2.35
-3.25
-4.02
-4.68
-5.30
-6.00
-6.84
-7.81
-8.84
-9.80
-10.50
-10.81
-10.58
-9.69
-8.09
-5.83
-3.10
-0.20
2.49
4.68
6.21
7.13
7.59
7.82
7.99
8.14
8.26
8.26
8.12
7.85
7.49
7.06
6.57
5.98
5.32
4.62
3.97
3.45
3.06
2.78
2.55
2.29
1.99
1.62
1.14
0.50
-0.34
-1.36
-2.49
-3.57
-4.49
-5.18
-5.67
-6.09
-6.56
-7.19
-8.03
-9.01
-10.02
-10.88
-11.43
-11.49
-10.95
-9.79
-8.03
-5.79
-3.22
-0.56
1.98
4.17
5.86
6.99
7.61
7.89
8.05
8.25
8.52
8.81
8.98
8.95
8.66
8.18
7.58
6.92
6.20
5.45
4.71
4.06
3.59
3.30
3.10
2.85
2.42
1.77
0.99
0.19
-0.51
-1.09
-1.59
-2.09
-2.65
-3.30
-4.00
-4.73
-5.46
-6.17
-6.85
-7.46
-8.00
-8.50
-9.05
-9.74
-10.62
-11.58
-12.34
-12.53
-11.87
-10.26
-7.86
-5.00
-2.02
0.80
3.29
5.38
7.01
8.11
8.69
8.86
8.80
8.72
8.75
8.88
9.01
9.02
8.85
8.46
7.92
7.31
6.71
6.21
5.85
5.63
5.46
5.22
4.79
4.05
3.01
1.78
0.52
-0.56
-1.34
-1.81
-2.08
-2.32
-2.71
-3.30
-4.04
-4.80
-5.45
-5.94
-6.34
-6.76
-7.26
-7.87
-8.57
-9.31
-10.10
-10.86
-11.48
-11.73
-11.36
-10.22
-8.32
-5.91
-3.31
-0.86
1.25
2.97
4.40
5.62
6.68
7.50
8.00
8.14
7.96
7.60
7.23
6.95
6.76
6.58
6.30
5.87
5.35
4.83
4.43
4.13
3.86
3.52
3.03
2.41
1.76
1.18
0.72
0.31
-0.14
-0.72
-1.49
-2.39
-3.31
-4.13
-4.77
-5.19
-5.43
-5.56
-5.71
-5.98
-6.49
-7.26
-8.21
-9.16
-9.87
-10.03
-9.44
-8.03
-5.89
-3.31
-0.63
1.81
3.78
5.20
6.11
6.64
6.96
7.20
7.43
7.61
7.71
7.66
7.41
6.98
6.41
5.77
5.13
4.53
4.00
3.54
3.12
2.69
2.25
1.81
1.42
1.07
0.73
0.28
-0.34
-1.14
-2.06
-2.96
-3.72
-4.30
-4.73
-5.08
-5.42
-5.79
-6.27
-6.90
-7.74
-8.75
-9.77
-10.57
-10.89
-10.56
-9.50
-7.83
-5.68
-3.26
-0.75
1.66
3.77
5.40
6.46
6.99
7.15
7.17
7.24
7.43
7.69
7.86
7.86
7.66
7.35
7.02
6.69
6.33
5.84
5.23
4.56
3.96
3.50
3.16
2.85
2.44
1.87
1.19
0.51
-0.12
-0.70
-1.33
-2.09
-3.00
-3.99
-4.90
-5.61
-6.08
-6.40
-6.67
-7.01
-7.47
-8.05
-8.76
-9.58
-10.47
-11.27
-11.77
-11.69
-10.82
-9.16
-6.90
-4.38
-1.92
0.26
2.14
3.81
5.35
6.74
7.91
8.73
9.18
9.29
9.19
8.98
8.68
8.26
7.67
6.93
6.15
5.53
5.24
5.30
5.59
5.88
5.93
5.59
4.88
3.90
2.82
1.78
0.86
0.07
-0.61
-1.17
-1.60
-1.92
-2.19
-2.52
-3.07
-3.92
-5.05
-6.28
-7.38
-8.15
-8.56
-8.71
-8.80
-9.02
-9.43
-9.98
-10.55
-11.01
-11.23
-11.09
-10.43
-9.12
-7.15
-4.63
-1.86
0.83
3.12
4.87
6.11
6.98
7.66
8.25
8.76
9.14
9.33
9.32
9.14
8.84
8.48
8.06
7.55
6.92
6.20
5.47
4.83
4.32
3.93
3.59
3.22
2.79
2.33
1.87
1.40
0.85
0.16
-0.69
-1.64
-2.55
-3.30
-3.83
-4.18
-4.44
-4.70
-5.01
-5.39
-5.85
-6.40
-7.03
-7.78
-8.63
-9.55
-10.45
-11.17
-11.50
-11.22
-10.18
-8.38
-6.00
-3.36
-0.77
1.50
3.36
4.83
5.96
6.81
7.42
7.81
7.98
7.93
7.65
7.14
6.50
5.83
5.33
5.08
5.09
5.18
5.15
4.84
4.25
3.52
2.83
2.33
2.03
1.81
1.54
1.11
0.52
-0.20
-0.95
-1.69
-2.42
-3.15
-3.89
-4.62
-5.27
-5.82
-6.28
-6.76
-7.38
-8.23
-9.22
-10.13
-10.62
-10.44
-9.44
-7.67
-5.32
-2.65
0.07
2.57
4.65
6.17
7.08
7.46
7.51
7.46
7.51
7.72
8.02
8.29
8.36
8.14
7.63
6.88
6.01
5.14
4.36
3.75
3.30
2.99
2.74
2.44
2.01
1.42
0.70
-0.11
-0.95
-1.80
-2.67
-3.59
-4.54
-5.44
-6.17
-6.66
-6.92
-7.12
-7.49
-8.23
-9.34
-10.64
-11.79
-12.44
-12.35
-11.43
-9.76
-7.49
-4.82
-1.95
0.89
3.43
5.43
6.72
7.34
7.47
7.45
7.53
7.85
8.37
8.88
9.19
9.18
8.85
8.30
7.68
7.07
6.52
5.99
5.44
4.88
4.34
3.87
3.48
3.14
2.76
2.24
1.53
0.66
-0.22
-1.00
-1.61
-2.09
-2.57
-3.20
-4.05
-5.09
-6.16
-7.07
-7.70
-8.00
-8.06
-8.11
-8.37
-9.04
-10.13
-11.46
-12.61
-13.16
-12.75
-11.30
-8.97
-6.13
-3.19
-0.48
1.84
3.75
5.32
6.64
7.72
8.55
9.11
9.35
9.31
9.09
8.84
8.69
8.68
8.72
8.68
8.40
7.85
7.12
6.35
5.69
5.20
4.87
4.62
4.35
3.98
3.46
2.76
1.91
0.95
-0.06
-1.04
-1.97
-2.84
-3.64
-4.36
-4.95
-5.40
-5.73
-5.99
-6.23
-6.52
-6.85
-7.25
-7.76
-8.46
-9.42
-10.60
-11.79
-12.65
-12.81
-12.01
-10.21
-7.65
-4.70
-1.73
0.97
3.28
5.17
6.68
7.84
8.68
9.23
9.53
9.66
9.65
9.54
9.33
8.99
8.52
7.94
7.28
6.59
5.95
5.40
4.97
4.64
4.33
3.95
3.40
2.64
1.71
0.67
-0.34
-1.22
-1.88
-2.30
-2.48
-2.51
-2.53
-2.68
-3.05
-3.64
-4.37
-5.10
-5.71
-6.18
-6.54
-6.92
-7.40
-8.04
-8.79
-9.55
-10.14
-10.35
-10.00
-8.97
-7.23
-4.92
-2.31
0.28
2.52
4.23
5.36
6.01
6.34
6.50
6.57
6.61
6.62
6.58
6.46
6.26
5.96
5.56
5.10
4.63
4.19
3.79
3.43
3.09
2.75
2.41
2.11
1.84
1.61
1.37
1.06
0.63
0.05
-0.68
-1.51
-2.41
-3.31
-4.18
-4.99
-5.76
-6.51
-7.27
-8.06
-8.87
-9.63
-10.23
-10.53
-10.39
-9.70
-8.41
-6.58
-4.34
-1.91
0.48
2.59
4.27
5.44
6.12
6.45
6.61
6.79
7.10
7.56
8.04
8.36
8.38
8.05
7.46
6.74
6.05
5.43
4.90
4.42
4.00
3.65
3.39
3.18
2.91
2.42
1.59
0.39
-1.08
-2.64
-4.07
-5.24
-6.06
-6.58
-6.87
-7.07
-7.29
-7.63
-8.18
-8.97
-9.95
-10.99
-11.84
-12.26
-12.01
-11.04
-9.42
-7.35
-5.08
-2.81
-0.66
1.32
3.12
4.70
6.04
7.15
8.03
8.76
9.35
9.81
10.06
10.02
9.67
9.07
8.35
7.66
7.12
6.74
6.43
6.07
5.58
4.95
4.27
3.65
3.17
2.79
2.42
1.95
1.33
0.56
-0.27
-1.07
-1.82
-2.55
-3.32
-4.18
-5.07
-5.91
-6.59
-7.08
-7.42
-7.70
-8.04
-8.57
-9.35
-10.39
-11.59
-12.78
-13.69
-13.99
-13.43
-11.93
-9.56
-6.60
-3.41
-0.34
2.32
4.45
6.01
7.10
7.83
8.38
8.88
9.40
9.92
10.39
10.72
10.82
10.67
10.29
9.71
9.00
8.24
7.46
6.72
6.03
5.44
4.94
4.53
4.13
3.66
3.05
2.29
1.42
0.57
-0.18
-0.81
-1.35
-1.90
-2.50
-3.14
-3.75
-4.27
-4.70
-5.10
-5.55
-6.09
-6.69
-7.30
-7.87
-8.46
-9.14
-9.98
-10.94
-11.81
-12.27
-12.00
-10.83
-8.81
-6.20
-3.38
-0.71
1.58
3.43
4.89
6.04
6.94
7.57
7.87
7.85
7.58
7.17
6.76
6.41
6.16
5.98
5.84
5.71
5.56
5.34
5.02
4.59
4.06
3.50
2.95
2.42
1.87
1.26
0.59
-0.07
-0.64
-1.10
-1.47
-1.85
-2.35
-2.99
-3.70
-4.37
-4.94
-5.42
-5.90
-6.52
-7.37
-8.37
-9.36
-10.09
-10.33
-9.96
-8.97
-7.45
-5.52
-3.32
-0.99
1.34
3.53
5.40
6.84
7.76
8.19
8.27
8.14
7.93
7.74
7.56
7.35
7.07
6.73
6.36
5.99
5.61
5.19
4.72
4.18
3.63
3.15
2.79
2.55
2.37
2.14
1.77
1.17
0.33
-0.72
-1.88
-2.99
-3.91
-4.56
-4.95
-5.19
-5.45
-5.86
-6.47
-7.25
-8.13
-9.02
-9.83
-10.49
-10.86
-10.79
-10.10
-8.68
-6.58
-3.98
-1.17
1.52
3.83
5.63
6.90
7.72
8.24
8.58
8.84
9.08
9.28
9.39
9.35
9.11
8.68
8.08
7.37
6.60
5.82
5.08
4.45
3.97
3.65
3.40
3.10
2.61
1.88
0.98
0.06
-0.74
-1.35
-1.81
-2.27
-2.84
-3.58
-4.41
-5.20
-5.85
-6.30
-6.61
-6.89
-7.23
-7.72
-8.39
-9.26
-10.30
-11.44
-12.53
-13.29
-13.38
-12.51
-10.57
-7.68
-4.24
-0.77
2.27
4.58
6.14
7.12
7.81
8.42
9.02
9.52
9.75
9.62
9.12
8.41
7.70
7.12
6.75
6.53
6.37
6.22
6.05
5.88
5.68
5.42
5.03
4.49
3.81
3.06
2.29
1.51
0.72
-0.09
-0.86
-1.54
-2.04
-2.38
-2.65
-3.01
-3.57
-4.34
-5.22
-6.06
-6.72
-7.17
-7.46
-7.75
-8.16
-8.81
-9.71
-10.80
-11.91
-12.83
-13.30
-13.13
-12.21
-10.54
-8.25
-5.53
-2.62
0.21
2.72
4.73
6.13
6.96
7.37
7.55
7.69
7.87
8.05
8.13
8.00
7.65
7.11
6.50
5.90
5.36
4.91
4.52
4.18
3.91
3.68
3.44
3.09
2.54
1.79
0.92
0.09
-0.54
-0.94
-1.16
-1.38
-1.76
-2.37
-3.16
-4.01
-4.81
-5.50
-6.08
-6.61
-7.15
-7.79
-8.59
-9.50
-10.39
-10.99
-11.00
-10.15
-8.38
-5.88
-3.02
-0.20
2.24
4.18
5.60
6.58
7.17
7.46
7.51
7.43
7.34
7.31
7.33
7.32
7.17
6.81
6.25
5.57
4.91
4.36
3.97
3.70
3.50
3.30
3.04
2.69
2.22
1.62
0.89
0.03
-0.95
-1.99
-3.00
-3.94
-4.74
-5.42
-6.01
-6.57
-7.15
-7.79
-8.49
-9.24
-10.00
-10.67
-11.09
-11.08
-10.48
-9.20
-7.29
-4.95
-2.39
0.16
2.50
4.50
6.06
7.16
7.83
8.20
8.47
8.78
9.15
9.46
9.51
9.12
8.29
7.20
6.16
5.42
5.08
5.03
5.03
4.87
4.44
3.80
3.07
2.36
1.71
1.06
0.35
-0.45
-1.30
-2.13
-2.88
-3.56
-4.20
-4.85
-5.51
-6.14
-6.69
-7.14
-7.57
-8.13
-8.95
-10.03
-11.24
-12.24
-12.69
-12.35
-11.15
-9.22
-6.82
-4.21
-1.64
0.77
2.93
4.80
6.35
7.56
8.44
9.05
9.48
9.83
10.14
10.41
10.55
10.45
10.04
9.31
8.37
7.35
6.40
5.61
4.98
4.48
4.04
3.60
3.10
2.52
1.84
1.08
0.31
-0.44
-1.10
-1.65
-2.14
-2.58
-3.04
-3.54
-4.08
-4.68
-5.34
-6.03
-6.69
-7.27
-7.74
-8.13
-8.58
-9.22
-10.17
-11.36
-12.55
-13.36
-13.44
-12.52
-10.64
-8.05
-5.14
-2.30
0.23
2.42
4.37
6.20
7.94
9.48
10.60
11.15
11.12
10.71
10.18
9.78
9.62
9.61
9.55
9.26
8.69
7.90
7.05
6.28
5.65
5.14
4.68
4.21
3.71
3.17
2.60
1.97
1.24
0.42
-0.47
-1.38
-2.26
-3.08
-3.82
-4.49
-5.09
-5.60
-5.99
-6.27
-6.51
-6.79
-7.22
-7.83
-8.60
-9.46
-10.38
-11.31
-12.16
-12.73
-12.78
-12.04
-10.40
-7.98
-5.09
-2.17
0.42
2.48
4.03
5.17
6.05
6.73
7.21
7.49
7.62
7.66
7.66
7.62
7.50
7.24
6.82
6.26
5.63
5.05
4.56
4.20
3.91
3.64
3.33
2.95
2.52
2.05
1.57
1.09
0.58
0.02
-0.62
-1.35
-2.17
-3.04
-3.89
-4.63
-5.18
-5.50
-5.64
-5.72
-5.95
-6.49
-7.40
-8.58
-9.72
-10.41
-10.32
-9.28
-7.35
-4.79
-1.97
0.77
3.18
5.10
6.50
7.40
7.88
8.06
8.08
8.00
7.85
7.61
7.26
6.84
6.42
6.04
5.73
5.44
5.10
4.67
4.16
3.61
3.07
2.56
2.07
1.57
1.02
0.42
-0.23
-0.91
-1.62
-2.35
-3.04
-3.67
-4.20
-4.63
-5.02
-5.46
-6.04
-6.84
-7.87
-9.07
-10.29
-11.31
-11.92
-11.91
-11.17
-9.71
-7.64
-5.17
-2.55
-0.04
2.19
4.00
5.36
6.32
6.96
7.39
7.72
8.01
8.26
8.44
8.46
8.26
7.84
7.25
6.60
5.99
5.48
5.09
4.82
4.63
4.50
4.37
4.14
3.69
2.95
1.95
0.82
-0.23
-1.06
-1.64
-2.10
-2.63
-3.38
-4.32
-5.33
-6.18
-6.75
-7.04
-7.18
-7.37
-7.77
-8.47
-9.45
-10.60
-11.75
-12.67
-13.10
-12.78
-11.57
-9.48
-6.72
-3.66
-0.69
1.87
3.89
5.37
6.48
7.38
8.20
8.95
9.56
9.93
9.98
9.70
9.19
8.60
8.08
7.67
7.33
6.98
6.54
6.01
5.45
4.94
4.50
4.09
3.62
3.01
2.28
1.51
0.84
0.33
-0.07
-0.48
-1.06
-1.88
-2.91
-4.00
-4.97
-5.70
-6.16
-6.41
-6.56
-6.71
-6.92
-7.24
-7.76
-8.55
-9.66
-10.97
-12.17
-12.85
-12.66
-11.42
-9.24
-6.46
-3.48
-0.66
1.81
3.91
5.67
7.12
8.28
9.11
9.59
9.76
9.64
9.28
8.75
8.13
7.49
6.89
6.37
5.91
5.49
5.08
4.70
4.39
4.17
4.01
3.82
3.49
2.97
2.23
1.38
0.53
-0.22
-0.85
-1.41
-1.99
-2.66
-3.42
-4.22
-4.95
-5.54
-5.95
-6.22
-6.43
-6.70
-7.15
-7.81
-8.67
-9.61
-10.47
-11.00
-10.92
-10.05
-8.34
-5.93
-3.08
-0.20
2.39
4.43
5.84
6.67
7.08
7.20
7.18
7.06
6.90
6.71
6.49
6.25
5.95
5.61
5.20
4.77
4.36
4.03
3.80
3.68
3.61
3.53
3.37
3.08
2.65
2.08
1.34
0.43
-0.64
-1.81
-2.96
-3.94
-4.68
-5.16
-5.49
-5.82
-6.30
-7.02
-7.93
-8.89
-9.69
-10.11
-10.00
-9.30
-8.05
-6.36
-4.42
-2.40
-0.45
1.36
3.00
4.43
5.64
6.61
7.32
7.79
8.06
8.19
8.20
8.10
7.89
7.55
7.13
6.66
6.20
5.74
5.25
4.67
3.99
3.25
2.58
2.08
1.81
1.68
1.56
1.24
0.59
-0.43
-1.71
-3.09
-4.37
-5.43
-6.19
-6.71
-7.07
-7.40
-7.84
-8.51
-9.44
-10.57
-11.67
-12.43
-12.53
-11.76
-10.11
-7.77
-5.06
-2.32
0.15
2.18
3.72
4.78
5.44
5.85
6.18
6.61
7.22
8.00
8.82
9.48
9.80
9.69
9.17
8.35
7.44
6.62
6.03
5.67
5.46
5.23
4.78
4.03
3.03
1.94
0.95
0.19
-0.36
-0.82
-1.37
-2.14
-3.10
-4.14
-5.11
-5.88
-6.41
-6.76
-7.03
-7.31
-7.72
-8.29
-9.03
-9.87
-10.68
-11.27
-11.44
-11.03
-9.92
-8.13
-5.79
-3.14
-0.45
2.02
4.09
5.68
6.84
7.63
8.16
8.52
8.78
9.02
9.30
9.58
9.80
9.82
9.51
8.82
7.79
6.57
5.35
4.32
3.61
3.23
3.15
3.22
3.26
3.10
2.62
1.84
0.87
-0.11
-0.95
-1.58
-2.06
-2.49
-3.00
-3.63
-4.36
-5.14
-5.89
-6.58
-7.18
-7.70
-8.16
-8.63
-9.19
-9.88
-10.66
-11.34
-11.65
-11.35
-10.28
-8.50
-6.23
-3.74
-1.30
0.91
2.83
4.38
5.56
6.34
6.75
6.90
6.92
6.92
7.00
7.15
7.28
7.28
7.05
6.53
5.78
4.91
4.06
3.37
2.90
2.64
2.52
2.41
2.19
1.77
1.11
0.28
-0.60
-1.39
-1.99
-2.41
-2.77
-3.20
-3.81
-4.54
-5.27
-5.85
-6.25
-6.59
-7.05
-7.75
-8.63
-9.44
-9.85
-9.56
-8.44
-6.56
-4.19
-1.66
0.72
2.73
4.29
5.42
6.21
6.78
7.21
7.50
7.67
7.70
7.62
7.45
7.20
6.84
6.34
5.68
4.91
4.13
3.45
2.96
2.68
2.54
2.47
2.37
2.15
1.72
0.98
-0.09
-1.45
-2.95
-4.37
-5.54
-6.35
-6.84
-7.13
-7.41
-7.83
-8.47
-9.31
-10.24
-11.10
-11.68
-11.76
-11.20
-9.90
-7.91
-5.39
-2.58
0.18
2.60
4.44
5.59
6.13
6.28
6.31
6.47
6.86
7.42
7.95
8.29
8.32
8.09
7.69
7.25
6.81
6.35
5.85
5.30
4.77
4.32
3.97
3.66
3.25
2.62
1.74
0.72
-0.26
-1.04
-1.55
-1.92
-2.31
-2.91
-3.77
-4.79
-5.78
-6.55
-7.04
-7.32
-7.62
-8.12
-8.93
-9.94
-10.91
-11.51
-11.50
-10.75
-9.31
-7.35
-5.06
-2.62
-0.17
2.15
4.22
5.92
7.14
7.90
8.29
8.46
8.56
8.71
8.90
9.09
9.16
9.02
8.61
7.96
7.17
6.39
5.72
5.21
4.82
4.46
4.06
3.57
3.00
2.37
1.72
1.05
0.36
-0.33
-0.99
-1.60
-2.16
-2.74
-3.37
-4.07
-4.78
-5.39
-5.81
-6.01
-6.11
-6.29
-6.75
-7.59
-8.77
-10.08
-11.19
-11.75
-11.54
-10.46
-8.59
-6.17
-3.47
-0.80
1.61
3.58
5.01
5.91
6.38
6.58
6.70
6.89
7.17
7.46
7.60
7.44
6.96
6.23
5.42
4.70
4.17
3.85
3.68
3.58
3.49
3.35
3.08
2.62
1.96
1.09
0.10
-0.90
-1.83
-2.62
-3.27
-3.82
-4.27
-4.67
-5.02
-5.35
-5.68
-6.05
-6.50
-7.01
-7.57
-8.09
-8.44
-8.47
-8.03
-7.05
-5.56
-3.70
-1.68
0.31
2.13
3.70
5.02
6.06
6.83
7.32
7.57
7.64
7.57
7.41
7.16
6.82
6.41
5.99
5.60
5.26
4.90
4.43
3.80
3.04
2.26
1.62
1.20
0.99
0.84
0.60
0.11
-0.65
-1.60
-2.60
-3.53
-4.32
-4.96
-5.50
-6.01
-6.57
-7.27
-8.13
-9.12
-10.05
-10.71
-10.83
-10.21
-8.80
-6.70
-4.13
-1.36
1.32
3.71
5.63
6.98
7.78
8.13
8.22
8.21
8.20
8.20
8.15
7.96
7.65
7.27
6.90
6.54
6.18
5.73
5.17
4.55
3.94
3.45
3.07
2.72
2.24
1.52
0.57
-0.49
-1.47
-2.24
-2.79
-3.23
-3.73
-4.37
-5.14
-5.89
-6.49
-6.88
-7.14
-7.45
-7.99
-8.85
-9.90
-10.93
-11.64
-11.82
-11.34
-10.21
-8.54
-6.46
-4.14
-1.76
0.50
2.49
4.09
5.28
6.12
6.72
7.20
7.62
7.98
8.26
8.42
8.43
8.23
7.79
7.07
6.13
5.10
4.15
3.43
2.94
2.58
2.22
1.77
1.28
0.85
0.62
0.59
0.68
0.73
0.67
0.49
0.27
0.04
-0.18
-0.49
-0.91
-1.41
-1.86
-2.09
-1.99
-1.58
-0.98
-0.39
-0.01
0.02
-0.38
-1.17
-2.25
-3.42
-4.40
-4.92
-4.73
-3.75
-2.03
0.17
2.53
4.69
6.44
7.67
8.43
8.80
8.88
8.73
8.37
7.81
7.07
6.21
5.26
4.26
3.23
2.18
1.18
0.33
-0.28
-0.59
-0.63
-0.46
-0.16
0.18
0.49
0.66
0.61
0.29
-0.30
-1.07
-1.89
-2.65
-3.32
-3.94
-4.59
-5.38
-6.38
-7.61
-9.04
-10.56
-12.05
-13.35
-14.34
-14.97
-15.30
-15.49
-15.72
-16.11
-16.62
-17.06
-17.11
-16.46
-14.90
-12.44
-9.31
-5.87
-2.55
0.32
2.58
4.20
5.33
6.15
6.84
7.48
8.05
8.48
8.64
8.48
8.03
7.41
6.74
6.13
5.58
5.06
4.52
3.97
3.49
3.17
3.05
3.04
3.01
2.76
2.23
1.42
0.47
-0.45
-1.22
-1.78
-2.19
-2.52
-2.85
-3.19
-3.53
-3.82
-4.04
-4.24
-4.47
-4.79
-5.15
-5.40
-5.35
-4.79
-3.66
-2.06
-0.20
1.67
3.39
4.92
6.27
7.44
8.38
8.99
9.20
9.06
8.72
8.39
8.18
8.09
7.97
7.65
7.05
6.22
5.30
4.45
3.77
3.27
2.91
2.63
2.36
2.09
1.78
1.39
0.88
0.26
-0.42
-1.08
-1.66
-2.15
-2.61
-3.09
-3.61
-4.11
-4.50
-4.72
-4.78
-4.75
-4.74
-4.88
-5.24
-5.86
-6.74
-7.76
-8.73
-9.35
-9.31
-8.42
-6.70
-4.37
-1.82
0.57
2.55
4.06
5.17
6.04
6.78
7.47
8.11
8.61
8.89
8.87
8.53
7.92
7.16
6.40
5.74
5.21
4.79
4.43
4.10
3.79
3.50
3.24
2.92
2.47
1.82
1.01
0.12
-0.70
-1.34
-1.74
-1.93
-1.99
-2.01
-2.07
-2.22
-2.48
-2.85
-3.35
-3.95
-4.61
-5.29
-5.92
-6.48
-6.99
-7.48
-7.93
-8.29
-8.43
-8.20
-7.48
-6.27
-4.65
-2.83
-1.01
0.66
2.08
3.22
4.11
4.76
5.17
5.39
5.44
5.41
5.38
5.39
5.40
5.36
5.18
4.85
4.44
4.07
3.82
3.71
3.62
3.40
2.94
2.26
1.50
0.82
0.33
-0.01
-0.33
-0.79
-1.45
-2.25
-3.07
-3.79
-4.32
-4.67
-4.87
-5.00
-5.16
-5.47
-5.98
-6.66
-7.34
-7.77
-7.74
-7.12
-5.98
-4.51
-2.95
-1.46
-0.11
1.12
2.23
3.24
4.13
4.89
5.52
5.99
6.27
6.32
6.12
5.72
5.19
4.64
4.14
3.73
3.42
3.19
2.99
2.77
2.47
2.04
1.49
0.91
0.40
0.06
-0.10
-0.20
-0.39
-0.85
-1.62
-2.63
-3.69
-4.66
-5.42
-5.98
-6.44
-6.90
-7.41
-7.99
-8.60
-9.18
-9.64
-9.86
-9.70
-9.03
-7.80
-6.10
-4.10
-2.03
-0.11
1.52
2.83
3.88
4.78
5.67
6.58
7.49
8.25
8.68
8.66
8.18
7.39
6.53
5.83
5.41
5.27
5.30
5.39
5.43
5.38
5.21
4.90
4.46
3.90
3.27
2.59
1.90
1.18
0.42
-0.38
-1.17
-1.88
-2.45
-2.90
-3.29
-3.74
-4.30
-4.97
-5.64
-6.25
-6.77
-7.28
-7.91
-8.76
-9.79
-10.87
-11.77
-12.25
-12.18
-11.48
-10.16
-8.31
-6.04
-3.57
-1.12
1.06
2.78
3.99
4.80
5.39
5.96
6.64
7.43
8.19
8.77
9.08
9.13
9.02
8.88
8.77
8.67
8.50
8.19
7.74
7.18
6.56
5.91
5.25
4.60
3.99
3.44
2.94
2.44
1.87
1.22
0.54
-0.06
-0.50
-0.82
-1.20
-1.81
-2.75
-3.97
-5.26
-6.38
-7.20
-7.73
-8.15
-8.66
-9.40
-10.38
-11.52
-12.65
-13.56
-14.09
-14.07
-13.39
-12.01
-9.97
-7.46
-4.74
-2.13
0.10
1.80
2.99
3.82
4.50
5.18
5.93
6.68
7.29
7.67
7.81
7.78
7.70
7.64
7.63
7.59
7.50
7.33
7.16
7.03
6.96
6.92
6.81
6.55
6.09
5.44
4.64
3.76
2.86
1.97
1.14
0.38
-0.32
-0.97
-1.61
-2.23
-2.85
-3.46
-4.05
-4.62
-5.23
-5.90
-6.63
-7.44
-8.31
-9.23
-10.19
-11.15
-12.01
-12.59
-12.73
-12.24
-11.07
-9.25
-6.95
-4.41
-1.92
0.27
1.96
3.07
3.67
3.93
4.08
4.28
4.53
4.75
4.83
4.71
4.47
4.26
4.20
4.30
4.46
4.57
4.52
4.32
4.05
3.77
3.51
3.22
2.84
2.29
1.60
0.84
0.14
-0.43
-0.85
-1.17
-1.48
-1.87
-2.34
-2.83
-3.26
-3.60
-3.90
-4.28
-4.90
-5.79
-6.85
-7.87
-8.57
-8.71
-8.16
-6.92
-5.13
-2.98
-0.74
1.38
3.22
4.70
5.82
6.62
7.15
7.45
7.60
7.65
7.65
7.68
7.71
7.69
7.52
7.14
6.51
5.73
4.90
4.18
3.68
3.45
3.45
3.58
3.68
3.60
3.22
2.54
1.64
0.68
-0.19
-0.87
-1.35
-1.71
-2.02
-2.33
-2.63
-2.93
-3.21
-3.50
-3.83
-4.21
-4.67
-5.21
-5.84
-6.59
-7.46
-8.39
-9.21
-9.66
-9.49
-8.51
-6.72
-4.29
-1.59
1.00
3.18
4.79
5.84
6.48
6.82
6.96
6.90
6.67
6.32
5.97
5.76
5.75
5.90
6.07
6.09
5.89
5.48
4.96
4.44
3.95
3.48
2.98
2.46
1.95
1.54
1.23
0.96
0.62
0.13
-0.47
-1.04
-1.44
-1.63
-1.70
-1.88
-2.36
-3.20
-4.27
-5.31
-6.07
-6.45
-6.50
-6.41
-6.41
-6.65
-7.18
-7.89
-8.59
-9.07
-9.17
-8.77
-7.85
-6.46
-4.67
-2.58
-0.30
2.02
4.19
6.03
7.41
8.30
8.80
9.06
9.20
9.26
9.21
8.99
8.59
8.06
7.50
7.01
6.61
6.27
5.95
5.64
5.36
5.17
5.06
4.97
4.79
4.43
3.86
3.19
2.54
2.02
1.67
1.41
1.11
0.68
0.06
-0.75
-1.65
-2.55
-3.31
-3.83
-4.07
-4.12
-4.14
-4.33
-4.83
-5.67
-6.74
-7.80
-8.65
-9.13
-9.18
-8.81
-8.07
-7.01
-5.71
-4.25
-2.70
-1.14
0.40
1.89
3.26
4.38
5.13
5.41
5.24
4.76
4.18
3.70
3.44
3.41
3.48
3.54
3.49
3.29
2.98
2.62
2.25
1.88
1.53
1.17
0.82
0.48
0.19
-0.06
-0.30
-0.61
-1.06
-1.66
-2.38
-3.12
-3.79
-4.33
-4.74
-5.04
-5.29
-5.50
-5.74
-6.04
-6.50
-7.12
-7.87
-8.59
-9.07
-9.05
-8.39
-7.02
-5.04
-2.68
-0.21
2.05
3.85
5.09
5.79
6.12
6.26
6.35
6.43
6.47
6.40
6.19
5.88
5.54
5.23
4.94
4.68
4.41
4.15
3.90
3.68
3.48
3.26
2.98
2.62
2.22
1.76
1.25
0.66
-0.04
-0.87
-1.84
-2.86
-3.87
-4.77
-5.50
-6.05
-6.42
-6.65
-6.84
-7.06
-7.44
-8.04
-8.84
-9.74
-10.50
-10.82
-10.44
-9.21
-7.18
-4.60
-1.83
0.74
2.81
4.27
5.20
5.75
6.13
6.49
6.88
7.23
7.45
7.47
7.29
7.00
6.69
6.43
6.24
6.09
5.93
5.71
5.43
5.11
4.74
4.29
3.73
3.04
2.28
1.56
0.99
0.64
0.50
0.41
0.23
-0.18
-0.85
-1.73
-2.69
-3.60
-4.38
-5.02
-5.53
-5.94
-6.29
-6.61
-6.99
-7.49
-8.18
-9.08
-10.10
-11.08
-11.80
-12.03
-11.59
-10.41
-8.55
-6.19
-3.59
-1.03
1.30
3.26
4.81
5.95
6.72
7.20
7.48
7.65
7.77
7.87
7.91
7.86
7.72
7.52
7.31
7.09
6.80
6.38
5.79
5.09
4.44
3.95
3.66
3.49
3.28
2.90
2.34
1.69
1.09
0.61
0.23
-0.13
-0.59
-1.17
-1.84
-2.52
-3.17
-3.80
-4.46
-5.21
-6.02
-6.82
-7.50
-7.95
-8.17
-8.28
-8.46
-8.88
-9.53
-10.27
-10.79
-10.76
-9.97
-8.40
-6.19
-3.64
-1.03
1.37
3.42
5.03
6.18
6.89
7.21
7.24
7.10
6.92
6.77
6.67
6.59
6.46
6.24
5.90
5.45
4.94
4.42
3.95
3.57
3.28
3.06
2.82
2.51
2.07
1.54
0.97
0.45
0.02
-0.34
-0.69
-1.12
-1.69
-2.38
-3.15
-3.92
-4.62
-5.17
-5.53
-5.69
-5.69
-5.64
-5.69
-6.00
-6.63
-7.55
-8.53
-9.23
-9.34
-8.63
-7.10
-4.92
-2.45
-0.02
2.09
3.75
4.96
5.76
6.24
6.47
6.53
6.48
6.40
6.38
6.41
6.47
6.45
6.29
5.91
5.34
4.63
3.86
3.12
2.50
2.08
1.86
1.80
1.80
1.70
1.41
0.92
0.28
-0.42
-1.12
-1.79
-2.46
-3.12
-3.76
-4.37
-4.93
-5.51
-6.18
-6.98
-7.89
-8.81
-9.55
-9.92
-9.77
-8.99
-7.61
-5.73
-3.55
-1.30
0.81
2.67
4.25
5.59
6.69
7.52
8.04
8.22
8.15
7.96
7.79
7.69
7.61
7.40
6.98
6.36
5.60
4.86
4.20
3.65
3.14
2.63
2.12
1.63
1.23
0.93
0.68
0.39
-0.04
-0.65
-1.42
-2.27
-3.10
-3.86
-4.52
-5.10
-5.61
-6.05
-6.42
-6.77
-7.24
-7.94
-8.95
-10.13
-11.13
-11.55
-11.01
-9.42
-6.98
-4.10
-1.24
1.27
3.25
4.70
5.72
6.41
6.86
7.18
7.43
7.66
7.87
8.03
8.09
8.05
7.93
7.76
7.56
7.25
6.77
6.11
5.31
4.51
3.86
3.43
3.17
2.94
2.59
2.04
1.31
0.56
-0.09
-0.59
-0.99
-1.40
-1.93
-2.57
-3.23
-3.76
-4.09
-4.21
-4.25
-4.35
-4.64
-5.15
-5.88
-6.78
-7.77
-8.80
-9.80
-10.62
-11.10
-11.07
-10.40
-9.06
-7.13
-4.81
-2.35
0.00
2.06
3.72
4.96
5.84
6.41
6.75
6.93
7.02
7.10
7.24
7.47
7.72
7.89
7.83
7.47
6.81
5.96
5.10
4.38
3.87
3.54
3.31
3.11
2.89
2.66
2.41
2.12
1.75
1.24
0.58
-0.20
-0.98
-1.63
-2.08
-2.35
-2.53
-2.74
-3.08
-3.58
-4.19
-4.87
-5.53
-6.14
-6.72
-7.30
-7.92
-8.60
-9.35
-10.08
-10.64
-10.85
-10.48
-9.43
-7.69
-5.44
-2.94
-0.50
1.62
3.28
4.47
5.28
5.83
6.19
6.43
6.53
6.52
6.44
6.39
6.43
6.55
6.64
6.56
6.20
5.59
4.87
4.26
3.92
3.89
4.05
4.20
4.14
3.75
3.04
2.11
1.11
0.18
-0.59
-1.18
-1.59
-1.89
-2.18
-2.56
-3.10
-3.81
-4.60
-5.33
-5.88
-6.17
-6.25
-6.26
-6.38
-6.77
-7.43
-8.24
-9.00
-9.43
-9.38
-8.75
-7.56
-5.89
-3.85
-1.58
0.75
2.92
4.73
6.05
6.83
7.14
7.13
6.91
6.58
6.20
5.83
5.54
5.36
5.30
5.30
5.29
5.19
4.98
4.65
4.21
3.69
3.10
2.48
1.92
1.47
1.15
0.87
0.53
0.02
-0.72
-1.60
-2.50
-3.28
-3.87
-4.30
-4.66
-5.03
-5.46
-5.90
-6.32
-6.73
-7.19
-7.78
-8.48
-9.10
-9.34
-8.87
-7.52
-5.39
-2.81
-0.21
2.06
3.78
4.97
5.74
6.23
6.56
6.78
6.95
7.10
7.26
7.37
7.35
7.08
6.51
5.68
4.72
3.83
3.19
2.84
2.73
2.71
2.63
2.41
2.06
1.67
1.30
0.98
0.65
0.23
-0.35
-1.11
-1.99
-2.90
-3.75
-4.51
-5.18
-5.78
-6.31
-6.75
-7.09
-7.36
-7.65
-8.12
-8.87
-9.88
-11.01
-11.95
-12.36
-11.95
-10.61
-8.43
-5.67
-2.70
0.15
2.61
4.54
5.89
6.75
7.26
7.59
7.87
8.19
8.55
8.87
9.02
8.95
8.65
8.17
7.62
7.05
6.49
5.92
5.33
4.71
4.12
3.61
3.22
2.91
2.61
2.22
1.68
1.02
0.28
-0.44
-1.12
-1.76
-2.39
-3.04
-3.67
-4.23
-4.69
-5.05
-5.39
-5.84
-6.47
-7.32
-8.36
-9.51
-10.65
-11.62
-12.23
-12.27
-11.59
-10.13
-7.99
-5.37
-2.55
0.21
2.65
4.62
6.04
6.95
7.45
7.70
7.84
7.94
8.04
8.08
8.03
7.91
7.73
7.54
7.34
7.12
6.83
6.43
5.92
5.34
4.74
4.21
3.78
3.46
3.20
2.87
2.37
1.60
0.63
-0.39
-1.26
-1.84
-2.17
-2.40
-2.76
-3.35
-4.14
-4.94
-5.54
-5.85
-5.93
-5.98
-6.22
-6.77
-7.61
-8.61
-9.57
-10.29
-10.62
-10.42
-9.58
-8.05
-5.88
-3.27
-0.54
1.97
3.98
5.36
6.17
6.55
6.68
6.66
6.54
6.32
6.01
5.65
5.31
5.02
4.77
4.57
4.39
4.27
4.25
4.32
4.44
4.48
4.35
3.96
3.34
2.57
1.77
1.05
0.46
-0.03
-0.50
-1.01
-1.61
-2.28
-2.97
-3.62
-4.23
-4.80
-5.40
-6.06
-6.75
-7.42
-7.96
-8.27
-8.25
-7.80
-6.89
-5.48
-3.63
-1.46
0.79
2.86
4.54
5.71
6.36
6.61
6.60
6.52
6.47
6.51
6.57
6.58
6.43
6.05
5.45
4.70
3.96
3.38
3.07
3.01
3.11
3.22
3.18
2.90
2.38
1.65
0.79
-0.13
-1.05
-1.89
-2.59
-3.12
-3.47
-3.72
-3.99
-4.37
-4.92
-5.63
-6.42
-7.23
-8.03
-8.81
-9.53
-10.09
-10.32
-10.02
-9.08
-7.51
-5.48
-3.28
-1.13
0.79
2.43
3.81
4.96
5.91
6.66
7.21
7.57
7.81
7.95
7.99
7.91
7.69
7.29
6.77
6.18
5.56
4.97
4.39
3.86
3.37
2.98
2.70
2.50
2.31
2.03
1.58
0.97
0.25
-0.47
-1.15
-1.75
-2.30
-2.83
-3.37
-3.93
-4.48
-5.01
-5.46
-5.83
-6.11
-6.34
-6.59
-6.95
-7.51
-8.28
-9.19
-10.01
-10.45
-10.21
-9.14
-7.24
-4.76
-2.04
0.53
2.70
4.35
5.50
6.29
6.82
7.17
7.39
7.49
7.49
7.42
7.30
7.14
6.96
6.71
6.37
5.93
5.44
4.97
4.57
4.26
3.97
3.62
3.12
2.48
1.74
1.01
0.37
-0.13
-0.50
-0.75
-0.92
-1.06
-1.26
-1.58
-2.10
-2.83
-3.69
-4.59
-5.38
-6.00
-6.40
-6.60
-6.69
-6.83
-7.16
-7.82
-8.84
-10.04
-11.09
-11.59
-11.20
-9.80
-7.56
-4.84
-2.07
0.37
2.28
3.60
4.44
4.94
5.30
5.64
6.04
6.44
6.76
6.87
6.74
6.39
5.93
5.45
5.00
4.60
4.24
3.94
3.72
3.60
3.57
3.56
3.47
3.22
2.74
2.03
1.15
0.22
-0.61
-1.22
-1.60
-1.83
-2.07
-2.44
-2.99
-3.64
-4.25
-4.72
-5.02
-5.25
-5.52
-5.96
-6.58
-7.35
-8.14
-8.77
-9.05
-8.80
-7.93
-6.45
-4.51
-2.32
-0.14
1.81
3.40
4.57
5.37
5.87
6.16
6.31
6.37
6.35
6.21
5.97
5.63
5.23
4.84
4.54
4.33
4.20
4.09
3.93
3.68
3.33
2.93
2.48
2.00
1.45
0.84
0.14
-0.59
-1.33
-2.03
-2.67
-3.26
-3.80
-4.29
-4.71
-5.05
-5.36
-5.70
-6.14
-6.70
-7.28
-7.75
-7.92
-7.66
-6.93
-5.76
-4.22
-2.41
-0.43
1.56
3.36
4.76
5.67
6.12
6.31
6.47
6.73
7.05
7.26
7.19
6.81
6.21
5.60
5.12
4.83
4.65
4.46
4.17
3.79
3.37
2.94
2.46
1.90
1.22
0.43
-0.37
-1.08
-1.65
-2.11
-2.55
-3.07
-3.71
-4.41
-5.08
-5.67
-6.19
-6.76
-7.48
-8.43
-9.53
-10.57
-11.28
-11.42
-10.89
-9.70
-7.99
-5.95
-3.76
-1.55
0.56
2.51
4.26
5.74
6.92
7.78
8.31
8.53
8.46
8.17
7.72
7.18
6.63
6.08
5.56
5.10
4.70
4.42
4.32
4.39
4.54
4.64
4.51
4.04
3.24
2.27
1.29
0.44
-0.22
-0.75
-1.22
-1.71
-2.25
-2.83
-3.43
-4.05
-4.67
-5.25
-5.76
-6.18
-6.54
-6.94
-7.48
-8.23
-9.14
-10.06
-10.75
-10.94
-10.42
-9.08
-7.01
-4.40
-1.57
1.17
3.57
5.51
6.97
7.98
8.60
8.85
8.78
8.45
7.96
7.43
6.94
6.53
6.15
5.77
5.36
4.94
4.55
4.25
4.03
3.84
3.62
3.33
3.00
2.64
2.28
1.88
1.38
0.70
-0.14
-1.04
-1.86
-2.45
-2.76
-2.82
-2.77
-2.77
-2.94
-3.37
-4.06
-4.99
-6.08
-7.20
-8.18
-8.79
-8.88
-8.32
-7.16
-5.52
-3.59
-1.59
0.33
2.04
3.45
4.56
5.37
5.96
6.40
6.78
7.10
7.33
7.37
7.12
6.58
5.79
4.90
4.07
3.38
2.87
2.51
2.24
2.01
1.84
1.69
1.52
1.23
0.75
0.06
-0.76
-1.58
-2.28
-2.83
-3.29
-3.77
-4.35
-5.01
-5.70
-6.32
-6.85
-7.33
-7.85
-8.43
-9.00
-9.37
-9.31
-8.64
-7.30
-5.40
-3.18
-0.92
1.13
2.80
4.07
4.98
5.64
6.20
6.75
7.32
7.85
8.21
8.27
7.97
7.36
6.56
5.73
4.99
4.37
3.82
3.29
2.74
2.18
1.66
1.23
0.89
0.61
0.33
-0.00
-0.41
-0.89
-1.42
-2.01
-2.64
-3.32
-4.05
-4.80
-5.51
-6.09
-6.48
-6.74
-6.99
-7.40
-8.03
-8.82
-9.50
-9.71
-9.18
-7.84
-5.88
-3.61
-1.40
0.53
2.15
3.50
4.62
5.50
6.10
6.40
6.49
6.50
6.56
6.70
6.82
6.82
6.61
6.21
5.68
5.12
4.55
3.97
3.38
2.83
2.38
2.05
1.78
1.46
0.99
0.36
-0.36
-1.05
-1.64
-2.13
-2.60
-3.14
-3.77
-4.46
-5.12
-5.72
-6.26
-6.75
-7.21
-7.63
-8.03
-8.40
-8.79
-9.20
-9.58
-9.78
-9.61
-8.90
-7.60
-5.77
-3.64
-1.42
0.71
2.66
4.41
5.98
7.37
8.54
9.46
10.09
10.38
10.30
9.86
9.10
8.13
7.09
6.15
5.40
4.89
4.56
4.34
4.16
3.98
3.76
3.46
3.02
2.43
1.72
0.98
0.31
-0.22
-0.64
-1.08
-1.64
-2.37
-3.23
-4.11
-4.87
-5.44
-5.85
-6.15
-6.42
-6.75
-7.20
-7.84
-8.67
-9.65
-10.58
-11.21
-11.26
-10.55
-9.07
-7.01
-4.67
-2.38
-0.36
1.30
2.61
3.65
4.51
5.24
5.82
6.24
6.50
6.62
6.63
6.58
6.44
6.16
5.66
4.93
4.04
3.16
2.51
2.18
2.18
2.30
2.34
2.14
1.67
1.02
0.32
-0.37
-1.05
-1.76
-2.48
-3.13
-3.62
-3.88
-3.94
-3.94
-4.02
-4.34
-4.93
-5.75
-6.66
-7.53
-8.17
-8.46
-8.34
-7.78
-6.85
-5.63
-4.20
-2.62
-0.92
0.83
2.52
4.00
5.16
5.97
6.47
6.78
6.95
7.01
6.91
6.59
6.09
5.49
4.93
4.49
4.17
3.91
3.61
3.22
2.76
2.28
1.84
1.42
1.00
0.52
-0.09
-0.83
-1.66
-2.50
-3.24
-3.83
-4.25
-4.60
-5.02
-5.66
-6.57
-7.73
-9.00
-10.17
-11.04
-11.41
-11.12
-10.07
-8.28
-5.87
-3.10
-0.29
2.22
4.20
5.58
6.43
6.93
7.28
7.63
8.01
8.40
8.71
8.88
8.86
8.65
8.25
7.68
6.97
6.16
5.34
4.60
4.02
3.60
3.25
2.89
2.43
1.88
1.30
0.77
0.33
-0.04
-0.43
-0.90
-1.45
-2.05
-2.67
-3.25
-3.84
-4.43
-5.07
-5.75
-6.48
-7.27
-8.16
-9.13
-10.11
-10.91
-11.29
-11.02
-9.97
-8.16
-5.78
-3.07
-0.30
2.31
4.60
6.44
7.76
8.56
8.89
8.89
8.76
8.64
8.63
8.67
8.68
8.55
8.23
7.73
7.05
6.25
5.40
4.57
3.90
3.48
3.35
3.43
3.52
3.40
2.92
2.08
1.03
0.00
-0.80
-1.29
-1.50
-1.59
-1.79
-2.26
-3.05
-4.12
-5.27
-6.29
-7.00
-7.31
-7.30
-7.18
-7.17
-7.48
-8.16
-9.12
-10.10
-10.78
-10.89
-10.21
-8.74
-6.59
-4.03
-1.36
1.11
3.16
4.69
5.72
6.38
6.80
7.09
7.32
7.50
7.63
7.68
7.64
7.50
7.26
6.91
6.47
6.01
5.58
5.21
4.88
4.54
4.13
3.66
3.18
2.77
2.48
2.26
1.97
1.51
0.81
-0.06
-0.95
-1.73
-2.31
-2.74
-3.11
-3.53
-4.03
-4.62
-5.25
-5.88
-6.49
-7.10
-7.72
-8.33
-8.89
-9.33
-9.59
-9.60
-9.32
-8.72
-7.77
-6.48
-4.87
-3.02
-1.04
0.92
2.69
4.14
5.19
5.89
6.32
6.61
6.83
7.01
7.10
7.02
6.76
6.32
5.81
5.31
4.88
4.54
4.21
3.83
3.35
2.79
2.26
1.85
1.63
1.54
1.46
1.20
0.65
-0.18
-1.16
-2.10
-2.85
-3.35
-3.65
-3.89
-4.17
-4.60
-5.19
-5.96
-6.88
-7.87
-8.78
-9.40
-9.47
-8.83
-7.44
-5.44
-3.10
-0.72
1.45
3.29
4.79
5.98
6.92
7.57
7.93
7.95
7.66
7.13
6.46
5.75
5.09
4.52
4.04
3.66
3.38
3.22
3.16
3.15
3.09
2.86
2.39
1.66
0.75
-0.21
-1.08
-1.75
-2.22
-2.54
-2.82
-3.14
-3.57
-4.10
-4.72
-5.41
-6.17
-6.98
-7.81
-8.59
-9.18
-9.46
-9.27
-8.52
-7.24
-5.51
-3.54
-1.51
0.38
2.04
3.45
4.65
5.67
6.52
7.15
7.54
7.69
7.67
7.58
7.48
7.36
7.14
6.72
6.07
5.24
4.40
3.71
3.24
2.99
2.88
2.82
2.70
2.45
2.01
1.36
0.51
-0.48
-1.48
-2.36
-3.01
-3.43
-3.69
-3.91
-4.21
-4.64
-5.17
-5.75
-6.34
-6.95
-7.65
-8.48
-9.44
-10.41
-11.15
-11.38
-10.87
-9.57
-7.57
-5.13
-2.52
-0.01
2.19
4.00
5.35
6.27
6.81
7.07
7.17
7.23
7.30
7.41
7.53
7.61
7.61
7.47
7.12
6.51
5.63
4.57
3.53
2.74
2.38
2.44
2.73
2.93
2.78
2.16
1.15
-0.03
-1.12
-1.95
-2.49
-2.78
-2.97
-3.17
-3.49
-3.98
-4.63
-5.38
-6.16
-6.93
-7.66
-8.35
-9.02
-9.61
-10.06
-10.25
-10.09
-9.47
-8.36
-6.75
-4.72
-2.43
-0.10
2.05
3.86
5.29
6.37
7.16
7.71
8.03
8.14
8.09
7.97
7.82
7.63
7.32
6.83
6.14
5.37
4.64
4.08
3.72
3.49
3.30
3.06
2.75
2.38
1.95
1.46
0.91
0.30
-0.29
-0.82
-1.25
-1.63
-2.02
-2.48
-3.07
-3.75
-4.49
-5.20
-5.85
-6.43
-6.98
-7.57
-8.24
-8.97
-9.67
-10.20
-10.40
-10.12
-9.30
-7.93
-6.08
-3.90
-1.57
0.73
2.82
4.54
5.83
6.66
7.07
7.15
6.99
6.68
6.36
6.08
5.91
5.84
5.82
5.77
5.62
5.36
4.99
4.57
4.13
3.69
3.24
2.76
2.23
1.65
1.03
0.41
-0.22
-0.85
-1.48
-2.12
-2.74
-3.32
-3.83
-4.27
-4.63
-4.94
-5.22
-5.54
-5.93
-6.41
-6.90
-7.28
-7.38
-7.06
-6.26
-5.02
-3.44
-1.66
0.19
2.01
3.71
5.21
6.46
7.42
8.03
8.29
8.19
7.77
7.14
6.40
5.69
5.06
4.53
4.07
3.60
3.13
2.64
2.19
1.79
1.45
1.14
0.86
0.57
0.28
-0.05
-0.46
-1.00
-1.66
-2.42
-3.16
-3.80
-4.29
-4.63
-4.90
-5.20
-5.63
-6.22
-6.97
-7.78
-8.50
-8.95
-8.97
-8.45
-7.39
-5.91
-4.19
-2.40
-0.65
1.03
2.65
4.18
5.54
6.60
7.26
7.51
7.46
7.29
7.17
7.19
7.28
7.30
7.06
6.48
5.60
4.56
3.57
2.80
2.30
2.06
2.00
2.00
1.98
1.84
1.57
1.14
0.58
-0.06
-0.72
-1.38
-2.02
-2.66
-3.32
-3.98
-4.60
-5.09
-5.44
-5.68
-5.96
-6.42
-7.13
-8.08
-9.12
-10.04
-10.67
-10.88
-10.64
-9.93
-8.71
-6.96
-4.69
-2.06
0.63
3.03
4.82
5.90
6.40
6.60
6.79
7.12
7.59
8.04
8.30
8.30
8.04
7.58
6.99
6.32
5.61
4.94
4.38
3.99
3.77
3.63
3.44
3.06
2.44
1.59
0.61
-0.36
-1.22
-1.87
-2.32
-2.58
-2.69
-2.72
-2.74
-2.79
-2.95
-3.26
-3.77
-4.48
-5.32
-6.17
-6.89
-7.42
-7.79
-8.12
-8.58
-9.23
-9.98
-10.63
-10.94
-10.71
-9.89
-8.53
-6.73
-4.63
-2.35
-0.03
2.18
4.12
5.67
6.79
7.52
7.97
8.25
8.44
8.57
8.62
8.54
8.26
7.74
7.02
6.18
5.39
4.76
4.38
4.19
4.11
3.99
3.76
3.36
2.81
2.13
1.37
0.58
-0.20
-0.92
-1.53
-2.06
-2.52
-2.96
-3.40
-3.84
-4.27
-4.66
-5.03
-5.38
-5.74
-6.12
-6.56
-7.10
-7.78
-8.59
-9.44
-10.12
-10.40
-10.06
-8.98
-7.21
-4.96
-2.49
-0.13
1.90
3.43
4.44
5.01
5.32
5.56
5.87
6.29
6.76
7.15
7.33
7.26
6.92
6.40
5.75
5.08
4.46
3.99
3.72
3.63
3.62
3.56
3.34
2.91
2.30
1.58
0.84
0.16
-0.44
-0.94
-1.32
-1.59
-1.81
-2.05
-2.42
-2.96
-3.67
-4.48
-5.33
-6.18
-7.00
-7.76
-8.37
-8.68
-8.54
-7.85
-6.60
-4.94
-3.02
-1.02
0.90
2.67
4.23
5.52
6.51
7.19
7.62
7.83
7.92
7.91
7.80
7.58
7.24
6.82
6.38
5.97
5.60
5.21
4.77
4.24
3.64
3.03
2.48
2.03
1.69
1.39
1.08
0.69
0.18
-0.45
-1.20
-2.02
-2.83
-3.57
-4.18
-4.66
-5.06
-5.45
-5.91
-6.49
-7.18
-7.94
-8.70
-9.30
-9.58
-9.37
-8.55
-7.12
-5.21
-3.02
-0.82
1.19
2.90
4.30
5.44
6.37
7.12
7.67
8.01
8.14
8.05
7.76
7.28
6.63
5.90
5.20
4.66
4.37
4.30
4.35
4.36
4.19
3.81
3.28
2.72
2.25
1.91
1.64
1.36
0.98
0.47
-0.14
-0.79
-1.43
-2.03
-2.62
-3.20
-3.78
-4.34
-4.83
-5.18
-5.39
-5.51
-5.65
-5.95
-6.51
-7.34
-8.36
-9.38
-10.15
-10.44
-10.09
-9.08
-7.51
-5.58
-3.47
-1.36
0.66
2.52
4.18
5.57
6.62
7.32
7.69
7.82
7.84
7.81
7.75
7.58
7.22
6.64
5.90
5.13
4.44
3.93
3.59
3.40
3.28
3.21
3.17
3.12
3.00
2.75
2.30
1.68
0.98
0.32
-0.21
-0.59
-0.87
-1.13
-1.41
-1.75
-2.16
-2.66
-3.26
-3.94
-4.70
-5.46
-6.19
-6.84
-7.42
-7.95
-8.50
-9.09
-9.69
-10.20
-10.45
-10.26
-9.48
-8.08
-6.13
-3.84
-1.46
0.79
2.75
4.32
5.50
6.32
6.81
7.07
7.16
7.14
7.08
6.96
6.76
6.45
6.03
5.52
4.97
4.43
3.92
3.48
3.12
2.88
2.75
2.70
2.64
2.48
2.14
1.60
0.92
0.19
-0.47
-0.99
-1.37
-1.67
-1.98
-2.38
-2.89
-3.48
-4.05
-4.53
-4.87
-5.09
-5.27
-5.50
-5.88
-6.44
-7.18
-7.99
-8.74
-9.24
-9.33
-8.89
-7.91
-6.46
-4.67
-2.70
-0.66
1.32
3.11
4.60
5.63
6.19
6.33
6.23
6.09
6.05
6.13
6.23
6.21
5.93
5.37
4.62
3.83
3.17
2.75
2.62
2.70
2.91
3.07
3.07
2.78
2.18
1.28
0.20
-0.93
-1.97
-2.82
-3.46
-3.89
-4.19
-4.41
-4.62
-4.86
-5.20
-5.71
-6.44
-7.36
-8.38
-9.34
-10.01
-10.21
-9.80
-8.74
-7.07
-4.92
-2.52
-0.14
1.99
3.65
4.78
5.46
5.85
6.14
6.45
6.77
7.03
7.15
7.08
6.88
6.62
6.38
6.15
5.91
5.58
5.18
4.73
4.32
4.00
3.78
3.60
3.37
3.02
2.54
1.95
1.29
0.57
-0.21
-1.12
-2.20
-3.40
-4.61
-5.66
-6.39
-6.74
-6.78
-6.73
-6.84
-7.30
-8.16
-9.26
-10.33
-11.07
-11.24
-10.77
-9.70
-8.18
-6.35
-4.34
-2.24
-0.15
1.83
3.56
4.97
6.04
6.82
7.45
8.02
8.59
9.08
9.37
9.33
8.94
8.28
7.53
6.90
6.49
6.30
6.18
5.98
5.59
5.02
4.36
3.69
3.06
2.45
1.80
1.05
0.24
-0.52
-1.14
-1.58
-1.92
-2.27
-2.76
-3.41
-4.17
-4.93
-5.57
-6.03
-6.33
-6.56
-6.87
-7.41
-8.27
-9.38
-10.56
-11.45
-11.72
-11.14
-9.69
-7.57
-5.10
-2.57
-0.18
2.00
3.97
5.69
7.12
8.19
8.90
9.27
9.37
9.27
9.02
8.65
8.21
7.75
7.34
7.00
6.74
6.51
6.30
6.06
5.78
5.46
5.03
4.49
3.81
3.03
2.21
1.42
0.68
-0.03
-0.74
-1.48
-2.21
-2.92
-3.59
-4.26
-4.95
-5.66
-6.31
-6.86
-7.27
-7.63
-8.05
-8.66
-9.49
-10.48
-11.50
-12.39
-13.04
-13.34
-13.20
-12.56
-11.42
-9.87
-8.09
-6.32
-4.73
-3.42
-2.36
-1.49
-0.72
-0.00
0.70
1.41
2.12
2.80
3.42
3.99
4.55
5.17
5.88
6.67
7.44
8.05
8.38
8.40
8.18
7.84
7.53
7.33
7.27
7.25
7.12
6.69
5.86
4.63
3.15
1.66
0.41
-0.44
-0.87
-0.93
-0.72
-0.33
0.22
0.91
1.68
2.41
3.01
3.48
3.95
4.63
5.74
7.35
9.33
11.40
13.20
14.45
14.99
14.73
13.70
11.95
9.60
6.84
3.94
1.15
-1.32
-3.40
-5.13
-6.60
-7.91
-9.12
-10.24
-11.31
-12.31
-13.27
-14.17
-14.92
-15.42
-15.49
-15.03
-14.01
-12.55
-10.81
-9.02
-7.36
-5.95
-4.77
-3.75
-2.82
-1.91
-1.05
-0.31
0.19
0.32
-0.05
-1.01
-2.50
-4.31
-6.09
-7.39
-7.82
-7.16
-5.40
-2.79
0.25
3.29
5.93
7.94
9.24
9.93
10.19
10.23
10.18
10.08
9.90
9.60
9.19
8.75
8.40
8.26
8.44
9.01
10.04
11.49
13.26
15.07
16.50
17.11
16.58
14.86
12.19
9.01
5.82
2.97
0.65
-1.12
-2.42
-3.37
-4.08
-4.65
-5.23
-5.90
-6.71
-7.64
-8.64
-9.67
-10.73
-11.87
-13.08
-14.30
-15.41
-16.30
-16.89
-17.18
-17.23
-17.12
-16.87
-16.46
-15.93
-15.35
-14.87
-14.65
-14.80
-15.38
-16.45
-18.12
-20.50
-23.59
-27.14
-30.60
-33.15
-34.02
-32.68
-29.13
-23.85
-17.68
-11.47
-5.87
-1.11
2.95
6.66
10.35
14.12
17.79
20.98
23.34
24.74
25.40
25.77
26.35
27.35
28.63
29.70
29.94
28.92
26.60
23.38
19.96
17.05
15.15
14.39
14.61
15.45
16.58
17.79
18.94
19.93
20.62
20.82
20.38
19.29
17.70
15.90
14.21
12.84
11.80
10.95
10.08
9.05
7.83
6.53
5.31
4.28
3.45
2.70
1.87
0.77
-0.73
-2.64
-4.90
-7.34
-9.79
-12.07
-14.03
-15.65
-16.97
-18.13
-19.27
-20.49
-21.87
-23.39
-25.01
-26.69
-28.35
-29.84
-30.95
-31.41
-30.96
-29.47
-27.02
-23.84
-20.31
-16.84
-13.73
-11.15
-9.12
-7.52
-6.17
-4.90
-3.59
-2.20
-0.78
0.54
1.68
2.55
3.17
3.57
3.80
3.85
3.75
3.52
3.26
3.11
3.22
3.64
4.31
5.03
5.59
5.80
5.65
5.22
4.68
4.15
3.70
3.33
2.95
2.46
1.75
0.75
-0.54
-2.01
-3.48
-4.70
-5.44
-5.58
-5.09
-4.03
-2.51
-0.66
1.34
3.33
5.11
6.55
7.64
8.47
9.14
9.76
10.32
10.73
10.89
10.71
10.20
9.46
8.60
7.77
7.06
6.49
6.05
5.70
5.40
5.12
4.86
4.65
4.47
4.30
4.08
3.75
3.31
2.78
2.19
1.58
0.95
0.30
-0.33
-0.91
-1.40
-1.79
-2.11
-2.35
-2.47
-2.36
-1.89
-0.96
0.37
1.97
3.62
5.14
6.44
7.49
8.31
8.94
9.36
9.58
9.62
9.52
9.34
9.12
8.85
8.55
8.20
7.84
7.49
7.22
7.06
7.01
7.02
6.99
6.80
6.36
5.65
4.73
3.73
2.78
1.98
1.38
0.95
0.60
0.20
-0.38
-1.20
-2.25
-3.47
-4.72
-5.89
-6.85
-7.49
-7.73
-7.49
-6.73
-5.51
-3.97
-2.34
-0.87
0.25
0.97
1.33
1.44
1.43
1.38
1.36
1.38
1.42
1.45
1.46
1.41
1.31
1.15
0.93
0.62
0.27
-0.08
-0.31
-0.31
-0.01
0.56
1.24
1.82
2.09
1.96
1.47
0.81
0.16
-0.31
-0.54
-0.58
-0.54
-0.53
-0.63
-0.88
-1.28
-1.80
-2.31
-2.65
-2.66
-2.23
-1.38
-0.23
1.03
2.25
3.31
4.16
4.75
5.04
4.99
4.63
4.08
3.52
3.10
2.87
2.75
2.59
2.26
1.74
1.11
0.51
0.09
-0.12
-0.15
-0.16
-0.30
-0.69
-1.32
-2.07
-2.78
-3.31
-3.61
-3.78
-3.95
-4.25
-4.70
-5.20
-5.58
-5.76
-5.74
-5.65
-5.65
-5.82
-6.16
-6.57
-6.91
-7.09
-7.06
-6.84
-6.42
-5.72
-4.68
-3.24
-1.48
0.38
2.07
3.33
4.06
4.32
4.26
4.01
3.66
3.22
2.69
2.09
1.52
1.07
0.79
0.66
0.59
0.50
0.32
0.06
-0.23
-0.49
-0.66
-0.76
-0.83
-0.93
-1.13
-1.44
-1.83
-2.28
-2.73
-3.16
-3.55
-3.85
-4.04
-4.10
-4.12
-4.20
-4.46
-4.92
-5.52
-6.04
-6.28
-6.10
-5.44
-4.39
-3.07
-1.66
-0.30
0.88
1.80
2.40
2.70
2.77
2.70
2.55
2.36
2.10
1.73
1.26
0.75
0.33
0.08
0.06
0.23
0.53
0.85
1.13
1.30
1.31
1.16
0.82
0.32
-0.26
-0.80
-1.23
-1.51
-1.67
-1.79
-1.90
-2.05
-2.25
-2.52
-2.94
-3.52
-4.23
-4.96
-5.53
-5.77
-5.55
-4.85
-3.73
-2.32
-0.77
0.73
2.04
3.06
3.80
4.31
4.64
4.83
4.82
4.58
4.08
3.40
2.68
2.07
1.68
1.55
1.60
1.73
1.86
1.95
2.00
2.03
2.03
1.97
1.79
1.46
0.97
0.39
-0.22
-0.77
-1.19
-1.47
-1.64
-1.76
-1.93
-2.26
-2.78
-3.48
-4.19
-4.70
-4.78
-4.30
-3.27
-1.84
-0.26
1.24
2.52
3.53
4.30
4.88
5.30
5.58
5.70
5.66
5.47
5.18
4.83
4.47
4.11
3.73
3.33
2.90
2.47
2.08
1.77
1.55
1.37
1.16
0.84
0.37
-0.22
-0.86
-1.46
-1.98
-2.45
-2.90
-3.40
-3.99
-4.65
-5.34
-6.00
-6.55
-6.90
-6.92
-6.52
-5.68
-4.47
-3.06
-1.62
-0.30
0.90
1.99
3.02
3.93
4.56
4.78
4.51
3.84
2.99
2.20
1.62
1.28
1.14
1.12
1.16
1.26
1.41
1.56
1.65
1.64
1.55
1.41
1.25
1.03
0.69
0.19
-0.48
-1.23
-1.97
-2.65
-3.27
-3.87
-4.44
-4.97
-5.39
-5.68
-5.89
-6.12
-6.42
-6.77
-6.99
-6.84
-6.13
-4.78
-2.91
-0.78
1.31
3.10
4.42
5.24
5.60
5.59
5.29
4.78
4.17
3.56
3.04
2.68
2.46
2.35
2.26
2.16
2.06
1.96
1.83
1.63
1.29
0.78
0.19
-0.38
-0.81
-1.10
-1.34
-1.66
-2.14
-2.76
-3.38
-3.87
-4.14
-4.27
-4.39
-4.68
-5.18
-5.84
-6.50
-7.01
-7.18
-6.91
-6.11
-4.77
-2.97
-0.90
1.19
3.03
4.43
5.35
5.83
5.98
5.87
5.57
5.09
4.53
3.95
3.44
3.01
2.61
2.17
1.66
1.14
0.74
0.57
0.66
0.91
1.14
1.17
0.94
0.49
-0.07
-0.59
-0.99
-1.29
-1.55
-1.83
-2.16
-2.51
-2.85
-3.18
-3.52
-3.92
-4.43
-5.04
-5.67
-6.24
-6.62
-6.73
-6.52
-6.00
-5.18
-4.07
-2.71
-1.12
0.58
2.23
3.61
4.48
4.80
4.63
4.22
3.82
3.60
3.54
3.51
3.34
2.98
2.52
2.12
1.90
1.85
1.83
1.72
1.46
1.15
0.92
0.85
0.89
0.87
0.61
0.01
-0.85
-1.79
-2.61
-3.19
-3.52
-3.74
-4.01
-4.45
-5.10
-5.86
-6.53
-6.89
-6.76
-6.10
-4.98
-3.55
-1.98
-0.38
1.19
2.66
3.93
4.89
5.42
5.54
5.35
5.04
4.79
4.68
4.66
4.61
4.43
4.08
3.61
3.08
2.52
1.97
1.45
0.99
0.65
0.46
0.40
0.37
0.24
-0.15
-0.85
-1.84
-2.97
-4.08
-4.99
-5.60
-5.87
-5.90
-5.81
-5.77
-5.88
-6.15
-6.45
-6.57
-6.27
-5.41
-4.00
-2.19
-0.26
1.53
2.98
4.02
4.74
5.27
5.74
6.22
6.69
7.03
7.15
6.97
6.51
5.87
5.17
4.51
3.96
3.55
3.25
3.03
2.86
2.68
2.46
2.17
1.82
1.44
1.07
0.68
0.23
-0.30
-0.95
-1.64
-2.30
-2.85
-3.26
-3.59
-3.98
-4.53
-5.28
-6.15
-6.96
-7.49
-7.57
-7.07
-6.00
-4.41
-2.46
-0.33
1.72
3.46
4.73
5.47
5.77
5.82
5.80
5.82
5.89
5.91
5.80
5.50
5.01
4.41
3.77
3.16
2.65
2.30
2.15
2.20
2.40
2.61
2.69
2.51
2.01
1.20
0.19
-0.88
-1.85
-2.59
-3.07
-3.30
-3.38
-3.46
-3.61
-3.89
-4.25
-4.59
-4.84
-4.99
-5.11
-5.31
-5.68
-6.24
-6.87
-7.36
-7.49
-7.08
-6.08
-4.56
-2.71
-0.77
1.03
2.54
3.64
4.32
4.60
4.56
4.32
4.04
3.83
3.74
3.73
3.68
3.48
3.09
2.56
2.03
1.62
1.39
1.33
1.35
1.35
1.31
1.21
1.07
0.88
0.58
0.14
-0.46
-1.12
-1.72
-2.10
-2.21
-2.08
-1.90
-1.83
-2.04
-2.54
-3.24
-4.01
-4.69
-5.20
-5.51
-5.62
-5.52
-5.15
-4.45
-3.40
-2.06
-0.57
0.85
2.01
2.80
3.22
3.32
3.21
2.98
2.71
2.44
2.20
1.99
1.81
1.63
1.43
1.17
0.86
0.54
0.26
0.06
-0.02
0.06
0.27
0.55
0.82
0.95
0.85
0.50
-0.08
-0.78
-1.45
-1.99
-2.34
-2.53
-2.62
-2.71
-2.86
-3.11
-3.46
-3.89
-4.33
-4.68
-4.81
-4.54
-3.79
-2.61
-1.17
0.25
1.37
2.09
2.45
2.63
2.81
3.09
3.44
3.74
3.89
3.88
3.72
3.49
3.20
2.86
2.44
1.98
1.58
1.31
1.25
1.33
1.47
1.53
1.44
1.22
0.97
0.77
0.65
0.56
0.35
-0.06
-0.70
-1.50
-2.32
-3.02
-3.51
-3.78
-3.89
-3.94
-4.02
-4.26
-4.71
-5.38
-6.17
-6.90
-7.35
-7.30
-6.65
-5.46
-3.86
-2.06
-0.23
1.46
2.92
4.08
4.89
5.34
5.46
5.30
4.97
4.60
4.29
4.15
4.20
4.38
4.59
4.68
4.56
4.23
3.77
3.29
2.88
2.53
2.20
1.87
1.53
1.24
1.01
0.82
0.59
0.27
-0.15
-0.63
-1.08
-1.47
-1.79
-2.11
-2.51
-3.03
-3.69
-4.41
-5.10
-5.68
-6.12
-6.48
-6.84
-7.26
-7.76
-8.19
-8.34
-7.97
-6.95
-5.31
-3.21
-0.94
1.25
3.13
4.61
5.70
6.46
6.96
7.24
7.33
7.22
6.93
6.52
6.07
5.67
5.35
5.06
4.73
4.28
3.70
3.09
2.57
2.23
2.06
1.97
1.81
1.47
0.94
0.30
-0.32
-0.81
-1.13
-1.31
-1.42
-1.53
-1.67
-1.88
-2.19
-2.61
-3.14
-3.71
-4.25
-4.64
-4.87
-4.96
-5.05
-5.26
-5.69
-6.31
-6.99
-7.52
-7.75
-7.56
-6.90
-5.77
-4.22
-2.31
-0.18
1.97
3.91
5.42
6.39
6.86
6.97
6.91
6.84
6.79
6.73
6.58
6.26
5.81
5.27
4.71
4.16
3.61
3.04
2.49
2.01
1.65
1.43
1.31
1.21
1.06
0.77
0.34
-0.23
-0.88
-1.57
-2.22
-2.76
-3.16
-3.39
-3.51
-3.59
-3.74
-4.00
-4.37
-4.84
-5.38
-5.98
-6.59
-7.11
-7.36
-7.14
-6.32
-4.86
-2.91
-0.70
1.47
3.31
4.67
5.48
5.84
5.90
5.82
5.72
5.65
5.59
5.48
5.31
5.10
4.87
4.64
4.42
4.13
3.74
3.27
2.77
2.33
2.01
1.83
1.73
1.62
1.42
1.04
0.46
-0.30
-1.17
-2.03
-2.77
-3.32
-3.69
-3.94
-4.20
-4.56
-5.09
-5.78
-6.56
-7.32
-7.87
-8.02
-7.60
-6.52
-4.82
-2.72
-0.51
1.51
3.15
4.36
5.17
5.66
5.92
5.97
5.86
5.62
5.35
5.13
4.99
4.91
4.84
4.70
4.46
4.15
3.83
3.58
3.43
3.36
3.27
3.07
2.74
2.31
1.88
1.53
1.28
1.09
0.87
0.56
0.14
-0.38
-0.96
-1.59
-2.27
-2.99
-3.70
-4.32
-4.78
-5.06
-5.22
-5.38
-5.68
-6.23
-7.03
-7.95
-8.72
-9.05
-8.71
-7.64
-5.92
-3.81
-1.56
0.60
2.48
3.98
5.00
5.52
5.59
5.34
4.99
4.70
4.57
4.56
4.57
4.50
4.36
4.21
4.15
4.17
4.22
4.18
3.94
3.49
2.92
2.34
1.89
1.60
1.46
1.37
1.25
1.01
0.66
0.24
-0.17
-0.50
-0.76
-0.99
-1.30
-1.78
-2.40
-3.09
-3.70
-4.12
-4.35
-4.47
-4.62
-4.91
-5.37
-5.97
-6.61
-7.25
-7.82
-8.28
-8.50
-8.33
-7.63
-6.33
-4.52
-2.44
-0.32
1.60
3.20
4.43
5.28
5.76
5.89
5.72
5.32
4.83
4.37
4.01
3.78
3.68
3.67
3.67
3.62
3.48
3.24
2.94
2.63
2.39
2.25
2.20
2.15
2.05
1.83
1.51
1.14
0.78
0.43
0.05
-0.41
-0.98
-1.63
-2.27
-2.82
-3.21
-3.41
-3.43
-3.34
-3.25
-3.28
-3.53
-4.11
-5.02
-6.17
-7.32
-8.19
-8.50
-8.09
-6.96
-5.25
-3.21
-1.12
0.78
2.33
3.43
4.12
4.50
4.66
4.74
4.76
4.74
4.62
4.36
3.95
3.44
2.91
2.47
2.18
2.07
2.13
2.30
2.47
2.56
2.48
2.21
1.78
1.27
0.79
0.44
0.26
0.21
0.20
0.10
-0.16
-0.59
-1.12
-1.60
-1.97
-2.20
-2.38
-2.60
-2.96
-3.46
-4.03
-4.55
-4.86
-4.81
-4.33
-3.36
-1.98
-0.31
1.45
3.09
4.43
5.38
5.90
6.06
5.93
5.62
5.21
4.77
4.34
3.91
3.47
3.01
2.56
2.16
1.84
1.61
1.46
1.37
1.31
1.25
1.17
1.03
0.81
0.44
-0.06
-0.68
-1.34
-2.00
-2.63
-3.24
-3.84
-4.42
-4.88
-5.15
-5.22
-5.20
-5.33
-5.84
-6.79
-8.05
-9.26
-9.97
-9.85
-8.80
-6.99
-4.73
-2.38
-0.19
1.71
3.28
4.53
5.43
6.02
6.32
6.43
6.42
6.36
6.22
6.01
5.73
5.42
5.17
5.00
4.89
4.75
4.50
4.11
3.67
3.29
3.05
2.94
2.85
2.62
2.18
1.53
0.79
0.11
-0.40
-0.75
-1.02
-1.33
-1.75
-2.30
-2.91
-3.51
-4.04
-4.50
-4.90
-5.32
-5.79
-6.33
-6.93
-7.58
-8.24
-8.86
-9.34
-9.57
-9.40
-8.68
-7.35
-5.43
-3.11
-0.67
1.63
3.54
4.99
6.01
6.70
7.16
7.47
7.62
7.59
7.39
7.05
6.63
6.23
5.89
5.65
5.44
5.21
4.89
4.46
3.98
3.55
3.25
3.08
2.94
2.65
2.08
1.22
0.20
-0.81
-1.62
-2.18
-2.54
-2.81
-3.08
-3.37
-3.66
-3.88
-4.05
-4.18
-4.35
-4.61
-4.95
-5.32
-5.69
-6.04
-6.44
-6.96
-7.63
-8.35
-8.92
-9.07
-8.54
-7.24
-5.22
-2.76
-0.21
2.07
3.81
4.90
5.40
5.48
5.34
5.17
5.04
4.96
4.88
4.79
4.72
4.74
4.87
5.04
5.11
4.95
4.52
3.92
3.31
2.83
2.49
2.21
1.87
1.40
0.85
0.34
-0.01
-0.21
-0.34
-0.55
-0.91
-1.39
-1.92
-2.40
-2.80
-3.14
-3.50
-3.95
-4.49
-5.12
-5.76
-6.35
-6.79
-6.96
-6.70
-5.89
-4.46
-2.50
-0.23
2.02
3.92
5.25
5.97
6.22
6.20
6.12
6.05
5.95
5.72
5.27
4.62
3.89
3.21
2.71
2.41
2.30
2.36
2.54
2.80
3.07
3.23
3.18
2.88
2.33
1.63
0.86
0.11
-0.59
-1.25
-1.90
-2.55
-3.19
-3.78
-4.32
-4.80
-5.25
-5.68
-6.10
-6.54
-6.96
-7.31
-7.52
-7.47
-7.04
-6.15
-4.79
-3.06
-1.10
0.89
2.74
4.28
5.43
6.15
6.47
6.46
6.29
6.10
5.98
5.92
5.85
5.65
5.26
4.73
4.16
3.67
3.31
3.08
2.91
2.74
2.51
2.22
1.85
1.41
0.90
0.34
-0.20
-0.67
-1.03
-1.30
-1.55
-1.83
-2.21
-2.68
-3.20
-3.73
-4.18
-4.52
-4.76
-4.91
-5.05
-5.26
-5.63
-6.21
-7.02
-7.99
-8.95
-9.68
-9.94
-9.50
-8.30
-6.40
-4.04
-1.56
0.72
2.60
3.99
4.96
5.62
6.08
6.40
6.64
6.82
6.97
7.08
7.11
7.00
6.68
6.13
5.42
4.66
3.98
3.46
3.10
2.83
2.61
2.38
2.14
1.88
1.58
1.23
0.80
0.30
-0.20
-0.68
-1.12
-1.55
-2.03
-2.60
-3.26
-3.96
-4.61
-5.12
-5.43
-5.54
-5.49
-5.39
-5.35
-5.48
-5.89
-6.61
-7.55
-8.51
-9.21
-9.37
-8.77
-7.40
-5.44
-3.18
-0.92
1.13
2.91
4.41
5.65
6.58
7.16
7.38
7.29
7.02
6.68
6.36
6.06
5.75
5.40
5.02
4.63
4.23
3.85
3.49
3.18
2.97
2.88
2.90
2.95
2.92
2.72
2.29
1.67
0.92
0.11
-0.68
-1.39
-1.99
-2.46
-2.79
-3.01
-3.16
-3.34
-3.62
-4.08
-4.70
-5.38
-5.98
-6.38
-6.56
-6.63
-6.78
-7.14
-7.69
-8.21
-8.37
-7.86
-6.59
-4.70
-2.50
-0.30
1.72
3.47
4.99
6.24
7.11
7.48
7.29
6.69
5.94
5.31
4.96
4.80
4.64
4.31
3.79
3.20
2.74
2.54
2.60
2.77
2.91
2.93
2.80
2.59
2.30
1.96
1.56
1.11
0.63
0.12
-0.47
-1.17
-1.94
-2.71
-3.32
-3.68
-3.81
-3.86
-4.03
-4.42
-5.05
-5.78
-6.45
-6.91
-7.07
-6.89
-6.34
-5.40
-4.03
-2.28
-0.25
1.87
3.88
5.54
6.69
7.26
7.29
6.93
6.37
5.79
5.31
4.96
4.69
4.47
4.26
4.04
3.81
3.58
3.35
3.09
2.79
2.43
2.02
1.58
1.14
0.73
0.32
-0.12
-0.64
-1.28
-2.01
-2.74
-3.40
-3.89
-4.20
-4.40
-4.54
-4.72
-4.99
-5.37
-5.88
-6.50
-7.18
-7.79
-8.17
-8.15
-7.54
-6.27
-4.40
-2.09
0.37
2.67
4.56
5.91
6.75
7.17
7.33
7.33
7.23
7.00
6.65
6.18
5.68
5.22
4.86
4.58
4.32
3.97
3.49
2.89
2.27
1.75
1.41
1.25
1.19
1.10
0.88
0.49
-0.01
-0.48
-0.83
-1.08
-1.31
-1.68
-2.30
-3.15
-4.07
-4.85
-5.35
-5.52
-5.47
-5.35
-5.32
-5.47
-5.85
-6.42
-7.15
-7.96
-8.71
-9.23
-9.34
-8.88
-7.81
-6.14
-4.02
-1.64
0.75
2.88
4.52
5.59
6.13
6.30
6.29
6.27
6.31
6.41
6.51
6.55
6.47
6.23
5.84
5.33
4.74
4.16
3.65
3.22
2.91
2.71
2.64
2.70
2.82
2.86
2.64
2.08
1.19
0.15
-0.83
-1.56
-2.00
-2.23
-2.38
-2.57
-2.84
-3.20
-3.63
-4.12
-4.63
-5.13
-5.58
-5.94
-6.26
-6.61
-7.07
-7.68
-8.37
-9.01
-9.43
-9.49
-9.08
-8.20
-6.84
-5.08
-3.00
-0.75
1.48
3.43
4.89
5.74
5.98
5.77
5.34
4.91
4.65
4.64
4.82
5.08
5.27
5.27
5.00
4.52
3.95
3.46
3.15
3.04
3.00
2.88
2.60
2.16
1.67
1.24
0.90
0.57
0.14
-0.45
-1.17
-1.89
-2.46
-2.80
-2.90
-2.84
-2.72
-2.60
-2.56
-2.66
-2.91
-3.32
-3.83
-4.37
-4.87
-5.34
-5.80
-6.28
-6.73
-7.03
-6.97
-6.43
-5.38
-3.96
-2.36
-0.76
0.74
2.14
3.46
4.67
5.67
6.37
6.68
6.58
6.19
5.61
5.00
4.45
4.01
3.71
3.51
3.34
3.14
2.87
2.55
2.26
2.11
2.17
2.44
2.80
3.10
3.17
2.92
2.35
1.55
0.65
-0.24
-1.02
-1.67
-2.20
-2.66
-3.12
-3.63
-4.23
-4.90
-5.57
-6.18
-6.69
-7.10
-7.43
-7.65
-7.67
-7.34
-6.50
-5.10
-3.22
-1.07
1.11
3.11
4.80
6.14
7.18
7.92
8.37
8.51
8.33
7.84
7.16
6.43
5.77
5.29
4.97
4.72
4.45
4.09
3.62
3.10
2.60
2.16
1.79
1.45
1.12
0.74
0.26
-0.35
-1.11
-1.97
-2.85
-3.67
-4.32
-4.77
-5.07
-5.25
-5.34
-5.33
-5.25
-5.17
-5.24
-5.62
-6.38
-7.37
-8.32
-8.83
-8.58
-7.48
-5.64
-3.36
-0.98
1.24
3.14
4.69
5.88
6.74
7.24
7.39
7.24
6.87
6.35
5.81
5.29
4.83
4.45
4.10
3.77
3.43
3.04
2.63
2.25
1.94
1.72
1.58
1.46
1.25
0.90
0.40
-0.18
-0.74
-1.20
-1.52
-1.73
-1.87
-1.99
-2.16
-2.40
-2.71
-3.09
-3.47
-3.81
-4.06
-4.26
-4.46
-4.76
-5.21
-5.78
-6.35
-6.71
-6.67
-6.14
-5.12
-3.67
-1.92
0.01
1.95
3.77
5.31
6.42
7.05
7.23
7.06
6.71
6.28
5.84
5.39
4.91
4.39
3.92
3.59
3.48
3.60
3.85
4.07
4.11
3.88
3.39
2.73
1.99
1.24
0.50
-0.24
-0.98
-1.70
-2.33
-2.84
-3.19
-3.42
-3.55
-3.67
-3.84
-4.14
-4.64
-5.34
-6.17
-6.97
-7.55
-7.72
-7.36
-6.45
-5.08
-3.37
-1.47
0.47
2.35
4.06
5.50
6.59
7.24
7.46
7.28
6.81
6.22
5.64
5.18
4.87
4.66
4.46
4.21
3.85
3.41
2.92
2.46
2.05
1.71
1.44
1.21
1.02
0.86
0.68
0.42
0.00
-0.62
-1.44
-2.40
-3.38
-4.24
-4.90
-5.33
-5.54
-5.64
-5.71
-5.88
-6.23
-6.78
-7.48
-8.20
-8.75
-8.93
-8.57
-7.57
-5.97
-3.90
-1.59
0.70
2.75
4.41
5.62
6.38
6.72
6.72
6.50
6.17
5.88
5.71
5.68
5.71
5.69
5.52
5.17
4.67
4.10
3.53
3.04
2.65
2.41
2.28
2.18
1.97
1.54
0.84
-0.03
-0.92
-1.67
-2.23
-2.63
-2.99
-3.38
-3.83
-4.29
-4.69
-5.01
-5.25
-5.45
-5.69
-5.99
-6.39
-6.91
-7.54
-8.21
-8.78
-9.01
-8.72
-7.76
-6.14
-4.01
-1.63
0.72
2.78
4.37
5.42
5.97
6.13
6.05
5.87
5.69
5.55
5.44
5.30
5.10
4.83
4.49
4.11
3.72
3.35
3.01
2.73
2.54
2.41
2.33
2.23
2.04
1.71
1.29
0.81
0.33
-0.14
-0.67
-1.32
-2.09
-2.92
-3.67
-4.23
-4.55
-4.71
-4.82
-5.00
-5.27
-5.58
-5.84
-6.02
-6.16
-6.37
-6.68
-7.03
-7.23
-7.03
-6.23
-4.81
-2.89
-0.72
1.46
3.43
5.11
6.44
7.37
7.88
7.93
7.55
6.83
5.94
5.03
4.21
3.57
3.11
2.80
2.58
2.44
2.33
2.21
2.04
1.83
1.58
1.33
1.09
0.89
0.71
0.53
0.28
-0.08
-0.57
-1.18
-1.86
-2.55
-3.23
-3.87
-4.49
-5.08
-5.62
-6.10
-6.54
-6.98
-7.41
-7.76
-7.89
-7.58
-6.69
-5.19
-3.26
-1.17
0.81
2.51
3.87
4.91
5.66
6.11
6.25
6.13
5.82
5.45
5.11
4.81
4.54
4.27
3.98
3.70
3.46
3.30
3.19
3.07
2.90
2.66
2.38
2.08
1.75
1.32
0.73
-0.10
-1.12
-2.21
-3.17
-3.85
-4.18
-4.27
-4.29
-4.41
-4.71
-5.16
-5.70
-6.31
-6.98
-7.70
-8.33
-8.63
-8.34
-7.29
-5.50
-3.20
-0.71
1.65
3.66
5.21
6.26
6.83
7.01
6.92
6.72
6.58
6.53
6.53
6.47
6.27
5.92
5.50
5.08
4.67
4.23
3.70
3.10
2.52
2.10
1.92
1.95
2.05
2.04
1.80
1.32
0.66
-0.10
-0.93
-1.81
-2.78
-3.79
-4.73
-5.47
-5.90
-6.00
-5.83
-5.53
-5.29
-5.26
-5.59
-6.31
-7.39
-8.63
-9.72
-10.32
-10.13
-9.03
-7.11
-4.62
-1.91
0.70
2.98
4.78
6.06
6.87
7.30
7.46
7.45
7.32
7.12
6.88
6.62
6.39
6.19
5.97
5.68
5.24
4.68
4.06
3.48
3.03
2.76
2.61
2.51
2.37
2.11
1.68
1.06
0.31
-0.51
-1.28
-1.91
-2.35
-2.65
-2.91
-3.24
-3.68
-4.19
-4.67
-5.00
-5.15
-5.16
-5.17
-5.34
-5.77
-6.45
-7.30
-8.20
-9.02
-9.62
-9.87
-9.67
-8.91
-7.59
-5.79
-3.70
-1.56
0.46
2.21
3.65
4.73
5.47
5.86
5.97
5.91
5.84
5.87
6.03
6.24
6.33
6.20
5.81
5.24
4.62
4.08
3.70
3.45
3.31
3.23
3.15
3.01
2.74
2.31
1.69
0.92
0.06
-0.85
-1.74
-2.55
-3.25
-3.77
-4.07
-4.14
-4.05
-3.91
-3.84
-3.94
-4.26
-4.80
-5.52
-6.33
-7.11
-7.74
-8.08
-8.03
-7.53
-6.60
-5.30
-3.74
-2.06
-0.42
1.00
2.04
2.63
2.80
2.67
2.40
2.15
2.04
2.14
2.45
2.95
3.60
4.30
4.96
5.48
5.80
5.94
5.95
5.90
5.82
5.70
5.51
5.18
4.67
3.99
3.16
2.22
1.24
0.30
-0.54
-1.26
-1.88
-2.47
-3.11
-3.80
-4.54
-5.23
-5.82
-6.27
-6.57
-6.74
-6.75
-6.53
-5.97
-4.99
-3.57
-1.78
0.20
2.14
3.81
5.05
5.79
6.05
5.95
5.68
5.38
5.18
5.09
5.10
5.14
5.12
4.98
4.69
4.24
3.67
3.05
2.45
1.94
1.54
1.22
0.94
0.62
0.25
-0.19
-0.69
-1.27
-1.95
-2.77
-3.74
-4.77
-5.71
-6.37
-6.64
-6.52
-6.13
-5.66
-5.27
-5.04
-4.98
-5.04
-5.19
-5.45
-5.85
-6.35
-6.82
-7.04
-6.77
-5.84
-4.25
-2.17
0.14
2.42
4.53
6.41
8.07
9.49
10.60
11.29
11.50
11.27
10.75
10.21
9.85
9.78
9.96
10.22
10.38
10.34
10.09
9.70
9.25
8.82
8.41
8.01
7.61
7.20
6.75
6.17
5.39
4.37
3.12
1.78
0.56
-0.37
-0.91
-1.11
-1.14
-1.21
-1.49
-2.01
-2.68
-3.35
-3.86
-4.12
-4.18
-4.19
-4.32
-4.73
-5.44
-6.40
-7.42
-8.30
-8.82
-8.79
-8.13
-6.86
-5.12
-3.13
-1.15
0.61
1.98
2.91
3.41
3.55
3.42
3.14
2.82
2.58
2.49
2.57
2.76
2.94
2.97
2.79
2.40
1.87
1.33
0.86
0.50
0.25
0.11
0.05
0.09
0.20
0.31
0.31
0.09
-0.38
-1.08
-1.91
-2.75
-3.51
-4.17
-4.70
-5.11
-5.39
-5.53
-5.54
-5.50
-5.52
-5.70
-6.09
-6.61
-7.15
-7.49
-7.49
-7.01
-6.00
-4.49
-2.58
-0.46
1.62
3.39
4.63
5.28
5.39
5.16
4.81
4.53
4.36
4.23
4.01
3.60
2.99
2.30
1.71
1.37
1.37
1.59
1.84
1.91
1.67
1.15
0.49
-0.15
-0.69
-1.16
-1.65
-2.23
-2.91
-3.63
-4.31
-4.90
-5.40
-5.86
-6.31
-6.78
-7.26
-7.71
-8.10
-8.40
-8.60
-8.65
-8.49
-8.02
-7.13
-5.75
-3.91
-1.75
0.56
2.79
4.78
6.44
7.76
8.71
9.29
9.48
9.26
8.69
7.86
6.90
5.93
5.03
4.23
3.55
2.99
2.55
2.23
2.01
1.84
1.64
1.33
0.87
0.27
-0.41
-1.04
-1.56
-1.94
-2.24
-2.57
-3.03
-3.65
-4.37
-5.10
-5.78
-6.38
-6.95
-7.51
-8.08
-8.60
-9.02
-9.31
-9.49
-9.61
-9.68
-9.62
-9.31
-8.62
-7.46
-5.80
-3.71
-1.34
1.12
3.47
5.51
7.12
8.24
8.89
9.16
9.17
9.02
8.78
8.49
8.16
7.78
7.36
6.87
6.30
5.65
4.92
4.15
3.40
2.72
2.14
1.66
1.24
0.84
0.40
-0.11
-0.68
-1.27
-1.82
-2.27
-2.61
-2.87
-3.11
-3.41
-3.82
-4.34
-4.95
-5.58
-6.20
-6.76
-7.23
-7.56
-7.72
-7.72
-7.63
-7.55
-7.58
-7.75
-7.97
-8.03
-7.70
-6.79
-5.24
-3.14
-0.66
1.96
4.49
6.75
8.55
9.78
10.40
10.46
10.13
9.60
9.08
8.67
8.36
8.05
7.65
7.09
6.39
5.63
4.90
4.26
3.76
3.39
3.11
2.88
2.66
2.43
2.16
1.81
1.33
0.68
-0.16
-1.14
-2.16
-3.09
-3.86
-4.40
-4.74
-4.93
-5.02
-5.04
-5.06
-5.13
-5.32
-5.69
-6.26
-6.98
-7.80
-8.62
-9.38
-10.01
-10.41
-10.40
-9.80
-8.50
-6.52
-4.09
-1.50
0.92
2.99
4.63
5.89
6.82
7.44
7.74
7.71
7.40
6.89
6.30
5.74
5.30
5.02
4.92
4.97
5.12
5.24
5.25
5.07
4.76
4.41
4.16
4.07
4.11
4.18
4.19
4.05
3.75
3.31
2.81
2.31
1.89
1.58
1.40
1.30
1.24
1.13
0.91
0.55
0.07
-0.45
-0.87
-1.04
-0.79
-0.08
1.05
2.42
3.79
4.94
5.70
6.03
5.94
5.47
4.67
3.59
2.26
0.79
-0.75
-2.27
-3.72
-5.09
-6.34
-7.42
-8.27
-8.85
-9.13
-9.14
-8.87
-8.36
-7.66
-6.86
-6.12
-5.58
-5.36
-5.42
-5.60
-5.72
-5.65
-5.41
-5.12
-4.90
-4.83
-4.84
-4.80
-4.62
-4.32
-4.05
-4.02
-4.34
-4.99
-5.73
-6.25
-6.21
-5.36
-3.64
-1.15
1.86
5.04
8.04
10.52
12.29
13.24
13.45
13.08
12.39
11.62
10.92
10.35
9.83
9.22
8.43
7.43
6.30
5.17
4.15
3.30
2.58
1.95
1.38
0.91
0.57
0.40
0.32
0.21
-0.08
-0.61
-1.34
-2.15
-2.91
-3.53
-4.02
-4.45
-4.90
-5.39
-5.85
-6.19
-6.32
-6.23
-6.03
-5.89
-5.94
-6.21
-6.59
-6.81
-6.63
-5.85
-4.43
-2.47
-0.17
2.24
4.55
6.56
8.11
9.11
9.50
9.38
8.92
8.36
7.93
7.72
7.70
7.75
7.69
7.40
6.82
6.00
5.02
3.96
2.92
1.98
1.22
0.71
0.45
0.34
0.23
-0.03
-0.52
-1.22
-1.97
-2.60
-3.00
-3.18
-3.25
-3.38
-3.68
-4.16
-4.73
-5.26
-5.67
-5.94
-6.14
-6.39
-6.75
-7.25
-7.85
-8.53
-9.25
-9.97
-10.60
-10.98
-10.91
-10.21
-8.86
-6.96
-4.78
-2.58
-0.60
1.09
2.50
3.67
4.60
5.24
5.51
5.38
4.92
4.26
3.58
3.02
2.61
2.33
2.12
1.89
1.63
1.40
1.26
1.23
1.28
1.28
1.09
0.62
-0.10
-0.97
-1.82
-2.48
-2.90
-3.08
-3.11
-3.10
-3.15
-3.31
-3.58
-3.92
-4.28
-4.61
-4.89
-5.14
-5.42
-5.76
-6.12
-6.37
-6.29
-5.70
-4.54
-2.86
-0.91
1.07
2.83
4.26
5.35
6.20
6.88
7.46
7.92
8.18
8.18
7.88
7.33
6.64
5.96
5.37
4.92
4.57
4.24
3.91
3.57
3.28
3.08
3.01
3.00
2.95
2.75
2.29
1.59
0.70
-0.24
-1.06
-1.68
-2.07
-2.32
-2.58
-2.97
-3.58
-4.40
-5.35
-6.30
-7.06
-7.44
-7.29
-6.55
-5.29
-3.65
-1.85
-0.03
1.68
3.25
4.62
5.73
6.52
6.96
7.11
7.11
7.10
7.15
7.19
7.10
6.77
6.17
5.39
4.59
3.93
3.48
3.23
3.09
2.96
2.76
2.45
2.06
1.61
1.12
0.59
-0.00
-0.64
-1.27
-1.81
-2.26
-2.68
-3.18
-3.87
-4.74
-5.66
-6.44
-6.97
-7.28
-7.59
-8.09
-8.89
-9.86
-10.72
-11.13
-10.87
-9.87
-8.18
-5.97
-3.42
-0.76
1.76
3.88
5.41
6.31
6.68
6.73
6.71
6.79
7.01
7.34
7.64
7.83
7.82
7.57
7.09
6.45
5.73
5.05
4.47
3.99
3.56
3.10
2.57
1.97
1.39
0.87
0.47
0.15
-0.15
-0.50
-0.94
-1.46
-2.01
-2.56
-3.08
-3.55
-3.97
-4.36
-4.69
-4.98
-5.25
-5.53
-5.88
-6.36
-6.99
-7.79
-8.65
-9.48
-10.11
-10.40
-10.22
-9.50
-8.22
-6.43
-4.28
-1.98
0.25
2.20
3.78
5.00
5.96
6.80
7.59
8.34
8.94
9.31
9.36
9.05
8.42
7.58
6.65
5.77
5.03
4.47
4.09
3.83
3.64
3.47
3.28
3.03
2.67
2.15
1.46
0.69
-0.05
-0.61
-0.93
-1.08
-1.23
-1.51
-1.98
-2.60
-3.23
-3.78
-4.22
-4.59
-4.99
-5.45
-5.96
-6.43
-6.84
-7.20
-7.58
-8.03
-8.53
-8.92
-8.98
-8.53
-7.43
-5.71
-3.49
-1.01
1.48
3.73
5.53
6.78
7.43
7.59
7.42
7.13
6.87
6.73
6.67
6.61
6.42
6.05
5.49
4.86
4.30
3.94
3.78
3.76
3.74
3.60
3.30
2.87
2.35
1.76
1.07
0.25
-0.66
-1.55
-2.29
-2.78
-3.04
-3.20
-3.39
-3.74
-4.25
-4.86
-5.47
-6.01
-6.49
-6.96
-7.49
-8.11
-8.78
-9.41
-9.83
-9.86
-9.36
-8.24
-6.53
-4.36
-1.94
0.45
2.56
4.18
5.26
5.83
6.06
6.14
6.22
6.38
6.59
6.78
6.83
6.68
6.33
5.85
5.31
4.79
4.34
3.93
3.54
3.14
2.71
2.25
1.76
1.25
0.77
0.33
-0.07
-0.44
-0.84
-1.34
-1.95
-2.63
-3.31
-3.92
-4.41
-4.77
-5.00
-5.15
-5.28
-5.48
-5.87
-6.49
-7.32
-8.15
-8.71
-8.69
-7.92
-6.39
-4.31
-1.98
0.32
2.40
4.17
5.57
6.56
7.07
7.09
6.70
6.09
5.48
5.05
4.83
4.74
4.64
4.43
4.12
3.76
3.41
3.13
2.89
2.68
2.48
2.31
2.16
1.97
1.67
1.17
0.43
-0.51
-1.56
-2.61
-3.57
-4.36
-4.94
-5.32
-5.52
-5.61
-5.72
-5.99
-6.52
-7.30
-8.20
-8.98
-9.34
-9.07
-8.09
-6.44
-4.32
-1.96
0.40
2.53
4.24
5.40
6.00
6.15
6.05
5.94
5.97
6.17
6.45
6.64
6.62
6.34
5.83
5.19
4.50
3.88
3.40
3.10
2.95
2.88
2.78
2.53
2.11
1.52
0.84
0.10
-0.70
-1.58
-2.53
-3.49
-4.32
-4.91
-5.24
-5.42
-5.63
-6.04
-6.68
-7.45
-8.15
-8.52
-8.38
-7.67
-6.42
-4.76
-2.83
-0.82
1.18
3.06
4.74
6.14
7.16
7.76
7.97
7.90
7.72
7.56
7.43
7.27
6.99
6.54
5.96
5.36
4.84
4.41
4.00
3.50
2.89
2.18
1.48
0.85
0.33
-0.14
-0.62
-1.21
-1.95
-2.84
-3.80
-4.70
-5.41
-5.84
-6.00
-6.02
-6.12
-6.48
-7.18
-8.15
-9.20
-10.07
-10.48
-10.23
-9.19
-7.34
-4.85
-1.99
0.86
3.34
5.18
6.32
6.86
7.02
7.09
7.26
7.64
8.17
8.72
9.08
9.07
8.62
7.78
6.69
5.55
4.55
3.81
3.35
3.15
3.10
3.11
3.04
2.78
2.22
1.36
0.28
-0.85
-1.86
-2.63
-3.14
-3.47
-3.77
-4.14
-4.64
-5.23
-5.81
-6.33
-6.72
-6.99
-7.21
-7.44
-7.77
-8.25
-8.84
-9.40
-9.69
-9.44
-8.48
-6.78
-4.52
-1.99
0.48
2.66
4.45
5.80
6.73
7.26
7.41
7.25
6.90
6.50
6.15
5.90
5.72
5.54
5.29
4.93
4.47
3.95
3.43
2.93
2.45
1.98
1.51
1.01
0.49
-0.05
-0.60
-1.14
-1.65
-2.11
-2.54
-2.94
-3.33
-3.72
-4.10
-4.47
-4.82
-5.11
-5.34
-5.51
-5.68
-5.89
-6.18
-6.58
-7.03
-7.46
-7.74
-7.75
-7.35
-6.40
-4.86
-2.78
-0.35
2.11
4.26
5.87
6.93
7.59
8.10
8.66
9.30
9.93
10.40
10.63
10.65
10.50
10.20
9.72
9.01
8.10
7.11
6.20
5.53
5.16
5.00
4.84
4.52
3.93
3.08
2.09
1.06
0.11
-0.72
-1.43
-2.07
-2.70
-3.38
-4.10
-4.81
-5.46
-5.98
-6.38
-6.69
-6.98
-7.32
-7.78
-8.36
-9.03
-9.76
-10.49
-11.11
-11.50
-11.52
-11.04
-9.97
-8.34
-6.25
-3.87
-1.42
0.87
2.83
4.32
5.30
5.82
6.02
6.05
6.05
6.10
6.20
6.27
6.19
5.88
5.29
4.49
3.60
2.75
2.07
1.57
1.23
0.94
0.62
0.21
-0.24
-0.68
-1.06
-1.37
-1.67
-2.00
-2.38
-2.78
-3.14
-3.41
-3.56
-3.64
-3.70
-3.82
-4.05
-4.42
-4.93
-5.56
-6.23
-6.77
-6.97
-6.63
-5.64
-4.03
-2.01
0.19
2.31
4.19
5.73
6.91
7.70
8.08
8.06
7.67
7.01
6.18
5.33
4.55
3.93
3.50
3.25
3.15
3.12
3.10
3.01
2.80
2.49
2.14
1.79
1.46
1.09
0.61
-0.02
-0.79
-1.58
-2.27
-2.79
-3.16
-3.50
-3.89
-4.37
-4.87
-5.28
-5.61
-5.94
-6.46
-7.27
-8.26
-9.12
-9.41
-8.82
-7.28
-5.07
-2.60
-0.28
1.66
3.22
4.54
5.73
6.78
7.60
8.09
8.25
8.15
7.93
7.68
7.40
7.02
6.45
5.69
4.82
3.96
3.20
2.62
2.21
1.99
1.93
2.02
2.17
2.25
2.09
1.57
0.65
-0.54
-1.83
-2.96
-3.80
-4.28
-4.49
-4.54
-4.57
-4.67
-4.91
-5.30
-5.80
-6.39
-7.04
-7.78
-8.62
-9.52
-10.35
-10.83
-10.68
-9.70
-7.86
-5.38
-2.59
0.16
2.61
4.64
6.23
7.39
8.15
8.55
8.68
8.65
8.55
8.42
8.21
7.85
7.31
6.65
5.97
5.37
4.87
4.43
3.99
3.50
3.00
2.54
2.19
1.94
1.73
1.45
1.02
0.43
-0.27
-0.96
-1.60
-2.16
-2.70
-3.28
-3.90
-4.53
-5.08
-5.48
-5.71
-5.79
-5.80
-5.81
-5.93
-6.26
-6.89
-7.83
-9.00
-10.16
-10.99
-11.13
-10.36
-8.68
-6.29
-3.54
-0.76
1.77
3.93
5.68
7.03
7.98
8.54
8.77
8.81
8.84
8.95
9.15
9.25
9.07
8.45
7.48
6.38
5.44
4.83
4.54
4.41
4.23
3.92
3.50
3.04
2.57
2.03
1.32
0.40
-0.62
-1.57
-2.23
-2.52
-2.51
-2.43
-2.48
-2.80
-3.37
-4.04
-4.70
-5.25
-5.72
-6.16
-6.66
-7.25
-7.91
-8.62
-9.27
-9.80
-10.06
-9.92
-9.25
-7.95
-6.01
-3.54
-0.81
1.90
4.26
6.07
7.24
7.83
8.00
7.87
7.56
7.11
6.53
5.85
5.15
4.51
4.01
3.65
3.40
3.21
3.00
2.77
2.49
2.20
1.91
1.64
1.36
1.05
0.66
0.22
-0.26
-0.72
-1.16
-1.57
-2.03
-2.58
-3.26
-4.01
-4.72
-5.27
-5.59
-5.71
-5.76
-5.89
-6.21
-6.71
-7.20
-7.45
-7.21
-6.35
-4.91
-3.06
-1.01
1.01
2.84
4.41
5.66
6.58
7.17
7.47
7.53
7.40
7.11
6.73
6.32
5.94
5.63
5.35
5.03
4.61
4.06
3.43
2.80
2.22
1.75
1.36
1.01
0.68
0.30
-0.14
-0.70
-1.37
-2.15
-3.00
-3.85
-4.67
-5.42
-6.12
-6.77
-7.37
-7.91
-8.39
-8.82
-9.18
-9.41
-9.36
-8.86
-7.76
-6.02
-3.75
-1.21
1.28
3.44
5.06
6.12
6.68
6.91
6.96
6.96
7.01
7.13
7.30
7.45
7.47
7.22
6.66
5.81
4.79
3.77
2.89
2.22
1.73
1.37
1.11
0.94
0.82
0.70
0.45
-0.04
-0.78
-1.70
-2.62
-3.40
-3.96
-4.36
-4.67
-4.99
-5.32
-5.66
-6.02
-6.44
-7.00
-7.74
-8.57
-9.32
-9.72
-9.56
-8.72
-7.23
-5.25
-2.96
-0.58
1.71
3.73
5.36
6.50
7.15
7.43
7.51
7.54
7.62
7.72
7.69
7.43
6.90
6.24
5.62
5.17
4.92
4.75
4.51
4.08
3.51
2.90
2.40
2.04
1.75
1.41
0.90
0.20
-0.60
-1.36
-2.01
-2.54
-3.03
-3.56
-4.15
-4.74
-5.23
-5.56
-5.77
-5.95
-6.25
-6.78
-7.56
-8.53
-9.57
-10.48
-11.08
-11.20
-10.69
-9.50
-7.64
-5.27
-2.64
-0.02
2.33
4.26
5.75
6.83
7.58
8.05
8.30
8.36
8.31
8.24
8.21
8.25
8.29
8.22
7.92
7.35
6.54
5.62
4.72
3.94
3.35
2.96
2.73
2.59
2.43
2.16
1.71
1.12
0.45
-0.23
-0.89
-1.57
-2.34
-3.24
-4.23
-5.18
-5.90
-6.25
-6.20
-5.87
-5.48
-5.33
-5.62
-6.42
-7.66
-9.11
-10.46
-11.40
-11.63
-10.96
-9.36
-6.93
-3.96
-0.84
2.05
4.37
6.00
6.96
7.41
7.58
7.64
7.71
7.82
7.96
8.11
8.25
8.38
8.44
8.39
8.14
7.63
6.85
5.83
4.70
3.61
2.69
2.03
1.65
1.46
1.33
1.11
0.69
0.05
-0.72
-1.51
-2.22
-2.80
-3.25
-3.61
-3.93
-4.21
-4.45
-4.67
-4.87
-5.10
-5.41
-5.82
-6.38
-7.06
-7.83
-8.59
-9.20
-9.51
-9.40
-8.77
-7.60
-5.94
-3.91
-1.66
0.59
2.61
4.25
5.41
6.10
6.43
6.53
6.50
6.39
6.22
5.98
5.68
5.35
5.03
4.73
4.43
4.10
3.71
3.26
2.78
2.31
1.91
1.62
1.42
1.30
1.18
1.01
0.76
0.44
0.08
-0.33
-0.80
-1.42
-2.20
-3.14
-4.08
-4.85
-5.34
-5.54
-5.61
-5.76
-6.17
-6.85
-7.63
-8.18
-8.20
-7.52
-6.13
-4.18
-1.93
0.35
2.44
4.18
5.50
6.39
6.86
7.00
6.89
6.62
6.28
5.93
5.60
5.30
5.02
4.76
4.52
4.26
4.00
3.72
3.39
2.99
2.51
1.97
1.37
0.75
0.15
-0.42
-1.00
-1.61
-2.29
-3.05
-3.88
-4.67
-5.32
-5.75
-5.98
-6.10
-6.26
-6.58
-7.09
-7.70
-8.25
-8.57
-8.57
-8.19
-7.42
-6.24
-4.64
-2.64
-0.32
2.10
4.37
6.21
7.46
8.09
8.19
7.98
7.70
7.54
7.53
7.62
7.66
7.50
7.08
6.43
5.69
5.00
4.47
4.11
3.83
3.52
3.08
2.47
1.72
0.93
0.20
-0.43
-0.98
-1.51
-2.11
-2.79
-3.53
-4.26
-4.91
-5.45
-5.89
-6.23
-6.50
-6.75
-7.04
-7.47
-8.09
-8.93
-9.90
-10.79
-11.33
-11.25
-10.37
-8.66
-6.23
-3.33
-0.30
2.53
4.89
6.59
7.60
8.02
8.05
7.91
7.77
7.72
7.75
7.75
7.62
7.29
6.79
6.19
5.61
5.11
4.68
4.25
3.75
3.17
2.53
1.90
1.30
0.71
0.02
-0.83
-1.87
-3.02
-4.10
-4.94
-5.47
-5.70
-5.75
-5.73
-5.74
-5.79
-5.82
-5.78
-5.67
-5.51
-5.41
-5.50
-5.90
-6.65
-7.71
-8.91
-9.93
-10.46
-10.20
-9.02
-6.94
-4.20
-1.15
1.84
4.40
6.34
7.58
8.21
8.40
8.33
8.14
7.88
7.59
7.33
7.14
7.05
7.01
6.91
6.66
6.22
5.64
5.06
4.59
4.23
3.89
3.44
2.81
2.04
1.30
0.72
0.36
0.15
-0.09
-0.50
-1.12
-1.89
-2.69
-3.39
-3.96
-4.44
-4.91
-5.39
-5.87
-6.29
-6.63
-6.91
-7.18
-7.45
-7.61
-7.44
-6.71
-5.30
-3.30
-1.00
1.24
3.14
4.61
5.73
6.63
7.37
7.87
8.02
7.79
7.27
6.64
6.08
5.66
5.28
4.79
4.14
3.38
2.71
2.29
2.15
2.18
2.17
1.96
1.52
0.95
0.35
-0.25
-0.90
-1.69
-2.65
-3.73
-4.79
-5.68
-6.34
-6.75
-6.97
-7.10
-7.21
-7.40
-7.77
-8.39
-9.24
-10.13
-10.77
-10.83
-10.07
-8.47
-6.17
-3.46
-0.63
2.03
4.31
6.10
7.31
7.99
8.25
8.29
8.32
8.47
8.75
9.04
9.17
9.03
8.58
7.91
7.18
6.57
6.17
5.99
5.91
5.79
5.49
4.93
4.09
3.04
1.90
0.82
-0.09
-0.75
-1.20
-1.56
-1.95
-2.49
-3.18
-3.97
-4.75
-5.42
-5.99
-6.49
-6.98
-7.53
-8.14
-8.78
-9.41
-9.92
-10.15
-9.94
-9.12
-7.62
-5.48
-2.90
-0.15
2.48
4.70
6.37
7.41
7.86
7.83
7.51
7.11
6.81
6.72
6.82
6.98
7.00
6.74
6.17
5.40
4.60
3.92
3.42
3.04
2.69
2.27
1.76
1.20
0.61
0.00
-0.64
-1.33
-2.04
-2.75
-3.40
-3.96
-4.43
-4.82
-5.13
-5.37
-5.58
-5.77
-6.02
-6.39
-6.97
-7.79
-8.76
-9.72
-10.41
-10.55
-9.94
-8.54
-6.47
-3.98
-1.36
1.14
3.32
5.12
6.50
7.48
8.08
8.35
8.32
8.02
7.53
6.93
6.28
5.66
5.11
4.67
4.31
4.01
3.74
3.45
3.11
2.68
2.15
1.56
0.98
0.49
0.15
-0.05
-0.21
-0.48
-0.98
-1.77
-2.73
-3.70
-4.45
-4.89
-5.03
-5.05
-5.14
-5.46
-6.07
-6.90
-7.82
-8.64
-9.17
-9.21
-8.58
-7.19
-5.07
-2.44
0.38
3.00
5.09
6.46
7.09
7.13
6.83
6.43
6.10
5.91
5.79
5.66
5.43
5.07
4.63
4.19
3.81
3.55
3.42
3.36
3.33
3.22
2.97
2.52
1.88
1.08
0.19
-0.70
-1.52
-2.24
-2.87
-3.44
-3.99
-4.55
-5.11
-5.64
-6.13
-6.59
-7.06
-7.58
-8.14
-8.66
-9.01
-9.00
-8.51
-7.45
-5.84
-3.82
-1.57
0.69
2.74
4.42
5.67
6.52
7.06
7.38
7.55
7.58
7.48
7.26
6.94
6.59
6.25
5.92
5.57
5.13
4.58
3.95
3.31
2.77
2.38
2.10
1.87
1.53
1.00
0.26
-0.64
-1.62
-2.56
-3.40
-4.13
-4.72
-5.19
-5.57
-5.86
-6.11
-6.34
-6.62
-6.99
-7.51
-8.19
-8.98
-9.73
-10.23
-10.24
-9.57
-8.14
-5.99
-3.31
-0.38
2.43
4.78
6.44
7.36
7.69
7.65
7.50
7.37
7.30
7.25
7.14
6.95
6.69
6.40
6.08
5.74
5.39
5.06
4.77
4.55
4.36
4.15
3.86
3.42
2.81
2.02
1.09
0.12
-0.79
-1.54
-2.09
-2.49
-2.85
-3.26
-3.77
-4.34
-4.90
-5.40
-5.80
-6.12
-6.38
-6.64
-6.96
-7.44
-8.16
-9.13
-10.21
-11.14
-11.54
-11.09
-9.63
-7.27
-4.29
-1.12
1.84
4.29
6.12
7.36
8.14
8.60
8.85
8.96
8.98
8.91
8.78
8.57
8.29
7.91
7.43
6.84
6.18
5.52
4.91
4.41
3.98
3.59
3.18
2.71
2.20
1.63
1.02
0.37
-0.32
-1.00
-1.65
-2.24
-2.79
-3.32
-3.87
-4.43
-4.97
-5.39
-5.64
-5.71
-5.71
-5.81
-6.17
-6.90
-7.96
-9.14
-10.16
-10.68
-10.45
-9.36
-7.45
-4.92
-2.07
0.80
3.34
5.30
6.58
7.18
7.29
7.13
6.96
6.89
6.89
6.85
6.62
6.12
5.37
4.51
3.73
3.18
2.95
2.97
3.10
3.13
2.90
2.37
1.62
0.81
0.10
-0.43
-0.82
-1.18
-1.61
-2.15
-2.78
-3.42
-3.99
-4.44
-4.74
-4.91
-4.97
-5.01
-5.12
-5.40
-5.87
-6.45
-6.97
-7.21
-7.00
-6.23
-4.87
-3.00
-0.76
1.62
3.86
5.72
7.01
7.72
7.92
7.78
7.48
7.10
6.71
6.32
5.95
5.63
5.36
5.09
4.72
4.23
3.65
3.12
2.74
2.59
2.55
2.46
2.13
1.48
0.59
-0.36
-1.22
-1.91
-2.50
-3.09
-3.75
-4.46
-5.13
-5.66
-6.03
-6.32
-6.67
-7.23
-8.03
-8.98
-9.81
-10.22
-9.96
-8.91
-7.16
-4.94
-2.55
-0.24
1.84
3.62
5.10
6.25
7.08
7.62
7.95
8.16
8.36
8.53
8.59
8.41
7.93
7.18
6.32
5.53
4.96
4.65
4.53
4.42
4.16
3.67
2.90
1.97
1.00
0.11
-0.61
-1.15
-1.58
-1.99
-2.47
-3.07
-3.77
-4.53
-5.29
-6.01
-6.65
-7.18
-7.60
-7.93
-8.25
-8.63
-9.12
-9.67
-10.08
-10.09
-9.44
-7.97
-5.76
-3.07
-0.29
2.16
4.02
5.21
5.84
6.16
6.42
6.81
7.35
7.93
8.38
8.53
8.30
7.74
6.97
6.12
5.34
4.70
4.22
3.91
3.72
3.63
3.57
3.48
3.29
2.93
2.37
1.63
0.77
-0.14
-1.01
-1.76
-2.33
-2.73
-3.02
-3.29
-3.61
-4.05
-4.59
-5.19
-5.80
-6.38
-6.98
-7.68
-8.53
-9.51
-10.47
-11.18
-11.34
-10.74
-9.31
-7.15
-4.56
-1.85
0.66
2.77
4.38
5.50
6.17
6.45
6.48
6.41
6.37
6.46
6.63
6.79
6.78
6.53
6.03
5.37
4.67
4.04
3.54
3.20
2.97
2.79
2.55
2.17
1.59
0.85
0.00
-0.85
-1.65
-2.41
-3.12
-3.80
-4.40
-4.85
-5.09
-5.14
-5.08
-5.02
-5.04
-5.20
-5.52
-5.98
-6.55
-7.14
-7.58
-7.66
-7.22
-6.11
-4.39
-2.22
0.13
2.38
4.30
5.77
6.79
7.44
7.85
8.10
8.24
8.25
8.07
7.68
7.09
6.37
5.64
5.00
4.49
4.06
3.64
3.13
2.50
1.82
1.22
0.82
0.65
0.66
0.65
0.43
-0.12
-0.96
-1.96
-2.91
-3.68
-4.22
-4.59
-4.89
-5.18
-5.52
-5.92
-6.41
-7.00
-7.67
-8.33
-8.81
-8.89
-8.39
-7.22
-5.43
-3.20
-0.78
1.56
3.62
5.25
6.37
6.99
7.18
7.07
6.81
6.52
6.30
6.16
6.09
6.02
5.90
5.69
5.36
4.94
4.44
3.89
3.32
2.78
2.27
1.78
1.29
0.73
0.07
-0.70
-1.53
-2.35
-3.11
-3.78
-4.39
-4.99
-5.59
-6.17
-6.63
-6.90
-6.96
-6.91
-6.90
-7.11
-7.61
-8.35
-9.14
-9.71
-9.86
-9.44
-8.44
-6.90
-4.90
-2.58
-0.13
2.21
4.18
5.64
6.55
7.06
7.38
7.73
8.22
8.83
9.42
9.81
9.81
9.34
8.41
7.15
5.76
4.49
3.53
2.96
2.77
2.81
2.90
2.85
2.53
1.91
1.04
0.03
-0.95
-1.79
-2.44
-2.93
-3.33
-3.74
-4.21
-4.76
-5.40
-6.07
-6.75
-7.41
-8.00
-8.53
-8.98
-9.41
-9.86
-10.35
-10.81
-11.07
-10.90
-10.09
-8.56
-6.35
-3.70
-0.88
1.81
4.17
6.08
7.51
8.51
9.15
9.56
9.84
10.05
10.18
10.17
9.94
9.48
8.85
8.12
7.36
6.65
5.98
5.39
4.87
4.42
3.99
3.51
2.90
2.11
1.19
0.20
-0.71
-1.48
-2.08
-2.53
-2.90
-3.23
-3.53
-3.80
-4.03
-4.20
-4.36
-4.52
-4.73
-5.08
-5.61
-6.37
-7.37
-8.54
-9.75
-10.82
-11.55
-11.75
-11.30
-10.17
-8.41
-6.16
-3.63
-1.05
1.33
3.32
4.85
5.89
6.54
6.89
7.00
6.94
6.70
6.34
5.88
5.43
5.08
4.88
4.82
4.81
4.74
4.53
4.20
3.78
3.36
2.96
2.57
2.13
1.62
1.05
0.47
-0.08
-0.62
-1.20
-1.87
-2.66
-3.51
-4.31
-4.89
-5.19
-5.21
-5.06
-4.91
-4.94
-5.29
-5.94
-6.73
-7.39
-7.62
-7.19
-6.04
-4.28
-2.12
0.19
2.42
4.41
6.02
7.17
7.81
7.94
7.63
7.04
6.35
5.76
5.40
5.28
5.37
5.55
5.67
5.59
5.21
4.53
3.62
2.63
1.76
1.14
0.82
0.70
0.62
0.40
-0.08
-0.82
-1.75
-2.74
-3.70
-4.59
-5.35
-5.96
-6.37
-6.58
-6.63
-6.65
-6.82
-7.25
-7.91
-8.58
-8.92
-8.60
-7.45
-5.55
-3.18
-0.71
1.52
3.31
4.64
5.58
6.25
6.74
7.12
7.44
7.71
7.97
8.20
8.36
8.38
8.18
7.75
7.10
6.30
5.47
4.71
4.09
3.64
3.30
2.96
2.55
1.99
1.30
0.53
-0.28
-1.10
-1.94
-2.82
-3.74
-4.64
-5.46
-6.10
-6.54
-6.81
-6.99
-7.18
-7.47
-7.94
-8.65
-9.60
-10.66
-11.58
-12.02
-11.65
-10.30
-7.99
-4.96
-1.61
1.64
4.45
6.63
8.14
9.07
9.56
9.77
9.85
9.89
9.87
9.76
9.51
9.06
8.41
7.61
6.72
5.81
4.96
4.23
3.65
3.21
2.86
2.55
2.20
1.78
1.30
0.76
0.20
-0.36
-0.90
-1.39
-1.81
-2.20
-2.62
-3.16
-3.88
-4.75
-5.70
-6.56
-7.22
-7.63
-7.88
-8.10
-8.45
-9.02
-9.74
-10.45
-10.87
-10.73
-9.84
-8.17
-5.85
-3.17
-0.45
1.99
3.92
5.26
6.04
6.41
6.59
6.73
6.95
7.23
7.49
7.65
7.62
7.38
6.98
6.46
5.86
5.19
4.49
3.78
3.14
2.63
2.28
2.04
1.83
1.53
1.07
0.44
-0.29
-1.03
-1.70
-2.25
-2.67
-3.03
-3.37
-3.73
-4.12
-4.47
-4.75
-4.97
-5.20
-5.58
-6.20
-7.07
-8.05
-8.91
-9.40
-9.32
-8.62
-7.31
-5.53
-3.40
-1.09
1.19
3.21
4.76
5.73
6.12
6.13
5.98
5.90
5.98
6.20
6.42
6.48
6.32
5.99
5.57
5.15
4.76
4.33
3.77
3.07
2.30
1.60
1.08
0.77
0.56
0.27
-0.22
-0.95
-1.81
-2.66
-3.37
-3.92
-4.34
-4.71
-5.10
-5.49
-5.88
-6.23
-6.56
-6.90
-7.27
-7.62
-7.82
-7.67
-6.98
-5.62
-3.59
-1.10
1.49
3.82
5.62
6.81
7.49
7.86
8.09
8.26
8.31
8.16
7.75
7.15
6.48
5.88
5.40
5.00
4.54
3.90
3.09
2.16
1.23
0.40
-0.31
-0.89
-1.40
-1.89
-2.38
-2.94
-3.61
-4.42
-5.34
-6.26
-7.03
-7.54
-7.74
-7.71
-7.59
-7.52
-7.61
-7.90
-8.40
-9.03
-9.65
-10.05
-9.97
-9.19
-7.57
-5.15
-2.20
0.91
3.76
5.99
7.48
8.26
8.51
8.48
8.37
8.31
8.32
8.36
8.32
8.11
7.63
6.87
5.92
4.93
4.10
3.56
3.35
3.39
3.54
3.64
3.58
3.31
2.84
2.16
1.28
0.22
-0.95
-2.14
-3.24
-4.16
-4.85
-5.35
-5.70
-5.99
-6.29
-6.67
-7.18
-7.84
-8.62
-9.44
-10.14
-10.54
-10.44
-9.74
-8.39
-6.48
-4.13
-1.54
1.05
3.42
5.38
6.79
7.63
7.93
7.86
7.66
7.59
7.81
8.35
9.07
9.69
9.97
9.75
9.08
8.16
7.26
6.55
6.07
5.72
5.39
5.00
4.56
4.09
3.60
3.06
2.41
1.61
0.70
-0.23
-1.09
-1.84
-2.46
-3.00
-3.51
-4.02
-4.51
-4.98
-5.40
-5.78
-6.18
-6.62
-7.09
-7.49
-7.63
-7.28
-6.29
-4.61
-2.40
0.04
2.38
4.34
5.77
6.65
7.03
7.01
6.69
6.22
5.70
5.24
4.88
4.62
4.46
4.36
4.30
4.26
4.18
4.03
3.78
3.41
2.98
2.54
2.14
1.78
1.40
0.92
0.24
-0.66
-1.77
-2.97
-4.12
-5.14
-5.96
-6.66
-7.32
-8.09
-9.02
-10.08
-11.15
-12.10
-12.75
-12.99
-12.73
-11.90
-10.52
-8.65
-6.41
-3.99
-1.59
0.61
2.50
4.02
5.18
6.01
6.55
6.83
6.84
6.60
6.13
5.54
4.93
4.40
4.01
3.70
3.38
2.95
2.38
1.74
1.15
0.66
0.26
-0.16
-0.71
-1.43
-2.28
-3.10
-3.79
-4.33
-4.77
-5.22
-5.73
-6.26
-6.69
-6.91
-6.90
-6.76
-6.65
-6.70
-7.00
-7.47
-7.99
-8.37
-8.40
-7.92
-6.83
-5.10
-2.81
-0.14
2.68
5.36
7.66
9.38
10.46
10.90
10.83
10.44
9.94
9.53
9.29
9.18
9.08
8.85
8.38
7.64
6.70
5.71
4.80
4.06
3.49
3.03
2.57
2.01
1.30
0.41
-0.60
-1.67
-2.74
-3.73
-4.61
-5.35
-5.92
-6.31
-6.51
-6.54
-6.42
-6.21
-6.00
-5.87
-5.90
-6.13
-6.60
-7.26
-8.01
-8.68
-9.05
-8.92
-8.10
-6.50
-4.22
-1.45
1.46
4.18
6.43
8.11
9.21
9.84
10.11
10.10
9.86
9.42
8.84
8.15
7.42
6.64
5.82
4.95
4.07
3.29
2.68
2.29
2.09
2.01
1.96
1.94
1.93
1.93
1.89
1.63
1.02
-0.03
-1.43
-2.94
-4.26
-5.20
-5.71
-5.92
-6.02
-6.15
-6.36
-6.60
-6.84
-7.11
-7.48
-8.01
-8.68
-9.34
-9.77
-9.70
-8.95
-7.44
-5.26
-2.66
-0.01
2.34
4.14
5.29
5.89
6.13
6.19
6.19
6.16
6.07
5.91
5.68
5.40
5.06
4.64
4.12
3.54
2.98
2.52
2.19
1.92
1.63
1.23
0.73
0.16
-0.39
-0.85
-1.23
-1.57
-1.94
-2.37
-2.83
-3.27
-3.64
-3.90
-4.07
-4.23
-4.51
-5.00
-5.76
-6.74
-7.74
-8.47
-8.64
-8.05
-6.68
-4.68
-2.35
-0.02
2.05
3.74
5.05
6.06
6.81
7.34
7.62
7.66
7.52
7.30
7.08
6.88
6.61
6.16
5.43
4.47
3.42
2.52
1.93
1.70
1.72
1.79
1.72
1.41
0.87
0.18
-0.53
-1.20
-1.86
-2.56
-3.37
-4.32
-5.32
-6.23
-6.91
-7.32
-7.54
-7.73
-8.08
-8.63
-9.25
-9.68
-9.60
-8.83
-7.36
-5.32
-2.99
-0.63
1.55
3.39
4.85
5.91
6.60
7.02
7.27
7.48
7.73
8.04
8.35
8.56
8.56
8.27
7.71
6.94
6.07
5.24
4.54
3.96
3.47
3.02
2.57
2.11
1.65
1.18
0.67
0.09
-0.59
-1.39
-2.29
-3.23
-4.13
-4.96
-5.67
-6.27
-6.81
-7.31
-7.80
-8.28
-8.76
-9.25
-9.79
-10.37
-10.93
-11.35
-11.39
-10.88
-9.67
-7.81
-5.42
-2.74
-0.01
2.57
4.84
6.69
8.06
8.96
9.48
9.79
10.04
10.33
10.61
10.75
10.60
10.05
9.14
8.03
6.92
5.97
5.27
4.80
4.49
4.24
3.96
3.56
3.01
2.29
1.46
0.62
-0.13
-0.71
-1.08
-1.30
-1.48
-1.75
-2.23
-2.95
-3.88
-4.86
-5.73
-6.37
-6.77
-7.02
-7.28
-7.73
-8.41
-9.27
-10.13
-10.81
-11.06
-10.70
-9.62
-7.82
-5.46
-2.81
-0.21
2.05
3.83
5.17
6.19
6.98
7.59
7.96
8.06
7.89
7.56
7.20
6.88
6.59
6.25
5.78
5.17
4.48
3.82
3.29
2.92
2.68
2.47
2.19
1.78
1.24
0.58
-0.13
-0.85
-1.53
-2.16
-2.73
-3.25
-3.73
-4.16
-4.57
-4.94
-5.27
-5.60
-5.98
-6.47
-7.13
-7.92
-8.65
-9.06
-8.86
-7.90
-6.16
-3.84
-1.25
1.33
3.64
5.54
6.92
7.71
7.94
7.71
7.24
6.76
6.46
6.34
6.32
6.23
5.96
5.49
4.94
4.40
3.93
3.52
3.11
2.64
2.13
1.67
1.31
1.06
0.82
0.44
-0.17
-1.02
-1.97
-2.87
-3.57
-4.05
-4.37
-4.66
-5.00
-5.39
-5.83
-6.33
-6.94
-7.68
-8.52
-9.30
-9.74
-9.60
-8.71
-7.08
-4.85
-2.29
0.31
2.66
4.58
5.99
6.92
7.50
7.87
8.16
8.42
8.66
8.84
8.93
8.89
8.67
8.24
7.56
6.68
5.73
4.87
4.26
3.92
3.78
3.64
3.33
2.72
1.81
0.69
-0.51
-1.65
-2.68
-3.56
-4.32
-4.95
-5.48
-5.89
-6.22
-6.50
-6.76
-7.08
-7.48
-7.99
-8.60
-9.30
-9.99
-10.53
-10.73
-10.37
-9.33
-7.59
-5.28
-2.70
-0.15
2.09
3.88
5.23
6.22
6.98
7.61
8.17
8.70
9.15
9.47
9.57
9.39
8.91
8.17
7.26
6.26
5.25
4.27
3.36
2.53
1.84
1.30
0.93
0.67
0.44
0.15
-0.24
-0.75
-1.34
-1.95
-2.52
-3.02
-3.44
-3.84
-4.26
-4.75
-5.32
-5.96
-6.62
-7.28
-7.91
-8.56
-9.27
-10.05
-10.86
-11.51
-11.76
-11.39
-10.27
-8.40
-5.97
-3.23
-0.48
2.01
4.05
5.55
6.52
7.03
7.22
7.24
7.22
7.26
7.38
7.51
7.56
7.41
6.98
6.31
5.51
4.76
4.23
3.96
3.85
3.72
3.37
2.74
1.91
1.07
0.39
-0.05
-0.36
-0.67
-1.13
-1.75
-2.45
-3.12
-3.70
-4.20
-4.66
-5.12
-5.60
-6.07
-6.54
-7.03
-7.53
-7.97
-8.17
-7.93
-7.09
-5.65
-3.76
-1.65
0.45
2.39
4.07
5.43
6.40
6.94
7.08
6.93
6.65
6.36
6.15
6.02
5.91
5.79
5.64
5.42
5.12
4.69
4.14
3.51
2.91
2.44
2.12
1.91
1.66
1.27
0.66
-0.17
-1.14
-2.18
-3.19
-4.12
-4.88
-5.45
-5.83
-6.08
-6.34
-6.74
-7.36
-8.17
-9.03
-9.74
-10.05
-9.77
-8.81
-7.19
-5.03
-2.55
-0.01
2.35
4.33
5.82
6.82
7.42
7.74
7.90
7.96
7.97
7.92
7.82
7.66
7.45
7.19
6.88
6.48
5.97
5.36
4.64
3.87
3.08
2.31
1.62
1.04
0.59
0.23
-0.08
-0.44
-0.90
-1.51
-2.25
-3.11
-4.05
-5.01
-5.95
-6.77
-7.41
-7.85
-8.16
-8.46
-8.89
-9.49
-10.14
-10.62
-10.63
-9.94
-8.49
-6.38
-3.85
-1.18
1.37
3.60
5.39
6.69
7.54
8.02
8.30
8.53
8.80
9.11
9.37
9.45
9.23
8.70
7.92
7.04
6.17
5.41
4.77
4.24
3.79
3.39
3.01
2.58
2.08
1.47
0.76
0.01
-0.75
-1.46
-2.12
-2.71
-3.25
-3.69
-4.06
-4.37
-4.68
-5.04
-5.44
-5.86
-6.24
-6.57
-6.94
-7.49
-8.32
-9.38
-10.45
-11.12
-11.00
-9.87
-7.77
-5.04
-2.15
0.48
2.61
4.22
5.44
6.43
7.25
7.90
8.31
8.44
8.33
8.08
7.81
7.55
7.28
6.94
6.45
5.79
5.01
4.21
3.50
2.98
2.67
2.52
2.38
2.09
1.56
0.76
-0.20
-1.17
-2.01
-2.69
-3.23
-3.76
-4.32
-4.94
-5.55
-6.06
-6.41
-6.61
-6.72
-6.85
-7.08
-7.47
-8.01
-8.58
-8.98
-9.00
-8.49
-7.44
-5.94
-4.16
-2.25
-0.34
1.50
3.18
4.60
5.65
6.26
6.45
6.34
6.10
5.87
5.69
5.54
5.33
5.00
4.59
4.15
3.80
3.56
3.40
3.26
3.04
2.69
2.19
1.60
1.02
0.51
0.09
-0.30
-0.76
-1.35
-2.08
-2.85
-3.51
-3.95
-4.18
-4.33
-4.61
-5.18
-6.05
-7.07
-7.94
-8.43
-8.34
-7.66
-6.44
-4.78
-2.81
-0.67
1.47
3.40
4.95
6.02
6.57
6.70
6.55
6.30
6.04
5.81
5.60
5.37
5.08
4.78
4.49
4.24
4.00
3.71
3.31
2.78
2.14
1.49
0.89
0.36
-0.16
-0.76
-1.47
-2.29
-3.11
-3.82
-4.33
-4.63
-4.79
-4.90
-5.06
-5.37
-5.89
-6.65
-7.64
-8.76
-9.79
-10.44
-10.37
-9.38
-7.47
-4.92
-2.13
0.44
2.47
3.86
4.70
5.26
5.78
6.39
7.11
7.84
8.39
8.63
8.43
7.79
6.80
5.61
4.42
3.45
2.85
2.66
2.79
3.04
3.20
3.09
2.66
1.96
1.12
0.28
-0.47
-1.11
-1.66
-2.17
-2.72
-3.32
-3.96
-4.62
-5.26
-5.88
-6.48
-7.05
-7.62
-8.14
-8.60
-9.00
-9.31
-9.49
-9.43
-8.97
-7.94
-6.29
-4.14
-1.73
0.62
2.65
4.24
5.37
6.13
6.67
7.11
7.57
8.09
8.61
9.01
9.12
8.81
8.10
7.09
6.00
5.02
4.28
3.81
3.58
3.51
3.48
3.37
3.04
2.43
1.58
0.58
-0.37
-1.16
-1.70
-2.03
-2.25
-2.47
-2.80
-3.28
-3.95
-4.78
-5.68
-6.55
-7.24
-7.70
-7.94
-8.09
-8.30
-8.67
-9.15
-9.57
-9.66
-9.21
-8.13
-6.45
-4.34
-2.00
0.36
2.59
4.55
6.17
7.37
8.16
8.57
8.70
8.64
8.46
8.19
7.82
7.35
6.79
6.16
5.53
4.94
4.40
3.93
3.53
3.18
2.86
2.55
2.22
1.84
1.41
0.92
0.36
-0.25
-0.92
-1.63
-2.36
-3.08
-3.78
-4.46
-5.11
-5.70
-6.23
-6.65
-6.94
-7.13
-7.29
-7.52
-7.92
-8.50
-9.15
-9.65
-9.72
-9.14
-7.82
-5.85
-3.48
-1.00
1.30
3.21
4.67
5.70
6.37
6.80
7.08
7.26
7.37
7.37
7.21
6.83
6.22
5.45
4.65
3.96
3.51
3.29
3.23
3.18
3.02
2.72
2.36
2.04
1.80
1.61
1.32
0.82
0.07
-0.84
-1.74
-2.49
-3.05
-3.49
-3.94
-4.49
-5.13
-5.81
-6.47
-7.09
-7.65
-8.12
-8.35
-8.13
-7.27
-5.70
-3.52
-1.03
1.42
3.50
5.02
5.94
6.38
6.57
6.76
7.13
7.70
8.33
8.78
8.85
8.43
7.65
6.73
5.89
5.25
4.78
4.37
3.89
3.31
2.66
2.02
1.47
1.00
0.55
0.07
-0.52
-1.24
-2.08
-3.01
-3.97
-4.89
-5.71
-6.40
-6.93
-7.38
-7.81
-8.28
-8.79
-9.30
-9.71
-9.90
-9.74
-9.11
-7.95
-6.26
-4.13
-1.75
0.62
2.73
4.40
5.59
6.39
6.96
7.46
7.97
8.44
8.76
8.82
8.51
7.85
6.94
5.98
5.17
4.64
4.41
4.37
4.34
4.14
3.69
3.03
2.28
1.59
1.00
0.48
-0.07
-0.69
-1.37
-2.03
-2.57
-2.99
-3.34
-3.76
-4.33
-5.03
-5.79
-6.51
-7.16
-7.81
-8.56
-9.42
-10.24
-10.73
-10.56
-9.50
-7.54
-4.91
-2.02
0.69
2.90
4.46
5.43
5.98
6.33
6.66
7.06
7.50
7.87
8.07
8.04
7.80
7.43
6.98
6.45
5.79
5.00
4.14
3.40
2.94
2.85
3.03
3.24
3.20
2.77
2.00
1.08
0.24
-0.41
-0.89
-1.33
-1.89
-2.63
-3.51
-4.39
-5.14
-5.65
-5.91
-5.97
-5.95
-5.97
-6.13
-6.51
-7.09
-7.83
-8.64
-9.36
-9.80
-9.78
-9.17
-7.89
-6.02
-3.68
-1.11
1.46
3.79
5.72
7.13
8.02
8.51
8.74
8.86
8.94
8.97
8.86
8.55
8.04
7.38
6.70
6.09
5.57
5.09
4.62
4.14
3.71
3.35
3.05
2.73
2.27
1.64
0.86
0.03
-0.73
-1.38
-1.91
-2.39
-2.86
-3.35
-3.84
-4.34
-4.86
-5.44
-6.07
-6.71
-7.27
-7.72
-8.08
-8.48
-9.04
-9.79
-10.59
-11.18
-11.21
-10.44
-8.79
-6.44
-3.70
-0.93
1.55
3.58
5.08
6.06
6.57
6.71
6.58
6.32
6.05
5.86
5.75
5.67
5.53
5.29
4.96
4.60
4.26
4.01
3.83
3.65
3.40
3.01
2.49
1.87
1.24
0.65
0.10
-0.46
-1.08
-1.79
-2.57
-3.34
-4.01
-4.54
-4.97
-5.36
-5.79
-6.33
-6.96
-7.68
-8.42
-9.07
-9.46
-9.36
-8.57
-7.01
-4.75
-2.05
0.75
3.33
5.46
7.04
8.11
8.72
8.95
8.87
8.57
8.11
7.60
7.11
6.68
6.31
5.96
5.60
5.17
4.64
4.04
3.40
2.80
2.27
1.82
1.40
0.91
0.26
-0.60
-1.64
-2.76
-3.81
-4.66
-5.27
-5.67
-5.97
-6.24
-6.54
-6.88
-7.24
-7.63
-8.07
-8.55
-8.96
-9.14
-8.89
-8.06
-6.65
-4.78
-2.67
-0.55
1.42
3.13
4.53
5.62
6.43
7.05
7.57
8.04
8.49
8.85
9.01
8.89
8.46
7.73
6.76
5.68
4.59
3.64
2.95
2.61
2.58
2.73
2.83
2.68
2.17
1.33
0.30
-0.72
-1.58
-2.21
-2.66
-3.02
-3.40
-3.84
-4.34
-4.87
-5.39
-5.90
-6.41
-6.96
-7.52
-8.10
-8.71
-9.34
-9.97
-10.49
-10.70
-10.35
-9.25
-7.39
-4.93
-2.22
0.37
2.60
4.34
5.64
6.60
7.33
7.92
8.40
8.80
9.09
9.27
9.27
9.06
8.65
8.04
7.27
6.35
5.35
4.35
3.47
2.83
2.48
2.39
2.42
2.37
2.10
1.56
0.81
-0.02
-0.85
-1.62
-2.34
-3.05
-3.74
-4.36
-4.88
-5.28
-5.63
-5.98
-6.42
-6.99
-7.71
-8.58
-9.58
-10.64
-11.63
-12.31
-12.43
-11.75
-10.15
-7.72
-4.74
-1.62
1.20
3.43
4.98
5.96
6.59
7.09
7.59
8.07
8.44
8.58
8.45
8.05
7.44
6.69
5.86
5.01
4.19
3.47
2.87
2.41
2.03
1.68
1.35
1.05
0.83
0.70
0.63
0.50
0.19
-0.41
-1.28
-2.34
-3.44
-4.43
-5.22
-5.79
-6.18
-6.46
-6.72
-7.02
-7.40
-7.85
-8.28
-8.55
-8.50
-7.96
-6.79
-4.97
-2.62
0.01
2.59
4.78
6.37
7.31
7.73
7.83
7.79
7.68
7.48
7.12
6.59
6.00
5.47
5.12
4.93
4.80
4.56
4.15
3.63
3.14
2.77
2.52
2.24
1.77
1.02
0.06
-0.92
-1.74
-2.31
-2.66
-2.95
-3.31
-3.80
-4.38
-4.96
-5.51
-6.08
-6.78
-7.64
-8.62
-9.48
-9.93
-9.67
-8.55
-6.66
-4.27
-1.77
0.52
2.39
3.84
4.98
5.92
6.77
7.52
8.12
8.51
8.63
8.47
8.04
7.36
6.48
5.47
4.46
3.59
2.94
2.52
2.26
2.01
1.68
1.22
0.72
0.26
-0.11
-0.45
-0.88
-1.53
-2.42
-3.45
-4.47
-5.31
-5.88
-6.17
-6.27
-6.32
-6.49
-6.90
-7.60
-8.45
-9.18
-9.48
-9.06
-7.83
-5.89
-3.54
-1.11
1.14
3.05
4.60
5.87
6.90
7.75
8.43
8.94
9.25
9.36
9.25
8.91
8.36
7.64
6.83
6.01
5.27
4.63
4.10
3.64
3.24
2.89
2.60
2.37
2.15
1.86
1.43
0.78
-0.04
-0.96
-1.86
-2.63
-3.23
-3.69
-4.08
-4.52
-5.07
-5.76
-6.54
-7.34
-8.07
-8.70
-9.26
-9.78
-10.28
-10.67
-10.77
-10.35
-9.26
-7.47
-5.15
-2.58
-0.06
2.16
3.93
5.26
6.23
6.93
7.49
7.98
8.44
8.84
9.12
9.17
8.93
8.39
7.63
6.80
6.02
5.40
4.93
4.57
4.23
3.87
3.47
3.06
2.64
2.23
1.78
1.23
0.55
-0.26
-1.17
-2.09
-2.96
-3.76
-4.48
-5.12
-5.69
-6.16
-6.52
-6.80
-7.10
-7.49
-8.07
-8.84
-9.67
-10.42
-10.87
-10.85
-10.27
-9.10
-7.39
-5.25
-2.90
-0.62
1.27
2.55
3.18
3.37
3.47
3.80
4.52
5.47
6.37
6.91
6.95
6.56
5.97
5.38
4.86
4.32
3.67
2.92
2.20
1.71
1.56
1.71
1.95
2.05
1.89
1.49
1.04
0.71
0.58
0.57
0.53
0.28
-0.23
-0.97
-1.81
-2.60
-3.23
-3.68
-4.01
-4.34
-4.79
-5.46
-6.32
-7.25
-8.01
-8.31
-7.93
-6.78
-4.93
-2.62
-0.15
2.18
4.15
5.64
6.68
7.33
7.69
7.87
7.90
7.79
7.55
7.19
6.73
6.27
5.86
5.55
5.31
5.08
4.78
4.34
3.77
3.11
2.46
1.89
1.46
1.15
0.86
0.49
-0.08
-0.88
-1.84
-2.80
-3.57
-4.01
-4.10
-4.01
-3.95
-4.16
-4.78
-5.80
-7.05
-8.26
-9.14
-9.44
-9.03
-7.89
-6.15
-4.06
-1.86
0.22
2.01
3.45
4.53
5.28
5.77
6.10
6.32
6.49
6.60
6.60
6.43
6.07
5.53
4.91
4.29
3.74
3.24
2.77
2.29
1.79
1.30
0.84
0.44
0.06
-0.34
-0.79
-1.29
-1.82
-2.31
-2.70
-3.00
-3.23
-3.49
-3.87
-4.42
-5.15
-5.99
-6.84
-7.57
-8.12
-8.52
-8.87
-9.28
-9.79
-10.25
-10.42
-9.96
-8.69
-6.63
-4.03
-1.30
1.18
3.21
4.75
5.91
6.82
7.54
8.05
8.30
8.28
8.05
7.71
7.36
7.04
6.74
6.40
5.98
5.44
4.81
4.17
3.59
3.18
2.98
2.97
3.04
3.03
2.76
2.14
1.21
0.12
-0.89
-1.60
-1.98
-2.12
-2.22
-2.50
-3.04
-3.82
-4.69
-5.49
-6.12
-6.54
-6.79
-6.99
-7.27
-7.75
-8.50
-9.44
-10.34
-10.86
-10.70
-9.66
-7.81
-5.37
-2.70
-0.09
2.23
4.14
5.58
6.54
7.11
7.39
7.56
7.75
7.99
8.20
8.24
8.01
7.52
6.84
6.10
5.35
4.59
3.80
3.00
2.30
1.82
1.63
1.69
1.85
1.92
1.76
1.30
0.57
-0.30
-1.17
-1.90
-2.43
-2.78
-3.06
-3.43
-3.98
-4.64
-5.25
-5.58
-5.53
-5.19
-4.79
-4.67
-5.03
-5.90
-7.11
-8.36
-9.36
-9.87
-9.72
-8.83
-7.19
-4.93
-2.27
0.44
2.86
4.75
5.99
6.65
6.89
6.93
6.92
6.95
7.03
7.11
7.14
7.05
6.83
6.45
5.92
5.25
4.49
3.71
3.01
2.48
2.15
1.96
1.79
1.48
0.99
0.36
-0.30
-0.87
-1.31
-1.71
-2.17
-2.81
-3.58
-4.38
-5.03
-5.49
-5.82
-6.19
-6.77
-7.57
-8.45
-9.13
-9.31
-8.81
-7.59
-5.80
-3.64
-1.34
0.92
2.96
4.64
5.87
6.62
6.96
7.03
7.01
7.03
7.10
7.17
7.16
7.00
6.68
6.24
5.73
5.17
4.60
4.02
3.49
3.03
2.66
2.34
1.99
1.53
0.93
0.20
-0.59
-1.35
-2.03
-2.63
-3.15
-3.64
-4.10
-4.55
-5.00
-5.49
-6.07
-6.80
-7.73
-8.84
-10.02
-11.10
-11.84
-12.00
-11.43
-10.09
-8.06
-5.53
-2.76
0.01
2.52
4.57
6.03
6.92
7.34
7.49
7.60
7.82
8.18
8.59
8.92
9.00
8.79
8.26
7.49
6.61
5.72
4.93
4.30
3.86
3.56
3.29
2.96
2.50
1.90
1.16
0.36
-0.43
-1.15
-1.73
-2.19
-2.53
-2.81
-3.09
-3.41
-3.75
-4.10
-4.42
-4.69
-4.90
-5.07
-5.25
-5.49
-5.90
-6.57
-7.51
-8.63
-9.68
-10.29
-10.08
-8.84
-6.59
-3.66
-0.51
2.37
4.68
6.33
7.42
8.14
8.61
8.89
8.97
8.87
8.66
8.45
8.29
8.14
7.87
7.32
6.46
5.36
4.23
3.27
2.59
2.18
1.91
1.62
1.20
0.62
-0.10
-0.90
-1.70
-2.46
-3.13
-3.74
-4.30
-4.84
-5.37
-5.85
-6.25
-6.59
-6.91
-7.29
-7.80
-8.41
-9.03
-9.54
-9.88
-10.08
-10.24
-10.45
-10.68
-10.75
-10.37
-9.30
-7.48
-5.00
-2.15
0.74
3.40
5.67
7.50
8.89
9.88
10.50
10.81
10.87
10.78
10.61
10.40
10.12
9.70
9.10
8.29
7.34
6.30
5.26
4.24
3.28
2.41
1.68
1.10
0.66
0.27
-0.18
-0.76
-1.43
-2.09
-2.62
-2.98
-3.25
-3.58
-4.08
-4.75
-5.49
-6.11
-6.54
-6.80
-7.05
-7.47
-8.12
-8.86
-9.40
-9.39
-8.59
-6.93
-4.57
-1.81
1.01
3.60
5.79
7.50
8.71
9.42
9.62
9.34
8.68
7.82
6.93
6.19
5.68
5.38
5.20
5.05
4.82
4.45
3.94
3.33
2.68
2.04
1.44
0.87
0.34
-0.18
-0.71
-1.29
-1.99
-2.85
-3.85
-4.89
-5.81
-6.43
-6.69
-6.66
-6.51
-6.46
-6.66
-7.13
-7.79
-8.50
-9.08
-9.36
-9.17
-8.38
-6.94
-4.90
-2.45
0.18
2.71
4.94
6.74
8.03
8.80
9.06
8.94
8.63
8.33
8.18
8.18
8.21
8.07
7.63
6.89
6.00
5.16
4.54
4.16
3.90
3.60
3.14
2.48
1.68
0.84
0.07
-0.56
-1.06
-1.45
-1.81
-2.20
-2.68
-3.25
-3.94
-4.72
-5.54
-6.35
-7.09
-7.70
-8.16
-8.52
-8.88
-9.31
-9.85
-10.42
-10.85
-10.88
-10.28
-8.94
-6.86
-4.22
-1.30
1.61
4.23
6.35
7.86
8.77
9.16
9.17
8.98
8.73
8.51
8.37
8.27
8.17
7.99
7.68
7.22
6.63
5.97
5.31
4.68
4.11
3.60
3.11
2.60
2.03
1.38
0.65
-0.08
-0.73
-1.23
-1.56
-1.80
-2.09
-2.56
-3.25
-4.09
-4.95
-5.70
-6.27
-6.72
-7.18
-7.76
-8.49
-9.31
-10.11
-10.75
-11.13
-11.15
-10.68
-9.65
-8.00
-5.78
-3.20
-0.54
1.88
3.81
5.17
5.99
6.41
6.56
6.57
6.52
6.48
6.49
6.55
6.58
6.47
6.11
5.46
4.61
3.75
3.07
2.68
2.59
2.68
2.82
2.85
2.70
2.34
1.78
1.04
0.14
-0.84
-1.83
-2.72
-3.42
-3.87
-4.10
-4.18
-4.22
-4.31
-4.54
-5.00
-5.72
-6.69
-7.78
-8.75
-9.30
-9.16
-8.20
-6.48
-4.27
-1.90
0.31
2.16
3.58
4.60
5.27
5.65
5.78
5.71
5.52
5.27
5.06
4.92
4.86
4.86
4.83
4.71
4.48
4.17
3.81
3.44
3.03
2.53
1.91
1.20
0.46
-0.24
-0.89
-1.56
-2.33
-3.24
-4.22
-5.09
-5.71
-6.04
-6.17
-6.28
-6.50
-6.88
-7.35
-7.82
-8.20
-8.45
-8.50
-8.22
-7.44
-6.03
-3.98
-1.45
1.20
3.63
5.55
6.89
7.70
8.18
8.49
8.75
9.01
9.26
9.45
9.51
9.39
9.04
8.44
7.60
6.58
5.46
4.38
3.48
2.88
2.61
2.60
2.67
2.62
2.30
1.66
0.80
-0.11
-0.94
-1.65
-2.31
-3.05
-3.92
-4.86
-5.75
-6.43
-6.85
-7.07
-7.25
-7.55
-8.07
-8.78
-9.64
-10.55
-11.41
-12.07
-12.32
-11.93
-10.68
-8.57
-5.81
-2.79
0.05
2.42
4.25
5.65
6.76
7.68
8.35
8.66
8.54
8.08
7.49
7.00
6.77
6.74
6.74
6.54
6.03
5.29
4.50
3.84
3.39
3.09
2.77
2.28
1.57
0.70
-0.14
-0.79
-1.12
-1.19
-1.13
-1.12
-1.31
-1.68
-2.15
-2.58
-2.89
-3.13
-3.41
-3.82
-4.38
-4.99
-5.53
-5.96
-6.34
-6.78
-7.33
-7.89
-8.20
-7.95
-6.91
-5.07
-2.69
-0.15
2.11
3.83
4.92
5.42
5.50
5.24
4.72
3.94
2.95
1.81
0.66
-0.39
-1.26
-1.95
-2.46
-2.83
-3.08
-3.20
-3.20
-3.09
-2.90
-2.65
-2.40
-2.17
-2.03
-2.02
-2.15
-2.35
-2.55
-2.66
-2.64
-2.49
-2.24
-1.98
-1.76
-1.69
-1.85
-2.31
-3.10
-4.13
-5.24
-6.15
-6.56
-6.23
-5.09
-3.23
-0.90
1.56
3.84
5.70
7.08
8.02
8.65
9.10
9.47
9.75
9.92
9.93
9.77
9.46
9.02
8.51
7.96
7.40
6.85
6.35
5.93
5.62
5.39
5.19
4.92
4.53
3.98
3.28
2.47
1.58
0.62
-0.38
-1.41
-2.40
-3.28
-4.01
-4.54
-4.90
-5.15
-5.39
-5.72
-6.19
-6.83
-7.53
-8.12
-8.32
-7.93
-6.82
-5.05
-2.80
-0.37
1.94
3.87
5.29
6.16
6.53
6.57
6.48
6.43
6.53
6.78
7.07
7.24
7.16
6.78
6.17
5.42
4.66
3.96
3.35
2.86
2.46
2.13
1.82
1.47
1.03
0.50
-0.08
-0.66
-1.20
-1.67
-2.13
-2.61
-3.15
-3.74
-4.35
-4.93
-5.43
-5.85
-6.21
-6.54
-6.84
-7.16
-7.51
-7.89
-8.25
-8.48
-8.39
-7.79
-6.54
-4.64
-2.24
0.38
2.92
5.08
6.69
7.70
8.14
8.14
7.84
7.39
6.95
6.62
6.45
6.43
6.47
6.46
6.27
5.83
5.13
4.26
3.38
2.63
2.13
1.83
1.60
1.29
0.81
0.17
-0.51
-1.15
-1.71
-2.24
-2.85
-3.57
-4.34
-5.02
-5.50
-5.78
-5.92
-6.06
-6.32
-6.72
-7.23
-7.76
-8.25
-8.65
-8.91
-8.92
-8.53
-7.59
-6.06
-4.02
-1.76
0.42
2.24
3.63
4.66
5.49
6.27
7.00
7.54
7.74
7.51
6.90
6.09
5.27
4.60
4.16
3.91
3.76
3.63
3.48
3.27
3.01
2.71
2.35
1.94
1.48
0.99
0.50
0.07
-0.29
-0.66
-1.11
-1.74
-2.55
-3.46
-4.32
-5.01
-5.53
-5.97
-6.48
-7.15
-7.98
-8.76
-9.23
-9.15
-8.40
-7.02
-5.16
-3.03
-0.82
1.34
3.29
4.92
6.12
6.80
6.98
6.73
6.25
5.71
5.24
4.87
4.56
4.20
3.74
3.16
2.48
1.77
1.10
0.54
0.15
-0.04
-0.05
0.02
0.06
-0.08
-0.52
-1.27
-2.29
-3.43
-4.53
-5.47
-6.17
-6.65
-6.98
-7.26
-7.56
-7.87
-8.08
-8.00
-7.43
-6.26
-4.50
-2.36
-0.13
1.87
3.43
4.49
5.14
5.52
5.75
5.87
5.83
5.61
5.22
4.73
4.26
3.91
3.67
3.46
3.16
2.72
2.18
1.65
1.26
1.07
1.05
1.11
1.10
0.94
0.60
0.08
-0.58
-1.33
-2.14
-2.96
-3.79
-4.60
-5.40
-6.20
-6.99
-7.80
-8.62
-9.39
-10.01
-10.31
-10.09
-9.21
-7.69
-5.65
-3.35
-1.01
1.18
3.12
4.76
6.06
6.96
7.45
7.61
7.59
7.57
7.66
7.83
7.93
7.79
7.30
6.46
5.38
4.23
3.15
2.25
1.56
1.09
0.79
0.61
0.45
0.23
-0.16
-0.73
-1.48
-2.34
-3.21
-4.04
-4.75
-5.33
-5.79
-6.15
-6.49
-6.89
-7.36
-7.87
-8.26
-8.32
-7.85
-6.70
-4.93
-2.75
-0.44
1.69
3.49
4.91
6.02
6.96
7.81
8.62
9.35
9.93
10.29
10.36
10.11
9.55
8.74
7.76
6.74
5.80
5.04
4.50
4.19
4.10
4.19
4.36
4.49
4.41
4.02
3.31
2.37
1.39
0.54
-0.07
-0.45
-0.70
-0.93
-1.24
-1.66
-2.17
-2.70
-3.19
-3.58
-3.85
-4.01
-4.10
-4.18
-4.27
-4.38
-4.54
-4.75
-5.07
-5.56
-6.21
-7.04
-7.95
-8.86
-9.67
-10.25
-10.45
-10.08
-8.97
-7.05
-4.38
-1.23
1.98
4.82
6.92
8.16
8.65
8.67
8.53
8.46
8.52
8.67
8.80
8.81
8.65
8.35
7.91
7.34
6.64
5.81
4.91
4.04
3.30
2.79
2.54
2.48
2.52
2.52
2.39
2.11
1.70
1.23
0.79
0.39
0.02
-0.37
-0.81
-1.27
-1.69
-2.01
-2.22
-2.38
-2.60
-2.93
-3.38
-3.86
-4.28
-4.58
-4.82
-5.15
-5.70
-6.52
-7.47
-8.30
-8.67
-8.33
-7.22
-5.48
-3.39
-1.25
0.67
2.22
3.39
4.21
4.76
5.13
5.38
5.52
5.59
5.58
5.49
5.31
5.04
4.70
4.31
3.90
3.46
2.99
2.47
1.89
1.30
0.75
0.30
-0.01
-0.19
-0.28
-0.31
-0.34
-0.41
-0.55
-0.79
-1.16
-1.60
-2.03
-2.37
-2.57
-2.66
-2.72
-2.85
-3.08
-3.38
-3.68
-3.92
-4.10
-4.31
-4.65
-5.19
-5.89
-6.65
-7.28
-7.61
-7.47
-6.79
-5.57
-3.93
-2.05
-0.19
1.42
2.59
3.26
3.49
3.40
3.17
2.90
2.68
2.55
2.54
2.64
2.83
3.02
3.06
2.84
2.35
1.68
1.04
0.62
0.50
0.59
0.73
0.78
0.66
0.42
0.15
-0.10
-0.35
-0.67
-1.11
-1.61
-2.07
-2.38
-2.51
-2.49
-2.44
-2.46
-2.63
-2.96
-3.43
-4.00
-4.59
-5.14
-5.59
-5.98
-6.34
-6.75
-7.23
-7.72
-8.05
-8.03
-7.53
-6.48
-4.99
-3.22
-1.41
0.24
1.56
2.45
2.95
3.12
3.11
3.02
2.96
2.96
3.08
3.32
3.64
3.97
4.18
4.15
3.84
3.32
2.72
2.21
1.89
1.79
1.84
1.98
2.10
2.13
1.96
1.52
0.82
-0.06
-0.92
-1.56
-1.87
-1.86
-1.66
-1.51
-1.62
-2.10
-2.91
-3.89
-4.85
-5.60
-6.06
-6.27
-6.37
-6.55
-6.96
-7.64
-8.49
-9.30
-9.84
-9.91
-9.37
-8.21
-6.50
-4.44
-2.29
-0.31
1.28
2.36
2.99
3.31
3.49
3.67
3.93
4.28
4.68
5.08
5.44
5.70
5.82
5.75
5.47
5.04
4.56
4.14
3.86
3.74
3.72
3.70
3.58
3.31
2.88
2.31
1.62
0.90
0.21
-0.34
-0.68
-0.81
-0.83
-0.90
-1.20
-1.82
-2.74
-3.77
-4.69
-5.30
-5.53
-5.44
-5.21
-5.09
-5.26
-5.85
-6.85
-8.14
-9.45
-10.48
-10.89
-10.42
-8.98
-6.69
-3.90
-1.07
1.37
3.12
4.12
4.53
4.65
4.78
5.13
5.76
6.56
7.34
7.86
7.96
7.62
6.96
6.19
5.50
5.02
4.78
4.72
4.75
4.80
4.84
4.85
4.80
4.66
4.39
3.99
3.47
2.86
2.25
1.71
1.28
0.97
0.72
0.43
0.02
-0.54
-1.18
-1.79
-2.29
-2.66
-3.00
-3.41
-3.97
-4.66
-5.40
-6.08
-6.65
-7.18
-7.74
-8.38
-8.98
-9.30
-9.01
-7.86
-5.80
-3.07
-0.09
2.67
4.85
6.31
7.08
7.33
7.27
7.08
6.88
6.75
6.72
6.81
6.95
7.07
7.10
7.02
6.81
6.53
6.22
5.94
5.72
5.54
5.42
5.28
5.08
4.75
4.27
3.66
3.01
2.43
1.98
1.68
1.45
1.21
0.92
0.61
0.35
0.18
0.06
-0.09
-0.39
-0.88
-1.53
-2.22
-2.84
-3.38
-3.90
-4.53
-5.35
-6.37
-7.47
-8.43
-8.98
-8.90
-8.07
-6.51
-4.39
-1.96
0.47
2.61
4.24
5.25
5.64
5.56
5.21
4.81
4.55
4.49
4.59
4.72
4.77
4.70
4.54
4.36
4.24
4.18
4.12
3.99
3.74
3.37
2.97
2.62
2.36
2.19
2.03
1.80
1.45
0.97
0.40
-0.20
-0.76
-1.23
-1.62
-1.95
-2.26
-2.60
-3.00
-3.42
-3.83
-4.17
-4.43
-4.66
-4.94
-5.38
-6.04
-6.91
-7.88
-8.75
-9.30
-9.28
-8.53
-7.03
-4.89
-2.38
0.12
2.27
3.87
4.82
5.22
5.21
4.98
4.67
4.37
4.17
4.08
4.09
4.17
4.24
4.25
4.15
3.93
3.60
3.20
2.76
2.35
2.01
1.75
1.58
1.42
1.21
0.92
0.54
0.10
-0.36
-0.81
-1.22
-1.56
-1.79
-1.92
-1.97
-2.02
-2.15
-2.43
-2.82
-3.23
-3.58
-3.80
-3.96
-4.20
-4.64
-5.33
-6.19
-6.98
-7.39
-7.20
-6.30
-4.78
-2.85
-0.80
1.12
2.74
3.94
4.68
5.00
4.98
4.76
4.50
4.30
4.21
4.19
4.13
3.91
3.50
2.91
2.27
1.72
1.39
1.31
1.46
1.70
1.93
2.05
2.03
1.88
1.58
1.14
0.53
-0.18
-0.88
-1.45
-1.78
-1.88
-1.85
-1.84
-1.96
-2.27
-2.74
-3.33
-4.02
-4.81
-5.67
-6.56
-7.36
-7.92
-8.05
-7.63
-6.62
-5.06
-3.14
-1.11
0.76
2.22
3.18
3.65
3.79
3.81
3.89
4.13
4.51
4.89
5.13
5.12
4.84
4.39
3.92
3.55
3.32
3.23
3.17
3.08
2.89
2.58
2.18
1.72
1.24
0.79
0.40
0.08
-0.20
-0.50
-0.89
-1.43
-2.12
-2.92
-3.70
-4.37
-4.84
-5.13
-5.35
-5.64
-6.14
-6.87
-7.75
-8.58
-9.13
-9.18
-8.60
-7.34
-5.50
-3.25
-0.85
1.39
3.20
4.41
5.02
5.19
5.18
5.23
5.46
5.85
6.26
6.58
6.77
6.85
6.91
6.95
6.91
6.69
6.21
5.50
4.73
4.07
3.62
3.38
3.22
2.98
2.58
2.04
1.45
0.95
0.57
0.28
-0.03
-0.46
-1.08
-1.83
-2.61
-3.31
-3.86
-4.28
-4.64
-5.03
-5.49
-6.05
-6.70
-7.40
-8.11
-8.75
-9.17
-9.17
-8.59
-7.34
-5.46
-3.15
-0.70
1.64
3.65
5.22
6.36
7.12
7.59
7.86
7.99
8.02
7.93
7.67
7.23
6.66
6.04
5.51
5.15
4.96
4.84
4.68
4.39
3.97
3.54
3.21
3.04
2.96
2.84
2.52
1.92
1.10
0.20
-0.59
-1.17
-1.52
-1.75
-2.01
-2.39
-2.90
-3.48
-4.05
-4.54
-4.95
-5.29
-5.58
-5.84
-6.10
-6.41
-6.81
-7.32
-7.82
-8.13
-7.98
-7.20
-5.74
-3.77
-1.60
0.44
2.12
3.34
4.12
4.55
4.73
4.70
4.50
4.18
3.81
3.45
3.19
3.06
3.05
3.08
3.05
2.87
2.49
1.97
1.42
0.96
0.69
0.61
0.66
0.74
0.77
0.70
0.52
0.21
-0.22
-0.75
-1.37
-1.99
-2.54
-2.97
-3.31
-3.59
-3.88
-4.21
-4.57
-4.96
-5.37
-5.79
-6.13
-6.25
-5.97
-5.14
-3.77
-2.04
-0.21
1.44
2.75
3.71
4.41
4.94
5.35
5.64
5.79
5.83
5.77
5.63
5.43
5.14
4.74
4.25
3.73
3.22
2.78
2.40
2.07
1.80
1.58
1.40
1.23
0.96
0.51
-0.14
-0.91
-1.67
-2.27
-2.68
-2.93
-3.10
-3.24
-3.30
-3.22
-2.97
-2.67
-2.57
-2.89
-3.75
-4.99
-6.28
-7.23
-7.53
-7.11
-6.05
-4.55
-2.81
-0.98
0.83
2.50
3.89
4.88
5.44
5.64
5.69
5.77
5.96
6.21
6.34
6.20
5.74
5.05
4.32
3.72
3.29
2.96
2.63
2.22
1.74
1.29
0.95
0.71
0.49
0.15
-0.37
-1.03
-1.73
-2.37
-2.90
-3.37
-3.86
-4.43
-5.05
-5.62
-6.02
-6.21
-6.24
-6.22
-6.29
-6.54
-6.95
-7.39
-7.69
-7.69
-7.30
-6.52
-5.39
-3.98
-2.39
-0.71
0.91
2.29
3.30
3.87
4.11
4.19
4.32
4.60
4.97
5.25
5.26
4.91
4.29
3.60
3.04
2.70
2.58
2.54
2.48
2.35
2.15
1.92
1.63
1.25
0.73
0.09
-0.59
-1.18
-1.60
-1.88
-2.10
-2.38
-2.80
-3.38
-4.04
-4.71
-5.30
-5.75
-6.04
-6.24
-6.42
-6.73
-7.23
-7.90
-8.60
-9.08
-9.09
-8.46
-7.17
-5.31
-3.14
-0.93
1.04
2.55
3.53
4.03
4.22
4.35
4.59
5.05
5.68
6.31
6.74
6.82
6.51
5.94
5.30
4.78
4.46
4.29
4.17
3.99
3.75
3.49
3.26
3.02
2.69
2.16
1.45
0.65
-0.08
-0.65
-1.09
-1.54
-2.16
-2.99
-3.94
-4.81
-5.40
-5.66
-5.64
-5.50
-5.42
-5.50
-5.81
-6.30
-6.85
-7.28
-7.38
-6.97
-5.95
-4.37
-2.40
-0.32
1.57
3.04
4.01
4.52
4.74
4.85
5.03
5.37
5.82
6.29
6.61
6.68
6.50
6.11
5.64
5.16
4.71
4.31
3.93
3.56
3.22
2.93
2.67
2.39
2.03
1.53
0.89
0.14
-0.66
-1.45
-2.14
-2.70
-3.08
-3.27
-3.33
-3.34
-3.45
-3.78
-4.40
-5.25
-6.19
-7.01
-7.49
-7.47
-6.87
-5.67
-3.99
-2.01
0.03
1.89
3.37
4.38
4.96
5.28
5.50
5.78
6.11
6.40
6.47
6.20
5.58
4.74
3.89
3.24
2.88
2.80
2.87
2.96
2.95
2.82
2.59
2.29
1.93
1.51
0.99
0.36
-0.37
-1.14
-1.85
-2.46
-2.95
-3.33
-3.67
-4.01
-4.37
-4.77
-5.21
-5.73
-6.33
-6.98
-7.53
-7.79
-7.54
-6.65
-5.15
-3.22
-1.16
0.70
2.09
2.93
3.28
3.33
3.34
3.50
3.85
4.29
4.61
4.61
4.24
3.62
2.96
2.52
2.39
2.51
2.69
2.75
2.60
2.30
1.96
1.67
1.42
1.13
0.74
0.26
-0.22
-0.61
-0.87
-1.10
-1.43
-1.94
-2.63
-3.36
-4.00
-4.44
-4.68
-4.82
-4.99
-5.31
-5.81
-6.46
-7.08
-7.46
-7.36
-6.61
-5.23
-3.40
-1.40
0.45
1.98
3.11
3.86
4.32
4.57
4.69
4.81
5.01
5.37
5.82
6.20
6.28
5.93
5.16
4.14
3.15
2.43
2.08
2.05
2.18
2.30
2.26
2.04
1.67
1.26
0.85
0.48
0.09
-0.37
-0.94
-1.61
-2.31
-2.95
-3.49
-3.89
-4.16
-4.33
-4.44
-4.53
-4.71
-5.08
-5.72
-6.62
-7.64
-8.52
-9.00
-8.86
-8.03
-6.57
-4.68
-2.62
-0.69
0.91
2.04
2.72
3.07
3.27
3.48
3.81
4.25
4.74
5.18
5.48
5.60
5.50
5.20
4.74
4.19
3.67
3.24
2.96
2.78
2.61
2.37
2.01
1.57
1.08
0.57
0.06
-0.48
-1.03
-1.57
-2.03
-2.36
-2.57
-2.70
-2.81
-2.98
-3.24
-3.63
-4.17
-4.86
-5.64
-6.42
-7.06
-7.37
-7.21
-6.48
-5.19
-3.45
-1.51
0.33
1.79
2.70
3.08
3.12
3.10
3.23
3.57
4.00
4.28
4.26
3.92
3.44
3.04
2.89
3.00
3.23
3.36
3.25
2.86
2.28
1.67
1.17
0.81
0.53
0.23
-0.14
-0.59
-1.09
-1.56
-1.99
-2.37
-2.70
-3.02
-3.35
-3.70
-4.14
-4.72
-5.47
-6.31
-7.07
-7.53
-7.43
-6.69
-5.34
-3.60
-1.73
0.02
1.48
2.62
3.48
4.12
4.64
5.10
5.53
5.94
6.28
6.48
6.45
6.16
5.64
5.00
4.39
3.95
3.75
3.76
3.86
3.91
3.80
3.48
3.01
2.46
1.92
1.42
0.92
0.37
-0.27
-1.00
-1.78
-2.51
-3.12
-3.57
-3.88
-4.15
-4.47
-4.95
-5.59
-6.39
-7.26
-8.09
-8.71
-8.95
-8.62
-7.57
-5.82
-3.56
-1.14
1.05
2.69
3.71
4.25
4.60
4.99
5.53
6.15
6.74
7.16
7.36
7.38
7.24
6.93
6.43
5.75
4.97
4.21
3.60
3.21
3.02
2.94
2.86
2.69
2.43
2.09
1.70
1.27
0.84
0.41
0.00
-0.41
-0.88
-1.44
-2.11
-2.84
-3.55
-4.15
-4.60
-4.93
-5.23
-5.61
-6.14
-6.82
-7.56
-8.22
-8.58
-8.43
-7.62
-6.15
-4.18
-2.00
0.08
1.79
3.00
3.73
4.12
4.36
4.61
4.97
5.47
6.04
6.55
6.86
6.86
6.55
6.01
5.39
4.84
4.42
4.09
3.77
3.40
2.96
2.54
2.17
1.86
1.55
1.20
0.75
0.27
-0.18
-0.53
-0.79
-1.02
-1.31
-1.72
-2.25
-2.85
-3.44
-3.96
-4.37
-4.69
-5.00
-5.41
-6.02
-6.83
-7.75
-8.54
-8.94
-8.72
-7.80
-6.24
-4.29
-2.22
-0.33
1.18
2.22
2.81
3.04
3.10
3.15
3.32
3.65
4.10
4.53
4.82
4.87
4.63
4.15
3.51
2.85
2.28
1.89
1.66
1.54
1.43
1.26
1.02
0.76
0.56
0.46
0.42
0.37
0.18
-0.24
-0.86
-1.61
-2.35
-2.95
-3.36
-3.56
-3.64
-3.66
-3.71
-3.82
-4.01
-4.27
-4.57
-4.84
-4.92
-4.63
-3.82
-2.48
-0.77
0.97
2.42
3.37
3.86
4.07
4.24
4.50
4.84
5.13
5.24
5.09
4.72
4.23
3.71
3.19
2.69
2.19
1.69
1.24
0.88
0.67
0.62
0.71
0.83
0.86
0.66
0.18
-0.55
-1.38
-2.16
-2.72
-3.01
-3.08
-3.02
-2.99
-3.12
-3.51
-4.24
-5.29
-6.57
-7.88
-8.99
-9.65
-9.72
-9.14
-8.01
-6.47
-4.71
-2.90
-1.20
0.26
1.36
2.08
2.48
2.73
3.00
3.42
4.00
4.62
5.13
5.40
5.40
5.20
4.92
4.65
4.44
4.27
4.11
3.94
3.79
3.69
3.62
3.54
3.34
2.97
2.42
1.77
1.13
0.55
0.03
-0.50
-1.11
-1.84
-2.63
-3.39
-4.03
-4.56
-5.03
-5.55
-6.17
-6.90
-7.68
-8.41
-9.00
-9.31
-9.24
-8.64
-7.40
-5.55
-3.22
-0.72
1.65
3.62
5.09
6.10
6.78
7.26
7.66
8.01
8.30
8.54
8.69
8.74
8.66
8.40
7.91
7.17
6.23
5.21
4.27
3.54
3.07
2.75
2.42
1.92
1.19
0.37
-0.35
-0.81
-0.98
-1.00
-1.09
-1.44
-2.08
-2.90
-3.75
-4.47
-5.03
-5.49
-5.95
-6.48
-7.11
-7.80
-8.48
-9.06
-9.41
-9.41
-8.94
-7.88
-6.24
-4.14
-1.81
0.41
2.24
3.52
4.30
4.80
5.28
5.93
6.79
7.68
8.35
8.58
8.31
7.65
6.78
5.87
5.03
4.26
3.51
2.77
2.06
1.42
0.87
0.40
-0.02
-0.43
-0.82
-1.19
-1.53
-1.91
-2.37
-2.97
-3.67
-4.35
-4.88
-5.13
-5.08
-4.85
-4.61
-4.56
-4.81
-5.37
-6.15
-6.99
-7.68
-8.02
-7.82
-6.94
-5.37
-3.25
-0.86
1.45
3.39
4.80
5.68
6.17
6.44
6.63
6.80
6.93
7.00
6.94
6.73
6.39
5.98
5.58
5.27
5.06
4.89
4.66
4.26
3.70
3.05
2.43
1.90
1.45
0.97
0.37
-0.40
-1.29
-2.19
-2.98
-3.59
-4.03
-4.31
-4.51
-4.68
-4.93
-5.33
-5.99
-6.91
-7.98
-8.95
-9.48
-9.24
-8.12
-6.21
-3.87
-1.51
0.49
1.97
2.98
3.70
4.33
4.97
5.59
6.11
6.47
6.64
6.63
6.48
6.22
5.87
5.43
4.91
4.36
3.83
3.40
3.12
3.02
3.08
3.18
3.20
2.99
2.47
1.66
0.68
-0.26
-0.97
-1.37
-1.46
-1.38
-1.34
-1.52
-2.04
-2.87
-3.96
-5.18
-6.43
-7.57
-8.48
-8.97
-8.83
-7.96
-6.38
-4.30
-2.06
-0.04
1.52
2.53
3.11
3.47
3.83
4.33
4.99
5.74
6.43
6.92
7.11
6.99
6.59
5.99
5.28
4.57
3.93
3.41
3.05
2.83
2.72
2.65
2.52
2.26
1.86
1.36
0.87
0.48
0.22
0.04
-0.18
-0.58
-1.22
-2.07
-2.98
-3.77
-4.33
-4.63
-4.80
-4.99
-5.37
-6.03
-6.90
-7.85
-8.62
-8.97
-8.75
-7.89
-6.46
-4.64
-2.63
-0.62
1.22
2.79
4.02
4.89
5.44
5.77
5.97
6.15
6.36
6.55
6.62
6.47
6.04
5.36
4.54
3.70
2.92
2.29
1.81
1.49
1.34
1.31
1.34
1.35
1.22
0.91
0.44
-0.12
-0.69
-1.25
-1.82
-2.43
-3.10
-3.75
-4.28
-4.60
-4.69
-4.67
-4.70
-4.95
-5.51
-6.39
-7.47
-8.57
-9.48
-9.97
-9.87
-9.10
-7.73
-5.94
-3.97
-2.07
-0.40
0.98
2.09
2.98
3.70
4.32
4.84
5.27
5.57
5.70
5.61
5.28
4.78
4.22
3.72
3.38
3.18
3.02
2.82
2.52
2.17
1.87
1.67
1.60
1.54
1.38
0.98
0.36
-0.40
-1.13
-1.73
-2.17
-2.50
-2.81
-3.17
-3.62
-4.12
-4.65
-5.17
-5.67
-6.11
-6.41
-6.46
-6.17
-5.45
-4.29
-2.79
-1.15
0.42
1.73
2.70
3.39
3.89
4.31
4.65
4.86
4.88
4.72
4.47
4.27
4.20
4.28
4.35
4.28
3.97
3.43
2.81
2.27
1.94
1.82
1.81
1.78
1.63
1.28
0.72
0.01
-0.79
-1.62
-2.41
-3.14
-3.81
-4.44
-5.06
-5.67
-6.28
-6.89
-7.48
-8.00
-8.36
-8.40
-7.95
-6.91
-5.30
-3.33
-1.32
0.40
1.66
2.44
2.94
3.39
3.98
4.77
5.67
6.48
7.04
7.24
7.09
6.66
6.08
5.44
4.81
4.26
3.80
3.48
3.34
3.32
3.33
3.24
2.96
2.48
1.87
1.22
0.59
-0.04
-0.74
-1.54
-2.38
-3.14
-3.70
-4.00
-4.14
-4.30
-4.67
-5.33
-6.27
-7.32
-8.29
-9.00
-9.29
-9.06
-8.27
-6.92
-5.13
-3.05
-0.93
1.01
2.57
3.67
4.33
4.69
4.94
5.24
5.66
6.16
6.62
6.92
6.97
6.81
6.51
6.14
5.72
5.27
4.80
4.34
3.93
3.64
3.46
3.33
3.15
2.83
2.34
1.72
1.04
0.36
-0.30
-0.94
-1.60
-2.29
-3.01
-3.73
-4.42
-5.05
-5.60
-6.11
-6.64
-7.21
-7.84
-8.45
-8.91
-9.07
-8.78
-7.98
-6.69
-5.02
-3.15
-1.24
0.55
2.12
3.41
4.43
5.19
5.72
6.06
6.22
6.24
6.14
5.94
5.62
5.21
4.71
4.18
3.66
3.20
2.83
2.52
2.22
1.88
1.48
1.03
0.56
0.07
-0.41
-0.89
-1.35
-1.77
-2.13
-2.42
-2.64
-2.80
-2.91
-3.02
-3.19
-3.49
-3.98
-4.65
-5.43
-6.15
-6.62
-6.62
-6.07
-5.01
-3.63
-2.14
-0.72
0.53
1.64
2.66
3.59
4.39
4.98
5.35
5.54
5.63
5.67
5.64
5.46
5.06
4.45
3.75
3.13
2.72
2.54
2.52
2.52
2.45
2.30
2.10
1.87
1.57
1.12
0.46
-0.39
-1.31
-2.13
-2.72
-3.06
-3.25
-3.47
-3.82
-4.36
-5.07
-5.89
-6.74
-7.53
-8.13
-8.37
-8.12
-7.29
-5.93
-4.18
-2.24
-0.33
1.35
2.67
3.62
4.23
4.65
5.04
5.48
5.96
6.39
6.61
6.54
6.19
5.66
5.06
4.49
3.98
3.55
3.18
2.89
2.67
2.48
2.25
1.93
1.50
0.99
0.46
-0.07
-0.60
-1.17
-1.78
-2.40
-2.95
-3.35
-3.60
-3.75
-3.90
-4.15
-4.53
-5.09
-5.78
-6.58
-7.42
-8.19
-8.73
-8.84
-8.36
-7.21
-5.48
-3.43
-1.37
0.38
1.66
2.45
2.93
3.30
3.73
4.30
4.94
5.53
5.95
6.17
6.21
6.11
5.93
5.65
5.27
4.81
4.35
3.99
3.82
3.78
3.74
3.53
3.03
2.25
1.35
0.53
-0.08
-0.49
-0.77
-1.08
-1.50
-2.06
-2.72
-3.39
-4.01
-4.50
-4.81
-4.92
-4.90
-4.91
-5.16
-5.83
-6.96
-8.35
-9.64
-10.37
-10.20
-9.02
-7.00
-4.50
-1.99
0.17
1.80
2.89
3.57
4.04
4.47
4.99
5.68
6.51
7.39
8.13
8.55
8.49
7.92
6.94
5.75
4.59
3.64
2.99
2.62
2.46
2.45
2.47
2.44
2.22
1.72
0.89
-0.17
-1.27
-2.20
-2.80
-3.10
-3.25
-3.43
-3.75
-4.22
-4.73
-5.15
-5.41
-5.48
-5.43
-5.35
-5.33
-5.49
-5.92
-6.67
-7.63
-8.60
-9.24
-9.27
-8.51
-7.02
-5.05
-2.93
-0.96
0.66
1.89
2.78
3.42
3.91
4.32
4.70
5.08
5.45
5.79
6.01
6.05
5.87
5.50
5.04
4.56
4.16
3.83
3.56
3.28
2.95
2.56
2.14
1.76
1.44
1.21
1.01
0.72
0.24
-0.47
-1.34
-2.25
-3.02
-3.55
-3.80
-3.87
-3.89
-4.02
-4.36
-4.94
-5.71
-6.54
-7.23
-7.56
-7.35
-6.51
-5.08
-3.24
-1.24
0.65
2.23
3.42
4.26
4.83
5.25
5.60
5.92
6.19
6.41
6.52
6.49
6.27
5.85
5.27
4.58
3.86
3.19
2.60
2.12
1.75
1.50
1.35
1.26
1.14
0.89
0.48
-0.07
-0.70
-1.35
-1.98
-2.58
-3.16
-3.69
-4.15
-4.53
-4.88
-5.27
-5.80
-6.47
-7.19
-7.81
-8.14
-8.06
-7.50
-6.50
-5.10
-3.42
-1.57
0.32
2.06
3.53
4.60
5.25
5.56
5.66
5.72
5.88
6.15
6.47
6.72
6.78
6.61
6.26
5.80
5.32
4.84
4.38
3.93
3.51
3.18
2.93
2.77
2.60
2.32
1.87
1.26
0.53
-0.23
-0.96
-1.63
-2.24
-2.79
-3.28
-3.73
-4.14
-4.56
-5.04
-5.63
-6.37
-7.23
-8.13
-8.90
-9.30
-9.12
-8.23
-6.67
-4.63
-2.42
-0.34
1.40
2.72
3.62
4.21
4.60
4.93
5.31
5.83
6.50
7.18
7.68
7.80
7.48
6.78
5.92
5.12
4.53
4.16
3.89
3.60
3.21
2.74
2.30
1.98
1.80
1.67
1.44
0.97
0.24
-0.66
-1.52
-2.15
-2.47
-2.53
-2.51
-2.57
-2.77
-3.11
-3.52
-3.98
-4.54
-5.29
-6.28
-7.44
-8.58
-9.38
-9.58
-9.04
-7.77
-6.01
-4.05
-2.18
-0.56
0.78
1.94
3.01
4.03
4.98
5.78
6.39
6.81
7.09
7.26
7.30
7.17
6.82
6.26
5.52
4.73
4.00
3.41
2.99
2.69
2.43
2.14
1.77
1.36
0.96
0.65
0.46
0.32
0.13
-0.23
-0.83
-1.65
-2.58
-3.46
-4.14
-4.54
-4.67
-4.66
-4.71
-4.98
-5.56
-6.39
-7.28
-7.97
-8.24
-7.98
-7.23
-6.08
-4.70
-3.19
-1.64
-0.14
1.21
2.30
3.06
3.53
3.83
4.12
4.47
4.85
5.10
5.05
4.65
3.98
3.28
2.77
2.57
2.64
2.83
2.95
2.91
2.71
2.42
2.14
1.88
1.59
1.17
0.53
-0.33
-1.34
-2.33
-3.13
-3.63
-3.83
-3.79
-3.68
-3.63
-3.71
-3.95
-4.32
-4.79
-5.33
-5.83
-6.17
-6.14
-5.59
-4.49
-2.96
-1.29
0.25
1.46
2.30
2.86
3.26
3.62
3.96
4.29
4.59
4.83
5.00
5.07
5.01
4.80
4.46
4.02
3.50
2.90
2.22
1.48
0.75
0.13
-0.28
-0.43
-0.38
-0.27
-0.25
-0.46
-0.94
-1.62
-2.38
-3.07
-3.62
-4.03
-4.38
-4.76
-5.22
-5.79
-6.40
-7.00
-7.52
-7.86
-7.89
-7.49
-6.55
-5.13
-3.39
-1.62
-0.06
1.15
2.09
2.93
3.84
4.89
6.00
6.99
7.65
7.90
7.75
7.31
6.73
6.09
5.42
4.74
4.05
3.41
2.90
2.57
2.41
2.36
2.29
2.10
1.72
1.15
0.47
-0.23
-0.89
-1.48
-2.02
-2.54
-3.04
-3.53
-4.00
-4.44
-4.87
-5.31
-5.75
-6.22
-6.74
-7.36
-8.12
-8.99
-9.79
-10.23
-10.00
-8.92
-7.04
-4.67
-2.25
-0.17
1.40
2.50
3.31
3.99
4.65
5.30
5.90
6.46
6.98
7.45
7.79
7.91
7.72
7.21
6.46
5.66
4.96
4.47
4.17
3.94
3.66
3.25
2.70
2.10
1.53
1.07
0.72
0.43
0.15
-0.17
-0.58
-1.10
-1.73
-2.43
-3.15
-3.81
-4.35
-4.72
-4.95
-5.14
-5.41
-5.91
-6.72
-7.79
-8.98
-9.98
-10.48
-10.20
-9.03
-7.10
-4.74
-2.34
-0.26
1.29
2.33
2.98
3.46
3.97
4.61
5.40
6.29
7.14
7.81
8.20
8.23
7.95
7.41
6.72
5.98
5.29
4.69
4.24
3.92
3.71
3.55
3.35
3.03
2.57
1.97
1.34
0.77
0.36
0.07
-0.18
-0.51
-1.00
-1.66
-2.38
-3.07
-3.67
-4.22
-4.79
-5.43
-6.13
-6.80
-7.38
-7.85
-8.27
-8.66
-8.99
-9.09
-8.73
-7.75
-6.13
-4.06
-1.86
0.12
1.65
2.70
3.36
3.85
4.33
4.88
5.48
6.02
6.39
6.53
6.41
6.07
5.53
4.89
4.24
3.68
3.31
3.18
3.26
3.42
3.53
3.46
3.18
2.73
2.20
1.66
1.16
0.67
0.17
-0.36
-0.89
-1.40
-1.84
-2.20
-2.51
-2.83
-3.22
-3.71
-4.29
-4.92
-5.58
-6.24
-6.84
-7.31
-7.50
-7.24
-6.42
-5.03
-3.20
-1.20
0.67
2.17
3.26
4.00
4.56
5.09
5.61
6.08
6.39
6.44
6.20
5.69
5.03
4.33
3.69
3.21
2.90
2.72
2.62
2.54
2.42
2.23
1.97
1.64
1.24
0.82
0.39
0.00
-0.32
-0.59
-0.84
-1.12
-1.47
-1.93
-2.49
-3.15
-3.86
-4.56
-5.20
-5.76
-6.27
-6.78
-7.28
-7.67
-7.76
-7.32
-6.21
-4.45
-2.29
-0.10
1.75
3.01
3.66
3.89
4.01
4.27
4.83
5.64
6.48
7.13
7.40
7.22
6.68
5.94
5.15
4.41
3.77
3.24
2.83
2.55
2.39
2.34
2.34
2.31
2.18
1.91
1.49
0.95
0.34
-0.29
-0.90
-1.45
-1.93
-2.34
-2.68
-2.96
-3.22
-3.53
-3.98
-4.60
-5.41
-6.37
-7.40
-8.39
-9.22
-9.77
-9.93
-9.58
-8.65
-7.13
-5.14
-2.91
-0.73
1.08
2.35
3.06
3.36
3.55
3.91
4.63
5.70
6.91
7.94
8.49
8.42
7.78
6.79
5.72
4.81
4.16
3.76
3.51
3.32
3.11
2.87
2.61
2.32
1.99
1.57
1.06
0.52
0.04
-0.31
-0.52
-0.69
-0.99
-1.54
-2.39
-3.45
-4.53
-5.42
-6.00
-6.26
-6.31
-6.34
-6.53
-6.98
-7.74
-8.71
-9.71
-10.46
-10.68
-10.17
-8.86
-6.85
-4.39
-1.79
0.62
2.59
4.00
4.83
5.21
5.33
5.43
5.69
6.18
6.87
7.63
8.25
8.55
8.41
7.85
6.97
5.97
5.05
4.35
3.94
3.81
3.84
3.92
3.87
3.55
2.90
1.95
0.87
-0.16
-0.93
-1.42
-1.68
-1.92
-2.28
-2.81
-3.46
-4.06
-4.49
-4.74
-4.89
-5.11
-5.55
-6.28
-7.27
-8.40
-9.50
-10.35
-10.73
-10.45
-9.41
-7.67
-5.39
-2.90
-0.53
1.46
2.92
3.89
4.47
4.80
5.03
5.21
5.36
5.49
5.58
5.59
5.50
5.29
4.96
4.58
4.23
3.98
3.84
3.76
3.64
3.39
2.96
2.37
1.70
1.08
0.59
0.27
0.07
-0.09
-0.34
-0.76
-1.36
-2.12
-2.95
-3.73
-4.38
-4.89
-5.31
-5.78
-6.42
-7.23
-8.08
-8.67
-8.71
-7.98
-6.50
-4.48
-2.23
-0.04
1.92
3.57
4.87
5.80
6.28
6.31
5.99
5.48
4.98
4.63
4.45
4.38
4.33
4.23
4.05
3.78
3.40
2.92
2.39
1.90
1.54
1.36
1.29
1.20
0.95
0.48
-0.17
-0.93
-1.69
-2.35
-2.87
-3.23
-3.43
-3.54
-3.68
-4.05
-4.81
-5.96
-7.29
-8.44
-9.00
-8.74
-7.67
-6.03
-4.17
-2.38
-0.79
0.62
1.91
3.12
4.16
4.98
5.53
5.89
6.18
6.51
6.91
7.28
7.48
7.37
6.91
6.18
5.33
4.53
3.91
3.53
3.33
3.20
3.03
2.71
2.21
1.55
0.82
0.04
-0.72
-1.47
-2.18
-2.80
-3.30
-3.67
-3.96
-4.26
-4.68
-5.29
-6.10
-7.05
-8.06
-9.01
-9.74
-10.06
-9.77
-8.75
-7.04
-4.81
-2.37
-0.09
1.77
3.12
4.00
4.57
5.04
5.54
6.14
6.79
7.41
7.85
8.00
7.82
7.33
6.67
6.00
5.44
5.03
4.74
4.46
4.10
3.60
2.99
2.33
1.72
1.20
0.81
0.54
0.34
0.14
-0.13
-0.57
-1.23
-2.10
-3.09
-4.06
-4.86
-5.42
-5.73
-5.90
-6.09
-6.46
-7.07
-7.88
-8.72
-9.35
-9.53
-9.10
-8.04
-6.43
-4.49
-2.40
-0.36
1.51
3.13
4.48
5.53
6.31
6.86
7.23
7.52
7.76
7.98
8.11
8.08
7.80
7.23
6.41
5.42
4.42
3.55
2.92
2.58
2.49
2.54
2.59
2.50
2.15
1.55
0.77
-0.06
-0.80
-1.39
-1.83
-2.20
-2.59
-3.05
-3.57
-4.09
-4.55
-4.95
-5.31
-5.69
-6.14
-6.71
-7.40
-8.18
-8.93
-9.49
-9.62
-9.13
-7.94
-6.14
-4.03
-1.95
-0.22
1.05
1.91
2.54
3.10
3.64
4.13
4.51
4.76
4.93
5.06
5.18
5.24
5.17
4.90
4.44
3.86
3.27
2.73
2.27
1.85
1.41
0.93
0.47
0.07
-0.21
-0.38
-0.52
-0.68
-0.94
-1.25
-1.57
-1.85
-2.09
-2.37
-2.79
-3.42
-4.23
-5.14
-6.01
-6.73
-7.23
-7.48
-7.42
-6.99
-6.11
-4.77
-3.07
-1.21
0.53
1.98
3.06
3.87
4.55
5.20
5.83
6.33
6.59
6.55
6.25
5.80
5.28
4.76
4.25
3.75
3.28
2.91
2.66
2.52
2.44
2.33
2.10
1.71
1.16
0.49
-0.27
-1.10
-1.96
-2.81
-3.57
-4.17
-4.57
-4.84
-5.07
-5.38
-5.88
-6.58
-7.42
-8.26
-8.92
-9.22
-8.98
-8.08
-6.56
-4.56
-2.39
-0.37
1.25
2.38
3.13
3.69
4.24
4.87
5.55
6.22
6.80
7.24
7.53
7.61
7.46
7.04
6.35
5.47
4.52
3.66
3.00
2.61
2.45
2.40
2.32
2.06
1.58
0.92
0.20
-0.47
-1.04
-1.54
-2.07
-2.72
-3.48
-4.25
-4.84
-5.15
-5.19
-5.12
-5.18
-5.54
-6.27
-7.26
-8.29
-9.11
-9.49
-9.27
-8.34
-6.75
-4.66
-2.31
-0.04
1.90
3.33
4.27
4.87
5.32
5.83
6.47
7.20
7.88
8.33
8.39
8.03
7.33
6.46
5.61
4.92
4.42
4.10
3.86
3.64
3.41
3.15
2.86
2.53
2.12
1.59
0.98
0.34
-0.24
-0.70
-1.06
-1.42
-1.87
-2.48
-3.22
-3.97
-4.59
-5.01
-5.28
-5.55
-5.98
-6.64
-7.49
-8.37
-9.05
-9.30
-8.93
-7.88
-6.19
-4.08
-1.86
0.17
1.76
2.85
3.52
3.94
4.28
4.66
5.15
5.74
6.38
6.99
7.45
7.61
7.37
6.71
5.71
4.58
3.54
2.74
2.22
1.90
1.66
1.40
1.08
0.70
0.28
-0.16
-0.64
-1.14
-1.67
-2.19
-2.67
-3.08
-3.43
-3.73
-4.01
-4.28
-4.58
-4.90
-5.29
-5.78
-6.41
-7.16
-7.95
-8.56
-8.73
-8.25
-7.08
-5.37
-3.42
-1.55
0.05
1.39
2.58
3.76
4.92
5.94
6.64
6.89
6.69
6.19
5.63
5.18
4.96
4.96
5.09
5.20
5.15
4.83
4.24
3.45
2.60
1.84
1.30
1.02
0.97
1.01
0.98
0.73
0.19
-0.60
-1.47
-2.29
-2.93
-3.41
-3.85
-4.38
-5.10
-5.99
-6.93
-7.73
-8.21
-8.22
-7.75
-6.83
-5.53
-3.99
-2.31
-0.64
0.93
2.31
3.43
4.27
4.85
5.25
5.54
5.81
6.10
6.39
6.62
6.72
6.60
6.25
5.73
5.12
4.57
4.14
3.83
3.56
3.19
2.66
1.98
1.23
0.49
-0.16
-0.71
-1.21
-1.72
-2.28
-2.87
-3.44
-3.92
-4.29
-4.55
-4.80
-5.18
-5.83
-6.80
-7.98
-9.11
-9.84
-9.86
-9.06
-7.52
-5.49
-3.31
-1.23
0.59
2.10
3.32
4.30
5.08
5.68
6.17
6.60
7.00
7.38
7.70
7.86
7.79
7.45
6.87
6.16
5.45
4.86
4.43
4.14
3.90
3.61
3.18
2.58
1.81
0.95
0.06
-0.81
-1.62
-2.35
-2.98
-3.48
-3.86
-4.15
-4.42
-4.77
-5.26
-5.85
-6.44
-6.92
-7.25
-7.52
-7.86
-8.39
-9.10
-9.80
-10.16
-9.88
-8.83
-7.05
-4.80
-2.40
-0.15
1.77
3.27
4.39
5.21
5.80
6.27
6.69
7.13
7.59
7.99
8.23
8.18
7.81
7.12
6.25
5.34
4.57
4.02
3.71
3.57
3.49
3.35
3.10
2.71
2.25
1.79
1.37
0.95
0.48
-0.16
-0.99
-1.96
-2.93
-3.76
-4.36
-4.74
-4.99
-5.23
-5.55
-5.96
-6.41
-6.87
-7.35
-7.87
-8.49
-9.16
-9.77
-10.07
-9.79
-8.75
-6.90
-4.43
-1.69
0.91
3.03
4.52
5.45
6.03
6.48
6.95
7.47
7.90
8.12
8.03
7.68
7.18
6.67
6.25
5.91
5.59
5.20
4.71
4.15
3.60
3.10
2.69
2.29
1.85
1.32
0.71
0.08
-0.52
-1.06
-1.58
-2.16
-2.84
-3.62
-4.41
-5.11
-5.65
-6.05
-6.36
-6.69
-7.06
-7.47
-7.88
-8.24
-8.53
-8.69
-8.62
-8.15
-7.14
-5.51
-3.39
-1.05
1.16
2.94
4.17
4.95
5.44
5.84
6.26
6.67
7.00
7.13
7.02
6.67
6.14
5.52
4.87
4.25
3.72
3.32
3.07
2.95
2.91
2.83
2.65
2.32
1.84
1.27
0.67
0.04
-0.63
-1.37
-2.16
-2.91
-3.52
-3.92
-4.12
-4.23
-4.37
-4.68
-5.19
-5.88
-6.63
-7.30
-7.73
-7.75
-7.23
-6.08
-4.34
-2.17
0.19
2.43
4.31
5.65
6.46
6.82
6.89
6.80
6.61
6.35
5.99
5.55
5.09
4.70
4.41
4.24
4.10
3.93
3.64
3.20
2.64
2.01
1.40
0.87
0.47
0.18
-0.08
-0.43
-0.96
-1.72
-2.62
-3.53
-4.32
-4.93
-5.42
-5.86
-6.32
-6.81
-7.29
-7.74
-8.17
-8.59
-8.95
-9.13
-8.92
-8.13
-6.70
-4.73
-2.49
-0.26
1.73
3.37
4.64
5.59
6.26
6.67
6.85
6.88
6.83
6.79
6.80
6.84
6.83
6.70
6.38
5.87
5.22
4.53
3.90
3.36
2.90
2.46
2.01
1.52
1.02
0.52
-0.01
-0.60
-1.29
-2.07
-2.87
-3.58
-4.13
-4.53
-4.82
-5.09
-5.38
-5.69
-6.02
-6.40
-6.90
-7.60
-8.50
-9.47
-10.30
-10.66
-10.32
-9.15
-7.21
-4.72
-2.03
0.50
2.60
4.13
5.13
5.73
6.13
6.47
6.84
7.23
7.60
7.92
8.14
8.24
8.19
7.96
7.59
7.13
6.64
6.16
5.66
5.11
4.45
3.72
2.97
2.27
1.65
1.04
0.35
-0.44
-1.29
-2.08
-2.67
-3.05
-3.30
-3.54
-3.90
-4.35
-4.82
-5.19
-5.42
-5.55
-5.74
-6.15
-6.92
-8.01
-9.25
-10.32
-10.86
-10.62
-9.48
-7.58
-5.17
-2.57
-0.06
2.18
4.03
5.43
6.34
6.77
6.83
6.71
6.61
6.67
6.87
7.09
7.16
6.97
6.51
5.87
5.15
4.44
3.82
3.34
3.04
2.94
2.95
2.95
2.79
2.41
1.86
1.25
0.70
0.25
-0.16
-0.62
-1.18
-1.82
-2.48
-3.11
-3.67
-4.21
-4.74
-5.25
-5.68
-6.01
-6.26
-6.54
-6.95
-7.55
-8.25
-8.88
-9.20
-9.02
-8.24
-6.91
-5.14
-3.11
-0.99
1.05
2.83
4.19
5.05
5.43
5.46
5.35
5.27
5.32
5.49
5.66
5.70
5.54
5.19
4.76
4.36
4.03
3.79
3.57
3.31
2.99
2.65
2.35
2.14
1.97
1.77
1.42
0.86
0.11
-0.76
-1.63
-2.42
-3.06
-3.55
-3.88
-4.10
-4.28
-4.48
-4.83
-5.41
-6.23
-7.20
-8.10
-8.59
-8.37
-7.30
-5.42
-3.02
-0.52
1.72
3.45
4.64
5.43
6.01
6.50
6.94
7.24
7.32
7.11
6.68
6.14
5.64
5.26
4.98
4.71
4.35
3.87
3.36
2.93
2.68
2.58
2.49
2.21
1.62
0.70
-0.42
-1.55
-2.50
-3.18
-3.60
-3.84
-4.03
-4.27
-4.66
-5.21
-5.93
-6.78
-7.71
-8.66
-9.53
-10.19
-10.50
-10.28
-9.42
-7.89
-5.82
-3.44
-1.04
1.15
2.94
4.31
5.29
6.00
6.52
6.92
7.24
7.48
7.65
7.74
7.77
7.72
7.53
7.15
6.53
5.72
4.85
4.09
3.56
3.26
3.07
2.82
2.37
1.71
0.90
0.05
-0.78
-1.55
-2.23
-2.80
-3.20
-3.43
-3.52
-3.60
-3.77
-4.14
-4.68
-5.35
-6.06
-6.77
-7.49
-8.21
-8.92
-9.53
-9.88
-9.77
-9.02
-7.56
-5.45
-2.90
-0.22
2.26
4.31
5.83
6.84
7.46
7.81
7.97
7.97
7.85
7.62
7.37
7.15
7.01
6.93
6.86
6.77
6.62
6.45
6.25
6.04
5.77
5.40
4.88
4.18
3.32
2.30
1.18
0.03
-1.06
-2.01
-2.76
-3.34
-3.86
-4.43
-5.11
-5.82
-6.42
-6.76
-6.78
-6.59
-6.41
-6.48
-6.96
-7.88
-9.07
-10.26
-11.10
-11.29
-10.63
-9.09
-6.80
-4.06
-1.20
1.42
3.55
5.08
6.03
6.50
6.67
6.68
6.62
6.53
6.38
6.14
5.81
5.44
5.10
4.84
4.63
4.40
4.09
3.69
3.26
2.87
2.54
2.21
1.77
1.14
0.32
-0.59
-1.47
-2.19
-2.76
-3.20
-3.59
-3.97
-4.30
-4.54
-4.64
-4.63
-4.59
-4.64
-4.87
-5.34
-5.96
-6.59
-6.99
-6.95
-6.33
-5.10
-3.40
-1.44
0.54
2.30
3.74
4.80
5.51
5.95
6.22
6.36
6.40
6.32
6.10
5.71
5.15
4.50
3.85
3.30
2.93
2.74
2.67
2.64
2.58
2.47
2.28
1.99
1.55
0.90
0.04
-0.99
-2.04
-2.97
-3.65
-4.06
-4.26
-4.40
-4.61
-4.95
-5.46
-6.10
-6.86
-7.71
-8.59
-9.37
-9.83
-9.70
-8.81
-7.12
-4.81
-2.22
0.25
2.30
3.81
4.80
5.43
5.89
6.30
6.74
7.20
7.63
7.94
8.08
7.99
7.66
7.12
6.43
5.65
4.87
4.19
3.66
3.30
3.04
2.75
2.30
1.58
0.63
-0.44
-1.46
-2.31
-2.93
-3.38
-3.74
-4.12
-4.56
-5.05
-5.58
-6.12
-6.68
-7.29
-7.93
-8.58
-9.16
-9.54
-9.59
-9.20
-8.30
-6.88
-4.99
-2.75
-0.37
1.91
3.87
5.39
6.51
7.35
8.02
8.57
8.93
8.99
8.70
8.11
7.41
6.80
6.35
6.01
5.65
5.16
4.55
3.93
3.48
3.28
3.31
3.41
3.35
2.99
2.31
1.44
0.58
-0.13
-0.66
-1.09
-1.58
-2.20
-2.93
-3.66
-4.25
-4.68
-5.01
-5.36
-5.82
-6.37
-6.93
-7.43
-7.92
-8.51
-9.34
-10.37
-11.38
-12.00
-11.89
-10.85
-8.95
-6.45
-3.68
-0.96
1.48
3.50
5.02
6.04
6.64
7.01
7.33
7.78
8.38
9.05
9.59
9.86
9.74
9.25
8.48
7.59
6.70
5.94
5.37
5.02
4.82
4.66
4.40
3.94
3.25
2.42
1.60
0.89
0.30
-0.23
-0.81
-1.52
-2.31
-3.08
-3.73
-4.23
-4.67
-5.15
-5.74
-6.38
-6.96
-7.38
-7.65
-7.89
-8.28
-8.93
-9.79
-10.63
-11.12
-10.96
-9.96
-8.19
-5.85
-3.26
-0.74
1.49
3.29
4.62
5.54
6.10
6.42
6.60
6.71
6.81
6.89
6.94
6.90
6.73
6.40
5.88
5.22
4.47
3.71
3.04
2.52
2.16
1.92
1.73
1.53
1.28
1.02
0.77
0.53
0.26
-0.13
-0.69
-1.43
-2.27
-3.08
-3.75
-4.22
-4.57
-4.91
-5.39
-6.05
-6.85
-7.64
-8.25
-8.50
-8.27
-7.53
-6.31
-4.68
-2.72
-0.56
1.67
3.77
5.53
6.76
7.36
7.38
7.00
6.46
5.96
5.57
5.23
4.88
4.49
4.14
3.95
3.99
4.18
4.33
4.21
3.76
3.04
2.24
1.57
1.12
0.80
0.47
-0.03
-0.74
-1.60
-2.48
-3.27
-3.93
-4.48
-5.00
-5.53
-6.07
-6.62
-7.19
-7.79
-8.43
-9.06
-9.55
-9.71
-9.33
-8.30
-6.64
-4.51
-2.19
0.08
2.08
3.73
5.05
6.08
6.87
7.47
7.90
8.18
8.33
8.41
8.42
8.29
7.92
7.24
6.25
5.09
3.99
3.19
2.79
2.78
2.95
3.11
3.06
2.73
2.13
1.33
0.37
-0.69
-1.79
-2.81
-3.64
-4.19
-4.44
-4.49
-4.46
-4.49
-4.66
-4.99
-5.46
-6.06
-6.80
-7.69
-8.71
-9.74
-10.55
-10.90
-10.55
-9.40
-7.51
-5.10
-2.50
-0.05
2.04
3.68
4.91
5.87
6.66
7.33
7.89
8.31
8.58
8.69
8.64
8.41
7.97
7.31
6.50
5.64
4.85
4.22
3.78
3.51
3.39
3.39
3.45
3.46
3.26
2.75
1.91
0.83
-0.29
-1.28
-2.09
-2.75
-3.36
-3.99
-4.63
-5.24
-5.75
-6.17
-6.57
-7.02
-7.56
-8.19
-8.86
-9.52
-10.08
-10.49
-10.61
-10.32
-9.52
-8.11
-6.13
-3.69
-0.99
1.67
3.98
5.72
6.78
7.27
7.43
7.52
7.72
8.02
8.30
8.38
8.19
7.79
7.31
6.86
6.48
6.12
5.69
5.18
4.64
4.17
3.85
3.66
3.48
3.19
2.70
2.02
1.21
0.38
-0.38
-1.06
-1.69
-2.31
-3.00
-3.77
-4.59
-5.38
-6.00
-6.31
-6.28
-6.01
-5.72
-5.69
-6.11
-7.02
-8.27
-9.60
-10.75
-11.49
-11.66
-11.17
-9.93
-7.98
-5.46
-2.68
0.03
2.35
4.11
5.32
6.15
6.74
7.21
7.55
7.70
7.60
7.25
6.70
6.07
5.49
5.04
4.74
4.54
4.36
4.12
3.79
3.40
3.02
2.70
2.42
2.10
1.64
0.96
0.07
-0.94
-1.92
-2.72
-3.28
-3.57
-3.63
-3.56
-3.46
-3.48
-3.75
-4.35
-5.29
-6.44
-7.63
-8.62
-9.20
-9.23
-8.61
-7.35
-5.49
-3.18
-0.63
1.85
3.99
5.57
6.52
6.95
7.08
7.11
7.18
7.31
7.42
7.37
7.09
6.54
5.78
4.92
4.09
3.43
3.02
2.89
2.97
3.12
3.17
2.99
2.56
1.92
1.16
0.37
-0.41
-1.19
-1.95
-2.64
-3.22
-3.66
-4.01
-4.33
-4.70
-5.18
-5.76
-6.44
-7.27
-8.29
-9.48
-10.68
-11.54
-11.67
-10.76
-8.78
-6.01
-2.91
-0.01
2.32
3.96
5.00
5.65
6.12
6.52
6.89
7.20
7.40
7.49
7.49
7.45
7.42
7.38
7.28
7.03
6.57
5.89
5.07
4.28
3.66
3.24
3.00
2.78
2.46
1.91
1.16
0.27
-0.64
-1.49
-2.24
-2.90
-3.46
-3.94
-4.34
-4.64
-4.88
-5.11
-5.37
-5.73
-6.23
-6.90
-7.75
-8.75
-9.84
-10.86
-11.57
-11.72
-11.10
-9.61
-7.38
-4.67
-1.83
0.79
2.97
4.61
5.77
6.59
7.22
7.79
8.33
8.81
9.17
9.34
9.29
9.04
8.59
7.97
7.20
6.36
5.54
4.84
4.31
3.95
3.70
3.48
3.25
2.95
2.54
1.99
1.25
0.35
-0.60
-1.45
-2.11
-2.53
-2.79
-3.01
-3.31
-3.74
-4.25
-4.79
-5.29
-5.75
-6.21
-6.74
-7.41
-8.23
-9.12
-9.92
-10.42
-10.45
-9.93
-8.87
-7.38
-5.56
-3.51
-1.33
0.82
2.75
4.28
5.34
6.00
6.46
6.88
7.35
7.76
7.94
7.75
7.22
6.54
5.93
5.55
5.38
5.27
5.05
4.63
4.06
3.46
2.94
2.54
2.20
1.80
1.25
0.55
-0.20
-0.86
-1.31
-1.52
-1.59
-1.71
-2.07
-2.75
-3.64
-4.53
-5.17
-5.47
-5.47
-5.39
-5.49
-5.95
-6.80
-7.93
-9.10
-10.05
-10.54
-10.38
-9.45
-7.76
-5.44
-2.76
-0.04
2.39
4.31
5.68
6.58
7.16
7.56
7.84
7.99
7.95
7.69
7.22
6.61
5.96
5.35
4.85
4.47
4.18
3.92
3.67
3.39
3.08
2.76
2.40
1.99
1.50
0.88
0.17
-0.60
-1.33
-1.97
-2.47
-2.89
-3.31
-3.82
-4.45
-5.17
-5.88
-6.51
-7.03
-7.50
-8.00
-8.55
-9.05
-9.29
-9.00
-8.00
-6.26
-3.95
-1.36
1.17
3.35
5.03
6.12
6.69
6.84
6.73
6.54
6.46
6.56
6.84
7.19
7.43
7.40
6.99
6.24
5.26
4.25
3.37
2.74
2.38
2.22
2.15
2.09
1.94
1.65
1.20
0.57
-0.22
-1.14
-2.12
-3.10
-3.97
-4.65
-5.10
-5.33
-5.42
-5.52
-5.76
-6.26
-7.06
-8.11
-9.30
-10.46
-11.34
-11.69
-11.30
-10.06
-8.01
-5.37
-2.47
0.35
2.82
4.79
6.24
7.22
7.79
8.08
8.19
8.23
8.24
8.21
8.09
7.82
7.36
6.78
6.15
5.60
5.17
4.85
4.60
4.32
3.96
3.53
3.04
2.52
2.02
1.52
1.02
0.46
-0.17
-0.88
-1.62
-2.38
-3.12
-3.83
-4.52
-5.17
-5.76
-6.26
-6.66
-6.97
-7.24
-7.52
-7.89
-8.41
-9.09
-9.91
-10.74
-11.40
-11.66
-11.33
-10.30
-8.54
-6.20
-3.51
-0.74
1.81
3.95
5.57
6.64
7.23
7.44
7.42
7.29
7.14
7.02
6.93
6.79
6.53
6.08
5.42
4.61
3.77
2.99
2.32
1.73
1.12
0.41
-0.43
-1.36
-2.29
-3.14
-3.87
-4.49
-5.01
-5.45
-5.78
-5.97
-6.01
-5.94
-5.83
-5.76
-5.76
-5.85
-5.99
-6.14
-6.28
-6.37
-6.43
-6.50
-6.63
-6.80
-6.95
-6.90
-6.45
-5.46
-3.90
-1.89
0.37
2.60
4.62
6.25
7.47
8.29
8.82
9.17
9.39
9.51
9.49
9.25
8.78
8.12
7.42
6.83
6.45
6.31
6.34
6.40
6.38
6.16
5.68
4.96
4.05
3.06
2.11
1.31
0.68
0.20
-0.19
-0.56
-0.94
-1.32
-1.67
-1.99
-2.29
-2.58
-2.86
-3.16
-3.48
-3.85
-4.29
-4.77
-5.17
-5.31
-5.02
-4.18
-2.79
-0.94
1.20
3.44
5.61
7.52
9.03
10.06
10.58
10.70
10.56
10.36
10.22
10.20
10.25
10.26
10.14
9.84
9.35
8.72
8.01
7.28
6.56
5.87
5.27
4.81
4.59
4.62
4.83
5.08
5.22
5.13
4.83
4.39
3.90
3.46
3.10
2.89
2.90
3.20
3.82
4.69
5.64
6.42
6.84
6.84
6.46
5.84
5.08
4.22
3.22
2.01
0.55
-1.13
-2.99
-5.01
-7.17
-9.45
-11.75
-13.87
-15.51
-16.43
-16.47
-15.72
-14.42
-12.91
-11.49
-10.35
-9.53
-8.98
-8.56
-8.11
-7.47
-6.54
-5.29
-3.86
-2.45
-1.30
-0.58
-0.34
-0.47
-0.77
-1.05
-1.19
-1.20
-1.18
-1.28
-1.62
-2.25
-3.18
-4.32
-5.58
-6.82
-7.94
-8.87
-9.63
-10.25
-10.86
-11.52
-12.26
-13.00
-13.58
-13.80
-13.47
-12.49
-10.82
-8.55
-5.85
-2.97
-0.14
2.43
4.61
6.35
7.66
8.62
9.33
9.87
10.34
10.78
11.19
11.49
11.58
11.35
10.79
9.97
9.05
8.24
7.66
7.36
7.25
7.20
7.06
6.75
6.25
5.59
4.85
4.06
3.24
2.38
1.44
0.41
-0.66
-1.71
-2.69
-3.59
-4.43
-5.26
-6.07
-6.87
-7.65
-8.43
-9.24
-10.11
-10.94
-11.57
-11.75
-11.29
-10.13
-8.35
-6.17
-3.87
-1.67
0.26
1.81
2.97
3.76
4.27
4.59
4.75
4.77
4.59
4.18
3.57
2.88
2.25
1.82
1.66
1.75
2.01
2.34
2.65
2.91
3.06
3.12
3.07
2.89
2.53
1.96
1.14
0.12
-0.98
-1.99
-2.76
-3.24
-3.46
-3.58
-3.75
-4.11
-4.66
-5.37
-6.16
-6.94
-7.63
-8.10
-8.19
-7.73
-6.65
-4.99
-2.98
-0.88
1.04
2.60
3.75
4.52
4.99
5.25
5.33
5.26
5.05
4.68
4.17
3.53
2.84
2.18
1.64
1.29
1.11
1.06
1.08
1.12
1.17
1.22
1.24
1.20
1.02
0.66
0.11
-0.58
-1.33
-2.01
-2.54
-2.90
-3.15
-3.44
-3.94
-4.77
-5.93
-7.31
-8.71
-9.89
-10.64
-10.82
-10.33
-9.17
-7.35
-5.00
-2.34
0.34
2.73
4.56
5.72
6.26
6.37
6.28
6.20
6.21
6.30
6.42
6.47
6.42
6.25
5.98
5.61
5.15
4.63
4.09
3.55
3.03
2.56
2.13
1.76
1.42
1.09
0.68
0.12
-0.61
-1.51
-2.48
-3.41
-4.21
-4.89
-5.47
-6.02
-6.65
-7.41
-8.36
-9.43
-10.43
-11.06
-10.97
-9.90
-7.85
-5.07
-2.02
0.85
3.25
5.09
6.47
7.50
8.28
8.79
9.01
8.96
8.74
8.47
8.25
8.08
7.90
7.59
7.07
6.35
5.56
4.85
4.37
4.18
4.24
4.42
4.54
4.46
4.13
3.55
2.81
1.98
1.15
0.37
-0.33
-0.89
-1.32
-1.63
-1.90
-2.23
-2.69
-3.27
-3.91
-4.53
-5.09
-5.61
-6.21
-6.99
-8.00
-9.18
-10.38
-11.32
-11.74
-11.40
-10.17
-8.09
-5.36
-2.33
0.64
3.19
5.15
6.46
7.24
7.65
7.87
8.07
8.29
8.54
8.71
8.72
8.49
8.01
7.33
6.56
5.79
5.15
4.71
4.52
4.56
4.72
4.82
4.70
4.25
3.48
2.54
1.59
0.78
0.14
-0.36
-0.79
-1.21
-1.64
-2.11
-2.64
-3.27
-3.95
-4.62
-5.16
-5.50
-5.66
-5.83
-6.21
-6.96
-8.03
-9.13
-9.84
-9.75
-8.67
-6.66
-4.05
-1.28
1.26
3.31
4.78
5.72
6.24
6.49
6.58
6.60
6.61
6.58
6.48
6.27
5.96
5.59
5.23
4.95
4.76
4.64
4.51
4.32
4.06
3.76
3.49
3.27
3.08
2.80
2.32
1.53
0.46
-0.78
-2.00
-3.02
-3.72
-4.12
-4.35
-4.59
-5.01
-5.69
-6.63
-7.72
-8.77
-9.60
-9.99
-9.83
-9.03
-7.61
-5.70
-3.50
-1.25
0.80
2.47
3.68
4.46
4.93
5.21
5.39
5.49
5.51
5.45
5.33
5.17
4.98
4.73
4.39
3.90
3.30
2.65
2.09
1.71
1.51
1.38
1.18
0.82
0.30
-0.26
-0.73
-1.06
-1.27
-1.49
-1.81
-2.29
-2.86
-3.42
-3.85
-4.12
-4.25
-4.33
-4.42
-4.62
-4.96
-5.51
-6.27
-7.19
-8.14
-8.87
-9.13
-8.69
-7.49
-5.65
-3.48
-1.31
0.57
2.05
3.16
4.03
4.78
5.45
6.05
6.54
6.88
7.08
7.16
7.13
7.01
6.79
6.49
6.14
5.76
5.36
4.91
4.41
3.83
3.18
2.46
1.69
0.89
0.08
-0.72
-1.44
-2.04
-2.52
-2.90
-3.26
-3.67
-4.14
-4.61
-5.02
-5.32
-5.54
-5.76
-6.05
-6.43
-6.86
-7.28
-7.66
-7.99
-8.33
-8.69
-9.02
-9.17
-8.95
-8.19
-6.85
-5.02
-2.93
-0.84
1.01
2.49
3.62
4.49
5.23
5.89
6.46
6.87
7.04
6.97
6.72
6.37
5.95
5.46
4.87
4.17
3.43
2.73
2.13
1.65
1.23
0.76
0.20
-0.45
-1.10
-1.64
-1.98
-2.13
-2.16
-2.18
-2.31
-2.59
-3.05
-3.62
-4.25
-4.89
-5.50
-6.07
-6.58
-7.04
-7.47
-7.91
-8.38
-8.82
-9.12
-9.08
-8.50
-7.25
-5.37
-3.08
-0.67
1.56
3.40
4.74
5.60
6.03
6.13
6.04
5.89
5.82
5.89
6.09
6.34
6.52
6.50
6.21
5.67
4.95
4.18
3.51
3.03
2.77
2.69
2.65
2.52
2.19
1.62
0.86
0.05
-0.71
-1.36
-1.89
-2.35
-2.80
-3.25
-3.70
-4.13
-4.55
-4.97
-5.46
-6.06
-6.82
-7.72
-8.68
-9.54
-10.08
-10.04
-9.28
-7.71
-5.49
-2.89
-0.27
2.03
3.81
5.03
5.80
6.25
6.57
6.87
7.24
7.72
8.29
8.84
9.24
9.31
8.94
8.18
7.17
6.17
5.37
4.87
4.61
4.48
4.34
4.13
3.85
3.50
3.05
2.47
1.74
0.91
0.11
-0.51
-0.87
-1.00
-1.06
-1.25
-1.72
-2.50
-3.50
-4.55
-5.49
-6.23
-6.72
-7.02
-7.24
-7.49
-7.93
-8.64
-9.61
-10.68
-11.54
-11.81
-11.16
-9.48
-6.92
-3.86
-0.79
1.87
3.87
5.22
6.05
6.59
7.04
7.50
8.00
8.52
8.96
9.23
9.21
8.87
8.23
7.42
6.61
5.92
5.43
5.10
4.87
4.66
4.44
4.22
4.00
3.76
3.50
3.19
2.80
2.33
1.76
1.13
0.46
-0.21
-0.83
-1.42
-2.01
-2.61
-3.22
-3.81
-4.33
-4.74
-5.09
-5.45
-5.91
-6.54
-7.33
-8.26
-9.25
-10.18
-10.90
-11.23
-10.99
-10.07
-8.48
-6.33
-3.84
-1.24
1.25
3.43
5.18
6.40
7.07
7.28
7.19
7.03
7.00
7.19
7.56
7.95
8.22
8.23
7.97
7.49
6.88
6.22
5.57
4.96
4.43
4.02
3.71
3.49
3.26
2.92
2.44
1.79
1.04
0.30
-0.33
-0.78
-1.04
-1.17
-1.31
-1.61
-2.16
-2.99
-3.99
-5.00
-5.87
-6.51
-6.96
-7.34
-7.74
-8.26
-8.87
-9.55
-10.21
-10.79
-11.16
-11.11
-10.41
-8.89
-6.55
-3.67
-0.71
1.87
3.77
4.97
5.70
6.20
6.63
6.95
7.03
6.80
6.28
5.67
5.18
4.93
4.92
5.01
5.08
5.05
4.94
4.81
4.71
4.64
4.54
4.34
3.99
3.49
2.86
2.16
1.43
0.68
-0.11
-0.92
-1.74
-2.52
-3.20
-3.78
-4.26
-4.70
-5.15
-5.62
-6.12
-6.68
-7.30
-7.99
-8.68
-9.24
-9.44
-9.07
-7.98
-6.19
-3.87
-1.32
1.14
3.21
4.72
5.62
6.00
6.03
5.93
5.88
5.98
6.22
6.52
6.74
6.78
6.61
6.27
5.89
5.55
5.30
5.10
4.88
4.56
4.12
3.59
3.00
2.39
1.72
0.99
0.21
-0.56
-1.24
-1.76
-2.14
-2.44
-2.80
-3.28
-3.91
-4.61
-5.29
-5.85
-6.28
-6.61
-6.96
-7.45
-8.14
-9.04
-10.04
-10.96
-11.55
-11.56
-10.81
-9.21
-6.83
-3.93
-0.87
1.92
4.09
5.49
6.17
6.36
6.35
6.38
6.56
6.83
7.08
7.23
7.27
7.25
7.26
7.31
7.35
7.24
6.87
6.23
5.39
4.54
3.86
3.40
3.11
2.84
2.43
1.78
0.94
0.02
-0.86
-1.63
-2.31
-2.95
-3.61
-4.26
-4.87
-5.37
-5.77
-6.08
-6.38
-6.72
-7.12
-7.58
-8.10
-8.69
-9.32
-10.01
-10.70
-11.27
-11.57
-11.44
-10.73
-9.38
-7.45
-5.11
-2.57
-0.08
2.19
4.13
5.71
6.90
7.72
8.22
8.47
8.61
8.75
8.96
9.20
9.42
9.50
9.39
9.10
8.66
8.08
7.39
6.60
5.75
4.96
4.31
3.83
3.50
3.22
2.89
2.46
1.91
1.28
0.64
0.04
-0.50
-1.03
-1.61
-2.32
-3.20
-4.21
-5.25
-6.20
-6.98
-7.56
-7.94
-8.18
-8.29
-8.34
-8.42
-8.65
-9.14
-9.88
-10.68
-11.24
-11.24
-10.46
-8.89
-6.67
-4.08
-1.40
1.11
3.28
4.96
6.09
6.71
6.93
6.95
6.95
7.08
7.32
7.58
7.75
7.73
7.50
7.12
6.67
6.25
5.91
5.65
5.44
5.20
4.86
4.34
3.63
2.78
1.89
1.08
0.42
-0.08
-0.51
-0.97
-1.57
-2.32
-3.18
-4.05
-4.82
-5.42
-5.82
-6.03
-6.12
-6.21
-6.44
-6.93
-7.72
-8.71
-9.67
-10.27
-10.19
-9.24
-7.40
-4.85
-1.95
0.92
3.42
5.32
6.55
7.18
7.40
7.44
7.49
7.64
7.89
8.15
8.27
8.19
7.85
7.31
6.65
5.96
5.36
4.90
4.61
4.44
4.28
4.00
3.50
2.76
1.90
1.05
0.35
-0.18
-0.66
-1.24
-2.00
-2.92
-3.84
-4.60
-5.10
-5.36
-5.53
-5.76
-6.21
-6.94
-7.95
-9.15
-10.38
-11.41
-11.98
-11.85
-10.86
-9.02
-6.51
-3.62
-0.72
1.88
3.98
5.48
6.42
6.96
7.27
7.54
7.89
8.33
8.81
9.21
9.40
9.31
8.88
8.14
7.16
6.03
4.90
3.90
3.13
2.63
2.36
2.20
2.02
1.72
1.30
0.79
0.22
-0.41
-1.11
-1.88
-2.63
-3.29
-3.82
-4.28
-4.79
-5.42
-6.17
-6.90
-7.50
-7.97
-8.44
-9.11
-10.04
-11.06
-11.78
-11.79
-10.80
-8.86
-6.25
-3.43
-0.80
1.39
3.04
4.16
4.85
5.23
5.46
5.74
6.20
6.90
7.75
8.55
9.11
9.27
9.04
8.50
7.83
7.15
6.56
6.10
5.75
5.44
5.07
4.57
3.85
2.93
1.86
0.77
-0.24
-1.12
-1.82
-2.36
-2.75
-3.04
-3.28
-3.55
-3.91
-4.35
-4.83
-5.26
-5.59
-5.83
-6.05
-6.40
-7.02
-7.98
-9.24
-10.61
-11.82
-12.49
-12.35
-11.22
-9.17
-6.46
-3.49
-0.63
1.86
3.89
5.44
6.57
7.36
7.85
8.14
8.28
8.35
8.41
8.50
8.57
8.59
8.49
8.22
7.77
7.16
6.48
5.82
5.29
4.93
4.71
4.54
4.31
3.93
3.39
2.71
1.97
1.21
0.50
-0.14
-0.66
-1.09
-1.46
-1.85
-2.33
-2.94
-3.63
-4.31
-4.87
-5.29
-5.61
-5.94
-6.41
-7.06
-7.90
-8.85
-9.81
-10.64
-11.21
-11.37
-10.97
-9.93
-8.25
-6.01
-3.43
-0.75
1.74
3.81
5.31
6.22
6.61
6.67
6.60
6.56
6.60
6.70
6.78
6.72
6.48
6.05
5.50
4.92
4.39
3.93
3.55
3.22
2.90
2.53
2.10
1.60
1.03
0.47
-0.04
-0.41
-0.66
-0.82
-1.01
-1.33
-1.80
-2.43
-3.12
-3.81
-4.47
-5.14
-5.88
-6.72
-7.62
-8.51
-9.27
-9.82
-10.08
-9.97
-9.39
-8.23
-6.48
-4.25
-1.77
0.60
2.58
4.02
4.96
5.54
5.94
6.30
6.62
6.91
7.12
7.26
7.35
7.36
7.25
6.97
6.49
5.86
5.20
4.58
4.06
3.56
2.99
2.25
1.36
0.46
-0.29
-0.77
-0.99
-1.12
-1.34
-1.81
-2.51
-3.32
-4.07
-4.64
-5.05
-5.39
-5.79
-6.32
-6.99
-7.72
-8.46
-9.13
-9.64
-9.91
-9.78
-9.10
-7.73
-5.70
-3.17
-0.46
2.08
4.17
5.70
6.72
7.40
7.92
8.39
8.83
9.17
9.35
9.37
9.25
9.03
8.71
8.23
7.55
6.69
5.74
4.84
4.11
3.59
3.23
2.95
2.70
2.44
2.17
1.86
1.45
0.87
0.06
-0.95
-2.05
-3.12
-4.01
-4.65
-5.06
-5.30
-5.51
-5.80
-6.21
-6.76
-7.37
-7.94
-8.39
-8.69
-8.85
-8.94
-9.03
-9.19
-9.47
-9.84
-10.20
-10.39
-10.17
-9.31
-7.69
-5.33
-2.43
0.70
3.73
6.40
8.52
10.02
10.90
11.27
11.26
11.05
10.81
10.63
10.52
10.40
10.16
9.71
9.01
8.11
7.11
6.11
5.22
4.51
3.96
3.57
3.28
3.00
2.66
2.17
1.51
0.69
-0.23
-1.08
-1.72
-2.06
-2.11
-2.04
-2.11
-2.53
-3.39
-4.59
-5.88
-6.96
-7.60
-7.77
-7.61
-7.36
-7.26
-7.47
-8.01
-8.84
-9.85
-10.86
-11.64
-11.92
-11.44
-10.09
-7.94
-5.30
-2.55
-0.08
1.89
3.35
4.40
5.21
5.87
6.45
6.92
7.26
7.46
7.53
7.47
7.33
7.11
6.83
6.49
6.08
5.60
5.10
4.66
4.33
4.11
3.91
3.60
3.06
2.24
1.19
0.00
-1.16
-2.18
-2.98
-3.54
-3.87
-4.05
-4.14
-4.24
-4.40
-4.65
-5.00
-5.43
-5.88
-6.36
-6.85
-7.41
-8.02
-8.63
-9.10
-9.19
-8.69
-7.48
-5.61
-3.31
-0.91
1.30
3.15
4.57
5.63
6.37
6.86
7.15
7.28
7.30
7.27
7.18
7.04
6.84
6.59
6.35
6.16
6.00
5.83
5.54
5.06
4.41
3.66
2.93
2.29
1.76
1.29
0.81
0.30
-0.28
-0.91
-1.61
-2.37
-3.18
-3.98
-4.72
-5.31
-5.74
-6.07
-6.42
-6.93
-7.71
-8.79
-10.05
-11.27
-12.14
-12.31
-11.51
-9.65
-6.89
-3.62
-0.34
2.52
4.68
6.08
6.85
7.20
7.32
7.36
7.41
7.54
7.74
7.99
8.21
8.29
8.12
7.69
7.06
6.35
5.69
5.16
4.76
4.44
4.14
3.83
3.48
3.10
2.65
2.11
1.43
0.60
-0.32
-1.24
-2.05
-2.69
-3.19
-3.66
-4.21
-4.91
-5.70
-6.44
-6.96
-7.18
-7.12
-6.97
-6.94
-7.22
-7.91
-8.95
-10.15
-11.18
-11.70
-11.39
-10.08
-7.79
-4.78
-1.48
1.66
4.28
6.18
7.37
7.98
8.22
8.32
8.46
8.74
9.15
9.57
9.85
9.84
9.50
8.87
8.07
7.26
6.50
5.79
5.10
4.41
3.78
3.26
2.93
2.73
2.55
2.23
1.68
0.91
0.04
-0.81
-1.54
-2.17
-2.73
-3.27
-3.74
-4.11
-4.35
-4.51
-4.71
-5.09
-5.67
-6.39
-7.11
-7.71
-8.20
-8.65
-9.22
-9.97
-10.83
-11.59
-11.95
-11.63
-10.48
-8.52
-5.92
-2.96
0.08
2.92
5.33
7.19
8.43
9.08
9.26
9.15
8.94
8.81
8.79
8.84
8.86
8.75
8.50
8.14
7.76
7.40
7.07
6.74
6.34
5.86
5.34
4.79
4.22
3.61
2.91
2.12
1.30
0.51
-0.16
-0.67
-1.06
-1.42
-1.85
-2.41
-3.09
-3.83
-4.54
-5.16
-5.63
-5.97
-6.19
-6.37
-6.60
-6.97
-7.54
-8.35
-9.35
-10.45
-11.48
-12.24
-12.50
-12.08
-10.86
-8.90
-6.37
-3.55
-0.74
1.82
3.95
5.56
6.62
7.18
7.33
7.25
7.09
6.96
6.87
6.77
6.55
6.17
5.68
5.16
4.71
4.40
4.20
4.06
3.94
3.78
3.57
3.26
2.80
2.19
1.43
0.61
-0.16
-0.81
-1.30
-1.66
-1.98
-2.33
-2.77
-3.31
-3.92
-4.55
-5.12
-5.58
-5.89
-6.05
-6.17
-6.40
-6.92
-7.75
-8.73
-9.50
-9.62
-8.75
-6.79
-3.98
-0.80
2.24
4.72
6.49
7.61
8.23
8.50
8.50
8.23
7.76
7.16
6.57
6.08
5.73
5.47
5.24
5.01
4.78
4.59
4.44
4.26
3.95
3.46
2.78
2.02
1.28
0.61
-0.00
-0.62
-1.32
-2.09
-2.88
-3.59
-4.15
-4.53
-4.78
-5.02
-5.34
-5.82
-6.48
-7.28
-8.17
-9.08
-9.93
-10.60
-10.93
-10.76
-9.92
-8.35
-6.10
-3.41
-0.60
2.00
4.14
5.71
6.73
7.31
7.63
7.86
8.12
8.49
8.95
9.42
9.75
9.80
9.50
8.80
7.79
6.60
5.40
4.36
3.60
3.16
3.01
3.03
3.05
2.90
2.48
1.73
0.73
-0.40
-1.49
-2.40
-3.05
-3.44
-3.66
-3.80
-4.00
-4.30
-4.74
-5.29
-5.89
-6.48
-7.02
-7.51
-8.01
-8.62
-9.45
-10.49
-11.59
-12.48
-12.81
-12.30
-10.83
-8.49
-5.55
-2.35
0.78
3.56
5.81
7.46
8.54
9.16
9.50
9.70
9.87
10.05
10.20
10.25
10.14
9.83
9.31
8.58
7.68
6.66
5.64
4.76
4.13
3.80
3.70
3.67
3.55
3.18
2.50
1.55
0.46
-0.59
-1.45
-2.05
-2.43
-2.74
-3.13
-3.73
-4.52
-5.39
-6.16
-6.68
-6.90
-6.90
-6.82
-6.87
-7.17
-7.79
-8.68
-9.72
-10.68
-11.29
-11.25
-10.38
-8.64
-6.19
-3.32
-0.41
2.21
4.33
5.86
6.84
7.34
7.42
7.16
6.64
5.99
5.36
4.89
4.64
4.58
4.61
4.59
4.47
4.22
3.89
3.52
3.12
2.74
2.40
2.15
1.99
1.88
1.75
1.53
1.18
0.73
0.19
-0.44
-1.23
-2.19
-3.28
-4.37
-5.28
-5.85
-6.05
-5.98
-5.87
-5.95
-6.42
-7.34
-8.56
-9.76
-10.51
-10.39
-9.15
-6.83
-3.76
-0.48
2.46
4.66
6.02
6.66
6.89
7.02
7.25
7.63
8.03
8.29
8.26
7.92
7.33
6.66
6.03
5.51
5.09
4.69
4.24
3.72
3.17
2.65
2.21
1.83
1.44
0.96
0.35
-0.36
-1.13
-1.92
-2.69
-3.42
-4.09
-4.63
-4.98
-5.17
-5.28
-5.45
-5.81
-6.41
-7.23
-8.15
-9.04
-9.76
-10.13
-9.95
-9.08
-7.43
-5.10
-2.35
0.44
2.88
4.72
5.88
6.49
6.79
6.99
7.25
7.59
7.94
8.17
8.21
8.03
7.66
7.17
6.59
5.96
5.29
4.62
3.94
3.29
2.66
2.06
1.50
1.01
0.57
0.18
-0.19
-0.58
-1.00
-1.47
-2.02
-2.67
-3.43
-4.27
-5.08
-5.73
-6.12
-6.23
-6.18
-6.17
-6.42
-7.07
-8.11
-9.39
-10.64
-11.57
-11.88
-11.36
-9.91
-7.62
-4.72
-1.59
1.41
3.95
5.85
7.08
7.75
8.03
8.10
8.12
8.18
8.32
8.47
8.57
8.55
8.38
8.08
7.68
7.20
6.66
6.07
5.43
4.78
4.13
3.51
2.88
2.22
1.51
0.75
-0.00
-0.69
-1.29
-1.80
-2.27
-2.76
-3.31
-3.93
-4.58
-5.18
-5.68
-6.04
-6.29
-6.52
-6.82
-7.31
-8.05
-9.02
-10.08
-11.00
-11.50
-11.33
-10.39
-8.75
-6.57
-4.13
-1.65
0.69
2.75
4.43
5.66
6.42
6.76
6.85
6.85
6.87
6.92
6.90
6.68
6.22
5.59
4.94
4.43
4.11
3.97
3.91
3.84
3.73
3.56
3.33
3.00
2.51
1.81
0.93
-0.07
-1.05
-1.90
-2.58
-3.07
-3.44
-3.73
-3.98
-4.21
-4.46
-4.78
-5.23
-5.87
-6.71
-7.70
-8.67
-9.37
-9.54
-8.97
-7.58
-5.47
-2.91
-0.25
2.19
4.17
5.61
6.55
7.11
7.43
7.59
7.61
7.51
7.27
6.94
6.57
6.23
5.91
5.57
5.13
4.53
3.78
2.94
2.15
1.53
1.13
0.95
0.89
0.83
0.63
0.19
-0.50
-1.41
-2.41
-3.40
-4.24
-4.89
-5.37
-5.73
-6.07
-6.48
-7.02
-7.69
-8.46
-9.25
-9.94
-10.35
-10.29
-9.58
-8.12
-5.94
-3.26
-0.43
2.18
4.30
5.80
6.76
7.36
7.79
8.16
8.49
8.72
8.79
8.66
8.35
7.89
7.32
6.66
5.94
5.17
4.41
3.74
3.23
2.89
2.68
2.51
2.25
1.82
1.18
0.36
-0.58
-1.56
-2.52
-3.43
-4.26
-4.98
-5.54
-5.90
-6.06
-6.04
-5.92
-5.80
-5.83
-6.13
-6.78
-7.78
-8.95
-9.95
-10.40
-9.96
-8.52
-6.28
-3.58
-0.88
1.51
3.42
4.85
5.87
6.56
6.98
7.24
7.44
7.71
8.06
8.41
8.59
8.43
7.87
7.01
6.01
5.08
4.34
3.83
3.50
3.25
3.00
2.66
2.22
1.68
1.07
0.41
-0.25
-0.90
-1.56
-2.24
-2.93
-3.62
-4.26
-4.84
-5.38
-5.90
-6.46
-7.05
-7.67
-8.29
-8.92
-9.58
-10.23
-10.78
-10.99
-10.58
-9.32
-7.21
-4.47
-1.54
1.15
3.30
4.81
5.82
6.53
7.12
7.70
8.25
8.70
8.99
9.04
8.84
8.39
7.72
6.93
6.13
5.42
4.89
4.52
4.27
4.03
3.72
3.28
2.71
2.07
1.42
0.83
0.30
-0.18
-0.67
-1.24
-1.90
-2.66
-3.47
-4.28
-5.04
-5.72
-6.32
-6.82
-7.27
-7.72
-8.24
-8.87
-9.59
-10.22
-10.52
-10.21
-9.11
-7.26
-4.88
-2.34
0.01
1.95
3.41
4.49
5.35
6.12
6.89
7.62
8.21
8.57
8.62
8.39
7.95
7.38
6.74
6.06
5.32
4.54
3.78
3.08
2.49
1.97
1.47
0.93
0.32
-0.31
-0.86
-1.26
-1.46
-1.52
-1.55
-1.70
-2.08
-2.75
-3.64
-4.63
-5.55
-6.29
-6.82
-7.20
-7.53
-7.92
-8.36
-8.75
-8.92
-8.65
-7.80
-6.36
-4.42
-2.19
0.12
2.29
4.18
5.71
6.84
7.53
7.79
7.68
7.28
6.74
6.16
5.63
5.16
4.72
4.29
3.90
3.55
3.29
3.11
2.96
2.78
2.54
2.23
1.88
1.48
1.00
0.38
-0.41
-1.36
-2.39
-3.38
-4.18
-4.72
-4.99
-5.10
-5.23
-5.53
-6.11
-6.95
-7.91
-8.80
-9.37
-9.42
-8.86
-7.68
-5.97
-3.89
-1.62
0.64
2.70
4.45
5.86
6.97
7.84
8.54
9.04
9.28
9.16
8.65
7.84
6.90
6.00
5.27
4.74
4.30
3.85
3.29
2.62
1.91
1.28
0.82
0.53
0.35
0.13
-0.24
-0.84
-1.65
-2.55
-3.46
-4.30
-5.03
-5.67
-6.20
-6.62
-6.95
-7.25
-7.61
-8.11
-8.75
-9.41
-9.90
-10.02
-9.59
-8.60
-7.10
-5.22
-3.13
-0.99
1.04
2.83
4.27
5.35
6.09
6.60
6.95
7.19
7.33
7.33
7.19
6.90
6.45
5.83
5.04
4.08
3.02
2.00
1.18
0.69
0.56
0.69
0.91
1.06
1.04
0.87
0.61
0.32
0.01
-0.37
-0.89
-1.57
-2.37
-3.17
-3.88
-4.43
-4.84
-5.16
-5.48
-5.82
-6.21
-6.66
-7.23
-8.00
-9.03
-10.25
-11.43
-12.25
-12.32
-11.40
-9.45
-6.71
-3.59
-0.56
2.00
3.88
5.07
5.73
6.06
6.26
6.49
6.81
7.24
7.74
8.26
8.73
9.06
9.16
8.99
8.51
7.80
6.97
6.21
5.68
5.43
5.40
5.42
5.28
4.84
4.08
3.14
2.21
1.44
0.91
0.55
0.24
-0.14
-0.65
-1.27
-1.93
-2.52
-3.01
-3.39
-3.72
-4.06
-4.51
-5.12
-5.90
-6.81
-7.64
-8.18
-8.19
-7.50
-6.12
-4.23
-2.10
0.01
1.86
3.36
4.45
5.20
5.70
6.06
6.38
6.68
6.89
6.89
6.57
5.93
5.11
4.31
3.73
3.43
3.35
3.37
3.37
3.34
3.30
3.25
3.14
2.85
2.31
1.50
0.51
-0.51
-1.44
-2.25
-2.96
-3.65
-4.31
-4.90
-5.30
-5.45
-5.40
-5.32
-5.44
-5.94
-6.83
-7.96
-8.99
-9.57
-9.39
-8.37
-6.62
-4.40
-2.03
0.22
2.19
3.84
5.19
6.26
7.05
7.55
7.81
7.91
7.96
8.02
8.09
8.06
7.85
7.39
6.76
6.10
5.53
5.13
4.85
4.55
4.12
3.52
2.80
2.05
1.39
0.85
0.40
-0.06
-0.60
-1.26
-2.00
-2.74
-3.39
-3.89
-4.24
-4.55
-4.94
-5.49
-6.22
-7.05
-7.88
-8.65
-9.37
-10.05
-10.63
-10.95
-10.78
-9.91
-8.27
-5.97
-3.33
-0.71
1.57
3.36
4.63
5.50
6.12
6.64
7.15
7.65
8.09
8.35
8.40
8.19
7.77
7.19
6.49
5.73
4.97
4.32
3.84
3.57
3.44
3.34
3.12
2.71
2.14
1.46
0.76
0.06
-0.64
-1.34
-2.02
-2.60
-3.03
-3.32
-3.51
-3.72
-4.04
-4.51
-5.10
-5.79
-6.50
-7.18
-7.79
-8.33
-8.77
-9.14
-9.43
-9.64
-9.73
-9.63
-9.19
-8.27
-6.77
-4.70
-2.19
0.52
3.14
5.42
7.17
8.35
8.98
9.18
9.09
8.84
8.55
8.27
8.00
7.70
7.34
6.91
6.45
5.99
5.58
5.19
4.77
4.27
3.64
2.90
2.12
1.34
0.60
-0.09
-0.73
-1.31
-1.80
-2.20
-2.52
-2.79
-3.08
-3.44
-3.89
-4.39
-4.91
-5.40
-5.82
-6.17
-6.43
-6.65
-6.89
-7.26
-7.85
-8.68
-9.66
-10.59
-11.16
-11.06
-10.12
-8.32
-5.84
-3.01
-0.16
2.36
4.36
5.75
6.59
7.01
7.17
7.20
7.14
6.99
6.72
6.33
5.85
5.32
4.85
4.46
4.17
3.95
3.79
3.65
3.51
3.33
3.07
2.69
2.21
1.66
1.10
0.51
-0.11
-0.79
-1.54
-2.31
-3.03
-3.66
-4.18
-4.65
-5.12
-5.62
-6.12
-6.56
-6.95
-7.32
-7.75
-8.25
-8.72
-8.94
-8.63
-7.60
-5.79
-3.35
-0.58
2.15
4.49
6.20
7.19
7.51
7.31
6.82
6.24
5.74
5.42
5.27
5.25
5.23
5.14
4.91
4.57
4.15
3.74
3.37
3.06
2.76
2.46
2.13
1.78
1.39
0.97
0.49
-0.11
-0.84
-1.72
-2.69
-3.66
-4.49
-5.07
-5.32
-5.26
-5.03
-4.87
-4.99
-5.55
-6.57
-7.96
-9.47
-10.79
-11.55
-11.47
-10.36
-8.27
-5.45
-2.33
0.59
2.92
4.48
5.33
5.70
5.90
6.16
6.58
7.10
7.53
7.69
7.50
7.00
6.38
5.83
5.47
5.32
5.27
5.17
4.90
4.43
3.79
3.07
2.33
1.62
0.97
0.39
-0.11
-0.57
-1.03
-1.57
-2.22
-2.97
-3.79
-4.63
-5.43
-6.16
-6.78
-7.27
-7.62
-7.87
-8.13
-8.53
-9.14
-9.91
-10.59
-10.84
-10.30
-8.79
-6.37
-3.35
-0.16
2.79
5.22
6.99
8.16
8.87
9.28
9.50
9.58
9.55
9.41
9.20
8.96
8.71
8.42
8.03
7.49
6.78
6.01
5.35
4.98
4.98
5.27
5.60
5.69
5.31
4.37
2.99
1.40
-0.13
-1.41
-2.36
-3.00
-3.43
-3.74
-4.00
-4.26
-4.56
-4.95
-5.45
-6.05
-6.72
-7.45
-8.25
-9.16
-10.15
-11.15
-11.93
-12.21
-11.76
-10.44
-8.31
-5.58
-2.55
0.44
3.11
5.24
6.75
7.62
7.99
8.04
7.94
7.81
7.69
7.52
7.27
6.93
6.52
6.08
5.62
5.13
4.59
4.01
3.44
2.95
2.60
2.38
2.22
2.01
1.66
1.11
0.39
-0.43
-1.28
-2.08
-2.79
-3.38
-3.82
-4.06
-4.07
-3.89
-3.61
-3.44
-3.59
-4.20
-5.24
-6.50
-7.62
-8.26
-8.13
-7.14
-5.36
-3.01
-0.40
2.11
4.20
5.67
6.45
6.67
6.56
6.39
6.34
6.46
6.67
6.82
6.79
6.52
6.02
5.41
4.79
4.27
3.89
3.62
3.39
3.09
2.65
2.06
1.36
0.64
-0.03
-0.64
-1.20
-1.73
-2.23
-2.69
-3.13
-3.58
-4.08
-4.68
-5.32
-5.93
-6.45
-6.87
-7.24
-7.64
-8.09
-8.47
-8.55
-8.07
-6.87
-5.03
-2.80
-0.53
1.46
3.03
4.18
5.03
5.71
6.31
6.84
7.25
7.52
7.62
7.56
7.36
7.03
6.58
6.00
5.29
4.52
3.75
3.10
2.63
2.34
2.13
1.87
1.42
0.74
-0.09
-0.96
-1.74
-2.40
-2.96
-3.49
-4.04
-4.58
-5.02
-5.30
-5.39
-5.36
-5.33
-5.47
-5.84
-6.45
-7.22
-8.03
-8.75
-9.27
-9.48
-9.25
-8.48
-7.10
-5.14
-2.80
-0.31
2.03
4.01
5.54
6.65
7.40
7.90
8.22
8.38
8.40
8.27
7.97
7.49
6.83
6.02
5.12
4.21
3.39
2.76
2.34
2.15
2.15
2.25
2.31
2.20
1.83
1.15
0.24
-0.76
-1.69
-2.45
-3.05
-3.54
-4.04
-4.59
-5.16
-5.68
-6.05
-6.23
-6.28
-6.28
-6.38
-6.68
-7.23
-8.02
-8.93
-9.77
-10.30
-10.30
-9.62
-8.24
-6.29
-3.98
-1.57
0.72
2.74
4.41
5.73
6.69
7.37
7.82
8.12
8.36
8.57
8.74
8.80
8.62
8.12
7.28
6.15
4.88
3.67
2.67
1.96
1.53
1.28
1.08
0.85
0.55
0.16
-0.29
-0.80
-1.35
-1.88
-2.34
-2.68
-2.90
-3.09
-3.36
-3.82
-4.51
-5.33
-6.16
-6.86
-7.35
-7.65
-7.88
-8.12
-8.43
-8.81
-9.18
-9.41
-9.37
-8.91
-7.90
-6.32
-4.23
-1.83
0.56
2.63
4.13
5.02
5.41
5.54
5.64
5.85
6.14
6.42
6.56
6.48
6.18
5.73
5.24
4.80
4.45
4.18
3.93
3.68
3.40
3.08
2.73
2.31
1.78
1.09
0.22
-0.72
-1.56
-2.12
-2.34
-2.27
-2.11
-2.08
-2.33
-2.85
-3.54
-4.25
-4.92
-5.58
-6.33
-7.20
-8.10
-8.81
-9.05
-8.65
-7.58
-5.98
-4.07
-2.05
-0.09
1.74
3.39
4.81
5.95
6.78
7.33
7.65
7.85
7.96
7.94
7.75
7.31
6.64
5.79
4.88
4.06
3.45
3.12
3.05
3.14
3.23
3.16
2.82
2.17
1.27
0.23
-0.81
-1.72
-2.45
-2.98
-3.35
-3.65
-3.97
-4.42
-5.03
-5.81
-6.70
-7.63
-8.52
-9.25
-9.68
-9.64
-8.98
-7.66
-5.75
-3.44
-1.04
1.14
2.89
4.11
4.83
5.24
5.56
5.99
6.65
7.50
8.41
9.17
9.62
9.69
9.43
8.89
8.16
7.28
6.29
5.26
4.33
3.62
3.16
2.88
2.61
2.17
1.51
0.69
-0.15
-0.84
-1.32
-1.61
-1.81
-2.04
-2.36
-2.75
-3.20
-3.68
-4.20
-4.74
-5.30
-5.82
-6.28
-6.71
-7.19
-7.84
-8.72
-9.77
-10.73
-11.26
-10.99
-9.71
-7.44
-4.45
-1.16
1.95
4.54
6.41
7.54
8.08
8.28
8.39
8.62
9.02
9.51
9.93
10.07
9.84
9.25
8.44
7.55
6.70
5.94
5.27
4.68
4.19
3.84
3.66
3.60
3.53
3.28
2.71
1.82
0.72
-0.38
-1.30
-1.95
-2.41
-2.81
-3.29
-3.91
-4.61
-5.27
-5.79
-6.17
-6.48
-6.85
-7.39
-8.13
-9.05
-10.09
-11.09
-11.87
-12.19
-11.79
-10.54
-8.49
-5.89
-3.11
-0.56
1.49
2.98
3.99
4.72
5.33
5.91
6.47
6.94
7.22
7.24
6.95
6.38
5.59
4.73
3.94
3.32
2.96
2.84
2.90
3.05
3.18
3.15
2.88
2.33
1.54
0.63
-0.24
-0.94
-1.44
-1.81
-2.17
-2.65
-3.29
-4.02
-4.70
-5.24
-5.58
-5.78
-5.97
-6.28
-6.78
-7.42
-8.03
-8.35
-8.16
-7.31
-5.84
-3.88
-1.64
0.69
2.92
4.91
6.51
7.59
8.09
8.07
7.68
7.16
6.67
6.29
6.00
5.71
5.37
5.01
4.66
4.34
4.00
3.55
2.96
2.27
1.62
1.13
0.86
0.69
0.43
-0.10
-0.97
-2.07
-3.14
-3.94
-4.36
-4.45
-4.43
-4.56
-5.00
-5.78
-6.77
-7.78
-8.65
-9.27
-9.59
-9.56
-9.09
-8.07
-6.43
-4.27
-1.82
0.56
2.56
4.02
4.97
5.59
6.12
6.68
7.32
7.94
8.43
8.70
8.72
8.48
7.98
7.22
6.21
5.04
3.89
2.93
2.28
1.95
1.79
1.60
1.21
0.59
-0.13
-0.77
-1.17
-1.29
-1.27
-1.32
-1.61
-2.19
-3.02
-3.98
-4.93
-5.80
-6.54
-7.14
-7.61
-8.00
-8.42
-9.00
-9.74
-10.53
-11.03
-10.88
-9.77
-7.71
-4.96
-2.02
0.64
2.71
4.13
5.05
5.71
6.33
7.02
7.77
8.49
9.07
9.44
9.60
9.58
9.39
9.01
8.41
7.53
6.38
5.07
3.76
2.65
1.88
1.47
1.33
1.28
1.13
0.77
0.18
-0.53
-1.23
-1.82
-2.27
-2.65
-3.04
-3.54
-4.14
-4.77
-5.31
-5.69
-5.92
-6.10
-6.39
-6.92
-7.73
-8.72
-9.75
-10.64
-11.22
-11.37
-10.99
-9.99
-8.31
-6.02
-3.29
-0.46
2.13
4.18
5.59
6.45
7.00
7.50
8.11
8.84
9.55
10.02
10.09
9.69
8.91
7.90
6.86
5.92
5.18
4.66
4.35
4.18
4.08
3.93
3.62
3.09
2.34
1.46
0.58
-0.14
-0.66
-0.99
-1.21
-1.45
-1.77
-2.19
-2.67
-3.16
-3.63
-4.08
-4.54
-5.05
-5.61
-6.25
-6.95
-7.69
-8.43
-9.13
-9.73
-10.15
-10.28
-9.99
-9.12
-7.58
-5.36
-2.65
0.20
2.81
4.86
6.21
6.97
7.36
7.64
7.94
8.27
8.54
8.66
8.55
8.22
7.71
7.08
6.36
5.64
4.95
4.38
3.95
3.64
3.42
3.19
2.89
2.49
1.99
1.41
0.79
0.16
-0.43
-0.94
-1.33
-1.62
-1.91
-2.26
-2.74
-3.34
-3.98
-4.57
-5.04
-5.36
-5.59
-5.83
-6.19
-6.76
-7.58
-8.59
-9.64
-10.48
-10.82
-10.43
-9.18
-7.18
-4.69
-2.07
0.35
2.35
3.84
4.88
5.57
6.02
6.31
6.50
6.62
6.72
6.79
6.79
6.61
6.19
5.55
4.80
4.12
3.65
3.42
3.35
3.30
3.16
2.90
2.56
2.22
1.88
1.50
1.02
0.40
-0.30
-1.02
-1.68
-2.24
-2.69
-3.07
-3.39
-3.68
-3.94
-4.21
-4.54
-5.00
-5.65
-6.49
-7.46
-8.38
-9.00
-9.05
-8.34
-6.85
-4.74
-2.28
0.16
2.32
4.02
5.21
5.94
6.33
6.49
6.49
6.39
6.20
5.93
5.59
5.23
4.88
4.58
4.32
4.04
3.70
3.29
2.89
2.57
2.37
2.26
2.15
1.92
1.52
0.95
0.29
-0.39
-1.05
-1.71
-2.39
-3.10
-3.80
-4.43
-4.97
-5.42
-5.84
-6.31
-6.89
-7.56
-8.21
-8.69
-8.87
-8.62
-7.89
-6.63
-4.86
-2.67
-0.20
2.27
4.43
6.04
7.00
7.45
7.62
7.79
8.10
8.49
8.79
8.77
8.35
7.60
6.69
5.79
4.98
4.23
3.45
2.64
1.85
1.26
1.01
1.07
1.23
1.20
0.74
-0.14
-1.21
-2.17
-2.80
-3.08
-3.22
-3.46
-3.91
-4.54
-5.18
-5.65
-5.94
-6.14
-6.43
-6.94
-7.73
-8.73
-9.82
-10.80
-11.46
-11.55
-10.91
-9.47
-7.33
-4.73
-1.97
0.66
2.95
4.76
6.05
6.88
7.31
7.48
7.55
7.66
7.85
8.12
8.36
8.45
8.27
7.79
7.05
6.14
5.17
4.22
3.38
2.69
2.17
1.79
1.46
1.06
0.51
-0.22
-1.03
-1.76
-2.27
-2.49
-2.45
-2.30
-2.19
-2.21
-2.40
-2.76
-3.24
-3.82
-4.47
-5.12
-5.74
-6.27
-6.74
-7.21
-7.77
-8.49
-9.34
-10.21
-10.86
-11.03
-10.53
-9.23
-7.19
-4.63
-1.83
0.89
3.28
5.21
6.65
7.63
8.21
8.52
8.66
8.73
8.83
8.93
8.96
8.78
8.29
7.51
6.57
5.62
4.82
4.23
3.82
3.50
3.19
2.85
2.47
2.02
1.50
0.90
0.26
-0.33
-0.78
-1.06
-1.24
-1.46
-1.88
-2.56
-3.45
-4.41
-5.28
-5.91
-6.25
-6.31
-6.20
-6.10
-6.20
-6.69
-7.61
-8.79
-9.91
-10.50
-10.19
-8.81
-6.51
-3.68
-0.81
1.71
3.67
5.08
6.05
6.71
7.17
7.46
7.61
7.63
7.54
7.32
6.99
6.56
6.06
5.55
5.06
4.61
4.24
3.94
3.72
3.55
3.34
3.02
2.50
1.76
0.88
-0.04
-0.88
-1.59
-2.14
-2.60
-3.00
-3.39
-3.81
-4.26
-4.78
-5.36
-5.99
-6.64
-7.25
-7.77
-8.14
-8.27
-8.08
-7.44
-6.32
-4.70
-2.69
-0.44
1.83
3.89
5.52
6.62
7.20
7.39
7.41
7.46
7.61
7.81
7.93
7.82
7.45
6.85
6.16
5.46
4.79
4.15
3.51
2.87
2.31
1.85
1.52
1.25
0.97
0.62
0.20
-0.31
-0.90
-1.62
-2.44
-3.33
-4.15
-4.77
-5.10
-5.20
-5.23
-5.39
-5.85
-6.65
-7.70
-8.80
-9.70
-10.15
-9.92
-8.88
-7.00
-4.44
-1.50
1.40
3.88
5.69
6.79
7.33
7.55
7.67
7.83
8.06
8.30
8.46
8.47
8.30
7.95
7.42
6.72
5.90
5.01
4.16
3.46
2.96
2.65
2.47
2.27
1.98
1.54
0.98
0.37
-0.24
-0.80
-1.34
-1.86
-2.37
-2.87
-3.37
-3.91
-4.51
-5.17
-5.85
-6.43
-6.84
-7.05
-7.16
-7.34
-7.77
-8.52
-9.52
-10.57
-11.36
-11.64
-11.22
-10.04
-8.13
-5.67
-2.86
0.01
2.71
5.03
6.85
8.15
8.98
9.44
9.64
9.70
9.68
9.62
9.49
9.24
8.83
8.21
7.40
6.48
5.52
4.60
3.80
3.16
2.70
2.43
2.29
2.21
2.08
1.78
1.26
0.53
-0.34
-1.24
-2.06
-2.73
-3.20
-3.49
-3.65
-3.77
-3.95
-4.28
-4.80
-5.46
-6.15
-6.75
-7.22
-7.65
-8.18
-8.94
-9.94
-11.08
-12.07
-12.63
-12.49
-11.49
-9.65
-7.10
-4.09
-0.95
1.96
4.34
5.99
6.91
7.25
7.26
7.21
7.24
7.37
7.50
7.48
7.23
6.72
6.00
5.17
4.34
3.61
3.06
2.71
2.56
2.50
2.44
2.25
1.88
1.35
0.72
0.08
-0.54
-1.14
-1.73
-2.34
-2.95
-3.51
-3.98
-4.32
-4.55
-4.76
-5.04
-5.49
-6.14
-6.93
-7.74
-8.37
-8.62
-8.37
-7.55
-6.22
-4.47
-2.42
-0.17
2.14
4.34
6.25
7.68
8.54
8.85
8.72
8.34
7.87
7.37
6.83
6.22
5.54
4.88
4.36
4.06
3.97
3.94
3.80
3.43
2.83
2.10
1.37
0.72
0.14
-0.45
-1.16
-1.99
-2.87
-3.70
-4.35
-4.80
-5.10
-5.37
-5.70
-6.10
-6.57
-7.09
-7.68
-8.38
-9.16
-9.89
-10.29
-10.07
-8.98
-7.04
-4.46
-1.68
0.92
3.06
4.65
5.78
6.59
7.22
7.74
8.22
8.65
9.01
9.21
9.15
8.74
7.98
6.98
5.92
5.01
4.35
3.96
3.76
3.64
3.47
3.19
2.77
2.23
1.62
0.98
0.36
-0.21
-0.72
-1.19
-1.70
-2.29
-3.03
-3.94
-4.95
-5.94
-6.77
-7.31
-7.56
-7.63
-7.68
-7.87
-8.32
-9.04
-9.91
-10.72
-11.17
-10.96
-9.90
-7.94
-5.29
-2.33
0.51
2.87
4.63
5.84
6.70
7.39
7.97
8.43
8.71
8.81
8.75
8.58
8.35
8.02
7.54
6.88
6.06
5.20
4.47
3.97
3.74
3.68
3.63
3.42
2.96
2.26
1.40
0.53
-0.24
-0.86
-1.33
-1.73
-2.11
-2.54
-3.04
-3.59
-4.16
-4.68
-5.11
-5.43
-5.66
-5.87
-6.19
-6.72
-7.54
-8.60
-9.73
-10.68
-11.12
-10.83
-9.71
-7.83
-5.40
-2.70
-0.01
2.44
4.53
6.17
7.35
8.06
8.40
8.48
8.44
8.39
8.37
8.32
8.13
7.70
7.01
6.14
5.20
4.33
3.64
3.14
2.81
2.59
2.39
2.14
1.76
1.22
0.54
-0.24
-1.04
-1.78
-2.47
-3.11
-3.72
-4.30
-4.82
-5.22
-5.49
-5.61
-5.64
-5.64
-5.73
-6.02
-6.57
-7.39
-8.34
-9.25
-9.87
-9.98
-9.39
-8.06
-6.03
-3.52
-0.81
1.79
4.01
5.69
6.80
7.42
7.68
7.70
7.57
7.33
6.99
6.59
6.22
5.95
5.89
6.08
6.46
6.89
7.16
7.07
6.53
5.60
4.46
3.32
2.30
1.42
0.58
-0.35
-1.41
-2.53
-3.57
-4.39
-4.93
-5.23
-5.39
-5.55
-5.83
-6.31
-7.03
-7.95
-8.93
-9.76
-10.19
-10.00
-9.10
-7.54
-5.49
-3.17
-0.80
1.42
3.31
4.76
5.73
6.29
6.62
6.95
7.42
8.05
8.69
9.14
9.21
8.82
8.03
6.99
5.86
4.80
3.90
3.20
2.69
2.31
2.00
1.68
1.30
0.84
0.29
-0.31
-0.91
-1.49
-2.01
-2.47
-2.91
-3.37
-3.87
-4.43
-5.03
-5.63
-6.23
-6.81
-7.42
-8.08
-8.77
-9.42
-9.87
-9.97
-9.57
-8.61
-7.13
-5.25
-3.10
-0.82
1.47
3.62
5.49
6.93
7.88
8.40
8.65
8.81
9.01
9.24
9.37
9.24
8.71
7.78
6.58
5.31
4.16
3.24
2.61
2.20
1.93
1.68
1.35
0.92
0.40
-0.14
-0.65
-1.11
-1.55
-2.00
-2.52
-3.11
-3.77
-4.43
-5.02
-5.43
-5.66
-5.73
-5.76
-5.90
-6.28
-6.94
-7.85
-8.83
-9.67
-10.12
-9.99
-9.15
-7.59
-5.41
-2.81
-0.08
2.50
4.71
6.41
7.56
8.24
8.55
8.64
8.62
8.55
8.44
8.27
7.96
7.49
6.89
6.23
5.63
5.15
4.79
4.48
4.14
3.76
3.34
2.94
2.55
2.10
1.50
0.70
-0.22
-1.12
-1.81
-2.23
-2.46
-2.68
-3.06
-3.65
-4.34
-4.96
-5.39
-5.61
-5.73
-5.90
-6.24
-6.79
-7.53
-8.38
-9.23
-9.97
-10.38
-10.28
-9.49
-7.95
-5.76
-3.16
-0.47
1.99
3.99
5.43
6.31
6.73
6.81
6.71
6.54
6.37
6.21
6.03
5.80
5.48
5.09
4.66
4.22
3.81
3.45
3.15
2.91
2.71
2.54
2.35
2.06
1.63
1.01
0.25
-0.55
-1.30
-1.89
-2.34
-2.70
-3.06
-3.49
-3.99
-4.53
-5.05
-5.53
-5.99
-6.50
-7.07
-7.70
-8.25
-8.55
-8.41
-7.67
-6.28
-4.33
-2.01
0.41
2.66
4.50
5.82
6.57
6.83
6.73
6.48
6.28
6.30
6.56
6.95
7.25
7.23
6.76
5.91
4.90
3.97
3.30
2.87
2.54
2.14
1.54
0.80
0.03
-0.66
-1.24
-1.83
-2.56
-3.49
-4.55
-5.54
-6.25
-6.57
-6.56
-6.40
-6.36
-6.61
-7.22
-8.09
-9.04
-9.92
-10.60
-11.00
-11.03
-10.57
-9.51
-7.79
-5.48
-2.88
-0.36
1.69
3.08
3.85
4.26
4.57
4.97
5.43
5.82
6.01
5.92
5.61
5.19
4.74
4.28
3.76
3.15
2.49
1.83
1.23
0.73
0.30
-0.11
-0.57
-1.09
-1.67
-2.26
-2.80
-3.26
-3.64
-3.96
-4.28
-4.66
-5.13
-5.68
-6.27
-6.80
-7.23
-7.51
-7.65
-7.72
-7.78
-7.93
-8.23
-8.72
-9.34
-9.93
-10.21
-9.91
-8.80
-6.83
-4.19
-1.21
1.73
4.31
6.40
7.98
9.12
9.90
10.33
10.42
10.24
9.88
9.50
9.19
8.99
8.81
8.57
8.19
7.67
7.08
6.50
6.02
5.67
5.41
5.19
4.91
4.53
4.02
3.44
2.83
2.25
1.75
1.31
0.89
0.44
-0.10
-0.77
-1.59
-2.52
-3.46
-4.27
-4.80
-4.98
-4.87
-4.66
-4.58
-4.82
-5.42
-6.22
-6.92
-7.13
-6.56
-5.10
-2.85
-0.15
2.61
5.06
6.95
8.19
8.84
9.04
8.96
8.77
8.60
8.53
8.54
8.53
8.39
8.00
7.28
6.29
5.14
4.02
3.09
2.47
2.16
2.08
2.11
2.09
1.91
1.53
0.98
0.35
-0.26
-0.80
-1.26
-1.65
-2.03
-2.48
-3.04
-3.73
-4.47
-5.16
-5.66
-5.90
-5.91
-5.84
-5.84
-6.02
-6.37
-6.75
-6.95
-6.77
-6.08
-4.80
-2.92
-0.52
2.23
5.06
7.60
9.52
10.63
10.96
10.74
10.25
9.74
9.30
8.88
8.36
7.67
6.82
5.91
5.05
4.33
3.77
3.33
2.95
2.59
2.21
1.85
1.51
1.22
0.94
0.62
0.18
-0.41
-1.15
-1.93
-2.64
-3.16
-3.46
-3.57
-3.59
-3.61
-3.72
-3.95
-4.30
-4.77
-5.38
-6.13
-7.00
-7.87
-8.55
-8.84
-8.55
-7.60
-6.01
-3.94
-1.60
0.74
2.82
4.46
5.56
6.17
6.43
6.51
6.56
6.64
6.72
6.72
6.58
6.29
5.92
5.55
5.23
4.98
4.76
4.51
4.21
3.85
3.42
2.94
2.44
1.93
1.45
1.00
0.54
0.04
-0.53
-1.14
-1.72
-2.19
-2.51
-2.72
-2.91
-3.17
-3.54
-3.96
-4.35
-4.67
-4.97
-5.39
-6.04
-6.94
-7.94
-8.82
-9.32
-9.30
-8.70
-7.60
-6.12
-4.38
-2.51
-0.69
0.91
2.07
2.72
2.89
2.76
2.53
2.37
2.33
2.40
2.51
2.65
2.82
3.03
3.27
3.43
3.43
3.24
2.93
2.60
2.37
2.30
2.34
2.42
2.43
2.30
2.04
1.64
1.16
0.63
0.12
-0.31
-0.61
-0.78
-0.88
-1.03
-1.36
-1.98
-2.90
-4.00
-5.13
-6.06
-6.60
-6.57
-5.89
-4.57
-2.74
-0.63
1.44
3.14
4.23
4.63
4.49
4.06
3.68
3.53
3.64
3.84
3.91
3.69
3.14
2.38
1.60
0.95
0.49
0.16
-0.11
-0.39
-0.66
-0.86
-0.94
-0.91
-0.89
-1.05
-1.52
-2.30
-3.26
-4.17
-4.81
-5.13
-5.22
-5.31
-5.58
-6.11
-6.81
-7.57
-8.32
-9.07
-9.87
-10.67
-11.28
-11.37
-10.66
-9.05
-6.67
-3.91
-1.20
1.09
2.78
3.86
4.45
4.71
4.77
4.75
4.72
4.71
4.75
4.85
4.97
5.07
5.05
4.83
4.36
3.68
2.92
2.25
1.81
1.65
1.64
1.62
1.43
1.00
0.40
-0.26
-0.87
-1.39
-1.87
-2.36
-2.93
-3.59
-4.32
-5.05
-5.74
-6.35
-6.87
-7.32
-7.73
-8.17
-8.71
-9.40
-10.21
-10.97
-11.45
-11.32
-10.33
-8.43
-5.78
-2.76
0.20
2.72
4.60
5.87
6.65
7.10
7.32
7.39
7.35
7.22
7.04
6.87
6.74
6.70
6.73
6.82
6.91
6.98
6.99
6.92
6.74
6.44
6.02
5.50
4.90
4.27
3.67
3.11
2.63
2.21
1.83
1.49
1.17
0.82
0.37
-0.26
-1.11
-2.17
-3.33
-4.45
-5.40
-6.11
-6.58
-6.95
-7.37
-8.04
-9.03
-10.26
-11.44
-12.17
-12.02
-10.74
-8.36
-5.19
-1.72
1.49
4.06
5.81
6.78
7.16
7.18
7.07
6.94
6.85
6.79
6.75
6.72
6.67
6.59
6.40
6.03
5.46
4.74
3.98
3.35
2.97
2.86
2.92
3.00
2.95
2.71
2.31
1.82
1.30
0.74
0.07
-0.76
-1.72
-2.70
-3.50
-3.91
-3.84
-3.39
-2.82
-2.47
-2.64
-3.42
-4.68
-6.05
-7.14
-7.59
-7.20
-5.98
-4.10
-1.87
0.42
2.48
4.08
5.14
5.65
5.71
5.49
5.11
4.70
4.31
3.94
3.61
3.30
3.00
2.71
2.43
2.14
1.86
1.61
1.40
1.26
1.17
1.12
1.05
0.94
0.74
0.46
0.08
-0.37
-0.87
-1.39
-1.90
-2.35
-2.73
-3.06
-3.36
-3.68
-4.09
-4.61
-5.23
-5.90
-6.54
-7.07
-7.41
-7.46
-7.09
-6.18
-4.70
-2.75
-0.62
1.32
2.77
3.56
3.77
3.63
3.40
3.28
3.35
3.60
3.95
4.33
4.62
4.74
4.58
4.11
3.40
2.61
1.93
1.50
1.37
1.47
1.69
1.90
2.00
1.95
1.74
1.43
1.05
0.64
0.20
-0.29
-0.85
-1.49
-2.14
-2.72
-3.13
-3.35
-3.42
-3.46
-3.62
-4.02
-4.71
-5.63
-6.66
-7.59
-8.20
-8.34
-7.91
-6.93
-5.47
-3.65
-1.62
0.46
2.40
4.04
5.25
5.99
6.34
6.45
6.51
6.64
6.83
7.03
7.11
7.01
6.70
6.22
5.62
4.96
4.28
3.64
3.10
2.72
2.52
2.45
2.40
2.24
1.89
1.38
0.79
0.24
-0.21
-0.55
-0.83
-1.13
-1.53
-2.04
-2.64
-3.25
-3.78
-4.18
-4.42
-4.56
-4.69
-4.92
-5.35
-6.04
-6.96
-8.03
-9.07
-9.84
-10.06
-9.53
-8.15
-6.05
-3.53
-0.98
1.21
2.82
3.83
4.37
4.67
4.89
5.12
5.34
5.51
5.58
5.53
5.40
5.18
4.89
4.54
4.16
3.79
3.49
3.27
3.14
3.07
3.01
2.94
2.78
2.50
2.05
1.41
0.60
-0.26
-1.05
-1.62
-1.94
-2.06
-2.13
-2.29
-2.64
-3.20
-3.93
-4.72
-5.48
-6.14
-6.68
-7.08
-7.38
-7.65
-7.95
-8.34
-8.84
-9.34
-9.67
-9.57
-8.84
-7.40
-5.34
-2.94
-0.55
1.50
3.03
4.00
4.53
4.79
4.95
5.07
5.15
5.15
5.02
4.76
4.40
4.01
3.63
3.26
2.88
2.44
1.93
1.43
1.06
0.89
0.93
1.09
1.20
1.13
0.84
0.37
-0.19
-0.77
-1.30
-1.78
-2.19
-2.51
-2.72
-2.84
-2.93
-3.11
-3.49
-4.16
-5.12
-6.29
-7.51
-8.53
-9.10
-9.02
-8.19
-6.64
-4.53
-2.08
0.42
2.71
4.58
5.88
6.57
6.74
6.56
6.23
5.95
5.83
5.90
6.06
6.22
6.26
6.11
5.75
5.21
4.57
3.90
3.29
2.79
2.41
2.11
1.83
1.53
1.21
0.86
0.52
0.17
-0.23
-0.71
-1.28
-1.89
-2.51
-3.07
-3.55
-3.98
-4.38
-4.85
-5.45
-6.27
-7.31
-8.49
-9.58
-10.25
-10.17
-9.17
-7.26
-4.71
-1.92
0.73
2.92
4.56
5.68
6.41
6.93
7.33
7.67
7.94
8.13
8.19
8.12
7.90
7.52
6.99
6.37
5.73
5.16
4.72
4.44
4.27
4.16
4.03
3.84
3.58
3.24
2.80
2.22
1.53
0.75
-0.02
-0.70
-1.23
-1.64
-2.00
-2.43
-3.02
-3.75
-4.55
-5.29
-5.88
-6.25
-6.47
-6.63
-6.85
-7.28
-7.95
-8.85
-9.83
-10.66
-11.05
-10.74
-9.57
-7.54
-4.85
-1.84
1.09
3.55
5.33
6.37
6.82
6.94
7.00
7.19
7.55
7.99
8.36
8.53
8.43
8.08
7.58
7.02
6.47
5.98
5.54
5.16
4.88
4.71
4.63
4.55
4.34
3.89
3.19
2.31
1.36
0.46
-0.33
-1.00
-1.62
-2.25
-2.92
-3.61
-4.29
-4.88
-5.34
-5.65
-5.84
-6.00
-6.20
-6.53
-7.04
-7.77
-8.67
-9.66
-10.54
-11.02
-10.82
-9.70
-7.67
-4.95
-1.97
0.80
3.02
4.55
5.50
6.07
6.52
6.98
7.51
8.04
8.50
8.85
9.04
9.04
8.82
8.37
7.69
6.86
5.99
5.20
4.55
4.05
3.65
3.31
3.01
2.73
2.47
2.20
1.86
1.39
0.78
0.02
-0.85
-1.80
-2.78
-3.71
-4.48
-4.98
-5.18
-5.17
-5.13
-5.27
-5.71
-6.43
-7.27
-8.10
-8.84
-9.51
-10.17
-10.77
-11.18
-11.17
-10.51
-9.13
-7.12
-4.74
-2.32
-0.14
1.64
3.02
4.08
4.93
5.64
6.18
6.44
6.39
6.04
5.54
5.07
4.78
4.69
4.70
4.67
4.51
4.23
3.90
3.62
3.43
3.30
3.15
2.91
2.55
2.12
1.66
1.22
0.80
0.37
-0.13
-0.71
-1.36
-2.04
-2.67
-3.20
-3.64
-4.04
-4.49
-5.07
-5.82
-6.69
-7.56
-8.29
-8.72
-8.71
-8.18
-7.11
-5.52
-3.54
-1.31
0.95
3.02
4.71
5.88
6.49
6.62
6.45
6.13
5.82
5.56
5.38
5.23
5.08
4.94
4.84
4.80
4.82
4.85
4.80
4.58
4.13
3.48
2.70
1.94
1.30
0.83
0.50
0.20
-0.17
-0.69
-1.34
-2.08
-2.84
-3.58
-4.31
-4.99
-5.62
-6.17
-6.65
-7.13
-7.70
-8.45
-9.35
-10.29
-11.02
-11.22
-10.59
-9.03
-6.61
-3.63
-0.54
2.25
4.45
5.97
6.92
7.48
7.83
8.06
8.18
8.13
7.92
7.56
7.12
6.68
6.25
5.85
5.48
5.14
4.86
4.65
4.49
4.35
4.19
3.96
3.60
3.05
2.26
1.31
0.33
-0.49
-1.01
-1.28
-1.44
-1.74
-2.36
-3.26
-4.28
-5.20
-5.87
-6.29
-6.59
-6.88
-7.22
-7.60
-8.03
-8.55
-9.27
-10.23
-11.30
-12.17
-12.44
-11.76
-10.00
-7.35
-4.23
-1.15
1.48
3.46
4.83
5.77
6.52
7.25
8.04
8.82
9.47
9.86
9.89
9.57
8.97
8.22
7.43
6.72
6.14
5.72
5.46
5.33
5.28
5.18
4.93
4.47
3.79
2.98
2.15
1.38
0.66
-0.02
-0.67
-1.26
-1.73
-2.03
-2.21
-2.37
-2.62
-3.05
-3.65
-4.36
-5.06
-5.68
-6.20
-6.65
-7.12
-7.72
-8.50
-9.46
-10.44
-11.21
-11.51
-11.12
-9.93
-8.02
-5.58
-2.88
-0.13
2.45
4.72
6.55
7.83
8.49
8.59
8.28
7.83
7.49
7.41
7.57
7.77
7.77
7.41
6.68
5.75
4.83
4.09
3.58
3.24
2.98
2.79
2.64
2.53
2.41
2.16
1.66
0.88
-0.07
-0.99
-1.68
-2.06
-2.18
-2.24
-2.43
-2.88
-3.58
-4.38
-5.11
-5.61
-5.84
-5.86
-5.84
-5.96
-6.37
-7.07
-7.95
-8.73
-9.12
-8.87
-7.90
-6.31
-4.33
-2.21
-0.16
1.75
3.49
5.02
6.23
6.97
7.15
6.83
6.21
5.55
5.05
4.76
4.57
4.34
4.00
3.61
3.33
3.24
3.33
3.46
3.43
3.14
2.63
2.06
1.59
1.32
1.18
1.01
0.63
-0.06
-1.02
-2.12
-3.20
-4.10
-4.72
-5.07
-5.23
-5.35
-5.56
-5.99
-6.64
-7.41
-8.15
-8.68
-8.84
-8.49
-7.57
-6.04
-3.99
-1.58
0.90
3.16
4.95
6.18
6.89
7.25
7.44
7.59
7.68
7.67
7.49
7.11
6.62
6.14
5.78
5.57
5.47
5.35
5.10
4.64
4.00
3.27
2.54
1.88
1.26
0.65
-0.04
-0.80
-1.60
-2.35
-2.99
-3.49
-3.90
-4.29
-4.73
-5.24
-5.77
-6.28
-6.76
-7.29
-7.93
-8.73
-9.60
-10.31
-10.52
-9.94
-8.42
-6.08
-3.28
-0.47
1.91
3.64
4.72
5.35
5.77
6.15
6.57
6.99
7.34
7.59
7.70
7.63
7.38
6.94
6.37
5.77
5.26
4.92
4.75
4.69
4.61
4.43
4.08
3.54
2.85
2.05
1.20
0.36
-0.42
-1.13
-1.77
-2.35
-2.90
-3.46
-4.07
-4.75
-5.52
-6.35
-7.13
-7.71
-7.99
-7.98
-7.83
-7.81
-8.19
-9.11
-10.49
-11.98
-13.12
-13.43
-12.65
-10.76
-8.00
-4.77
-1.50
1.46
3.91
5.74
6.96
7.65
7.98
8.12
8.27
8.53
8.90
9.26
9.49
9.47
9.17
8.65
7.99
7.27
6.54
5.82
5.13
4.48
3.91
3.43
3.04
2.74
2.51
2.31
2.09
1.74
1.15
0.31
-0.72
-1.78
-2.67
-3.25
-3.56
-3.72
-3.93
-4.32
-4.90
-5.53
-6.07
-6.43
-6.65
-6.87
-7.31
-8.13
-9.33
-10.74
-11.99
-12.65
-12.34
-10.92
-8.51
-5.50
-2.38
0.43
2.73
4.49
5.82
6.79
7.43
7.75
7.82
7.77
7.77
7.93
8.20
8.39
8.26
7.69
6.75
5.66
4.72
4.14
3.95
4.02
4.16
4.21
4.09
3.82
3.46
3.01
2.46
1.77
0.93
0.02
-0.83
-1.54
-2.09
-2.58
-3.10
-3.73
-4.42
-5.02
-5.40
-5.55
-5.61
-5.80
-6.33
-7.28
-8.52
-9.75
-10.65
-10.92
-10.39
-9.06
-7.02
-4.49
-1.74
0.94
3.28
5.11
6.35
7.04
7.32
7.33
7.21
7.02
6.75
6.37
5.85
5.21
4.52
3.91
3.50
3.33
3.39
3.57
3.73
3.74
3.54
3.13
2.59
1.99
1.43
0.90
0.39
-0.19
-0.89
-1.73
-2.64
-3.53
-4.30
-4.87
-5.25
-5.52
-5.77
-6.15
-6.73
-7.55
-8.50
-9.37
-9.84
-9.61
-8.51
-6.55
-3.97
-1.16
1.47
3.61
5.14
6.11
6.70
7.11
7.49
7.89
8.26
8.49
8.48
8.21
7.72
7.10
6.45
5.83
5.21
4.58
3.90
3.19
2.50
1.88
1.37
0.99
0.66
0.29
-0.24
-1.01
-1.97
-3.01
-3.96
-4.69
-5.18
-5.51
-5.78
-6.08
-6.44
-6.83
-7.27
-7.83
-8.60
-9.55
-10.49
-11.05
-10.85
-9.70
-7.63
-4.94
-2.04
0.75
3.20
5.22
6.75
7.77
8.28
8.37
8.22
8.08
8.10
8.31
8.58
8.70
8.55
8.08
7.34
6.46
5.55
4.72
4.01
3.48
3.12
2.88
2.67
2.36
1.86
1.16
0.31
-0.56
-1.35
-2.02
-2.58
-3.08
-3.55
-4.01
-4.44
-4.82
-5.15
-5.46
-5.79
-6.20
-6.69
-7.29
-7.99
-8.80
-9.69
-10.61
-11.37
-11.74
-11.44
-10.28
-8.28
-5.61
-2.63
0.24
2.70
4.57
5.87
6.72
7.29
7.74
8.15
8.57
8.95
9.24
9.30
9.07
8.52
7.74
6.91
6.20
5.69
5.39
5.19
4.92
4.50
3.90
3.18
2.42
1.70
1.04
0.41
-0.20
-0.80
-1.40
-1.95
-2.46
-2.92
-3.35
-3.78
-4.24
-4.78
-5.38
-6.05
-6.75
-7.47
-8.21
-9.00
-9.84
-10.67
-11.39
-11.82
-11.78
-11.12
-9.78
-7.82
-5.38
-2.67
-0.00
2.35
4.16
5.33
5.93
6.15
6.24
6.37
6.58
6.82
6.99
7.01
6.87
6.58
6.14
5.58
4.94
4.30
3.77
3.41
3.22
3.13
3.01
2.72
2.22
1.54
0.77
0.02
-0.65
-1.21
-1.70
-2.19
-2.72
-3.33
-3.98
-4.55
-4.97
-5.17
-5.22
-5.26
-5.46
-5.89
-6.53
-7.22
-7.74
-7.85
-7.38
-6.30
-4.67
-2.65
-0.42
1.82
3.88
5.57
6.77
7.42
7.55
7.32
6.91
6.51
6.19
5.94
5.70
5.36
4.90
4.34
3.75
3.22
2.84
2.62
2.54
2.50
2.40
2.15
1.72
1.16
0.56
0.02
-0.46
-0.93
-1.49
-2.20
-3.06
-3.96
-4.77
-5.39
-5.81
-6.16
-6.59
-7.26
-8.18
-9.25
-10.22
-10.80
-10.73
-9.87
-8.22
-5.94
-3.25
-0.46
2.13
4.27
5.80
6.66
6.94
6.85
6.62
6.48
6.56
6.84
7.22
7.56
7.74
7.69
7.40
6.91
6.24
5.45
4.62
3.85
3.23
2.83
2.62
2.51
2.36
2.06
1.55
0.84
0.02
-0.84
-1.70
-2.55
-3.42
-4.28
-5.11
-5.83
-6.35
-6.64
-6.73
-6.71
-6.76
-7.05
-7.70
-8.70
-9.85
-10.87
-11.42
-11.22
-10.15
-8.27
-5.80
-3.02
-0.25
2.28
4.37
5.93
6.98
7.60
7.94
8.16
8.37
8.57
8.73
8.77
8.66
8.39
7.99
7.51
6.96
6.33
5.65
4.97
4.40
3.96
3.64
3.32
2.86
2.19
1.33
0.42
-0.38
-0.95
-1.30
-1.53
-1.78
-2.16
-2.69
-3.33
-3.97
-4.53
-5.00
-5.41
-5.84
-6.31
-6.85
-7.46
-8.11
-8.81
-9.52
-10.17
-10.59
-10.61
-10.03
-8.76
-6.83
-4.39
-1.67
1.04
3.49
5.49
6.89
7.69
7.99
8.02
7.99
8.09
8.35
8.65
8.82
8.71
8.27
7.58
6.79
6.07
5.48
5.00
4.53
3.98
3.33
2.63
1.97
1.40
0.94
0.53
0.09
-0.44
-1.06
-1.74
-2.45
-3.16
-3.86
-4.53
-5.11
-5.50
-5.66
-5.65
-5.61
-5.74
-6.21
-7.05
-8.13
-9.20
-9.97
-10.23
-9.88
-8.92
-7.43
-5.51
-3.26
-0.81
1.64
3.86
5.60
6.74
7.27
7.35
7.20
7.02
6.87
6.74
6.53
6.24
5.89
5.57
5.31
5.07
4.77
4.36
3.88
3.42
3.07
2.87
2.71
2.47
2.05
1.44
0.72
-0.04
-0.80
-1.58
-2.42
-3.31
-4.15
-4.83
-5.25
-5.45
-5.55
-5.77
-6.25
-7.07
-8.12
-9.18
-9.92
-10.05
-9.37
-7.80
-5.50
-2.75
0.09
2.66
4.71
6.17
7.06
7.50
7.62
7.57
7.47
7.41
7.45
7.55
7.60
7.49
7.14
6.55
5.80
5.04
4.37
3.82
3.40
3.07
2.76
2.44
2.05
1.55
0.90
0.10
-0.82
-1.78
-2.70
-3.51
-4.19
-4.71
-5.09
-5.34
-5.54
-5.76
-6.11
-6.68
-7.50
-8.52
-9.60
-10.56
-11.17
-11.24
-10.64
-9.34
-7.41
-5.01
-2.34
0.39
2.95
5.12
6.74
7.74
8.19
8.21
8.04
7.86
7.78
7.82
7.91
7.95
7.84
7.54
7.04
6.40
5.70
5.02
4.44
3.97
3.59
3.24
2.89
2.52
2.15
1.73
1.24
0.61
-0.16
-1.03
-1.90
-2.67
-3.31
-3.87
-4.43
-5.06
-5.75
-6.43
-7.00
-7.38
-7.59
-7.75
-8.02
-8.53
-9.32
-10.28
-11.18
-11.78
-11.84
-11.23
-9.90
-7.90
-5.33
-2.37
0.69
3.56
5.90
7.52
8.38
8.61
8.47
8.24
8.11
8.13
8.25
8.36
8.36
8.20
7.85
7.34
6.70
5.96
5.17
4.41
3.73
3.16
2.68
2.22
1.70
1.08
0.35
-0.39
-1.07
-1.63
-2.06
-2.41
-2.76
-3.14
-3.58
-4.06
-4.55
-5.00
-5.39
-5.70
-5.94
-6.16
-6.42
-6.79
-7.36
-8.15
-9.15
-10.18
-11.00
-11.31
-10.85
-9.51
-7.39
-4.77
-2.01
0.54
2.66
4.23
5.26
5.82
5.99
5.87
5.57
5.22
4.87
4.55
4.23
3.89
3.50
3.07
2.62
2.18
1.74
1.30
0.83
0.36
-0.09
-0.50
-0.83
-1.11
-1.40
-1.78
-2.29
-2.91
-3.58
-4.18
-4.65
-4.95
-5.09
-5.13
-5.15
-5.20
-5.34
-5.65
-6.17
-6.88
-7.71
-8.45
-8.90
-8.85
-8.22
-7.03
-5.39
-3.45
-1.38
0.69
2.61
4.29
5.65
6.65
7.30
7.63
7.73
7.66
7.51
7.32
7.12
6.89
6.61
6.30
6.03
5.90
5.95
6.15
6.40
6.57
6.59
6.44
6.20
5.94
5.65
5.27
4.76
4.11
3.40
2.77
2.29
2.00
1.81
1.63
1.34
0.85
0.10
-0.89
-2.05
-3.20
-4.08
-4.45
-4.11
-3.02
-1.28
0.87
3.11
5.15
6.78
7.90
8.51
8.72
8.68
8.54
8.42
8.37
8.36
8.30
8.09
7.63
6.93
6.10
5.33
4.77
4.51
4.46
4.43
4.20
3.64
2.75
1.67
0.57
-0.40
-1.20
-1.87
-2.48
-3.08
-3.66
-4.15
-4.49
-4.68
-4.82
-5.03
-5.41
-5.96
-6.62
-7.29
-7.91
-8.51
-9.19
-9.98
-10.77
-11.35
-11.48
-10.95
-9.72
-7.88
-5.62
-3.17
-0.76
1.41
3.16
4.41
5.19
5.62
5.84
5.97
6.04
5.98
5.74
5.30
4.76
4.22
3.78
3.45
3.12
2.66
1.97
1.07
0.08
-0.79
-1.41
-1.71
-1.77
-1.72
-1.70
-1.73
-1.78
-1.75
-1.60
-1.34
-1.08
-0.93
-0.94
-1.12
-1.41
-1.77
-2.24
-2.84
-3.60
-4.46
-5.33
-6.11
-6.78
-7.45
-8.26
-9.29
-10.48
-11.61
-12.37
-12.47
-11.78
-10.34
-8.33
-5.96
-3.43
-0.90
1.52
3.68
5.44
6.68
7.37
7.60
7.56
7.42
7.32
7.25
7.13
6.86
6.35
5.63
4.77
3.90
3.11
2.47
1.96
1.58
1.29
1.10
1.00
0.98
1.03
1.06
1.00
0.78
0.39
-0.12
-0.68
-1.24
-1.79
-2.36
-2.97
-3.59
-4.18
-4.69
-5.15
-5.65
-6.25
-6.92
-7.51
-7.76
-7.39
-6.29
-4.54
-2.40
-0.21
1.77
3.43
4.77
5.85
6.71
7.31
7.56
7.43
6.97
6.31
5.61
4.97
4.44
3.96
3.49
3.00
2.52
2.08
1.68
1.29
0.90
0.49
0.07
-0.33
-0.70
-1.05
-1.44
-1.90
-2.44
-3.02
-3.59
-4.13
-4.67
-5.28
-6.06
-7.06
-8.29
-9.64
-10.93
-11.96
-12.46
-12.25
-11.20
-9.33
-6.77
-3.75
-0.59
2.37
4.78
6.34
6.93
6.64
5.84
5.06
4.89
5.75
7.71
10.45
13.36
15.76
17.14
17.36
16.63
15.42
14.24
13.36
12.78
12.21
11.28
9.77
7.73
5.56
3.93
3.54
5.00
8.56
13.96
20.32
26.15
29.64
29.16
23.89
14.16
1.44
-12.19
-24.72
-34.79
-41.83
-45.89
-47.19
-45.84
-41.78
-35.07
-26.13
-15.90
-5.63
3.46
10.53
15.36
18.22
19.77
20.67
21.47
22.40
23.51
24.68
25.76
26.65
27.22
27.36
26.90
25.65
23.50
20.49
16.84
12.97
9.35
6.34
4.05
2.28
0.55
-1.67
-4.73
-8.58
-12.74
-16.41
-18.80
-19.43
-18.31
-15.93
-13.05
-10.40
-8.46
-7.38
-7.01
-7.06
-7.23
-7.20
-6.78
-5.97
-5.02
-4.37
-4.46
-5.47
-7.20
-8.99
-10.06
-9.79
-7.97
-4.94
-1.35
2.02
4.49
5.62
5.22
3.37
0.32
-3.49
-7.57
-11.47
-14.84
-17.53
-19.53
-20.90
-21.75
-22.19
-22.33
-22.39
-22.58
-23.05
-23.80
-24.53
-24.78
-23.99
-21.80
-18.18
-13.51
-8.46
-3.78
-0.12
2.11
2.81
2.07
0.23
-2.24
-4.79
-6.86
-8.04
-8.13
-7.23
-5.69
-3.98
-2.59
-1.87
-1.91
-2.55
-3.42
-4.03
-3.98
-3.03
-1.27
0.95
3.11
4.70
5.35
4.87
3.29
0.78
-2.42
-6.08
-10.02
-14.03
-17.79
-20.85
-22.69
-22.85
-21.09
-17.45
-12.39
-6.69
-1.23
3.28
6.50
8.41
9.22
9.35
9.31
9.38
9.64
9.96
10.22
10.45
10.77
11.32
12.45
14.48
17.56
21.49
25.84
30.03
33.43
35.33
34.36
29.54
21.32
11.76
3.42
-1.96
-4.38
-4.58
-3.51
-2.04
-0.72
0.30
1.12
1.62
1.63
1.06
0.01
-1.37
-2.89
-4.27
-5.13
-5.19
-4.34
-2.57
0.01
3.21
6.64
9.73
12.00
13.13
13.02
11.72
9.42
6.42
3.08
-0.22
-3.22
-5.74
-7.66
-9.06
-10.09
-10.96
-11.81
-12.70
-13.58
-14.38
-14.96
-15.21
-15.10
-14.78
-14.49
-14.46
-14.81
-15.43
-15.97
-15.99
-15.11
-13.17
-10.27
-6.75
-3.05
0.46
3.49
5.95
7.89
9.44
10.82
12.16
13.57
15.01
16.38
17.47
18.12
18.21
17.76
16.90
15.83
14.75
13.81
13.05
12.40
11.77
11.04
10.16
9.14
8.05
6.95
5.88
4.86
3.92
3.11
2.48
2.07
1.81
1.56
1.17
0.50
-0.41
-1.40
-2.27
-2.86
-3.15
-3.27
-3.44
-3.84
-4.55
-5.47
-6.39
-7.06
-7.21
-6.64
-5.30
-3.27
-0.80
1.78
4.10
5.90
7.08
7.74
8.12
8.46
8.92
9.51
10.12
10.60
10.85
10.85
10.62
10.16
9.46
8.51
7.31
5.98
4.67
3.57
2.77
2.23
1.82
1.37
0.79
0.06
-0.76
-1.56
-2.27
-2.87
-3.37
-3.82
-4.30
-4.84
-5.46
-6.14
-6.81
-7.36
-7.74
-7.93
-7.98
-7.98
-8.04
-8.26
-8.71
-9.43
-10.40
-11.49
-12.43
-12.88
-12.53
-11.21
-9.00
-6.22
-3.27
-0.53
1.81
3.69
5.15
6.24
7.02
7.53
7.83
8.00
8.07
8.03
7.88
7.61
7.25
6.87
6.52
6.18
5.83
5.42
4.98
4.55
4.17
3.83
3.48
3.03
2.45
1.78
1.08
0.42
-0.21
-0.87
-1.58
-2.34
-3.04
-3.61
-4.02
-4.32
-4.64
-5.10
-5.77
-6.66
-7.67
-8.67
-9.45
-9.80
-9.48
-8.33
-6.36
-3.75
-0.83
2.00
4.44
6.31
7.57
8.28
8.50
8.28
7.74
7.05
6.45
6.14
6.17
6.44
6.72
6.78
6.51
5.97
5.30
4.68
4.17
3.77
3.43
3.10
2.77
2.43
2.07
1.60
0.97
0.14
-0.83
-1.81
-2.67
-3.31
-3.77
-4.14
-4.60
-5.27
-6.23
-7.45
-8.82
-10.13
-11.15
-11.65
-11.48
-10.58
-9.04
-7.04
-4.83
-2.64
-0.64
1.09
2.54
3.70
4.57
5.12
5.38
5.45
5.48
5.61
5.91
6.33
6.71
6.89
6.78
6.43
5.94
5.47
5.06
4.69
4.28
3.73
3.02
2.19
1.36
0.65
0.13
-0.17
-0.35
-0.53
-0.83
-1.33
-2.01
-2.77
-3.48
-4.06
-4.53
-4.99
-5.51
-6.15
-6.89
-7.66
-8.37
-8.90
-9.14
-8.91
-8.10
-6.63
-4.63
-2.32
-0.04
1.98
3.61
4.86
5.83
6.61
7.21
7.63
7.82
7.80
7.62
7.34
7.02
6.68
6.30
5.82
5.20
4.42
3.58
2.82
2.28
2.03
1.96
1.90
1.67
1.22
0.61
0.00
-0.52
-0.96
-1.44
-2.03
-2.73
-3.41
-3.93
-4.23
-4.41
-4.65
-5.07
-5.70
-6.38
-6.91
-7.11
-7.01
-6.79
-6.73
-7.07
-7.86
-8.89
-9.79
-10.13
-9.63
-8.28
-6.28
-3.98
-1.71
0.32
2.05
3.49
4.68
5.63
6.33
6.76
6.92
6.87
6.64
6.31
5.89
5.43
4.93
4.43
3.94
3.48
3.08
2.76
2.56
2.48
2.50
2.53
2.50
2.28
1.82
1.08
0.14
-0.90
-1.87
-2.65
-3.17
-3.46
-3.62
-3.76
-3.96
-4.25
-4.59
-4.94
-5.25
-5.53
-5.80
-6.10
-6.48
-6.98
-7.63
-8.43
-9.32
-10.08
-10.49
-10.28
-9.33
-7.69
-5.55
-3.21
-0.91
1.15
2.92
4.39
5.55
6.42
6.95
7.15
7.03
6.65
6.11
5.53
4.99
4.55
4.19
3.87
3.55
3.17
2.74
2.31
1.93
1.65
1.45
1.30
1.16
0.99
0.77
0.48
0.12
-0.35
-0.92
-1.61
-2.37
-3.13
-3.84
-4.45
-4.97
-5.46
-5.98
-6.59
-7.30
-8.04
-8.64
-8.86
-8.49
-7.41
-5.67
-3.47
-1.10
1.16
3.12
4.68
5.82
6.59
7.02
7.20
7.21
7.14
7.06
6.96
6.81
6.54
6.15
5.66
5.17
4.76
4.47
4.29
4.12
3.88
3.50
2.95
2.30
1.61
0.96
0.34
-0.28
-0.97
-1.76
-2.63
-3.51
-4.29
-4.90
-5.36
-5.72
-6.08
-6.51
-7.09
-7.83
-8.70
-9.60
-10.33
-10.69
-10.46
-9.55
-7.96
-5.85
-3.46
-1.04
1.20
3.10
4.55
5.53
6.07
6.29
6.38
6.53
6.89
7.43
8.02
8.43
8.47
8.07
7.33
6.44
5.59
4.94
4.51
4.21
3.93
3.57
3.09
2.49
1.81
1.09
0.36
-0.35
-1.05
-1.71
-2.32
-2.84
-3.27
-3.61
-3.93
-4.26
-4.63
-5.00
-5.31
-5.54
-5.73
-6.06
-6.68
-7.64
-8.79
-9.76
-10.12
-9.53
-7.95
-5.59
-2.90
-0.30
1.89
3.57
4.78
5.66
6.33
6.85
7.25
7.56
7.77
7.89
7.88
7.74
7.47
7.09
6.66
6.23
5.82
5.46
5.16
4.92
4.73
4.52
4.23
3.77
3.10
2.26
1.34
0.46
-0.27
-0.80
-1.13
-1.35
-1.56
-1.86
-2.32
-2.94
-3.64
-4.32
-4.90
-5.40
-5.91
-6.55
-7.41
-8.46
-9.57
-10.54
-11.18
-11.31
-10.81
-9.59
-7.67
-5.18
-2.46
0.11
2.15
3.46
4.11
4.34
4.44
4.62
4.91
5.22
5.44
5.51
5.47
5.39
5.31
5.24
5.12
4.92
4.67
4.40
4.17
3.97
3.78
3.53
3.19
2.77
2.26
1.67
0.98
0.17
-0.77
-1.76
-2.70
-3.46
-3.99
-4.29
-4.46
-4.63
-4.90
-5.35
-6.02
-6.89
-7.85
-8.74
-9.32
-9.33
-8.60
-7.13
-5.09
-2.78
-0.56
1.29
2.63
3.45
3.89
4.13
4.33
4.61
5.00
5.43
5.79
5.96
5.87
5.54
5.06
4.56
4.12
3.78
3.51
3.24
2.93
2.59
2.26
2.00
1.80
1.62
1.35
0.92
0.32
-0.38
-1.10
-1.73
-2.24
-2.67
-3.08
-3.52
-4.02
-4.61
-5.31
-6.12
-7.04
-7.98
-8.77
-9.18
-8.96
-8.02
-6.42
-4.39
-2.22
-0.22
1.46
2.76
3.76
4.54
5.20
5.77
6.28
6.72
7.07
7.24
7.14
6.68
5.91
4.98
4.14
3.60
3.41
3.44
3.47
3.30
2.86
2.23
1.58
1.05
0.67
0.37
0.07
-0.30
-0.71
-1.13
-1.56
-2.02
-2.54
-3.12
-3.71
-4.22
-4.64
-4.99
-5.33
-5.73
-6.17
-6.61
-7.01
-7.44
-8.00
-8.76
-9.69
-10.56
-11.02
-10.75
-9.58
-7.60
-5.08
-2.39
0.14
2.29
3.97
5.21
6.10
6.77
7.36
7.95
8.54
9.07
9.39
9.40
9.07
8.49
7.83
7.23
6.79
6.49
6.22
5.91
5.53
5.12
4.73
4.38
4.02
3.57
2.97
2.21
1.37
0.55
-0.17
-0.78
-1.31
-1.84
-2.38
-2.95
-3.53
-4.11
-4.71
-5.33
-5.94
-6.52
-7.03
-7.47
-7.93
-8.49
-9.27
-10.26
-11.30
-12.15
-12.50
-12.10
-10.84
-8.81
-6.22
-3.38
-0.64
1.74
3.56
4.79
5.49
5.82
5.97
6.06
6.15
6.22
6.19
6.03
5.80
5.61
5.54
5.64
5.80
5.87
5.68
5.17
4.42
3.57
2.81
2.23
1.84
1.54
1.21
0.76
0.19
-0.42
-0.96
-1.38
-1.68
-1.96
-2.33
-2.85
-3.50
-4.18
-4.84
-5.49
-6.18
-7.00
-7.90
-8.72
-9.17
-8.99
-8.00
-6.22
-3.81
-1.08
1.65
4.04
5.83
6.88
7.23
7.09
6.78
6.60
6.69
7.00
7.31
7.39
7.08
6.39
5.44
4.42
3.49
2.73
2.19
1.87
1.75
1.78
1.86
1.88
1.74
1.43
1.00
0.55
0.14
-0.23
-0.64
-1.19
-1.91
-2.74
-3.54
-4.17
-4.58
-4.87
-5.20
-5.72
-6.49
-7.39
-8.22
-8.74
-8.78
-8.27
-7.26
-5.83
-4.13
-2.29
-0.45
1.26
2.76
4.00
4.99
5.76
6.35
6.78
7.09
7.29
7.40
7.41
7.30
6.99
6.43
5.66
4.77
3.88
3.10
2.43
1.84
1.29
0.78
0.38
0.17
0.14
0.16
0.06
-0.30
-0.96
-1.80
-2.63
-3.32
-3.84
-4.25
-4.65
-5.12
-5.68
-6.31
-7.00
-7.76
-8.57
-9.37
-10.00
-10.23
-9.85
-8.75
-6.98
-4.75
-2.32
0.04
2.17
3.96
5.37
6.38
7.02
7.32
7.40
7.37
7.32
7.23
7.02
6.62
6.04
5.37
4.79
4.37
4.14
3.95
3.68
3.27
2.80
2.39
2.13
1.98
1.80
1.43
0.82
0.06
-0.68
-1.27
-1.71
-2.07
-2.51
-3.07
-3.75
-4.45
-5.11
-5.73
-6.35
-7.02
-7.69
-8.24
-8.46
-8.15
-7.17
-5.52
-3.33
-0.88
1.50
3.49
4.91
5.78
6.22
6.46
6.67
6.94
7.26
7.54
7.68
7.61
7.30
6.75
6.05
5.29
4.59
4.07
3.73
3.52
3.34
3.09
2.75
2.35
1.89
1.40
0.84
0.20
-0.53
-1.26
-1.91
-2.48
-2.97
-3.50
-4.12
-4.81
-5.48
-6.00
-6.31
-6.47
-6.61
-6.92
-7.46
-8.25
-9.14
-9.97
-10.52
-10.58
-9.96
-8.57
-6.47
-3.83
-1.01
1.63
3.79
5.32
6.30
6.91
7.41
7.96
8.59
9.20
9.62
9.69
9.36
8.69
7.83
6.92
6.06
5.30
4.64
4.10
3.69
3.43
3.33
3.29
3.19
2.93
2.44
1.75
0.92
0.05
-0.81
-1.61
-2.35
-3.00
-3.52
-3.90
-4.14
-4.31
-4.48
-4.75
-5.16
-5.73
-6.41
-7.11
-7.76
-8.33
-8.85
-9.37
-9.95
-10.52
-10.87
-10.72
-9.80
-8.01
-5.49
-2.58
0.26
2.64
4.35
5.43
6.06
6.48
6.85
7.21
7.47
7.54
7.34
6.87
6.22
5.50
4.82
4.28
3.93
3.78
3.83
4.01
4.19
4.25
4.08
3.60
2.84
1.88
0.82
-0.21
-1.13
-1.87
-2.38
-2.65
-2.72
-2.65
-2.56
-2.59
-2.85
-3.39
-4.20
-5.23
-6.40
-7.60
-8.71
-9.55
-9.94
-9.69
-8.71
-6.99
-4.66
-1.98
0.75
3.23
5.21
6.56
7.27
7.46
7.34
7.10
6.86
6.71
6.63
6.61
6.63
6.66
6.63
6.47
6.08
5.45
4.63
3.74
2.91
2.24
1.74
1.38
1.11
0.88
0.65
0.41
0.14
-0.20
-0.62
-1.12
-1.71
-2.39
-3.15
-3.96
-4.76
-5.46
-5.99
-6.37
-6.67
-7.02
-7.55
-8.33
-9.29
-10.23
-10.88
-10.95
-10.26
-8.78
-6.69
-4.24
-1.72
0.65
2.73
4.43
5.71
6.54
6.96
7.09
7.07
7.06
7.08
7.08
6.94
6.60
6.10
5.56
5.10
4.77
4.49
4.21
3.88
3.55
3.28
3.10
2.93
2.62
2.04
1.17
0.17
-0.76
-1.40
-1.68
-1.70
-1.68
-1.81
-2.22
-2.89
-3.76
-4.69
-5.57
-6.30
-6.82
-7.13
-7.30
-7.48
-7.84
-8.51
-9.45
-10.52
-11.45
-11.97
-11.87
-11.01
-9.35
-6.97
-4.02
-0.82
2.24
4.75
6.45
7.31
7.53
7.47
7.44
7.64
8.03
8.48
8.82
8.91
8.74
8.32
7.71
6.98
6.20
5.46
4.86
4.46
4.25
4.14
4.01
3.71
3.20
2.51
1.77
1.11
0.61
0.25
-0.08
-0.56
-1.29
-2.30
-3.47
-4.64
-5.64
-6.37
-6.85
-7.14
-7.35
-7.58
-7.93
-8.47
-9.18
-9.96
-10.65
-10.99
-10.80
-9.96
-8.51
-6.56
-4.29
-1.88
0.51
2.73
4.66
6.16
7.13
7.54
7.48
7.09
6.60
6.17
5.88
5.72
5.61
5.46
5.23
4.95
4.67
4.40
4.10
3.70
3.19
2.61
2.07
1.68
1.47
1.34
1.14
0.68
-0.09
-1.11
-2.20
-3.15
-3.83
-4.20
-4.32
-4.32
-4.35
-4.57
-5.10
-5.99
-7.19
-8.46
-9.45
-9.79
-9.20
-7.66
-5.37
-2.73
-0.17
2.01
3.67
4.88
5.78
6.50
7.08
7.47
7.59
7.37
6.80
5.99
5.08
4.20
3.45
2.82
2.32
1.94
1.65
1.47
1.39
1.36
1.36
1.33
1.22
0.96
0.50
-0.23
-1.21
-2.34
-3.46
-4.40
-5.04
-5.42
-5.66
-5.95
-6.42
-7.12
-8.01
-8.95
-9.79
-10.34
-10.42
-9.90
-8.69
-6.83
-4.47
-1.88
0.63
2.77
4.40
5.48
6.10
6.43
6.59
6.65
6.62
6.43
6.04
5.43
4.63
3.75
2.89
2.14
1.54
1.11
0.82
0.66
0.59
0.58
0.58
0.50
0.28
-0.13
-0.74
-1.51
-2.36
-3.26
-4.18
-5.13
-6.11
-7.16
-8.26
-9.35
-10.20
-10.53
-10.03
-8.52
-6.06
-2.96
0.31
3.26
5.57
7.10
7.92
8.22
8.21
8.11
8.10
8.27
8.61
9.00
9.26
9.22
8.81
8.09
7.18
6.21
5.31
4.51
3.87
3.39
3.09
2.93
2.82
2.66
2.35
1.86
1.19
0.38
-0.55
-1.57
-2.64
-3.70
-4.67
-5.45
-5.97
-6.28
-6.49
-6.77
-7.27
-8.05
-9.00
-9.90
-10.41
-10.24
-9.19
-7.22
-4.46
-1.23
2.11
5.15
7.53
9.07
9.75
9.71
9.25
8.72
8.40
8.40
8.70
9.11
9.40
9.38
8.93
8.06
6.90
5.63
4.50
3.72
3.36
3.39
3.61
3.76
3.65
3.20
2.47
1.60
0.73
-0.09
-0.83
-1.53
-2.18
-2.78
-3.32
-3.82
-4.31
-4.85
-5.43
-6.04
-6.61
-7.14
-7.64
-8.19
-8.87
-9.69
-10.56
-11.26
-11.48
-10.92
-9.41
-6.99
-3.93
-0.70
2.23
4.50
5.97
6.73
7.02
7.12
7.21
7.38
7.63
7.93
8.22
8.43
8.48
8.27
7.71
6.80
5.65
4.44
3.42
2.75
2.47
2.49
2.61
2.63
2.42
1.94
1.26
0.51
-0.20
-0.81
-1.35
-1.87
-2.42
-3.02
-3.65
-4.27
-4.83
-5.31
-5.72
-6.10
-6.50
-6.98
-7.58
-8.34
-9.22
-10.06
-10.63
-10.64
-9.83
-8.12
-5.69
-2.89
-0.13
2.25
4.08
5.38
6.24
6.76
6.98
6.97
6.82
6.68
6.69
6.86
7.09
7.16
6.89
6.23
5.25
4.15
3.17
2.44
2.05
1.99
2.20
2.56
2.89
3.05
2.88
2.33
1.43
0.30
-0.88
-1.95
-2.80
-3.40
-3.80
-4.08
-4.33
-4.60
-4.91
-5.24
-5.64
-6.15
-6.83
-7.70
-8.71
-9.72
-10.54
-10.98
-10.86
-10.06
-8.50
-6.24
-3.48
-0.54
2.19
4.39
5.87
6.63
6.84
6.70
6.42
6.13
5.88
5.74
5.73
5.83
5.96
6.00
5.79
5.26
4.44
3.50
2.68
2.18
2.08
2.32
2.72
3.04
3.08
2.70
1.90
0.78
-0.43
-1.51
-2.27
-2.67
-2.80
-2.85
-3.00
-3.38
-3.98
-4.75
-5.55
-6.26
-6.78
-7.09
-7.23
-7.34
-7.60
-8.19
-9.15
-10.30
-11.26
-11.58
-10.91
-9.16
-6.54
-3.49
-0.45
2.23
4.36
5.89
6.83
7.24
7.20
6.85
6.40
6.09
6.08
6.33
6.68
6.90
6.84
6.48
5.95
5.41
4.92
4.46
3.97
3.42
2.86
2.40
2.09
1.88
1.60
1.09
0.31
-0.65
-1.55
-2.19
-2.48
-2.50
-2.45
-2.54
-2.90
-3.51
-4.27
-5.05
-5.75
-6.34
-6.84
-7.31
-7.80
-8.38
-9.11
-10.00
-11.01
-11.97
-12.63
-12.70
-11.93
-10.19
-7.57
-4.34
-0.90
2.29
4.89
6.66
7.57
7.74
7.41
6.84
6.29
5.90
5.76
5.84
6.06
6.36
6.65
6.89
7.01
6.95
6.62
6.01
5.19
4.33
3.65
3.28
3.24
3.38
3.44
3.24
2.71
1.95
1.11
0.32
-0.37
-0.99
-1.62
-2.28
-2.97
-3.63
-4.25
-4.83
-5.36
-5.83
-6.22
-6.52
-6.78
-7.14
-7.73
-8.63
-9.76
-10.90
-11.71
-11.85
-11.09
-9.43
-7.01
-4.17
-1.27
1.36
3.50
5.08
6.18
6.94
7.50
7.94
8.24
8.37
8.31
8.07
7.74
7.42
7.17
6.99
6.78
6.47
6.01
5.42
4.84
4.38
4.10
3.98
3.92
3.77
3.45
2.97
2.38
1.76
1.15
0.56
-0.01
-0.56
-1.08
-1.55
-2.02
-2.53
-3.15
-3.88
-4.66
-5.38
-5.91
-6.21
-6.31
-6.35
-6.54
-7.06
-7.97
-9.20
-10.45
-11.35
-11.52
-10.72
-8.92
-6.32
-3.27
-0.15
2.64
4.84
6.33
7.11
7.37
7.34
7.24
7.21
7.26
7.32
7.30
7.15
6.91
6.64
6.41
6.21
5.99
5.69
5.33
4.96
4.65
4.48
4.42
4.37
4.21
3.82
3.15
2.25
1.25
0.31
-0.46
-0.99
-1.34
-1.61
-1.92
-2.32
-2.83
-3.41
-4.01
-4.61
-5.22
-5.84
-6.45
-7.01
-7.49
-7.90
-8.31
-8.82
-9.44
-10.07
-10.44
-10.20
-9.10
-7.10
-4.43
-1.49
1.25
3.48
5.09
6.18
6.90
7.37
7.62
7.60
7.27
6.70
5.99
5.31
4.79
4.47
4.30
4.19
4.04
3.81
3.51
3.17
2.85
2.59
2.40
2.30
2.21
2.08
1.82
1.39
0.79
0.08
-0.65
-1.33
-1.94
-2.49
-3.04
-3.65
-4.31
-4.97
-5.59
-6.16
-6.75
-7.45
-8.24
-9.00
-9.50
-9.43
-8.61
-6.99
-4.73
-2.12
0.57
3.07
5.21
6.91
8.12
8.81
9.03
8.86
8.44
7.95
7.52
7.22
7.05
6.92
6.70
6.33
5.79
5.14
4.48
3.89
3.42
3.05
2.75
2.46
2.13
1.69
1.11
0.38
-0.48
-1.39
-2.26
-2.99
-3.54
-3.94
-4.25
-4.55
-4.92
-5.40
-6.03
-6.78
-7.65
-8.56
-9.44
-10.13
-10.44
-10.17
-9.15
-7.36
-4.89
-2.02
0.89
3.48
5.45
6.64
7.08
6.95
6.55
6.15
5.96
6.03
6.28
6.57
6.72
6.62
6.21
5.50
4.55
3.49
2.49
1.75
1.37
1.34
1.51
1.68
1.66
1.38
0.86
0.18
-0.58
-1.38
-2.15
-2.85
-3.43
-3.83
-4.08
-4.26
-4.49
-4.86
-5.39
-6.01
-6.61
-7.12
-7.54
-7.94
-8.44
-9.17
-10.16
-11.27
-12.24
-12.69
-12.31
-10.91
-8.56
-5.50
-2.16
1.07
3.85
6.00
7.44
8.22
8.46
8.32
8.00
7.66
7.42
7.29
7.27
7.31
7.33
7.24
6.96
6.40
5.58
4.62
3.76
3.21
3.13
3.43
3.88
4.18
4.10
3.59
2.75
1.76
0.79
-0.07
-0.81
-1.45
-2.02
-2.54
-3.03
-3.50
-3.97
-4.44
-4.91
-5.36
-5.79
-6.20
-6.66
-7.25
-8.05
-9.12
-10.42
-11.76
-12.79
-13.09
-12.32
-10.39
-7.51
-4.15
-0.82
2.05
4.30
5.95
7.17
8.08
8.73
9.14
9.30
9.29
9.23
9.19
9.19
9.15
8.95
8.52
7.87
7.12
6.44
5.93
5.64
5.48
5.35
5.11
4.69
4.09
3.36
2.60
1.84
1.11
0.39
-0.35
-1.10
-1.81
-2.39
-2.81
-3.07
-3.26
-3.48
-3.82
-4.28
-4.81
-5.35
-5.89
-6.43
-7.03
-7.74
-8.58
-9.53
-10.50
-11.34
-11.86
-11.80
-10.99
-9.34
-6.96
-4.10
-1.10
1.71
4.11
5.97
7.27
8.05
8.41
8.46
8.35
8.21
8.15
8.16
8.19
8.12
7.90
7.51
6.99
6.42
5.83
5.24
4.63
4.00
3.37
2.80
2.34
2.01
1.79
1.59
1.35
0.98
0.47
-0.15
-0.81
-1.41
-1.91
-2.31
-2.67
-3.06
-3.53
-4.05
-4.59
-5.10
-5.55
-5.97
-6.40
-6.89
-7.50
-8.22
-9.02
-9.77
-10.29
-10.35
-9.71
-8.26
-6.02
-3.21
-0.22
2.51
4.61
5.91
6.44
6.42
6.14
5.86
5.70
5.66
5.64
5.54
5.29
4.90
4.45
4.06
3.80
3.70
3.70
3.72
3.62
3.34
2.89
2.36
1.84
1.40
1.00
0.56
-0.02
-0.74
-1.55
-2.31
-2.93
-3.36
-3.66
-3.90
-4.15
-4.43
-4.76
-5.16
-5.71
-6.45
-7.41
-8.51
-9.51
-10.12
-10.02
-8.99
-7.03
-4.33
-1.24
1.77
4.30
6.09
7.08
7.43
7.42
7.33
7.35
7.48
7.61
7.58
7.30
6.75
6.05
5.33
4.71
4.23
3.88
3.61
3.36
3.08
2.74
2.32
1.82
1.27
0.70
0.16
-0.34
-0.84
-1.42
-2.12
-2.96
-3.84
-4.66
-5.29
-5.66
-5.81
-5.89
-6.07
-6.52
-7.30
-8.34
-9.47
-10.40
-10.82
-10.48
-9.23
-7.10
-4.33
-1.27
1.67
4.14
5.91
6.95
7.35
7.34
7.19
7.08
7.15
7.39
7.71
7.94
7.95
7.64
7.00
6.13
5.18
4.32
3.66
3.25
3.05
3.00
2.97
2.86
2.60
2.12
1.39
0.47
-0.53
-1.42
-2.04
-2.33
-2.38
-2.41
-2.66
-3.28
-4.20
-5.23
-6.08
-6.60
-6.84
-6.99
-7.34
-8.07
-9.23
-10.65
-12.04
-13.03
-13.26
-12.47
-10.60
-7.80
-4.44
-1.01
2.00
4.28
5.75
6.54
6.91
7.12
7.37
7.72
8.15
8.55
8.82
8.85
8.62
8.17
7.59
7.01
6.53
6.20
6.00
5.85
5.65
5.29
4.78
4.13
3.45
2.79
2.16
1.54
0.86
0.09
-0.73
-1.56
-2.33
-3.01
-3.59
-4.08
-4.48
-4.78
-5.00
-5.19
-5.42
-5.77
-6.26
-6.84
-7.46
-8.10
-8.81
-9.62
-10.57
-11.53
-12.25
-12.43
-11.82
-10.34
-8.10
-5.35
-2.37
0.58
3.29
5.60
7.37
8.53
9.08
9.13
8.88
8.53
8.18
7.88
7.59
7.27
6.90
6.46
5.95
5.36
4.72
4.11
3.61
3.30
3.19
3.19
3.17
2.99
2.59
2.00
1.35
0.74
0.23
-0.20
-0.65
-1.21
-1.91
-2.71
-3.53
-4.28
-4.89
-5.38
-5.77
-6.09
-6.36
-6.59
-6.86
-7.26
-7.88
-8.70
-9.56
-10.15
-10.13
-9.27
-7.54
-5.12
-2.37
0.34
2.70
4.54
5.84
6.66
7.13
7.35
7.41
7.35
7.20
6.95
6.59
6.12
5.53
4.88
4.26
3.79
3.55
3.57
3.76
3.98
4.05
3.87
3.44
2.83
2.14
1.45
0.80
0.17
-0.47
-1.15
-1.90
-2.70
-3.51
-4.29
-5.00
-5.66
-6.30
-6.99
-7.79
-8.70
-9.61
-10.35
-10.68
-10.37
-9.30
-7.47
-5.05
-2.32
0.37
2.73
4.58
5.88
6.70
7.14
7.31
7.30
7.18
7.00
6.84
6.73
6.65
6.52
6.25
5.76
5.09
4.34
3.67
3.22
3.01
2.98
3.03
3.02
2.88
2.58
2.11
1.51
0.82
0.10
-0.61
-1.32
-2.08
-2.92
-3.82
-4.69
-5.41
-5.90
-6.19
-6.44
-6.86
-7.59
-8.63
-9.84
-10.98
-11.83
-12.19
-11.91
-10.84
-8.91
-6.21
-2.99
0.30
3.18
5.31
6.58
7.17
7.35
7.42
7.54
7.75
7.98
8.15
8.22
8.19
8.09
7.93
7.68
7.34
6.90
6.36
5.79
5.25
4.79
4.44
4.17
3.90
3.52
2.94
2.12
1.10
-0.01
-1.08
-1.99
-2.68
-3.18
-3.59
-4.02
-4.50
-5.02
-5.48
-5.83
-6.07
-6.29
-6.63
-7.22
-8.09
-9.17
-10.35
-11.46
-12.32
-12.74
-12.54
-11.52
-9.64
-6.99
-3.85
-0.61
2.34
4.75
6.53
7.72
8.46
8.88
9.07
9.13
9.07
8.90
8.64
8.29
7.90
7.50
7.11
6.74
6.31
5.79
5.15
4.45
3.80
3.30
3.01
2.90
2.84
2.67
2.25
1.51
0.50
-0.66
-1.78
-2.70
-3.35
-3.72
-3.89
-3.97
-4.07
-4.28
-4.68
-5.31
-6.17
-7.22
-8.36
-9.50
-10.52
-11.32
-11.80
-11.80
-11.17
-9.81
-7.75
-5.17
-2.37
0.30
2.60
4.41
5.75
6.67
7.25
7.52
7.52
7.29
6.90
6.44
5.97
5.54
5.14
4.79
4.47
4.13
3.78
3.39
2.97
2.54
2.16
1.83
1.58
1.36
1.11
0.79
0.33
-0.28
-1.02
-1.82
-2.62
-3.33
-3.91
-4.38
-4.77
-5.12
-5.49
-5.93
-6.50
-7.26
-8.18
-9.11
-9.78
-9.85
-9.10
-7.46
-5.12
-2.43
0.26
2.66
4.64
6.16
7.20
7.80
7.99
7.87
7.60
7.36
7.25
7.22
7.15
6.88
6.37
5.67
4.95
4.39
4.08
4.00
4.02
3.99
3.80
3.38
2.71
1.86
0.88
-0.12
-1.05
-1.89
-2.64
-3.34
-4.03
-4.71
-5.34
-5.83
-6.18
-6.44
-6.76
-7.31
-8.17
-9.29
-10.44
-11.26
-11.42
-10.70
-9.09
-6.79
-4.08
-1.28
1.32
3.57
5.35
6.65
7.48
7.90
8.03
8.02
7.98
8.01
8.10
8.18
8.17
7.99
7.60
7.00
6.24
5.37
4.50
3.72
3.11
2.72
2.51
2.37
2.18
1.82
1.25
0.52
-0.28
-1.05
-1.72
-2.27
-2.76
-3.31
-4.04
-5.01
-6.20
-7.48
-8.70
-9.74
-10.60
-11.33
-11.96
-12.40
-12.46
-11.92
-10.63
-8.62
-6.10
-3.36
-0.69
1.71
3.74
5.36
6.55
7.34
7.82
8.08
8.24
8.34
8.41
8.42
8.38
8.29
8.17
7.98
7.65
7.13
6.40
5.54
4.72
4.12
3.82
3.78
3.81
3.68
3.23
2.39
1.25
-0.04
-1.29
-2.35
-3.13
-3.65
-3.95
-4.17
-4.41
-4.80
-5.37
-6.08
-6.85
-7.59
-8.29
-8.96
-9.65
-10.37
-11.01
-11.37
-11.19
-10.24
-8.47
-5.99
-3.09
-0.10
2.62
4.85
6.49
7.56
8.16
8.41
8.43
8.30
8.09
7.87
7.66
7.47
7.24
6.91
6.41
5.74
4.96
4.22
3.65
3.34
3.26
3.29
3.29
3.14
2.79
2.27
1.65
0.99
0.37
-0.16
-0.59
-0.94
-1.24
-1.59
-2.05
-2.66
-3.39
-4.19
-4.97
-5.71
-6.43
-7.23
-8.18
-9.29
-10.43
-11.33
-11.68
-11.20
-9.77
-7.49
-4.62
-1.56
1.29
3.64
5.37
6.53
7.25
7.68
7.92
7.99
7.87
7.50
6.88
6.04
5.11
4.26
3.66
3.38
3.36
3.42
3.36
3.04
2.43
1.60
0.65
-0.36
-1.41
-2.47
-3.50
-4.40
-5.10
-5.58
-5.93
-6.28
-6.75
-7.34
-7.97
-8.56
-9.08
-9.58
-10.21
-11.06
-12.12
-13.26
-14.17
-14.50
-13.96
-12.39
-9.87
-6.73
-3.43
-0.42
1.99
3.69
4.80
5.54
6.10
6.56
6.95
7.26
7.50
7.70
7.90
8.05
8.06
7.85
7.37
6.71
6.00
5.41
5.01
4.80
4.66
4.47
4.16
3.70
3.09
2.36
1.51
0.57
-0.43
-1.41
-2.31
-3.08
-3.70
-4.21
-4.61
-4.96
-5.33
-5.85
-6.63
-7.67
-8.77
-9.58
-9.67
-8.72
-6.70
-3.85
-0.67
2.32
4.73
6.36
7.25
7.54
7.48
7.25
7.04
6.92
6.88
6.80
6.54
5.98
5.09
3.95
2.69
1.48
0.47
-0.25
-0.65
-0.80
-0.88
-1.12
-1.74
-2.80
-4.18
-5.58
-6.68
-7.26
-7.32
-7.02
-6.63
-6.35
-6.24
-6.25
-6.27
-6.25
-6.15
-5.99
-5.81
-5.66
-5.60
-5.71
-6.00
-6.31
-6.38
-5.83
-4.36
-1.91
1.31
4.82
8.07
10.64
12.31
13.13
13.32
13.17
12.95
12.84
12.90
13.04
13.13
13.00
12.56
11.82
10.89
9.96
9.18
8.64
8.33
8.20
8.18
8.17
8.08
7.79
7.22
6.32
5.19
3.99
2.94
2.20
1.75
1.45
1.07
0.39
-0.66
-1.97
-3.32
-4.48
-5.35
-5.94
-6.40
-6.93
-7.63
-8.50
-9.41
-10.14
-10.46
-10.21
-9.27
-7.65
-5.45
-2.89
-0.23
2.23
4.22
5.60
6.33
6.50
6.28
5.88
5.52
5.34
5.38
5.58
5.81
5.92
5.83
5.49
4.97
4.32
3.61
2.90
2.23
1.64
1.14
0.73
0.38
0.02
-0.39
-0.85
-1.35
-1.88
-2.41
-2.98
-3.58
-4.23
-4.90
-5.52
-6.06
-6.47
-6.79
-7.07
-7.35
-7.67
-8.06
-8.50
-8.99
-9.49
-9.87
-9.96
-9.53
-8.37
-6.46
-3.95
-1.21
1.33
3.33
4.67
5.47
5.92
6.23
6.48
6.64
6.60
6.31
5.77
5.02
4.15
3.24
2.40
1.74
1.34
1.25
1.43
1.75
2.05
2.19
2.10
1.81
1.36
0.79
0.11
-0.67
-1.49
-2.28
-2.95
-3.46
-3.83
-4.16
-4.48
-4.80
-5.04
-5.16
-5.14
-5.07
-5.10
-5.33
-5.77
-6.34
-6.85
-7.10
-6.93
-6.22
-4.95
-3.18
-1.11
1.04
3.02
4.62
5.73
6.34
6.47
6.21
5.66
4.93
4.15
3.41
2.81
2.36
2.06
1.86
1.72
1.55
1.30
0.92
0.38
-0.25
-0.91
-1.51
-1.99
-2.30
-2.45
-2.46
-2.38
-2.32
-2.42
-2.78
-3.43
-4.25
-5.09
-5.75
-6.19
-6.46
-6.75
-7.21
-7.89
-8.68
-9.30
-9.48
-9.00
-7.79
-5.91
-3.57
-1.01
1.49
3.67
5.32
6.35
6.77
6.69
6.32
5.88
5.52
5.30
5.15
4.94
4.58
4.07
3.47
2.91
2.44
2.06
1.70
1.29
0.82
0.36
-0.05
-0.37
-0.67
-1.03
-1.53
-2.19
-2.98
-3.80
-4.58
-5.26
-5.78
-6.14
-6.36
-6.56
-6.87
-7.42
-8.26
-9.32
-10.40
-11.24
-11.57
-11.21
-10.05
-8.12
-5.54
-2.55
0.52
3.33
5.60
7.19
8.12
8.57
8.75
8.83
8.93
9.02
9.06
8.98
8.75
8.35
7.76
6.98
6.01
4.91
3.80
2.84
2.15
1.79
1.70
1.76
1.82
1.83
1.76
1.65
1.48
1.21
0.75
0.06
-0.81
-1.74
-2.59
-3.25
-3.76
-4.24
-4.82
-5.61
-6.61
-7.73
-8.79
-9.62
-10.04
-9.89
-9.07
-7.54
-5.38
-2.75
0.13
2.96
5.49
7.52
8.93
9.71
9.93
9.76
9.36
8.89
8.37
7.80
7.14
6.40
5.63
4.89
4.23
3.63
3.06
2.46
1.86
1.29
0.84
0.49
0.25
0.03
-0.24
-0.58
-1.00
-1.48
-1.96
-2.38
-2.69
-2.84
-2.87
-2.86
-2.94
-3.24
-3.82
-4.68
-5.70
-6.69
-7.39
-7.50
-6.78
-5.15
-2.74
0.12
3.01
5.52
7.41
8.63
9.27
9.49
9.41
9.08
8.52
7.75
6.87
6.00
5.29
4.81
4.52
4.29
3.97
3.45
2.70
1.82
0.98
0.36
0.05
-0.00
0.05
-0.02
-0.37
-1.02
-1.85
-2.66
-3.32
-3.80
-4.22
-4.73
-5.42
-6.27
-7.14
-7.89
-8.44
-8.78
-8.92
-8.81
-8.34
-7.36
-5.80
-3.70
-1.25
1.26
3.57
5.44
6.82
7.74
8.29
8.56
8.59
8.44
8.12
7.72
7.31
6.96
6.68
6.40
6.04
5.53
4.92
4.26
3.68
3.21
2.82
2.43
1.90
1.18
0.27
-0.72
-1.70
-2.55
-3.21
-3.70
-4.05
-4.31
-4.47
-4.53
-4.52
-4.55
-4.78
-5.38
-6.39
-7.67
-8.92
-9.72
-9.76
-8.89
-7.19
-4.97
-2.58
-0.37
1.43
2.75
3.62
4.18
4.53
4.81
5.08
5.37
5.69
6.02
6.27
6.38
6.25
5.82
5.11
4.26
3.45
2.84
2.51
2.38
2.26
1.96
1.38
0.56
-0.35
-1.17
-1.83
-2.37
-2.95
-3.68
-4.60
-5.60
-6.54
-7.30
-7.82
-8.15
-8.37
-8.59
-8.87
-9.28
-9.84
-10.54
-11.35
-12.14
-12.72
-12.85
-12.30
-10.98
-8.91
-6.30
-3.44
-0.64
1.84
3.83
5.27
6.22
6.78
7.08
7.30
7.58
7.99
8.49
8.94
9.15
8.99
8.42
7.55
6.58
5.75
5.22
5.02
5.08
5.25
5.39
5.39
5.19
4.79
4.20
3.50
2.72
1.93
1.16
0.40
-0.35
-1.10
-1.87
-2.68
-3.59
-4.62
-5.78
-6.99
-8.13
-9.07
-9.78
-10.31
-10.80
-11.35
-11.92
-12.34
-12.35
-11.74
-10.45
-8.59
-6.39
-4.13
-2.06
-0.32
1.03
2.03
2.72
3.21
3.55
3.83
4.06
4.24
4.38
4.48
4.58
4.72
4.93
5.18
5.44
5.63
5.73
5.76
5.73
5.62
5.35
4.85
4.09
3.17
2.26
1.54
1.09
0.83
0.61
0.28
-0.18
-0.69
-1.13
-1.44
-1.72
-2.09
-2.71
-3.56
-4.50
-5.27
-5.59
-5.23
-4.16
-2.47
-0.44
1.62
3.40
4.69
5.41
5.58
5.34
4.86
4.35
4.00
3.94
4.16
4.55
4.90
5.05
4.92
4.56
4.11
3.68
3.33
3.04
2.73
2.36
1.90
1.38
0.83
0.28
-0.25
-0.77
-1.24
-1.68
-2.06
-2.36
-2.54
-2.55
-2.39
-2.15
-1.95
-1.94
-2.23
-2.82
-3.64
-4.60
-5.64
-6.75
-7.91
-9.00
-9.77
-9.89
-9.10
-7.30
-4.70
-1.68
1.27
3.81
5.74
7.08
7.98
8.58
9.01
9.35
9.63
9.89
10.09
10.16
10.00
9.53
8.74
7.74
6.73
5.92
5.46
5.38
5.60
5.96
6.28
6.45
6.40
6.18
5.84
5.45
5.02
4.54
3.97
3.28
2.49
1.64
0.77
-0.06
-0.85
-1.60
-2.35
-3.10
-3.88
-4.67
-5.44
-6.19
-6.91
-7.65
-8.46
-9.33
-10.19
-10.81
-10.92
-10.28
-8.82
-6.69
-4.20
-1.72
0.46
2.13
3.22
3.73
3.73
3.38
2.90
2.55
2.51
2.78
3.17
3.37
3.15
2.45
1.45
0.49
-0.13
-0.30
-0.11
0.17
0.30
0.12
-0.34
-0.97
-1.62
-2.20
-2.68
-3.07
-3.39
-3.65
-3.85
-4.01
-4.19
-4.46
-4.86
-5.36
-5.92
-6.49
-7.02
-7.56
-8.14
-8.75
-9.28
-9.52
-9.27
-8.38
-6.88
-4.98
-2.94
-1.03
0.62
1.99
3.10
4.00
4.70
5.21
5.55
5.79
5.99
6.15
6.22
6.11
5.78
5.24
4.62
4.01
3.51
3.10
2.72
2.32
1.87
1.41
1.00
0.69
0.49
0.36
0.23
0.02
-0.34
-0.87
-1.55
-2.31
-3.06
-3.76
-4.40
-5.03
-5.66
-6.32
-6.96
-7.56
-8.09
-8.53
-8.81
-8.79
-8.32
-7.26
-5.63
-3.56
-1.30
0.89
2.80
4.31
5.41
6.11
6.50
6.68
6.77
6.87
7.01
7.17
7.25
7.20
6.98
6.58
6.01
5.30
4.49
3.67
2.96
2.49
2.31
2.36
2.46
2.36
1.89
1.01
-0.13
-1.28
-2.16
-2.62
-2.68
-2.54
-2.44
-2.62
-3.18
-4.08
-5.15
-6.18
-7.02
-7.65
-8.18
-8.76
-9.49
-10.36
-11.19
-11.72
-11.69
-10.93
-9.45
-7.39
-4.97
-2.42
0.06
2.31
4.19
5.62
6.59
7.19
7.59
7.94
8.31
8.65
8.87
8.88
8.63
8.20
7.63
6.96
6.19
5.31
4.38
3.50
2.85
2.51
2.46
2.57
2.62
2.45
1.96
1.15
0.12
-1.01
-2.11
-3.11
-3.95
-4.65
-5.25
-5.78
-6.27
-6.73
-7.12
-7.40
-7.59
-7.75
-8.03
-8.58
-9.50
-10.74
-12.04
-13.00
-13.19
-12.34
-10.43
-7.69
-4.54
-1.41
1.36
3.54
5.07
6.00
6.43
6.57
6.61
6.73
7.00
7.41
7.85
8.20
8.39
8.34
8.05
7.50
6.71
5.79
4.90
4.24
3.93
3.92
4.01
3.97
3.59
2.83
1.81
0.73
-0.24
-0.98
-1.49
-1.81
-2.02
-2.23
-2.56
-3.10
-3.88
-4.85
-5.87
-6.78
-7.44
-7.84
-8.10
-8.44
-9.02
-9.86
-10.76
-11.36
-11.25
-10.17
-8.13
-5.41
-2.42
0.44
2.92
4.88
6.33
7.26
7.69
7.68
7.32
6.77
6.23
5.83
5.63
5.59
5.58
5.50
5.32
5.04
4.74
4.47
4.26
4.12
3.97
3.76
3.45
3.03
2.51
1.90
1.20
0.42
-0.43
-1.30
-2.13
-2.85
-3.39
-3.76
-4.02
-4.27
-4.68
-5.34
-6.27
-7.37
-8.40
-9.05
-9.03
-8.16
-6.45
-4.10
-1.42
1.27
3.70
5.67
7.08
7.90
8.17
8.03
7.69
7.32
7.06
6.93
6.88
6.83
6.71
6.50
6.18
5.78
5.28
4.70
4.07
3.42
2.82
2.30
1.85
1.42
0.93
0.35
-0.36
-1.15
-1.94
-2.66
-3.21
-3.56
-3.78
-3.98
-4.32
-4.89
-5.70
-6.67
-7.69
-8.64
-9.43
-9.93
-9.99
-9.42
-8.10
-6.05
-3.46
-0.68
1.93
4.11
5.72
6.79
7.43
7.75
7.90
8.00
8.12
8.30
8.51
8.61
8.47
7.98
7.13
6.03
4.88
3.88
3.18
2.83
2.76
2.87
2.98
2.98
2.79
2.39
1.77
0.99
0.06
-0.91
-1.85
-2.64
-3.23
-3.61
-3.86
-4.08
-4.36
-4.74
-5.19
-5.72
-6.35
-7.16
-8.18
-9.35
-10.44
-11.12
-11.06
-10.08
-8.21
-5.71
-2.97
-0.35
1.87
3.59
4.82
5.66
6.20
6.57
6.84
7.10
7.40
7.73
8.02
8.17
8.11
7.77
7.19
6.40
5.49
4.57
3.73
3.07
2.64
2.45
2.48
2.59
2.63
2.43
1.92
1.13
0.23
-0.61
-1.24
-1.67
-1.96
-2.27
-2.71
-3.30
-4.00
-4.70
-5.32
-5.80
-6.17
-6.50
-6.91
-7.50
-8.34
-9.40
-10.53
-11.48
-11.96
-11.72
-10.62
-8.72
-6.24
-3.48
-0.78
1.60
3.53
4.97
5.97
6.65
7.07
7.29
7.38
7.37
7.33
7.31
7.33
7.34
7.29
7.08
6.66
6.03
5.26
4.46
3.73
3.14
2.67
2.25
1.80
1.26
0.64
-0.00
-0.56
-0.98
-1.26
-1.47
-1.70
-2.00
-2.38
-2.83
-3.35
-3.96
-4.64
-5.38
-6.06
-6.63
-7.04
-7.38
-7.79
-8.42
-9.30
-10.29
-11.12
-11.48
-11.13
-9.98
-8.13
-5.78
-3.17
-0.55
1.87
3.91
5.46
6.43
6.85
6.88
6.75
6.69
6.82
7.10
7.34
7.30
6.83
5.97
4.94
3.99
3.31
2.89
2.61
2.28
1.84
1.31
0.85
0.55
0.42
0.32
0.10
-0.34
-0.99
-1.72
-2.37
-2.88
-3.25
-3.61
-4.04
-4.54
-5.07
-5.55
-5.95
-6.35
-6.84
-7.45
-8.11
-8.62
-8.73
-8.26
-7.13
-5.38
-3.16
-0.67
1.86
4.18
6.05
7.30
7.87
7.90
7.58
7.15
6.74
6.40
6.08
5.70
5.25
4.74
4.24
3.79
3.43
3.16
2.94
2.75
2.58
2.40
2.19
1.90
1.45
0.78
-0.13
-1.26
-2.50
-3.72
-4.77
-5.53
-6.00
-6.19
-6.22
-6.19
-6.22
-6.40
-6.77
-7.36
-8.07
-8.77
-9.22
-9.16
-8.42
-6.92
-4.77
-2.20
0.47
2.93
4.96
6.45
7.40
7.91
8.10
8.11
8.07
8.05
8.08
8.09
7.97
7.60
6.94
6.04
5.11
4.36
3.95
3.86
3.95
3.97
3.77
3.29
2.65
1.99
1.40
0.87
0.31
-0.37
-1.17
-2.02
-2.79
-3.38
-3.76
-3.98
-4.18
-4.50
-5.04
-5.86
-6.93
-8.15
-9.37
-10.41
-11.07
-11.18
-10.63
-9.39
-7.52
-5.16
-2.56
-0.00
2.27
4.06
5.34
6.17
6.73
7.19
7.67
8.19
8.68
9.01
9.10
8.87
8.36
7.65
6.87
6.14
5.58
5.21
5.02
4.96
4.94
4.84
4.59
4.11
3.39
2.47
1.43
0.36
-0.61
-1.40
-1.98
-2.37
-2.62
-2.80
-2.96
-3.17
-3.45
-3.83
-4.28
-4.78
-5.28
-5.73
-6.14
-6.58
-7.12
-7.85
-8.75
-9.70
-10.47
-10.75
-10.28
-8.97
-6.90
-4.33
-1.60
0.95
3.06
4.61
5.62
6.19
6.51
6.75
7.03
7.39
7.81
8.19
8.48
8.63
8.61
8.40
7.99
7.35
6.49
5.46
4.42
3.51
2.83
2.39
2.09
1.80
1.43
0.94
0.41
-0.08
-0.50
-0.83
-1.12
-1.42
-1.80
-2.28
-2.86
-3.52
-4.22
-4.90
-5.49
-5.99
-6.39
-6.76
-7.19
-7.76
-8.54
-9.49
-10.52
-11.42
-11.94
-11.86
-11.04
-9.49
-7.31
-4.73
-1.99
0.65
2.94
4.66
5.74
6.23
6.36
6.40
6.59
7.00
7.50
7.89
8.00
7.77
7.25
6.55
5.75
4.90
4.02
3.19
2.55
2.20
2.16
2.33
2.52
2.50
2.13
1.42
0.45
-0.57
-1.47
-2.14
-2.57
-2.81
-3.00
-3.26
-3.68
-4.24
-4.87
-5.48
-5.98
-6.34
-6.63
-6.92
-7.27
-7.65
-7.91
-7.87
-7.34
-6.24
-4.65
-2.76
-0.81
1.02
2.61
3.97
5.13
6.11
6.89
7.42
7.65
7.54
7.11
6.48
5.76
5.11
4.66
4.47
4.50
4.62
4.65
4.42
3.86
3.06
2.16
1.38
0.82
0.48
0.24
-0.08
-0.61
-1.37
-2.27
-3.19
-4.04
-4.78
-5.48
-6.19
-6.93
-7.66
-8.29
-8.78
-9.09
-9.28
-9.37
-9.39
-9.25
-8.78
-7.79
-6.12
-3.83
-1.15
1.50
3.69
5.13
5.81
5.95
5.91
5.99
6.30
6.77
7.19
7.39
7.33
7.10
6.81
6.53
6.24
5.84
5.32
4.70
4.09
3.57
3.13
2.71
2.19
1.54
0.76
-0.04
-0.83
-1.59
-2.35
-3.13
-3.91
-4.62
-5.21
-5.68
-6.05
-6.41
-6.84
-7.40
-8.10
-8.93
-9.81
-10.56
-10.94
-10.67
-9.56
-7.61
-5.00
-2.10
0.68
3.00
4.72
5.87
6.62
7.19
7.69
8.16
8.53
8.76
8.81
8.71
8.50
8.23
7.89
7.47
6.93
6.31
5.66
5.03
4.50
4.08
3.77
3.51
3.24
2.85
2.30
1.55
0.64
-0.33
-1.26
-2.04
-2.60
-2.97
-3.23
-3.49
-3.85
-4.38
-5.06
-5.83
-6.61
-7.37
-8.11
-8.89
-9.74
-10.66
-11.57
-12.27
-12.52
-12.11
-10.96
-9.10
-6.71
-4.05
-1.33
1.28
3.65
5.69
7.32
8.50
9.22
9.58
9.73
9.85
10.00
10.15
10.20
10.00
9.51
8.76
7.85
6.94
6.14
5.48
4.93
4.45
4.00
3.58
3.16
2.70
2.15
1.41
0.47
-0.59
-1.62
-2.46
-3.01
-3.30
-3.45
-3.61
-3.89
-4.29
-4.78
-5.27
-5.70
-6.08
-6.43
-6.83
-7.37
-8.10
-9.03
-10.03
-10.90
-11.35
-11.12
-10.04
-8.13
-5.56
-2.64
0.29
2.92
5.03
6.54
7.51
8.09
8.45
8.72
8.97
9.15
9.23
9.13
8.82
8.33
7.69
7.00
6.36
5.84
5.53
5.42
5.44
5.47
5.35
4.96
4.25
3.26
2.11
0.95
-0.12
-1.01
-1.70
-2.20
-2.56
-2.86
-3.20
-3.64
-4.19
-4.81
-5.39
-5.88
-6.25
-6.55
-6.88
-7.34
-8.02
-8.91
-9.97
-11.08
-12.05
-12.61
-12.52
-11.58
-9.75
-7.18
-4.15
-1.05
1.77
4.05
5.68
6.64
7.06
7.08
6.88
6.61
6.37
6.17
6.03
5.92
5.83
5.73
5.61
5.45
5.23
5.01
4.81
4.68
4.61
4.53
4.36
4.03
3.57
3.05
2.52
1.98
1.36
0.55
-0.47
-1.61
-2.69
-3.57
-4.24
-4.80
-5.43
-6.25
-7.25
-8.30
-9.21
-9.84
-10.16
-10.15
-9.79
-8.99
-7.61
-5.62
-3.15
-0.48
2.02
4.04
5.43
6.23
6.60
6.72
6.73
6.71
6.66
6.55
6.34
6.00
5.55
5.02
4.46
3.92
3.44
3.00
2.58
2.17
1.77
1.42
1.13
0.88
0.59
0.17
-0.42
-1.18
-2.08
-3.03
-3.97
-4.81
-5.51
-6.04
-6.44
-6.79
-7.18
-7.69
-8.35
-9.15
-10.00
-10.80
-11.38
-11.55
-11.11
-9.94
-8.02
-5.50
-2.69
0.07
2.48
4.37
5.74
6.70
7.40
7.96
8.44
8.86
9.21
9.48
9.67
9.74
9.63
9.27
8.60
7.64
6.48
5.29
4.26
3.45
2.85
2.30
1.66
0.89
0.02
-0.78
-1.37
-1.70
-1.83
-1.94
-2.23
-2.82
-3.68
-4.66
-5.57
-6.23
-6.57
-6.66
-6.65
-6.75
-7.09
-7.72
-8.60
-9.57
-10.43
-10.91
-10.75
-9.72
-7.78
-5.04
-1.84
1.35
4.08
6.07
7.30
7.96
8.35
8.75
9.29
9.93
10.53
10.92
10.96
10.62
9.90
8.90
7.74
6.56
5.53
4.76
4.32
4.12
4.02
3.83
3.40
2.66
1.66
0.54
-0.52
-1.36
-1.90
-2.11
-2.06
-1.91
-1.81
-1.91
-2.30
-2.95
-3.78
-4.69
-5.56
-6.32
-6.98
-7.60
-8.29
-9.12
-10.07
-11.03
-11.79
-12.11
-11.77
-10.65
-8.74
-6.18
-3.21
-0.14
2.70
5.05
6.74
7.79
8.35
8.65
8.87
9.09
9.28
9.32
9.12
8.63
7.91
7.10
6.32
5.65
5.12
4.69
4.31
3.95
3.58
3.19
2.77
2.28
1.70
1.03
0.27
-0.53
-1.38
-2.27
-3.18
-4.06
-4.81
-5.33
-5.58
-5.56
-5.38
-5.17
-5.06
-5.11
-5.34
-5.75
-6.28
-6.87
-7.36
-7.55
-7.19
-6.13
-4.39
-2.19
0.13
2.22
3.86
4.99
5.69
6.15
6.49
6.79
7.02
7.10
6.98
6.63
6.14
5.58
5.04
4.55
4.08
3.57
2.97
2.32
1.67
1.12
0.76
0.59
0.53
0.45
0.21
-0.25
-0.92
-1.72
-2.52
-3.23
-3.79
-4.23
-4.66
-5.18
-5.91
-6.82
-7.83
-8.76
-9.42
-9.64
-9.35
-8.53
-7.21
-5.47
-3.40
-1.15
1.10
3.13
4.77
5.94
6.71
7.22
7.62
7.99
8.30
8.49
8.49
8.24
7.78
7.18
6.48
5.73
4.92
4.04
3.14
2.27
1.51
0.94
0.56
0.32
0.14
-0.10
-0.42
-0.86
-1.40
-2.04
-2.78
-3.56
-4.30
-4.90
-5.30
-5.53
-5.71
-6.00
-6.47
-7.15
-7.94
-8.72
-9.34
-9.67
-9.56
-8.89
-7.60
-5.70
-3.32
-0.73
1.77
3.94
5.58
6.67
7.28
7.56
7.68
7.76
7.85
7.90
7.83
7.55
7.04
6.33
5.51
4.73
4.07
3.63
3.38
3.27
3.20
3.11
2.96
2.75
2.50
2.18
1.73
1.09
0.27
-0.66
-1.52
-2.19
-2.62
-2.88
-3.14
-3.53
-4.10
-4.81
-5.54
-6.16
-6.64
-6.97
-7.23
-7.47
-7.77
-8.19
-8.74
-9.39
-10.02
-10.39
-10.24
-9.33
-7.61
-5.22
-2.50
0.14
2.34
3.92
4.90
5.45
5.78
6.11
6.51
6.99
7.48
7.87
8.08
8.05
7.78
7.33
6.73
6.07
5.39
4.75
4.18
3.73
3.40
3.15
2.91
2.60
2.18
1.61
0.94
0.21
-0.52
-1.21
-1.81
-2.29
-2.65
-2.93
-3.21
-3.59
-4.14
-4.84
-5.57
-6.18
-6.54
-6.67
-6.69
-6.83
-7.27
-8.08
-9.13
-10.16
-10.81
-10.81
-10.00
-8.45
-6.39
-4.11
-1.90
0.07
1.70
3.00
4.01
4.79
5.40
5.86
6.20
6.46
6.66
6.80
6.83
6.70
6.35
5.76
5.02
4.24
3.56
3.09
2.84
2.75
2.72
2.63
2.38
1.93
1.30
0.58
-0.13
-0.73
-1.18
-1.51
-1.80
-2.12
-2.53
-3.01
-3.53
-4.01
-4.38
-4.62
-4.73
-4.76
-4.85
-5.11
-5.61
-6.28
-6.95
-7.34
-7.24
-6.52
-5.21
-3.48
-1.55
0.37
2.12
3.65
4.92
5.93
6.66
7.12
7.32
7.26
6.98
6.50
5.88
5.16
4.39
3.65
2.99
2.51
2.25
2.24
2.42
2.71
2.98
3.12
3.05
2.70
2.09
1.26
0.30
-0.72
-1.70
-2.56
-3.25
-3.74
-4.08
-4.35
-4.63
-5.03
-5.61
-6.40
-7.36
-8.36
-9.23
-9.74
-9.69
-8.97
-7.57
-5.58
-3.22
-0.75
1.57
3.53
4.98
5.94
6.51
6.85
7.12
7.40
7.69
7.87
7.84
7.53
7.00
6.36
5.74
5.23
4.86
4.57
4.31
4.00
3.58
3.03
2.35
1.58
0.76
-0.05
-0.77
-1.36
-1.81
-2.15
-2.44
-2.75
-3.12
-3.56
-4.05
-4.55
-5.02
-5.46
-5.93
-6.49
-7.22
-8.09
-8.93
-9.47
-9.44
-8.65
-7.11
-5.02
-2.68
-0.40
1.61
3.27
4.61
5.72
6.68
7.54
8.28
8.83
9.11
9.05
8.68
8.12
7.52
7.01
6.63
6.32
5.95
5.44
4.77
4.05
3.42
3.00
2.81
2.72
2.60
2.31
1.80
1.14
0.46
-0.13
-0.59
-1.00
-1.51
-2.23
-3.19
-4.29
-5.36
-6.26
-6.92
-7.37
-7.70
-8.03
-8.48
-9.08
-9.78
-10.41
-10.74
-10.54
-9.64
-8.01
-5.76
-3.15
-0.47
1.98
4.00
5.46
6.37
6.81
6.95
6.98
7.08
7.33
7.70
8.08
8.36
8.43
8.28
7.94
7.46
6.89
6.24
5.53
4.78
4.05
3.38
2.81
2.33
1.85
1.28
0.54
-0.39
-1.41
-2.38
-3.11
-3.51
-3.61
-3.58
-3.62
-3.91
-4.46
-5.15
-5.82
-6.30
-6.54
-6.60
-6.60
-6.71
-7.05
-7.69
-8.60
-9.62
-10.47
-10.82
-10.38
-9.01
-6.79
-3.96
-0.89
2.06
4.59
6.51
7.79
8.50
8.81
8.89
8.89
8.87
8.81
8.63
8.28
7.71
6.96
6.05
5.01
3.90
2.81
1.89
1.29
1.08
1.21
1.46
1.55
1.28
0.57
-0.42
-1.45
-2.28
-2.85
-3.20
-3.49
-3.86
-4.30
-4.72
-5.01
-5.11
-5.05
-4.96
-4.99
-5.20
-5.61
-6.14
-6.76
-7.44
-8.19
-8.93
-9.52
-9.70
-9.21
-7.89
-5.80
-3.19
-0.46
1.98
3.88
5.16
5.95
6.41
6.70
6.90
7.03
7.06
6.96
6.72
6.31
5.77
5.13
4.44
3.80
3.26
2.86
2.58
2.39
2.25
2.13
2.01
1.91
1.79
1.60
1.26
0.72
-0.04
-0.97
-1.97
-2.92
-3.69
-4.25
-4.62
-4.86
-5.08
-5.37
-5.79
-6.40
-7.17
-8.00
-8.67
-8.88
-8.36
-6.96
-4.77
-2.08
0.67
3.05
4.76
5.72
6.06
6.04
5.94
5.95
6.13
6.42
6.66
6.72
6.53
6.09
5.52
4.94
4.42
4.01
3.66
3.33
2.98
2.60
2.21
1.85
1.50
1.08
0.50
-0.30
-1.26
-2.24
-3.05
-3.57
-3.78
-3.84
-3.91
-4.13
-4.52
-5.00
-5.53
-6.09
-6.71
-7.42
-8.12
-8.63
-8.67
-8.06
-6.73
-4.81
-2.56
-0.29
1.75
3.39
4.59
5.43
6.02
6.49
6.95
7.41
7.85
8.14
8.17
7.87
7.25
6.38
5.44
4.56
3.86
3.40
3.18
3.12
3.16
3.18
3.06
2.72
2.15
1.39
0.58
-0.16
-0.73
-1.14
-1.47
-1.83
-2.31
-2.90
-3.57
-4.22
-4.82
-5.34
-5.80
-6.22
-6.63
-7.08
-7.61
-8.29
-9.07
-9.82
-10.33
-10.33
-9.65
-8.27
-6.31
-4.04
-1.72
0.41
2.22
3.67
4.75
5.51
6.04
6.46
6.87
7.34
7.86
8.31
8.57
8.50
8.08
7.37
6.49
5.58
4.78
4.15
3.69
3.40
3.25
3.18
3.08
2.82
2.31
1.51
0.52
-0.47
-1.29
-1.81
-2.06
-2.18
-2.36
-2.73
-3.31
-3.99
-4.62
-5.05
-5.24
-5.25
-5.22
-5.33
-5.74
-6.53
-7.71
-9.12
-10.50
-11.52
-11.86
-11.31
-9.82
-7.54
-4.77
-1.89
0.73
2.86
4.39
5.40
6.08
6.57
7.02
7.43
7.77
7.94
7.91
7.72
7.43
7.12
6.81
6.44
5.93
5.28
4.59
4.02
3.73
3.74
3.92
4.03
3.85
3.27
2.34
1.27
0.29
-0.42
-0.84
-1.02
-1.13
-1.29
-1.62
-2.12
-2.74
-3.41
-4.02
-4.54
-4.98
-5.40
-5.84
-6.34
-6.90
-7.54
-8.25
-9.03
-9.78
-10.32
-10.40
-9.78
-8.37
-6.26
-3.77
-1.30
0.78
2.28
3.22
3.79
4.24
4.78
5.48
6.27
6.98
7.48
7.66
7.54
7.21
6.78
6.33
5.89
5.45
4.99
4.52
4.06
3.64
3.24
2.85
2.41
1.94
1.46
1.03
0.69
0.47
0.32
0.22
0.09
-0.11
-0.42
-0.89
-1.59
-2.53
-3.67
-4.86
-5.90
-6.62
-6.97
-7.02
-7.01
-7.22
-7.82
-8.78
-9.86
-10.67
-10.82
-10.06
-8.40
-6.04
-3.33
-0.65
1.70
3.55
4.85
5.63
5.99
6.04
5.92
5.76
5.65
5.64
5.70
5.73
5.63
5.32
4.80
4.16
3.52
3.01
2.69
2.58
2.60
2.66
2.64
2.43
1.99
1.31
0.46
-0.46
-1.36
-2.14
-2.80
-3.32
-3.73
-4.03
-4.20
-4.29
-4.32
-4.42
-4.66
-5.15
-5.87
-6.73
-7.54
-8.06
-8.10
-7.50
-6.25
-4.46
-2.31
-0.06
2.06
3.87
5.26
6.19
6.71
6.96
7.11
7.30
7.61
7.98
8.30
8.42
8.25
7.84
7.26
6.65
6.08
5.56
5.06
4.55
3.98
3.37
2.74
2.13
1.55
0.97
0.38
-0.25
-0.92
-1.59
-2.20
-2.70
-3.08
-3.36
-3.65
-4.02
-4.51
-5.07
-5.62
-6.07
-6.44
-6.79
-7.24
-7.88
-8.68
-9.53
-10.20
-10.46
-10.13
-9.14
-7.55
-5.51
-3.22
-0.92
1.21
3.02
4.47
5.57
6.41
7.03
7.49
7.81
8.03
8.16
8.25
8.27
8.21
7.96
7.48
6.76
5.90
5.02
4.27
3.72
3.34
3.07
2.80
2.47
2.03
1.50
0.89
0.26
-0.37
-0.97
-1.50
-1.99
-2.47
-2.98
-3.54
-4.14
-4.79
-5.45
-6.14
-6.85
-7.56
-8.23
-8.85
-9.45
-10.12
-10.95
-12.00
-13.20
-14.33
-15.10
-15.19
-14.38
-12.65
-10.18
-7.32
-4.47
-2.02
-0.22
0.88
1.41
1.64
1.87
2.30
3.01
3.92
4.84
5.57
5.96
5.93
5.52
4.82
3.97
3.15
2.52
2.19
2.19
2.46
2.85
3.17
3.28
3.08
2.58
1.86
1.10
0.49
0.20
0.29
0.68
1.22
1.67
1.88
1.75
1.34
0.76
0.15
-0.38
-0.79
-1.07
-1.27
-1.50
-1.89
-2.54
-3.47
-4.54
-5.48
-5.97
-5.77
-4.80
-3.17
-1.13
1.01
2.95
4.47
5.44
5.90
6.01
6.01
6.11
6.42
6.90
7.39
7.69
7.69
7.40
6.94
6.44
5.95
5.44
4.87
4.26
3.68
3.25
3.05
3.03
3.04
2.90
2.47
1.74
0.84
-0.07
-0.78
-1.23
-1.40
-1.40
-1.36
-1.37
-1.50
-1.76
-2.16
-2.70
-3.35
-4.08
-4.77
-5.27
-5.37
-4.90
-3.79
-2.10
-0.01
2.20
4.25
5.92
7.10
7.77
8.00
7.95
7.80
7.70
7.75
7.90
8.01
7.88
7.40
6.58
5.58
4.63
3.92
3.52
3.31
3.12
2.75
2.10
1.23
0.33
-0.42
-0.88
-1.07
-1.14
-1.29
-1.65
-2.20
-2.82
-3.36
-3.78
-4.11
-4.48
-4.96
-5.52
-6.02
-6.32
-6.42
-6.44
-6.55
-6.85
-7.19
-7.29
-6.77
-5.44
-3.36
-0.80
1.82
4.15
5.98
7.29
8.14
8.69
9.08
9.41
9.72
10.02
10.24
10.32
10.18
9.82
9.28
8.64
7.94
7.21
6.44
5.60
4.76
4.00
3.40
2.97
2.59
2.09
1.34
0.35
-0.74
-1.72
-2.43
-2.85
-3.12
-3.43
-3.95
-4.75
-5.74
-6.79
-7.74
-8.48
-8.97
-9.26
-9.44
-9.59
-9.80
-10.07
-10.32
-10.36
-10.01
-9.13
-7.69
-5.76
-3.49
-1.10
1.24
3.33
5.08
6.40
7.24
7.63
7.65
7.44
7.17
6.96
6.87
6.85
6.81
6.64
6.33
5.87
5.31
4.69
4.07
3.44
2.82
2.22
1.64
1.02
0.33
-0.48
-1.38
-2.27
-3.03
-3.56
-3.89
-4.09
-4.30
-4.61
-5.06
-5.57
-6.06
-6.46
-6.76
-7.02
-7.34
-7.77
-8.34
-9.00
-9.63
-10.06
-10.12
-9.69
-8.69
-7.16
-5.20
-2.99
-0.78
1.24
2.89
4.11
4.93
5.48
5.89
6.25
6.57
6.81
6.87
6.74
6.41
5.97
5.49
5.04
4.65
4.28
3.90
3.50
3.06
2.59
2.07
1.48
0.80
0.04
-0.74
-1.45
-2.00
-2.32
-2.45
-2.48
-2.53
-2.71
-3.03
-3.45
-3.91
-4.35
-4.80
-5.29
-5.87
-6.58
-7.40
-8.23
-8.89
-9.20
-8.98
-8.13
-6.66
-4.75
-2.62
-0.56
1.20
2.51
3.34
3.69
3.64
3.32
2.86
2.41
2.09
1.92
1.86
1.80
1.64
1.32
0.85
0.31
-0.20
-0.59
-0.79
-0.79
-0.60
-0.32
-0.10
-0.11
-0.46
-1.14
-2.01
-2.88
-3.55
-3.96
-4.18
-4.34
-4.58
-4.97
-5.44
-5.93
-6.37
-6.79
-7.27
-7.88
-8.58
-9.21
-9.52
-9.26
-8.30
-6.68
-4.60
-2.37
-0.23
1.65
3.20
4.42
5.29
5.82
5.99
5.85
5.49
5.03
4.63
4.40
4.36
4.41
4.46
4.39
4.16
3.82
3.47
3.19
3.00
2.83
2.56
2.07
1.31
0.31
-0.82
-1.92
-2.88
-3.62
-4.12
-4.45
-4.72
-5.05
-5.56
-6.33
-7.35
-8.55
-9.79
-10.84
-11.46
-11.45
-10.68
-9.12
-6.90
-4.26
-1.47
1.15
3.39
5.10
6.25
6.92
7.24
7.40
7.54
7.74
8.00
8.22
8.29
8.11
7.73
7.21
6.68
6.21
5.81
5.44
5.07
4.70
4.35
4.07
3.82
3.51
3.04
2.36
1.48
0.52
-0.41
-1.23
-1.93
-2.59
-3.27
-3.97
-4.67
-5.34
-5.98
-6.68
-7.52
-8.50
-9.47
-10.17
-10.25
-9.48
-7.80
-5.38
-2.54
0.31
2.83
4.79
6.10
6.83
7.17
7.36
7.62
8.06
8.65
9.21
9.55
9.57
9.28
8.84
8.38
8.03
7.76
7.49
7.14
6.66
6.10
5.54
5.06
4.68
4.32
3.86
3.22
2.37
1.42
0.55
-0.10
-0.50
-0.76
-1.08
-1.67
-2.59
-3.74
-4.88
-5.80
-6.33
-6.53
-6.53
-6.56
-6.79
-7.33
-8.15
-9.15
-10.13
-10.84
-11.04
-10.53
-9.20
-7.11
-4.44
-1.53
1.26
3.60
5.28
6.29
6.73
6.82
6.77
6.74
6.85
7.10
7.47
7.85
8.14
8.21
8.04
7.64
7.11
6.54
5.99
5.48
4.97
4.45
3.93
3.44
3.02
2.67
2.32
1.94
1.51
1.06
0.64
0.26
-0.11
-0.51
-0.97
-1.48
-2.01
-2.56
-3.12
-3.72
-4.38
-5.07
-5.79
-6.54
-7.33
-8.14
-8.91
-9.50
-9.70
-9.31
-8.24
-6.53
-4.36
-1.96
0.41
2.53
4.27
5.55
6.40
6.88
7.07
7.09
7.03
6.93
6.85
6.77
6.64
6.36
5.85
5.11
4.22
3.35
2.64
2.22
2.05
1.99
1.86
1.50
0.82
-0.16
-1.32
-2.50
-3.55
-4.35
-4.90
-5.27
-5.57
-5.89
-6.27
-6.65
-6.99
-7.28
-7.58
-7.97
-8.47
-9.00
-9.39
-9.41
-8.88
-7.75
-6.08
-4.06
-1.90
0.17
1.99
3.51
4.70
5.59
6.24
6.65
6.83
6.82
6.66
6.40
6.10
5.75
5.34
4.82
4.19
3.50
2.85
2.35
2.02
1.81
1.64
1.41
1.06
0.60
0.10
-0.37
-0.74
-1.04
-1.31
-1.67
-2.19
-2.86
-3.59
-4.22
-4.64
-4.87
-5.08
-5.48
-6.23
-7.26
-8.29
-8.93
-8.85
-7.94
-6.33
-4.33
-2.24
-0.31
1.32
2.61
3.56
4.20
4.62
4.97
5.39
5.94
6.58
7.19
7.62
7.77
7.61
7.17
6.49
5.64
4.68
3.74
2.96
2.44
2.22
2.19
2.19
2.03
1.60
0.92
0.09
-0.76
-1.53
-2.21
-2.82
-3.42
-4.03
-4.64
-5.22
-5.76
-6.24
-6.69
-7.14
-7.63
-8.19
-8.83
-9.56
-10.32
-11.00
-11.42
-11.38
-10.69
-9.25
-7.08
-4.40
-1.60
0.93
2.86
4.10
4.78
5.18
5.60
6.17
6.86
7.52
7.97
8.12
7.98
7.63
7.20
6.75
6.32
5.93
5.56
5.21
4.91
4.65
4.42
4.17
3.84
3.35
2.67
1.86
1.03
0.31
-0.25
-0.65
-1.01
-1.44
-2.03
-2.77
-3.58
-4.34
-4.97
-5.44
-5.76
-5.98
-6.14
-6.31
-6.57
-7.05
-7.88
-9.04
-10.40
-11.65
-12.45
-12.50
-11.69
-10.05
-7.76
-5.05
-2.17
0.62
3.05
4.89
6.05
6.58
6.70
6.69
6.77
7.01
7.32
7.55
7.59
7.38
6.98
6.45
5.88
5.33
4.82
4.35
3.92
3.54
3.19
2.86
2.53
2.20
1.83
1.40
0.90
0.31
-0.36
-1.10
-1.86
-2.60
-3.30
-3.88
-4.31
-4.57
-4.71
-4.80
-4.99
-5.40
-6.07
-6.97
-7.91
-8.65
-8.93
-8.54
-7.38
-5.51
-3.14
-0.58
1.83
3.82
5.25
6.10
6.45
6.46
6.28
6.07
5.93
5.95
6.16
6.50
6.83
6.98
6.83
6.33
5.58
4.73
3.97
3.39
3.04
2.85
2.72
2.52
2.14
1.53
0.69
-0.28
-1.23
-2.03
-2.58
-2.90
-3.07
-3.24
-3.52
-4.00
-4.70
-5.59
-6.62
-7.72
-8.77
-9.63
-10.12
-10.05
-9.30
-7.83
-5.72
-3.19
-0.51
1.97
3.99
5.40
6.21
6.60
6.79
7.00
7.35
7.82
8.32
8.66
8.71
8.41
7.81
7.03
6.21
5.45
4.79
4.24
3.79
3.48
3.33
3.28
3.21
2.93
2.28
1.28
0.11
-0.97
-1.74
-2.17
-2.41
-2.75
-3.36
-4.21
-5.14
-5.88
-6.30
-6.40
-6.38
-6.46
-6.81
-7.49
-8.41
-9.36
-10.13
-10.49
-10.26
-9.33
-7.65
-5.31
-2.51
0.40
3.06
5.13
6.49
7.18
7.40
7.40
7.38
7.43
7.55
7.71
7.83
7.88
7.81
7.59
7.18
6.56
5.79
4.96
4.17
3.54
3.11
2.90
2.83
2.77
2.59
2.19
1.55
0.76
-0.04
-0.70
-1.17
-1.46
-1.72
-2.08
-2.64
-3.38
-4.22
-5.04
-5.71
-6.22
-6.58
-6.89
-7.23
-7.65
-8.21
-8.93
-9.77
-10.58
-11.16
-11.22
-10.53
-9.00
-6.73
-4.00
-1.17
1.45
3.65
5.36
6.61
7.46
7.96
8.18
8.19
8.09
8.00
8.01
8.09
8.14
7.98
7.49
6.64
5.59
4.58
3.84
3.46
3.35
3.32
3.18
2.82
2.29
1.68
1.09
0.54
-0.03
-0.68
-1.40
-2.14
-2.82
-3.38
-3.84
-4.29
-4.82
-5.46
-6.17
-6.84
-7.37
-7.73
-7.98
-8.22
-8.56
-9.03
-9.53
-9.90
-9.93
-9.43
-8.34
-6.65
-4.52
-2.16
0.15
2.12
3.59
4.53
5.06
5.36
5.60
5.83
6.02
6.10
6.04
5.85
5.58
5.31
5.05
4.78
4.47
4.11
3.69
3.26
2.82
2.40
2.00
1.63
1.28
0.93
0.53
0.04
-0.57
-1.26
-1.97
-2.58
-3.02
-3.28
-3.45
-3.69
-4.11
-4.79
-5.66
-6.57
-7.37
-7.95
-8.30
-8.46
-8.46
-8.24
-7.68
-6.61
-4.97
-2.85
-0.52
1.67
3.45
4.70
5.52
6.10
6.62
7.12
7.50
7.61
7.35
6.76
6.01
5.30
4.79
4.53
4.47
4.46
4.37
4.12
3.70
3.16
2.58
2.03
1.55
1.13
0.72
0.25
-0.32
-0.97
-1.67
-2.36
-3.01
-3.61
-4.16
-4.70
-5.26
-5.89
-6.64
-7.51
-8.41
-9.20
-9.69
-9.75
-9.30
-8.33
-6.91
-5.12
-3.07
-0.91
1.20
3.06
4.51
5.50
6.08
6.41
6.65
6.93
7.29
7.65
7.90
7.92
7.66
7.15
6.49
5.79
5.16
4.64
4.22
3.88
3.60
3.37
3.13
2.82
2.34
1.64
0.76
-0.20
-1.12
-1.90
-2.49
-2.95
-3.37
-3.80
-4.28
-4.78
-5.29
-5.81
-6.38
-7.04
-7.82
-8.69
-9.59
-10.41
-10.98
-11.09
-10.51
-9.13
-6.99
-4.32
-1.48
1.14
3.24
4.71
5.64
6.23
6.73
7.28
7.94
8.59
9.08
9.23
8.99
8.42
7.67
6.92
6.25
5.67
5.15
4.66
4.25
4.00
3.96
4.07
4.15
4.00
3.45
2.53
1.38
0.23
-0.71
-1.41
-1.91
-2.34
-2.80
-3.33
-3.90
-4.46
-4.98
-5.47
-5.97
-6.51
-7.13
-7.83
-8.60
-9.44
-10.29
-11.01
-11.38
-11.15
-10.13
-8.27
-5.75
-2.90
-0.10
2.35
4.27
5.65
6.58
7.17
7.57
7.90
8.25
8.64
9.03
9.31
9.35
9.09
8.59
7.97
7.36
6.85
6.44
6.06
5.65
5.16
4.60
3.97
3.28
2.52
1.70
0.82
-0.07
-0.90
-1.60
-2.14
-2.57
-2.96
-3.42
-4.00
-4.70
-5.46
-6.18
-6.77
-7.16
-7.36
-7.42
-7.48
-7.70
-8.20
-8.98
-9.90
-10.66
-10.91
-10.35
-8.86
-6.55
-3.77
-0.93
1.59
3.57
4.97
5.88
6.45
6.83
7.12
7.35
7.51
7.56
7.47
7.24
6.90
6.49
6.05
5.66
5.36
5.12
4.91
4.64
4.27
3.75
3.09
2.34
1.58
0.86
0.23
-0.33
-0.88
-1.49
-2.23
-3.10
-4.01
-4.85
-5.53
-6.00
-6.28
-6.49
-6.75
-7.14
-7.68
-8.29
-8.87
-9.28
-9.37
-9.01
-8.09
-6.58
-4.53
-2.08
0.50
2.93
4.91
6.31
7.09
7.40
7.42
7.31
7.13
6.86
6.44
5.89
5.32
4.84
4.56
4.46
4.42
4.28
3.92
3.34
2.67
2.07
1.69
1.53
1.51
1.43
1.13
0.55
-0.27
-1.22
-2.12
-2.87
-3.40
-3.74
-3.98
-4.26
-4.72
-5.47
-6.53
-7.82
-9.11
-10.14
-10.64
-10.45
-9.50
-7.89
-5.79
-3.44
-1.10
1.05
2.86
4.28
5.36
6.14
6.67
6.97
7.06
6.98
6.83
6.71
6.67
6.68
6.60
6.31
5.74
4.96
4.12
3.41
2.90
2.61
2.43
2.29
2.12
1.91
1.65
1.29
0.76
0.03
-0.85
-1.80
-2.71
-3.50
-4.19
-4.85
-5.53
-6.25
-6.96
-7.62
-8.20
-8.70
-9.15
-9.50
-9.61
-9.29
-8.34
-6.70
-4.46
-1.88
0.69
2.94
4.66
5.81
6.45
6.76
6.92
7.09
7.36
7.75
8.18
8.52
8.60
8.31
7.63
6.67
5.62
4.67
3.94
3.47
3.22
3.12
3.09
3.01
2.80
2.33
1.55
0.50
-0.67
-1.75
-2.57
-3.03
-3.25
-3.40
-3.70
-4.23
-4.97
-5.80
-6.57
-7.22
-7.75
-8.23
-8.74
-9.33
-10.02
-10.78
-11.55
-12.29
-12.88
-13.17
-12.98
-12.13
-10.54
-8.28
-5.59
-2.78
-0.24
1.79
3.18
3.98
4.37
4.56
4.78
5.15
5.70
6.36
7.02
7.54
7.82
7.84
7.64
7.31
6.93
6.57
6.24
5.92
5.64
5.41
5.27
5.19
5.05
4.73
4.11
3.19
2.06
0.88
-0.20
-1.08
-1.77
-2.28
-2.66
-2.93
-3.13
-3.32
-3.57
-3.95
-4.53
-5.30
-6.25
-7.25
-8.15
-8.77
-8.92
-8.48
-7.43
-5.87
-3.97
-1.92
0.11
1.98
3.60
4.89
5.83
6.45
6.82
7.03
7.12
7.09
6.91
6.54
6.08
5.65
5.37
5.30
5.36
5.40
5.29
5.00
4.62
4.23
3.89
3.54
3.08
2.45
1.66
0.84
0.08
-0.59
-1.23
-1.95
-2.83
-3.84
-4.87
-5.77
-6.50
-7.08
-7.63
-8.23
-8.91
-9.56
-9.96
-9.90
-9.16
-7.64
-5.41
-2.65
0.27
2.98
5.11
6.50
7.16
7.30
7.19
7.05
6.99
6.97
6.90
6.75
6.50
6.23
5.95
5.64
5.24
4.70
4.01
3.23
2.45
1.75
1.15
0.62
0.09
-0.48
-1.12
-1.81
-2.49
-3.13
-3.70
-4.18
-4.61
-5.01
-5.40
-5.78
-6.13
-6.49
-6.86
-7.30
-7.81
-8.33
-8.74
-8.88
-8.59
-7.73
-6.29
-4.31
-1.97
0.50
2.83
4.79
6.25
7.19
7.68
7.90
7.99
8.05
8.11
8.10
7.97
7.65
7.17
6.55
5.88
5.24
4.67
4.20
3.82
3.50
3.19
2.86
2.51
2.15
1.78
1.42
1.06
0.65
0.16
-0.39
-0.97
-1.52
-1.98
-2.39
-2.78
-3.24
-3.77
-4.32
-4.84
-5.25
-5.58
-5.92
-6.41
-7.15
-8.11
-9.12
-9.90
-10.15
-9.66
-8.36
-6.38
-3.97
-1.45
0.88
2.82
4.29
5.32
6.00
6.43
6.70
6.84
6.85
6.70
6.42
6.02
5.56
5.10
4.66
4.25
3.89
3.58
3.34
3.16
3.02
2.86
2.64
2.31
1.85
1.29
0.63
-0.07
-0.78
-1.45
-2.02
-2.45
-2.74
-2.98
-3.26
-3.67
-4.27
-5.00
-5.77
-6.50
-7.07
-7.47
-7.69
-7.78
-7.83
-7.88
-7.98
-8.05
-7.95
-7.53
-6.63
-5.24
-3.40
-1.30
0.88
2.94
4.70
6.05
6.93
7.35
7.39
7.16
6.80
6.42
6.04
5.66
5.23
4.75
4.24
3.74
3.31
2.96
2.68
2.43
2.18
1.96
1.80
1.72
1.68
1.62
1.41
0.98
0.34
-0.44
-1.21
-1.87
-2.36
-2.72
-3.00
-3.29
-3.63
-4.01
-4.44
-4.92
-5.52
-6.25
-7.07
-7.81
-8.18
-7.91
-6.85
-5.07
-2.82
-0.45
1.70
3.42
4.66
5.45
5.89
6.06
6.03
5.88
5.66
5.42
5.16
4.88
4.56
4.20
3.82
3.45
3.10
2.77
2.48
2.27
2.17
2.16
2.15
2.01
1.61
0.93
0.03
-0.89
-1.70
-2.34
-2.85
-3.36
-3.98
-4.73
-5.52
-6.25
-6.85
-7.33
-7.76
-8.23
-8.74
-9.21
-9.45
-9.28
-8.57
-7.26
-5.46
-3.33
-1.10
1.01
2.86
4.38
5.60
6.58
7.37
8.00
8.46
8.70
8.68
8.43
8.02
7.55
7.11
6.72
6.34
5.86
5.25
4.54
3.85
3.29
2.96
2.80
2.68
2.45
2.02
1.41
0.69
-0.05
-0.75
-1.41
-2.05
-2.69
-3.32
-3.92
-4.46
-4.95
-5.39
-5.77
-6.09
-6.37
-6.63
-6.95
-7.43
-8.13
-9.03
-9.99
-10.75
-11.00
-10.50
-9.12
-6.93
-4.17
-1.17
1.71
4.18
6.09
7.41
8.26
8.80
9.20
9.56
9.88
10.07
10.03
9.67
9.01
8.16
7.23
6.33
5.48
4.71
4.02
3.42
2.95
2.60
2.35
2.10
1.73
1.17
0.40
-0.47
-1.31
-1.99
-2.43
-2.64
-2.73
-2.85
-3.12
-3.60
-4.28
-5.02
-5.71
-6.25
-6.62
-6.87
-7.12
-7.49
-8.03
-8.76
-9.63
-10.50
-11.20
-11.51
-11.23
-10.22
-8.45
-6.05
-3.25
-0.40
2.16
4.12
5.33
5.82
5.80
5.52
5.27
5.18
5.24
5.35
5.37
5.25
5.00
4.71
4.41
4.10
3.73
3.25
2.69
2.11
1.58
1.17
0.87
0.64
0.43
0.20
-0.06
-0.29
-0.47
-0.61
-0.77
-1.03
-1.44
-1.99
-2.60
-3.18
-3.67
-4.09
-4.59
-5.27
-6.18
-7.24
-8.22
-8.88
-9.01
-8.50
-7.33
-5.57
-3.33
-0.79
1.84
4.31
6.37
7.83
8.65
8.92
8.84
8.68
8.60
8.63
8.67
8.54
8.10
7.31
6.28
5.21
4.31
3.67
3.28
3.00
2.69
2.22
1.60
0.89
0.19
-0.41
-0.90
-1.31
-1.72
-2.24
-2.91
-3.76
-4.70
-5.61
-6.40
-6.98
-7.39
-7.71
-8.10
-8.66
-9.45
-10.39
-11.33
-12.08
-12.45
-12.28
-11.48
-10.04
-7.98
-5.44
-2.59
0.34
3.11
5.54
7.51
8.97
9.94
10.50
10.72
10.71
10.55
10.32
10.06
9.79
9.48
9.08
8.54
7.85
7.07
6.31
5.67
5.22
4.90
4.59
4.12
3.41
2.49
1.46
0.46
-0.45
-1.29
-2.12
-2.97
-3.80
-4.53
-5.09
-5.44
-5.65
-5.82
-6.06
-6.42
-6.93
-7.58
-8.37
-9.27
-10.19
-10.97
-11.39
-11.23
-10.32
-8.65
-6.33
-3.63
-0.85
1.68
3.73
5.20
6.15
6.70
7.05
7.33
7.65
8.04
8.48
8.89
9.17
9.20
8.90
8.26
7.37
6.42
5.59
5.01
4.71
4.62
4.63
4.63
4.50
4.16
3.60
2.84
1.97
1.14
0.45
-0.04
-0.42
-0.80
-1.31
-1.98
-2.73
-3.43
-3.96
-4.26
-4.35
-4.32
-4.32
-4.48
-4.93
-5.72
-6.82
-8.10
-9.32
-10.23
-10.62
-10.33
-9.35
-7.73
-5.59
-3.11
-0.50
1.95
3.99
5.40
6.13
6.32
6.24
6.23
6.49
7.03
7.63
7.97
7.78
7.04
5.93
4.80
3.91
3.36
3.05
2.79
2.42
1.92
1.38
0.91
0.50
0.07
-0.53
-1.39
-2.45
-3.53
-4.43
-5.01
-5.26
-5.34
-5.42
-5.64
-6.03
-6.52
-6.99
-7.35
-7.65
-7.96
-8.36
-8.83
-9.21
-9.27
-8.75
-7.52
-5.61
-3.19
-0.54
2.04
4.31
6.07
7.26
7.89
8.06
7.93
7.62
7.27
6.91
6.57
6.26
5.99
5.73
5.45
5.12
4.72
4.28
3.89
3.63
3.53
3.49
3.39
3.04
2.38
1.41
0.27
-0.89
-1.93
-2.75
-3.33
-3.68
-3.86
-3.95
-4.08
-4.35
-4.85
-5.61
-6.59
-7.68
-8.73
-9.51
-9.81
-9.41
-8.21
-6.25
-3.72
-0.96
1.67
3.87
5.48
6.48
7.00
7.20
7.27
7.31
7.38
7.48
7.57
7.61
7.52
7.28
6.85
6.21
5.43
4.59
3.82
3.25
2.92
2.81
2.77
2.64
2.29
1.64
0.76
-0.27
-1.30
-2.23
-3.00
-3.63
-4.13
-4.57
-4.97
-5.35
-5.72
-6.09
-6.43
-6.73
-7.01
-7.30
-7.65
-8.14
-8.78
-9.48
-10.00
-10.07
-9.41
-7.96
-5.83
-3.26
-0.57
2.00
4.27
6.13
7.47
8.24
8.47
8.29
7.92
7.57
7.37
7.30
7.25
7.10
6.78
6.29
5.70
5.06
4.46
3.93
3.54
3.31
3.19
3.12
2.94
2.57
1.95
1.16
0.28
-0.59
-1.40
-2.15
-2.90
-3.66
-4.42
-5.17
-5.83
-6.38
-6.81
-7.15
-7.49
-7.90
-8.48
-9.25
-10.13
-10.92
-11.35
-11.09
-9.94
-7.87
-5.09
-1.96
1.09
3.68
5.63
6.93
7.70
8.11
8.31
8.35
8.27
8.06
7.74
7.34
6.90
6.41
5.86
5.24
4.57
3.92
3.37
2.95
2.63
2.35
2.05
1.69
1.29
0.88
0.45
-0.08
-0.81
-1.78
-2.95
-4.19
-5.30
-6.12
-6.59
-6.76
-6.79
-6.86
-7.12
-7.63
-8.33
-9.12
-9.83
-10.30
-10.40
-10.02
-9.08
-7.61
-5.72
-3.60
-1.48
0.42
1.96
3.12
3.97
4.64
5.24
5.82
6.37
6.84
7.11
7.11
6.80
6.25
5.58
4.95
4.47
4.20
4.10
4.08
4.05
3.96
3.77
3.49
3.10
2.60
1.98
1.26
0.52
-0.18
-0.79
-1.29
-1.72
-2.14
-2.60
-3.14
-3.78
-4.55
-5.47
-6.50
-7.56
-8.45
-8.94
-8.78
-7.85
-6.17
-3.92
-1.38
1.16
3.49
5.42
6.88
7.82
8.28
8.36
8.16
7.83
7.42
6.96
6.42
5.78
5.09
4.43
3.89
3.49
3.19
2.90
2.57
2.19
1.81
1.50
1.26
1.01
0.63
0.01
-0.89
-2.03
-3.30
-4.58
-5.74
-6.68
-7.36
-7.79
-8.01
-8.13
-8.29
-8.60
-9.10
-9.74
-10.34
-10.66
-10.48
-9.66
-8.15
-6.04
-3.51
-0.76
1.96
4.42
6.45
7.91
8.78
9.17
9.24
9.23
9.28
9.43
9.56
9.47
9.04
8.28
7.31
6.37
5.60
5.05
4.60
4.12
3.51
2.81
2.14
1.58
1.14
0.71
0.14
-0.65
-1.58
-2.47
-3.13
-3.42
-3.45
-3.42
-3.62
-4.21
-5.16
-6.28
-7.28
-7.96
-8.24
-8.23
-8.10
-8.04
-8.14
-8.40
-8.77
-9.18
-9.52
-9.67
-9.42
-8.54
-6.87
-4.40
-1.32
2.00
5.14
7.75
9.62
10.74
11.27
11.38
11.25
10.99
10.63
10.20
9.71
9.22
8.75
8.32
7.88
7.34
6.65
5.78
4.86
4.02
3.41
3.05
2.84
2.61
2.19
1.54
0.69
-0.25
-1.18
-2.03
-2.80
-3.48
-4.04
-4.49
-4.83
-5.13
-5.45
-5.87
-6.38
-6.95
-7.53
-8.04
-8.45
-8.75
-9.01
-9.33
-9.80
-10.42
-11.05
-11.42
-11.19
-10.11
-8.11
-5.38
-2.25
0.88
3.66
5.84
7.31
8.06
8.19
7.89
7.41
6.96
6.65
6.44
6.20
5.77
5.13
4.33
3.55
2.91
2.49
2.22
2.01
1.73
1.38
0.99
0.64
0.38
0.21
0.05
-0.22
-0.72
-1.52
-2.58
-3.79
-4.95
-5.92
-6.63
-7.13
-7.52
-7.90
-8.34
-8.85
-9.43
-10.09
-10.84
-11.63
-12.30
-12.59
-12.19
-10.90
-8.71
-5.83
-2.63
0.52
3.38
5.82
7.82
9.39
10.54
11.25
11.58
11.63
11.57
11.53
11.57
11.64
11.61
11.35
10.81
10.03
9.11
8.18
7.33
6.57
5.88
5.23
4.58
3.91
3.22
2.46
1.62
0.63
-0.52
-1.79
-3.12
-4.41
-5.57
-6.52
-7.26
-7.83
-8.34
-8.89
-9.60
-10.47
-11.39
-12.16
-12.49
-12.13
-10.95
-8.97
-6.42
-3.57
-0.73
1.83
3.95
5.55
6.67
7.39
7.87
8.25
8.63
9.00
9.26
9.25
8.86
8.10
7.12
6.12
5.25
4.57
4.06
3.62
3.20
2.82
2.52
2.34
2.25
2.15
1.89
1.38
0.58
-0.41
-1.44
-2.35
-3.00
-3.36
-3.47
-3.46
-3.48
-3.64
-4.02
-4.59
-5.32
-6.13
-6.93
-7.64
-8.09
-8.12
-7.51
-6.15
-4.03
-1.33
1.62
4.42
6.71
8.30
9.15
9.43
9.36
9.14
8.91
8.69
8.45
8.15
7.78
7.37
6.94
6.50
6.04
5.56
5.05
4.54
4.04
3.54
3.02
2.45
1.79
1.10
0.41
-0.26
-0.89
-1.53
-2.22
-2.95
-3.71
-4.48
-5.23
-5.92
-6.51
-6.98
-7.33
-7.62
-7.95
-8.43
-9.07
-9.84
-10.55
-10.97
-10.87
-10.06
-8.46
-6.12
-3.24
-0.14
2.80
5.23
6.93
7.88
8.26
8.32
8.32
8.38
8.52
8.67
8.76
8.70
8.47
8.05
7.43
6.62
5.65
4.60
3.63
2.87
2.37
2.10
1.92
1.64
1.18
0.50
-0.30
-1.09
-1.73
-2.17
-2.43
-2.58
-2.75
-3.02
-3.46
-4.08
-4.82
-5.58
-6.25
-6.74
-7.07
-7.33
-7.65
-8.11
-8.66
-9.16
-9.35
-8.98
-7.93
-6.19
-3.96
-1.50
0.92
3.07
4.82
6.13
6.96
7.32
7.27
6.91
6.39
5.90
5.56
5.42
5.40
5.35
5.14
4.70
4.08
3.36
2.65
2.03
1.54
1.17
0.91
0.71
0.53
0.31
-0.02
-0.46
-1.01
-1.62
-2.24
-2.86
-3.49
-4.14
-4.78
-5.34
-5.74
-5.95
-6.03
-6.11
-6.32
-6.73
-7.32
-7.94
-8.40
-8.55
-8.23
-7.42
-6.13
-4.43
-2.46
-0.37
1.65
3.42
4.81
5.77
6.30
6.47
6.39
6.16
5.84
5.45
5.00
4.47
3.89
3.36
2.94
2.70
2.65
2.69
2.71
2.60
2.32
1.91
1.42
0.95
0.50
0.02
-0.54
-1.22
-2.00
-2.78
-3.47
-4.00
-4.36
-4.61
-4.79
-4.96
-5.14
-5.32
-5.53
-5.78
-6.09
-6.40
-6.59
-6.51
-5.98
-4.91
-3.34
-1.40
0.70
2.72
4.43
5.67
6.35
6.54
6.41
6.16
5.97
5.92
5.92
5.85
5.61
5.17
4.63
4.08
3.56
3.02
2.37
1.55
0.62
-0.26
-0.91
-1.23
-1.27
-1.18
-1.18
-1.41
-1.88
-2.50
-3.14
-3.70
-4.18
-4.64
-5.15
-5.77
-6.47
-7.21
-7.92
-8.58
-9.16
-9.64
-9.94
-9.90
-9.35
-8.13
-6.23
-3.75
-1.00
1.70
4.01
5.70
6.72
7.16
7.20
7.05
6.86
6.73
6.67
6.66
6.64
6.54
6.33
5.99
5.53
4.96
4.36
3.76
3.26
2.89
2.69
2.60
2.51
2.28
1.78
1.01
0.05
-0.95
-1.84
-2.58
-3.21
-3.81
-4.46
-5.16
-5.85
-6.48
-7.02
-7.51
-8.00
-8.54
-9.18
-9.93
-10.77
-11.62
-12.31
-12.66
-12.46
-11.56
-9.90
-7.54
-4.65
-1.46
1.74
4.63
6.96
8.53
9.31
9.42
9.11
8.70
8.43
8.42
8.67
9.00
9.22
9.16
8.76
8.10
7.31
6.53
5.83
5.22
4.63
4.01
3.35
2.66
2.02
1.44
0.94
0.44
-0.11
-0.76
-1.52
-2.30
-3.03
-3.68
-4.28
-4.88
-5.55
-6.29
-7.05
-7.74
-8.36
-8.95
-9.63
-10.48
-11.42
-12.26
-12.70
-12.47
-11.42
-9.58
-7.15
-4.40
-1.61
0.97
3.18
4.94
6.26
7.19
7.83
8.27
8.52
8.62
8.56
8.38
8.13
7.90
7.70
7.54
7.36
7.13
6.84
6.55
6.32
6.15
5.98
5.70
5.24
4.58
3.73
2.79
1.79
0.77
-0.29
-1.37
-2.45
-3.49
-4.45
-5.34
-6.15
-6.89
-7.58
-8.23
-8.89
-9.60
-10.31
-10.91
-11.13
-10.69
-9.42
-7.34
-4.70
-1.90
0.65
2.66
4.03
4.80
5.13
5.20
5.14
5.02
4.86
4.67
4.48
4.31
4.19
4.12
4.08
4.01
3.90
3.77
3.65
3.63
3.72
3.90
4.05
4.11
4.01
3.78
3.43
2.99
2.47
1.89
1.30
0.82
0.50
0.34
0.19
-0.16
-0.90
-2.11
-3.67
-5.30
-6.65
-7.40
-7.36
-6.53
-5.07
-3.21
-1.25
0.57
2.06
3.12
3.74
3.98
3.94
3.76
3.57
3.46
3.43
3.42
3.31
2.98
2.40
1.63
0.81
0.09
-0.40
-0.64
-0.67
-0.57
-0.43
-0.26
-0.09
0.09
0.23
0.25
0.09
-0.29
-0.85
-1.48
-2.07
-2.51
-2.75
-2.83
-2.81
-2.82
-2.95
-3.25
-3.69
-4.14
-4.40
-4.24
-3.49
-2.10
-0.16
2.09
4.39
6.44
8.09
9.27
10.04
10.51
10.81
11.00
11.09
11.01
10.69
10.10
9.27
8.29
7.28
6.30
5.39
4.54
3.75
3.07
2.57
2.30
2.23
2.20
2.06
1.69
1.13
0.51
0.00
-0.32
-0.49
-0.64
-0.88
-1.26
-1.74
-2.23
-2.72
-3.24
-3.86
-4.62
-5.49
-6.38
-7.18
-7.82
-8.30
-8.60
-8.70
-8.47
-7.76
-6.48
-4.65
-2.48
-0.25
1.74
3.31
4.44
5.24
5.88
6.47
7.05
7.58
7.98
8.18
8.15
7.88
7.41
6.79
6.12
5.54
5.16
5.02
5.09
5.21
5.19
4.88
4.25
3.38
2.39
1.36
0.29
-0.88
-2.21
-3.68
-5.20
-6.66
-8.02
-9.30
-10.56
-11.83
-13.03
-14.02
-14.67
-14.93
-14.87
-14.58
-14.12
-13.47
-12.54
-11.22
-9.50
-7.46
-5.29
-3.22
-1.46
-0.09
0.89
1.54
1.96
2.18
2.22
2.05
1.71
1.28
0.90
0.68
0.67
0.84
1.09
1.34
1.57
1.78
1.99
2.18
2.25
2.11
1.72
1.10
0.37
-0.37
-1.01
-1.55
-2.00
-2.41
-2.84
-3.31
-3.86
-4.47
-5.17
-5.96
-6.78
-7.54
-8.12
-8.37
-8.19
-7.54
-6.44
-4.98
-3.28
-1.49
0.26
1.87
3.29
4.55
5.66
6.61
7.37
7.84
7.95
7.67
7.07
6.28
5.45
4.65
3.91
3.21
2.56
1.97
1.52
1.25
1.17
1.18
1.19
1.07
0.77
0.25
-0.47
-1.32
-2.22
-3.09
-3.84
-4.45
-4.95
-5.44
-6.04
-6.85
-7.83
-8.83
-9.61
-9.91
-9.59
-8.63
-7.18
-5.42
-3.58
-1.80
-0.16
1.29
2.55
3.58
4.37
4.93
5.28
5.48
5.54
5.50
5.35
5.09
4.69
4.22
3.72
3.31
3.02
2.90
2.92
3.01
3.11
3.13
3.00
2.67
2.12
1.38
0.53
-0.35
-1.17
-1.87
-2.46
-2.96
-3.42
-3.89
-4.39
-4.90
-5.37
-5.70
-5.69
-5.19
-4.05
-2.29
-0.07
2.34
4.63
6.55
7.98
8.96
9.55
9.90
10.05
10.04
9.82
9.41
8.80
8.05
7.22
6.31
5.33
4.30
3.25
2.28
1.49
0.94
0.62
0.40
0.10
-0.41
-1.17
-2.10
-3.07
-3.93
-4.67
-5.33
-6.04
-6.92
-8.07
-9.46
-10.98
-12.39
-13.39
-13.70
-13.10
-11.52
-9.08
-6.06
-2.87
0.10
2.51
4.20
5.21
5.72
5.96
6.15
6.39
6.69
6.93
7.02
6.86
6.41
5.70
4.75
3.62
2.42
1.28
0.35
-0.21
-0.37
-0.21
0.06
0.21
0.04
-0.51
-1.35
-2.25
-2.99
-3.46
-3.68
-3.80
-4.04
-4.54
-5.32
-6.25
-7.13
-7.70
-7.71
-6.97
-5.40
-3.08
-0.29
2.57
5.07
6.92
8.06
8.63
8.88
8.99
9.03
8.92
8.59
8.04
7.39
6.82
6.47
6.38
6.45
6.50
6.36
5.93
5.21
4.34
3.49
2.82
2.41
2.26
2.21
2.10
1.77
1.16
0.29
-0.68
-1.61
-2.39
-2.98
-3.41
-3.75
-4.07
-4.43
-4.87
-5.45
-6.19
-7.02
-7.82
-8.35
-8.34
-7.59
-6.06
-3.93
-1.51
0.83
2.82
4.32
5.28
5.77
5.85
5.61
5.16
4.63
4.15
3.82
3.63
3.54
3.46
3.31
3.07
2.73
2.35
1.98
1.67
1.41
1.20
1.00
0.78
0.52
0.22
-0.12
-0.49
-0.91
-1.39
-1.91
-2.47
-3.04
-3.60
-4.16
-4.67
-5.13
-5.48
-5.68
-5.74
-5.75
-5.82
-6.03
-6.38
-6.75
-6.95
-6.81
-6.21
-5.16
-3.77
-2.21
-0.67
0.71
1.82
2.63
3.17
3.45
3.50
3.32
2.96
2.51
2.12
1.93
2.00
2.31
2.69
2.93
2.89
2.51
1.89
1.20
0.64
0.31
0.21
0.22
0.20
0.03
-0.30
-0.75
-1.26
-1.77
-2.28
-2.79
-3.28
-3.69
-3.97
-4.09
-4.11
-4.17
-4.38
-4.84
-5.53
-6.36
-7.18
-7.83
-8.15
-7.99
-7.29
-6.05
-4.38
-2.48
-0.58
1.13
2.50
3.46
4.00
4.17
4.04
3.76
3.46
3.24
3.13
3.07
2.93
2.62
2.13
1.57
1.06
0.73
0.60
0.65
0.80
0.96
1.07
1.08
0.98
0.75
0.40
-0.07
-0.61
-1.17
-1.70
-2.14
-2.45
-2.63
-2.76
-2.91
-3.19
-3.62
-4.19
-4.84
-5.52
-6.25
-7.06
-7.94
-8.80
-9.40
-9.52
-8.96
-7.67
-5.74
-3.40
-0.92
1.40
3.30
4.60
5.25
5.31
4.95
4.42
3.92
3.59
3.47
3.48
3.54
3.55
3.45
3.23
2.91
2.55
2.20
1.95
1.82
1.84
1.96
2.11
2.24
2.26
2.10
1.70
1.04
0.14
-0.91
-2.01
-3.06
-4.00
-4.80
-5.47
-5.99
-6.38
-6.63
-6.81
-7.05
-7.48
-8.26
-9.38
-10.67
-11.82
-12.39
-12.04
-10.61
-8.21
-5.21
-2.10
0.65
2.74
4.07
4.73
4.93
4.90
4.83
4.85
5.04
5.37
5.77
6.11
6.28
6.23
5.97
5.57
5.12
4.67
4.28
3.93
3.61
3.30
2.99
2.61
2.09
1.34
0.33
-0.91
-2.23
-3.41
-4.26
-4.71
-4.81
-4.79
-4.86
-5.17
-5.73
-6.39
-6.99
-7.48
-7.94
-8.54
-9.39
-10.41
-11.27
-11.57
-10.92
-9.20
-6.52
-3.20
0.34
3.74
6.72
9.07
10.68
11.53
11.74
11.50
11.08
10.64
10.26
9.89
9.45
8.93
8.41
8.01
7.85
7.92
8.09
8.21
8.15
7.86
7.38
6.76
6.05
5.26
4.39
3.47
2.52
1.61
0.76
-0.05
-0.83
-1.62
-2.41
-3.18
-3.92
-4.61
-5.27
-5.90
-6.48
-6.99
-7.39
-7.62
-7.61
-7.25
-6.37
-4.85
-2.61
0.22
3.36
6.38
8.87
10.50
11.16
10.94
10.09
8.93
7.74
6.71
5.94
5.45
5.19
5.06
4.98
4.87
4.70
4.47
4.23
4.02
3.90
3.85
3.86
3.84
3.70
3.31
2.58
1.52
0.24
-1.09
-2.29
-3.26
-3.99
-4.54
-4.97
-5.31
-5.58
-5.83
-6.18
-6.76
-7.54
-8.33
-8.71
-8.24
-6.65
-3.99
-0.68
2.71
5.60
7.62
8.68
8.89
8.49
7.77
6.99
6.36
5.98
5.87
5.92
5.95
5.80
5.41
4.84
4.28
3.89
3.73
3.75
3.77
3.64
3.30
2.76
2.12
1.49
0.88
0.25
-0.42
-1.11
-1.74
-2.21
-2.47
-2.59
-2.67
-2.83
-3.14
-3.61
-4.19
-4.90
-5.73
-6.66
-7.58
-8.31
-8.62
-8.31
-7.28
-5.56
-3.31
-0.78
1.74
3.96
5.64
6.66
7.03
6.86
6.34
5.64
4.88
4.15
3.50
2.98
2.66
2.54
2.61
2.78
2.94
3.00
2.91
2.68
2.36
2.04
1.77
1.59
1.46
1.30
1.00
0.48
-0.32
-1.32
-2.43
-3.47
-4.28
-4.79
-5.02
-5.08
-5.09
-5.19
-5.43
-5.83
-6.37
-6.96
-7.44
-7.63
-7.31
-6.34
-4.72
-2.67
-0.49
1.43
2.86
3.72
4.14
4.29
4.35
4.38
4.39
4.33
4.17
3.89
3.51
3.09
2.66
2.30
2.01
1.80
1.62
1.42
1.21
0.98
0.77
0.57
0.36
0.08
-0.38
-1.06
-1.98
-3.05
-4.15
-5.14
-5.92
-6.44
-6.77
-7.02
-7.29
-7.68
-8.19
-8.73
-9.14
-9.25
-8.93
-8.08
-6.71
-4.89
-2.79
-0.65
1.32
2.90
3.97
4.52
4.64
4.45
4.11
3.72
3.32
2.91
2.49
2.08
1.73
1.51
1.46
1.52
1.54
1.41
1.09
0.62
0.18
-0.10
-0.20
-0.22
-0.34
-0.73
-1.44
-2.39
-3.44
-4.40
-5.18
-5.75
-6.18
-6.56
-7.00
-7.60
-8.38
-9.30
-10.19
-10.78
-10.77
-9.93
-8.19
-5.70
-2.79
0.13
2.66
4.56
5.76
6.34
6.47
6.30
5.98
5.58
5.17
4.80
4.50
4.26
4.03
3.71
3.26
2.73
2.22
1.90
1.82
1.94
2.08
2.02
1.61
0.82
-0.23
-1.34
-2.36
-3.19
-3.86
-4.46
-5.07
-5.76
-6.60
-7.58
-8.69
-9.81
-10.72
-11.09
-10.58
-8.97
-6.28
-2.83
0.86
4.22
6.81
8.46
9.26
9.46
9.38
9.25
9.23
9.35
9.55
9.73
9.76
9.52
8.98
8.14
7.10
6.00
4.97
4.08
3.37
2.85
2.48
2.20
1.90
1.46
0.77
-0.18
-1.31
-2.44
-3.39
-4.03
-4.38
-4.60
-4.90
-5.50
-6.53
-7.97
-9.65
-11.26
-12.43
-12.79
-12.09
-10.26
-7.44
-3.95
-0.29
3.07
5.70
7.39
8.16
8.24
7.99
7.71
7.60
7.68
7.88
8.11
8.27
8.31
8.19
7.88
7.37
6.66
5.86
5.07
4.41
3.94
3.65
3.45
3.27
3.00
2.58
1.98
1.23
0.35
-0.55
-1.40
-2.15
-2.80
-3.37
-3.93
-4.52
-5.19
-6.00
-6.98
-8.12
-9.28
-10.26
-10.76
-10.49
-9.24
-7.02
-4.02
-0.61
2.71
5.50
7.46
8.51
8.81
8.69
8.50
8.49
8.71
9.02
9.22
9.08
8.54
7.67
6.64
5.66
4.89
4.39
4.13
4.03
3.95
3.81
3.57
3.23
2.78
2.24
1.55
0.71
-0.30
-1.38
-2.43
-3.30
-3.88
-4.13
-4.11
-3.98
-3.95
-4.20
-4.82
-5.80
-6.99
-8.23
-9.30
-10.01
-10.20
-9.76
-8.59
-6.70
-4.20
-1.32
1.58
4.11
5.95
6.95
7.13
6.73
6.04
5.34
4.82
4.50
4.29
4.10
3.87
3.61
3.37
3.17
2.96
2.68
2.31
1.91
1.56
1.36
1.30
1.27
1.12
0.70
-0.00
-0.93
-1.94
-2.85
-3.55
-3.99
-4.19
-4.22
-4.23
-4.36
-4.72
-5.34
-6.15
-6.96
-7.54
-7.67
-7.19
-6.03
-4.25
-2.00
0.44
2.79
4.75
6.11
6.77
6.78
6.31
5.59
4.86
4.28
3.93
3.75
3.65
3.50
3.21
2.77
2.26
1.78
1.44
1.30
1.34
1.47
1.57
1.54
1.31
0.87
0.26
-0.46
-1.24
-2.05
-2.86
-3.63
-4.30
-4.83
-5.21
-5.50
-5.85
-6.39
-7.14
-8.00
-8.71
-8.91
-8.32
-6.83
-4.58
-1.93
0.70
2.88
4.36
5.11
5.27
5.08
4.84
4.77
4.95
5.36
5.83
6.18
6.27
6.03
5.51
4.79
4.00
3.24
2.57
2.04
1.64
1.39
1.25
1.15
1.00
0.72
0.21
-0.54
-1.48
-2.47
-3.36
-4.04
-4.45
-4.64
-4.69
-4.69
-4.71
-4.83
-5.10
-5.59
-6.36
-7.38
-8.55
-9.65
-10.41
-10.55
-9.83
-8.18
-5.74
-2.83
0.09
2.59
4.39
5.43
5.87
5.97
5.97
5.99
6.06
6.13
6.11
5.98
5.72
5.32
4.79
4.11
3.31
2.48
1.76
1.30
1.18
1.33
1.60
1.73
1.55
0.99
0.15
-0.75
-1.47
-1.90
-2.05
-2.08
-2.18
-2.46
-2.94
-3.52
-4.11
-4.64
-5.08
-5.46
-5.84
-6.24
-6.71
-7.28
-7.97
-8.71
-9.35
-9.61
-9.19
-7.89
-5.72
-2.95
-0.02
2.60
4.56
5.75
6.28
6.38
6.33
6.32
6.42
6.61
6.81
6.93
6.93
6.76
6.42
5.95
5.37
4.73
4.10
3.54
3.12
2.88
2.80
2.82
2.78
2.56
2.05
1.25
0.28
-0.70
-1.55
-2.21
-2.68
-3.03
-3.34
-3.63
-3.90
-4.14
-4.38
-4.66
-5.06
-5.61
-6.29
-7.08
-7.96
-8.83
-9.56
-9.93
-9.69
-8.64
-6.77
-4.32
-1.70
0.64
2.41
3.52
4.10
4.38
4.53
4.65
4.73
4.75
4.71
4.62
4.49
4.32
4.09
3.78
3.43
3.08
2.78
2.54
2.37
2.25
2.19
2.19
2.22
2.20
2.01
1.56
0.79
-0.19
-1.24
-2.18
-2.86
-3.26
-3.41
-3.43
-3.44
-3.58
-3.94
-4.59
-5.52
-6.59
-7.59
-8.19
-8.11
-7.17
-5.41
-3.10
-0.59
1.70
3.51
4.75
5.49
5.89
6.12
6.31
6.50
6.67
6.76
6.72
6.55
6.28
5.95
5.58
5.15
4.62
3.95
3.20
2.50
2.00
1.76
1.74
1.78
1.68
1.33
0.73
-0.03
-0.83
-1.59
-2.29
-2.94
-3.51
-3.97
-4.29
-4.45
-4.52
-4.57
-4.71
-5.02
-5.55
-6.30
-7.16
-7.95
-8.36
-8.12
-7.05
-5.20
-2.84
-0.34
1.95
3.79
5.10
5.93
6.37
6.50
6.44
6.30
6.20
6.22
6.33
6.43
6.38
6.13
5.67
5.12
4.57
4.12
3.79
3.58
3.45
3.36
3.25
3.04
2.68
2.15
1.50
0.86
0.33
-0.02
-0.26
-0.53
-0.95
-1.57
-2.37
-3.20
-3.92
-4.42
-4.70
-4.86
-5.02
-5.34
-5.91
-6.77
-7.84
-8.93
-9.75
-9.99
-9.40
-7.91
-5.66
-2.98
-0.29
2.02
3.69
4.63
4.97
4.94
4.80
4.78
4.99
5.42
5.93
6.34
6.46
6.23
5.68
4.94
4.17
3.51
3.00
2.65
2.42
2.27
2.14
2.02
1.85
1.60
1.23
0.73
0.14
-0.48
-1.05
-1.51
-1.87
-2.17
-2.48
-2.85
-3.28
-3.74
-4.19
-4.56
-4.87
-5.15
-5.48
-5.92
-6.48
-7.08
-7.53
-7.58
-7.00
-5.71
-3.80
-1.58
0.57
2.27
3.28
3.61
3.47
3.16
2.97
3.05
3.36
3.78
4.09
4.17
3.99
3.60
3.11
2.62
2.17
1.78
1.44
1.16
0.95
0.81
0.72
0.70
0.72
0.74
0.65
0.35
-0.30
-1.29
-2.52
-3.76
-4.78
-5.44
-5.76
-5.89
-6.04
-6.37
-6.94
-7.69
-8.50
-9.22
-9.69
-9.72
-9.15
-7.87
-5.94
-3.58
-1.17
0.89
2.32
3.07
3.31
3.33
3.38
3.61
3.99
4.37
4.63
4.67
4.48
4.11
3.68
3.28
3.02
2.96
3.09
3.35
3.59
3.70
3.60
3.27
2.76
2.17
1.56
0.99
0.46
-0.05
-0.57
-1.11
-1.66
-2.16
-2.56
-2.81
-2.89
-2.88
-2.87
-2.97
-3.27
-3.79
-4.43
-5.05
-5.38
-5.17
-4.19
-2.37
0.13
2.94
5.59
7.64
8.85
9.24
9.05
8.63
8.26
8.09
8.08
8.10
8.01
7.71
7.16
6.37
5.36
4.16
2.81
1.41
0.08
-1.00
-1.72
-2.07
-2.15
-2.18
-2.34
-2.77
-3.43
-4.21
-4.93
-5.48
-5.85
-6.10
-6.35
-6.67
-7.08
-7.55
-8.03
-8.48
-8.91
-9.34
-9.80
-10.28
-10.79
-11.24
-11.56
-11.63
-11.34
-10.57
-9.29
-7.49
-5.27
-2.83
-0.40
1.76
3.52
4.83
5.81
6.65
7.51
8.45
9.40
10.24
10.80
11.04
10.98
10.73
10.40
10.02
9.56
8.95
8.14
7.16
6.10
5.07
4.15
3.40
2.80
2.32
1.87
1.36
0.67
-0.22
-1.29
-2.44
-3.49
-4.30
-4.79
-4.99
-5.03
-5.12
-5.38
-5.88
-6.56
-7.27
-7.81
-7.96
-7.53
-6.44
-4.75
-2.64
-0.37
1.80
3.62
4.99
5.89
6.40
6.67
6.85
7.05
7.32
7.63
7.90
8.05
8.01
7.72
7.22
6.56
5.84
5.14
4.56
4.17
4.01
4.04
4.14
4.18
4.02
3.59
2.91
2.09
1.24
0.47
-0.25
-0.97
-1.79
-2.71
-3.64
-4.42
-4.91
-5.09
-5.07
-5.09
-5.36
-5.98
-6.87
-7.77
-8.35
-8.32
-7.54
-6.05
-4.07
-1.92
0.11
1.81
3.11
4.04
4.65
5.02
5.22
5.32
5.39
5.47
5.53
5.49
5.23
4.67
3.80
2.74
1.65
0.67
-0.09
-0.64
-1.02
-1.29
-1.50
-1.66
-1.79
-1.91
-2.06
-2.28
-2.56
-2.87
-3.17
-3.43
-3.66
-3.91
-4.19
-4.49
-4.75
-4.91
-4.99
-5.06
-5.25
-5.69
-6.42
-7.36
-8.31
-9.00
-9.20
-8.76
-7.66
-5.99
-3.93
-1.73
0.36
2.11
3.38
4.13
4.45
4.54
4.64
4.90
5.33
5.82
6.16
6.17
5.82
5.18
4.41
3.65
2.99
2.45
2.04
1.76
1.61
1.59
1.62
1.61
1.44
1.07
0.51
-0.17
-0.87
-1.51
-2.05
-2.51
-2.90
-3.24
-3.55
-3.80
-4.03
-4.27
-4.60
-5.09
-5.75
-6.53
-7.29
-7.80
-7.82
-7.17
-5.83
-3.93
-1.78
0.28
1.98
3.20
3.98
4.47
4.81
5.08
5.29
5.45
5.56
5.64
5.67
5.58
5.29
4.74
3.98
3.14
2.40
1.88
1.61
1.52
1.50
1.46
1.32
1.04
0.60
0.04
-0.60
-1.24
-1.83
-2.35
-2.84
-3.37
-3.93
-4.47
-4.90
-5.15
-5.26
-5.36
-5.61
-6.12
-6.87
-7.70
-8.39
-8.68
-8.41
-7.53
-6.12
-4.32
-2.33
-0.32
1.57
3.23
4.58
5.57
6.20
6.52
6.64
6.70
6.80
6.97
7.15
7.22
7.07
6.70
6.17
5.57
4.99
4.45
3.91
3.36
2.84
2.40
2.12
1.97
1.85
1.64
1.26
0.68
-0.04
-0.81
-1.60
-2.38
-3.16
-3.89
-4.50
-4.93
-5.15
-5.20
-5.19
-5.25
-5.47
-5.90
-6.54
-7.31
-8.08
-8.64
-8.78
-8.28
-7.08
-5.24
-2.97
-0.59
1.61
3.42
4.75
5.64
6.19
6.57
6.89
7.21
7.51
7.70
7.70
7.43
6.90
6.15
5.29
4.40
3.54
2.74
2.05
1.50
1.15
1.02
1.06
1.18
1.23
1.09
0.72
0.13
-0.57
-1.26
-1.86
-2.36
-2.76
-3.12
-3.48
-3.81
-4.12
-4.37
-4.56
-4.71
-4.83
-4.99
-5.25
-5.70
-6.37
-7.19
-7.95
-8.36
-8.12
-7.09
-5.31
-3.06
-0.73
1.35
2.97
4.09
4.80
5.23
5.49
5.64
5.75
5.84
5.93
6.02
6.07
6.04
5.90
5.63
5.30
4.98
4.75
4.61
4.52
4.40
4.16
3.79
3.31
2.79
2.26
1.75
1.23
0.70
0.12
-0.48
-1.07
-1.65
-2.24
-2.88
-3.64
-4.50
-5.46
-6.47
-7.50
-8.58
-9.71
-10.80
-11.65
-12.00
-11.58
-10.30
-8.31
-5.96
-3.68
-1.80
-0.49
0.31
0.71
0.89
0.97
1.07
1.25
1.54
1.92
2.30
2.54
2.55
2.32
1.93
1.51
1.19
1.02
0.97
1.01
1.07
1.15
1.22
1.29
1.31
1.26
1.09
0.81
0.46
0.11
-0.17
-0.33
-0.37
-0.35
-0.36
-0.52
-0.94
-1.66
-2.65
-3.80
-4.96
-5.90
-6.42
-6.33
-5.54
-4.10
-2.21
-0.16
1.73
3.22
4.24
4.87
5.25
5.51
5.68
5.72
5.60
5.32
4.95
4.60
4.30
4.03
3.67
3.15
2.45
1.69
1.06
0.73
0.80
1.21
1.85
2.52
3.09
3.45
3.60
3.53
3.30
2.97
2.62
2.32
2.13
2.05
2.01
1.92
1.64
1.10
0.28
-0.71
-1.68
-2.42
-2.71
-2.42
-1.55
-0.23
1.27
2.72
3.95
4.95
5.74
6.41
6.97
7.40
7.65
7.75
7.75
7.70
7.57
7.29
6.77
6.00
5.09
4.21
3.53
3.09
2.80
2.49
2.04
1.46
0.83
0.28
-0.13
-0.44
-0.72
-1.04
-1.40
-1.80
-2.19
-2.60
-3.05
-3.60
-4.22
-4.86
-5.42
-5.85
-6.18
-6.52
-7.01
-7.73
-8.63
-9.58
-10.35
-10.74
-10.61
-9.93
-8.75
-7.14
-5.24
-3.18
-1.12
0.75
2.29
3.42
4.21
4.78
5.29
5.82
6.35
6.75
6.88
6.70
6.26
5.70
5.20
4.85
4.68
4.62
4.58
4.48
4.29
4.01
3.67
3.25
2.75
2.13
1.36
0.45
-0.56
-1.58
-2.52
-3.27
-3.79
-4.09
-4.26
-4.42
-4.66
-5.06
-5.61
-6.25
-6.91
-7.49
-7.88
-7.96
-7.60
-6.70
-5.26
-3.43
-1.43
0.45
2.00
3.11
3.81
4.20
4.38
4.44
4.39
4.25
4.02
3.74
3.41
3.06
2.66
2.18
1.62
1.03
0.47
0.02
-0.33
-0.64
-1.01
-1.51
-2.13
-2.76
-3.28
-3.60
-3.71
-3.67
-3.60
-3.60
-3.73
-3.99
-4.32
-4.69
-5.05
-5.38
-5.72
-6.12
-6.63
-7.28
-8.00
-8.61
-8.89
-8.62
-7.68
-6.10
-4.08
-1.87
0.23
2.02
3.39
4.35
4.99
5.40
5.67
5.90
6.12
6.38
6.63
6.82
6.86
6.70
6.33
5.83
5.29
4.82
4.46
4.18
3.95
3.72
3.52
3.35
3.20
3.02
2.74
2.31
1.74
1.13
0.56
0.06
-0.38
-0.87
-1.48
-2.23
-3.04
-3.79
-4.35
-4.64
-4.71
-4.69
-4.76
-5.09
-5.77
-6.76
-7.87
-8.83
-9.30
-9.03
-7.88
-5.95
-3.48
-0.89
1.44
3.23
4.36
4.95
5.23
5.44
5.76
6.22
6.76
7.24
7.54
7.60
7.45
7.13
6.71
6.23
5.73
5.23
4.75
4.28
3.83
3.36
2.83
2.23
1.58
0.94
0.37
-0.12
-0.52
-0.86
-1.15
-1.36
-1.45
-1.46
-1.47
-1.62
-2.02
-2.67
-3.46
-4.22
-4.81
-5.16
-5.34
-5.49
-5.72
-6.05
-6.47
-6.88
-7.21
-7.40
-7.38
-7.06
-6.34
-5.15
-3.54
-1.69
0.10
1.56
2.51
2.94
3.01
2.92
2.86
2.90
3.01
3.13
3.21
3.25
3.26
3.25
3.17
2.96
2.62
2.17
1.69
1.27
0.97
0.79
0.71
0.66
0.58
0.41
0.12
-0.27
-0.76
-1.29
-1.83
-2.35
-2.79
-3.11
-3.24
-3.16
-2.93
-2.66
-2.55
-2.74
-3.29
-4.11
-5.06
-5.92
-6.52
-6.68
-6.29
-5.29
-3.72
-1.76
0.32
2.21
3.71
4.76
5.44
5.91
6.26
6.52
6.67
6.70
6.63
6.50
6.35
6.15
5.86
5.44
4.95
4.48
4.15
4.00
3.95
3.86
3.57
3.04
2.30
1.49
0.75
0.18
-0.21
-0.45
-0.64
-0.90
-1.29
-1.86
-2.58
-3.39
-4.20
-4.92
-5.46
-5.82
-6.01
-6.11
-6.25
-6.53
-7.02
-7.69
-8.43
-9.01
-9.19
-8.75
-7.63
-5.91
-3.83
-1.73
0.11
1.48
2.34
2.80
3.03
3.20
3.46
3.86
4.44
5.15
5.93
6.68
7.26
7.53
7.42
6.97
6.29
5.55
4.90
4.41
4.08
3.87
3.71
3.58
3.44
3.24
2.91
2.38
1.64
0.75
-0.12
-0.82
-1.26
-1.50
-1.67
-1.91
-2.33
-2.92
-3.63
-4.38
-5.10
-5.74
-6.27
-6.69
-7.04
-7.38
-7.77
-8.23
-8.70
-9.05
-9.11
-8.75
-7.92
-6.64
-4.94
-2.93
-0.72
1.47
3.40
4.83
5.68
6.02
6.05
6.03
6.14
6.38
6.66
6.82
6.75
6.49
6.12
5.76
5.46
5.17
4.80
4.34
3.81
3.34
3.01
2.83
2.68
2.41
1.92
1.22
0.44
-0.27
-0.82
-1.20
-1.45
-1.65
-1.83
-2.01
-2.18
-2.38
-2.64
-2.98
-3.38
-3.78
-4.13
-4.40
-4.60
-4.78
-5.01
-5.35
-5.84
-6.47
-7.14
-7.68
-7.86
-7.48
-6.44
-4.79
-2.70
-0.45
1.69
3.49
4.82
5.63
6.00
6.06
5.99
5.93
5.98
6.11
6.21
6.14
5.82
5.26
4.56
3.85
3.23
2.74
2.36
2.04
1.76
1.55
1.44
1.43
1.44
1.39
1.20
0.84
0.37
-0.12
-0.53
-0.85
-1.12
-1.44
-1.84
-2.31
-2.74
-3.01
-3.10
-3.05
-3.00
-3.11
-3.46
-4.03
-4.68
-5.29
-5.77
-6.13
-6.41
-6.65
-6.78
-6.63
-6.03
-4.89
-3.27
-1.38
0.47
2.04
3.16
3.85
4.20
4.31
4.29
4.16
3.96
3.72
3.43
3.12
2.80
2.48
2.23
2.09
2.08
2.20
2.38
2.54
2.60
2.55
2.43
2.29
2.15
1.98
1.74
1.40
0.97
0.50
0.05
-0.36
-0.77
-1.24
-1.81
-2.43
-3.04
-3.55
-3.92
-4.21
-4.56
-5.11
-5.93
-6.91
-7.80
-8.29
-8.13
-7.23
-5.70
-3.82
-1.89
-0.19
1.15
2.08
2.64
2.92
3.00
3.01
3.09
3.32
3.74
4.27
4.77
5.10
5.20
5.06
4.74
4.35
4.01
3.80
3.79
3.98
4.28
4.53
4.57
4.27
3.62
2.73
1.78
0.95
0.31
-0.16
-0.60
-1.13
-1.83
-2.64
-3.46
-4.16
-4.67
-5.03
-5.35
-5.71
-6.18
-6.73
-7.29
-7.85
-8.44
-9.10
-9.80
-10.36
-10.51
-9.93
-8.47
-6.22
-3.53
-0.83
1.45
3.10
4.12
4.72
5.14
5.59
6.12
6.73
7.31
7.78
8.11
8.24
8.15
7.80
7.16
6.30
5.38
4.59
4.10
3.95
4.01
4.06
3.90
3.42
2.67
1.79
0.93
0.19
-0.43
-0.96
-1.44
-1.84
-2.13
-2.25
-2.24
-2.20
-2.27
-2.54
-3.05
-3.69
-4.31
-4.78
-5.04
-5.16
-5.25
-5.44
-5.78
-6.25
-6.77
-7.23
-7.47
-7.32
-6.64
-5.37
-3.59
-1.49
0.62
2.50
3.97
5.00
5.66
6.03
6.24
6.35
6.47
6.64
6.89
7.14
7.24
7.05
6.50
5.68
4.78
3.98
3.42
3.06
2.80
2.52
2.18
1.80
1.46
1.16
0.87
0.49
-0.06
-0.77
-1.50
-2.08
-2.35
-2.25
-1.90
-1.52
-1.35
-1.51
-1.99
-2.66
-3.33
-3.85
-4.19
-4.39
-4.56
-4.78
-5.13
-5.65
-6.30
-7.01
-7.61
-7.89
-7.58
-6.51
-4.67
-2.26
0.35
2.72
4.53
5.63
6.12
6.21
6.15
6.12
6.17
6.25
6.27
6.15
5.87
5.44
4.87
4.17
3.34
2.43
1.55
0.80
0.28
0.03
-0.00
0.08
0.17
0.17
0.01
-0.32
-0.83
-1.46
-2.09
-2.61
-2.86
-2.83
-2.61
-2.38
-2.32
-2.51
-2.84
-3.11
-3.14
-2.88
-2.48
-2.21
-2.31
-2.88
-3.83
-4.88
-5.73
-6.11
-5.89
-5.07
-3.74
-2.07
-0.20
1.68
3.42
4.89
5.98
6.63
6.87
6.77
6.43
5.97
5.44
4.86
4.25
3.65
3.13
2.73
2.50
2.40
2.35
2.24
2.01
1.63
1.16
0.69
0.30
0.04
-0.11
-0.23
-0.39
-0.65
-1.00
-1.39
-1.76
-2.04
-2.21
-2.29
-2.32
-2.37
-2.49
-2.72
-3.03
-3.38
-3.69
-3.96
-4.22
-4.60
-5.24
-6.21
-7.35
-8.37
-8.84
-8.45
-7.11
-5.00
-2.52
-0.09
1.99
3.59
4.77
5.63
6.28
6.76
7.09
7.32
7.48
7.65
7.82
7.95
7.94
7.69
7.15
6.37
5.51
4.75
4.24
4.02
4.00
3.98
3.80
3.36
2.68
1.88
1.09
0.37
-0.25
-0.80
-1.29
-1.68
-1.90
-1.95
-1.87
-1.82
-1.94
-2.30
-2.87
-3.51
-4.05
-4.38
-4.52
-4.60
-4.82
-5.32
-6.15
-7.16
-8.12
-8.74
-8.81
-8.25
-7.12
-5.57
-3.78
-1.91
-0.11
1.49
2.76
3.61
4.04
4.16
4.12
4.11
4.25
4.57
4.98
5.40
5.69
5.77
5.59
5.15
4.52
3.83
3.25
2.93
2.91
3.15
3.51
3.83
3.99
3.91
3.58
3.04
2.33
1.56
0.81
0.19
-0.25
-0.46
-0.52
-0.55
-0.68
-1.05
-1.68
-2.51
-3.39
-4.16
-4.70
-4.96
-5.04
-5.10
-5.33
-5.85
-6.66
-7.58
-8.33
-8.61
-8.20
-7.05
-5.34
-3.38
-1.51
0.01
1.11
1.87
2.43
2.90
3.33
3.73
4.08
4.42
4.80
5.22
5.57
5.70
5.47
4.89
4.13
3.46
3.14
3.27
3.73
4.28
4.65
4.69
4.36
3.76
3.01
2.23
1.45
0.71
0.06
-0.47
-0.86
-1.14
-1.40
-1.76
-2.27
-2.90
-3.52
-4.01
-4.31
-4.46
-4.57
-4.77
-5.11
-5.63
-6.29
-7.08
-7.95
-8.82
-9.55
-9.93
-9.79
-9.01
-7.62
-5.80
-3.81
-1.94
-0.39
0.74
1.47
1.92
2.21
2.50
2.87
3.34
3.85
4.31
4.62
4.73
4.65
4.43
4.17
3.92
3.73
3.60
3.51
3.45
3.38
3.24
2.96
2.50
1.87
1.19
0.58
0.18
0.02
-0.01
-0.08
-0.33
-0.82
-1.46
-2.10
-2.60
-2.88
-2.99
-3.03
-3.12
-3.34
-3.75
-4.38
-5.22
-6.16
-7.01
-7.48
-7.32
-6.40
-4.78
-2.69
-0.46
1.60
3.27
4.47
5.22
5.64
5.83
5.92
6.00
6.13
6.29
6.46
6.56
6.54
6.36
6.02
5.54
4.99
4.43
3.94
3.59
3.41
3.35
3.34
3.26
3.02
2.60
2.01
1.34
0.63
-0.03
-0.60
-1.03
-1.31
-1.47
-1.64
-1.97
-2.57
-3.43
-4.38
-5.17
-5.60
-5.65
-5.50
-5.43
-5.69
-6.37
-7.39
-8.51
-9.45
-9.94
-9.76
-8.80
-7.08
-4.78
-2.22
0.23
2.24
3.67
4.56
5.11
5.53
6.01
6.59
7.22
7.77
8.13
8.27
8.19
7.95
7.60
7.19
6.71
6.17
5.58
4.97
4.38
3.83
3.37
3.01
2.74
2.54
2.34
2.09
1.74
1.31
0.81
0.28
-0.28
-0.90
-1.63
-2.45
-3.28
-4.01
-4.53
-4.82
-4.95
-5.02
-5.16
-5.44
-5.89
-6.54
-7.39
-8.41
-9.49
-10.42
-10.91
-10.69
-9.63
-7.83
-5.58
-3.26
-1.21
0.36
1.45
2.17
2.66
3.04
3.39
3.71
4.01
4.29
4.56
4.80
4.99
5.09
5.06
4.87
4.52
4.06
3.56
3.13
2.85
2.75
2.79
2.89
2.96
2.94
2.82
2.62
2.36
2.03
1.59
1.01
0.30
-0.46
-1.16
-1.67
-1.95
-2.08
-2.22
-2.51
-3.05
-3.82
-4.75
-5.72
-6.61
-7.29
-7.62
-7.50
-6.82
-5.62
-4.02
-2.25
-0.53
1.00
2.33
3.50
4.58
5.53
6.25
6.63
6.60
6.26
5.76
5.29
4.93
4.69
4.48
4.25
4.01
3.77
3.60
3.51
3.46
3.41
3.34
3.23
3.06
2.76
2.29
1.63
0.85
0.07
-0.58
-1.06
-1.42
-1.79
-2.29
-2.93
-3.63
-4.24
-4.65
-4.86
-4.94
-5.04
-5.32
-5.84
-6.62
-7.58
-8.60
-9.50
-10.07
-10.09
-9.38
-7.92
-5.83
-3.38
-0.94
1.21
2.88
4.06
4.83
5.34
5.70
5.99
6.26
6.53
6.78
7.01
7.17
7.22
7.11
6.84
6.40
5.81
5.14
4.44
3.80
3.26
2.87
2.59
2.35
2.05
1.61
1.01
0.32
-0.35
-0.91
-1.29
-1.51
-1.65
-1.82
-2.13
-2.62
-3.30
-4.10
-4.95
-5.69
-6.21
-6.49
-6.61
-6.77
-7.17
-7.87
-8.77
-9.56
-9.86
-9.41
-8.13
-6.16
-3.79
-1.40
0.72
2.38
3.52
4.23
4.68
5.05
5.45
5.91
6.38
6.81
7.16
7.44
7.62
7.67
7.52
7.12
6.46
5.63
4.79
4.06
3.52
3.15
2.84
2.50
2.05
1.48
0.82
0.13
-0.52
-1.08
-1.54
-1.90
-2.20
-2.50
-2.81
-3.15
-3.52
-3.91
-4.34
-4.82
-5.39
-6.05
-6.81
-7.63
-8.49
-9.33
-10.07
-10.61
-10.80
-10.47
-9.50
-7.87
-5.72
-3.32
-0.99
1.02
2.56
3.66
4.46
5.12
5.75
6.32
6.77
7.01
7.04
6.90
6.68
6.43
6.14
5.74
5.23
4.64
4.09
3.68
3.45
3.35
3.26
3.04
2.61
1.99
1.26
0.52
-0.12
-0.61
-0.96
-1.25
-1.60
-2.11
-2.80
-3.60
-4.35
-4.93
-5.31
-5.55
-5.82
-6.27
-6.99
-7.89
-8.79
-9.41
-9.53
-8.99
-7.82
-6.15
-4.19
-2.16
-0.24
1.47
2.92
4.10
4.99
5.63
6.05
6.34
6.57
6.79
6.98
7.02
6.85
6.39
5.72
4.96
4.28
3.82
3.59
3.53
3.49
3.39
3.20
2.95
2.69
2.41
2.07
1.59
0.92
0.09
-0.79
-1.61
-2.28
-2.78
-3.14
-3.45
-3.80
-4.26
-4.85
-5.57
-6.37
-7.22
-8.07
-8.89
-9.58
-9.97
-9.87
-9.08
-7.55
-5.41
-2.97
-0.65
1.22
2.50
3.24
3.70
4.12
4.70
5.49
6.42
7.34
8.10
8.55
8.60
8.22
7.50
6.57
5.62
4.83
4.34
4.16
4.18
4.27
4.25
4.01
3.52
2.84
2.08
1.35
0.73
0.24
-0.17
-0.59
-1.10
-1.75
-2.51
-3.31
-4.04
-4.63
-5.05
-5.33
-5.57
-5.88
-6.39
-7.14
-8.12
-9.19
-10.14
-10.70
-10.62
-9.79
-8.24
-6.15
-3.84
-1.59
0.36
1.95
3.19
4.21
5.11
5.92
6.64
7.22
7.65
7.93
8.10
8.14
8.02
7.71
7.20
6.57
5.92
5.37
4.96
4.68
4.44
4.15
3.79
3.36
2.88
2.38
1.82
1.22
0.59
-0.03
-0.57
-1.03
-1.42
-1.81
-2.24
-2.74
-3.26
-3.76
-4.21
-4.61
-5.06
-5.61
-6.31
-7.13
-8.00
-8.83
-9.52
-10.00
-10.14
-9.84
-8.99
-7.55
-5.61
-3.38
-1.13
0.87
2.46
3.64
4.54
5.32
6.11
6.91
7.67
8.27
8.64
8.76
8.66
8.42
8.06
7.60
7.01
6.28
5.47
4.71
4.15
3.89
3.90
4.02
4.01
3.68
2.97
1.97
0.86
-0.14
-0.89
-1.38
-1.70
-1.97
-2.32
-2.79
-3.37
-4.01
-4.65
-5.29
-5.91
-6.54
-7.16
-7.76
-8.32
-8.86
-9.39
-9.88
-10.24
-10.31
-9.90
-8.86
-7.18
-5.01
-2.60
-0.23
1.86
3.53
4.77
5.60
6.07
6.28
6.32
6.27
6.23
6.23
6.25
6.22
6.06
5.70
5.14
4.47
3.79
3.18
2.71
2.38
2.17
2.05
1.97
1.86
1.62
1.20
0.63
-0.01
-0.60
-1.04
-1.34
-1.59
-1.87
-2.21
-2.58
-2.93
-3.24
-3.58
-4.05
-4.74
-5.65
-6.69
-7.69
-8.50
-8.94
-8.88
-8.23
-6.96
-5.17
-3.02
-0.80
1.25
2.95
4.22
5.11
5.70
6.07
6.27
6.32
6.24
6.07
5.88
5.74
5.66
5.61
5.54
5.34
4.97
4.43
3.80
3.17
2.66
2.31
2.10
1.97
1.83
1.56
1.12
0.48
-0.31
-1.18
-2.03
-2.77
-3.34
-3.73
-3.96
-4.08
-4.18
-4.31
-4.53
-4.86
-5.32
-5.97
-6.83
-7.88
-8.97
-9.84
-10.18
-9.76
-8.51
-6.59
-4.33
-2.08
-0.09
1.51
2.74
3.67
4.42
5.06
5.68
6.30
6.91
7.46
7.82
7.91
7.69
7.23
6.65
6.10
5.63
5.22
4.80
4.32
3.80
3.32
2.96
2.72
2.49
2.14
1.54
0.69
-0.31
-1.26
-2.04
-2.65
-3.17
-3.72
-4.36
-5.04
-5.62
-5.97
-6.07
-6.03
-6.05
-6.33
-6.96
-7.91
-9.02
-10.08
-10.84
-11.08
-10.61
-9.35
-7.34
-4.77
-1.99
0.62
2.75
4.26
5.23
5.86
6.37
6.88
7.42
7.89
8.20
8.29
8.15
7.80
7.28
6.64
5.93
5.22
4.60
4.15
3.90
3.84
3.87
3.87
3.72
3.32
2.66
1.81
0.89
0.05
-0.62
-1.11
-1.49
-1.87
-2.35
-2.95
-3.64
-4.36
-5.04
-5.66
-6.21
-6.67
-7.02
-7.26
-7.45
-7.74
-8.23
-8.96
-9.78
-10.39
-10.47
-9.73
-8.11
-5.75
-2.96
-0.09
2.53
4.70
6.32
7.39
7.96
8.16
8.12
7.99
7.89
7.91
8.03
8.18
8.20
7.95
7.38
6.51
5.51
4.57
3.83
3.38
3.16
3.04
2.87
2.52
1.97
1.24
0.45
-0.32
-0.98
-1.50
-1.87
-2.15
-2.40
-2.71
-3.15
-3.71
-4.34
-4.93
-5.39
-5.67
-5.84
-6.01
-6.32
-6.88
-7.69
-8.61
-9.44
-9.93
-9.88
-9.17
-7.81
-5.95
-3.80
-1.59
0.44
2.14
3.45
4.38
4.97
5.34
5.60
5.85
6.16
6.54
6.93
7.23
7.34
7.19
6.76
6.09
5.27
4.41
3.63
3.02
2.64
2.48
2.46
2.48
2.45
2.29
2.01
1.64
1.23
0.76
0.21
-0.46
-1.24
-2.07
-2.88
-3.59
-4.19
-4.72
-5.21
-5.70
-6.18
-6.66
-7.17
-7.74
-8.40
-9.05
-9.50
-9.49
-8.80
-7.35
-5.25
-2.80
-0.34
1.85
3.63
4.98
5.93
6.55
6.89
7.00
6.95
6.83
6.70
6.58
6.46
6.28
6.01
5.68
5.31
4.93
4.55
4.14
3.65
3.07
2.42
1.73
1.09
0.55
0.13
-0.18
-0.44
-0.74
-1.14
-1.70
-2.41
-3.19
-3.97
-4.69
-5.34
-5.90
-6.38
-6.72
-6.94
-7.09
-7.32
-7.75
-8.45
-9.28
-9.96
-10.11
-9.45
-7.91
-5.67
-3.05
-0.42
1.93
3.87
5.35
6.39
7.05
7.39
7.55
7.65
7.83
8.16
8.63
9.11
9.44
9.46
9.09
8.37
7.39
6.33
5.35
4.59
4.09
3.80
3.58
3.24
2.69
1.90
0.99
0.10
-0.65
-1.24
-1.70
-2.10
-2.49
-2.88
-3.24
-3.56
-3.86
-4.20
-4.62
-5.14
-5.71
-6.27
-6.76
-7.20
-7.70
-8.34
-9.14
-9.97
-10.49
-10.31
-9.16
-6.98
-4.06
-0.92
1.93
4.14
5.64
6.56
7.17
7.64
8.04
8.38
8.64
8.82
8.92
8.91
8.71
8.22
7.41
6.33
5.16
4.08
3.26
2.74
2.48
2.34
2.22
2.01
1.67
1.16
0.53
-0.18
-0.88
-1.47
-1.90
-2.19
-2.43
-2.72
-3.17
-3.78
-4.47
-5.13
-5.63
-5.95
-6.12
-6.25
-6.45
-6.81
-7.36
-8.04
-8.74
-9.29
-9.46
-9.06
-7.97
-6.21
-3.96
-1.49
0.87
2.87
4.38
5.39
5.97
6.24
6.29
6.18
5.94
5.63
5.33
5.06
4.84
4.61
4.32
3.94
3.53
3.21
3.05
3.07
3.15
3.14
2.89
2.35
1.61
0.79
0.04
-0.60
-1.15
-1.68
-2.21
-2.75
-3.29
-3.78
-4.20
-4.56
-4.84
-5.08
-5.30
-5.59
-6.02
-6.62
-7.30
-7.85
-7.99
-7.46
-6.15
-4.14
-1.72
0.73
2.86
4.47
5.54
6.16
6.48
6.64
6.70
6.68
6.60
6.47
6.33
6.18
6.00
5.77
5.44
5.00
4.51
4.06
3.72
3.52
3.42
3.29
3.04
2.57
1.89
1.08
0.23
-0.53
-1.16
-1.70
-2.18
-2.68
-3.21
-3.77
-4.31
-4.79
-5.20
-5.55
-5.88
-6.24
-6.68
-7.26
-8.01
-8.94
-9.95
-10.84
-11.30
-11.03
-9.85
-7.78
-5.07
-2.14
0.58
2.76
4.27
5.17
5.63
5.86
6.02
6.23
6.51
6.84
7.19
7.48
7.66
7.68
7.50
7.11
6.51
5.77
4.98
4.24
3.64
3.24
2.98
2.76
2.45
1.94
1.24
0.42
-0.39
-1.10
-1.68
-2.19
-2.67
-3.17
-3.66
-4.09
-4.42
-4.65
-4.86
-5.15
-5.61
-6.30
-7.18
-8.17
-9.16
-10.02
-10.63
-10.85
-10.52
-9.54
-7.89
-5.65
-3.03
-0.35
2.13
4.18
5.73
6.79
7.48
7.95
8.31
8.62
8.87
8.99
8.89
8.51
7.85
6.99
6.07
5.21
4.48
3.87
3.32
2.77
2.24
1.76
1.41
1.20
1.06
0.85
0.46
-0.14
-0.89
-1.69
-2.42
-3.02
-3.49
-3.82
-4.05
-4.20
-4.33
-4.51
-4.84
-5.37
-6.11
-7.02
-8.03
-9.06
-10.02
-10.77
-11.09
-10.80
-9.75
-7.96
-5.63
-3.07
-0.59
1.56
3.25
4.50
5.37
5.95
6.33
6.54
6.62
6.58
6.46
6.29
6.12
5.96
5.80
5.60
5.30
4.86
4.32
3.76
3.30
3.02
2.88
2.75
2.46
1.90
1.06
0.06
-0.93
-1.72
-2.26
-2.55
-2.69
-2.80
-3.01
-3.42
-4.10
-5.01
-6.06
-7.02
-7.64
-7.69
-7.05
-5.73
-3.92
-1.84
0.21
2.03
3.48
4.51
5.17
5.59
5.90
6.22
6.60
7.00
7.32
7.45
7.32
6.95
6.43
5.86
5.31
4.81
4.35
3.94
3.61
3.37
3.20
3.04
2.80
2.40
1.84
1.15
0.43
-0.26
-0.90
-1.49
-2.06
-2.61
-3.15
-3.66
-4.15
-4.61
-5.01
-5.36
-5.63
-5.87
-6.09
-6.34
-6.64
-6.99
-7.41
-7.96
-8.68
-9.57
-10.52
-11.32
-11.68
-11.31
-10.07
-7.99
-5.31
-2.36
0.49
2.98
4.97
6.47
7.56
8.33
8.88
9.26
9.53
9.69
9.74
9.65
9.34
8.78
8.02
7.17
6.42
5.85
5.48
5.20
4.90
4.48
3.93
3.31
2.70
2.16
1.71
1.34
1.00
0.61
0.09
-0.65
-1.62
-2.76
-3.94
-4.98
-5.79
-6.35
-6.73
-7.05
-7.36
-7.69
-8.02
-8.38
-8.80
-9.30
-9.82
-10.14
-10.01
-9.18
-7.57
-5.29
-2.63
0.04
2.44
4.37
5.78
6.71
7.25
7.55
7.72
7.87
8.03
8.16
8.20
8.09
7.79
7.36
6.85
6.35
5.91
5.53
5.19
4.83
4.42
3.94
3.36
2.68
1.87
0.96
0.03
-0.85
-1.56
-2.10
-2.52
-2.94
-3.44
-4.05
-4.71
-5.30
-5.76
-6.10
-6.40
-6.74
-7.18
-7.70
-8.27
-8.90
-9.59
-10.30
-10.91
-11.20
-10.92
-9.88
-8.05
-5.59
-2.78
0.04
2.58
4.68
6.29
7.46
8.34
9.01
9.51
9.84
9.95
9.82
9.43
8.83
8.06
7.18
6.24
5.35
4.61
4.12
3.88
3.80
3.69
3.41
2.89
2.23
1.59
1.11
0.79
0.53
0.18
-0.36
-1.07
-1.85
-2.57
-3.13
-3.52
-3.79
-4.06
-4.42
-4.95
-5.71
-6.69
-7.84
-9.01
-9.96
-10.42
-10.17
-9.09
-7.24
-4.87
-2.35
-0.06
1.73
2.92
3.56
3.82
3.90
3.91
3.93
4.01
4.16
4.38
4.62
4.78
4.77
4.52
4.05
3.45
2.87
2.41
2.09
1.89
1.72
1.51
1.22
0.87
0.51
0.14
-0.25
-0.70
-1.26
-1.94
-2.68
-3.41
-4.02
-4.46
-4.77
-5.02
-5.34
-5.82
-6.45
-7.15
-7.76
-8.10
-8.04
-7.52
-6.53
-5.09
-3.32
-1.31
0.78
2.80
4.59
6.02
6.99
7.50
7.67
7.63
7.55
7.51
7.51
7.46
7.28
6.95
6.51
6.06
5.65
5.27
4.87
4.41
3.91
3.45
3.12
2.94
2.81
2.58
2.13
1.42
0.50
-0.47
-1.33
-2.02
-2.54
-2.94
-3.30
-3.66
-4.03
-4.43
-4.85
-5.33
-5.88
-6.51
-7.16
-7.80
-8.41
-9.03
-9.67
-10.30
-10.77
-10.83
-10.24
-8.87
-6.78
-4.24
-1.60
0.78
2.70
4.09
5.04
5.69
6.15
6.49
6.71
6.84
6.92
7.02
7.20
7.41
7.52
7.36
6.80
5.88
4.79
3.82
3.16
2.84
2.73
2.58
2.23
1.67
0.97
0.27
-0.36
-0.92
-1.47
-2.04
-2.64
-3.23
-3.81
-4.40
-5.02
-5.67
-6.31
-6.87
-7.34
-7.75
-8.18
-8.74
-9.41
-10.12
-10.65
-10.80
-10.34
-9.17
-7.31
-4.95
-2.37
0.09
2.14
3.68
4.73
5.43
5.93
6.29
6.48
6.48
6.28
5.92
5.45
4.91
4.26
3.47
2.59
1.71
1.01
0.59
0.49
0.60
0.78
0.89
0.90
0.86
0.82
0.85
0.92
0.99
1.00
0.92
0.75
0.52
0.24
-0.12
-0.61
-1.23
-1.91
-2.53
-2.95
-3.14
-3.21
-3.42
-3.97
-4.92
-6.07
-7.06
-7.50
-7.14
-5.98
-4.23
-2.17
-0.08
1.86
3.53
4.87
5.83
6.43
6.70
6.73
6.58
6.29
5.93
5.51
5.08
4.67
4.28
3.88
3.40
2.83
2.20
1.61
1.15
0.86
0.72
0.67
0.63
0.52
0.33
0.05
-0.33
-0.78
-1.30
-1.85
-2.40
-2.88
-3.27
-3.51
-3.63
-3.66
-3.68
-3.77
-4.02
-4.46
-5.02
-5.53
-5.74
-5.41
-4.42
-2.82
-0.83
1.23
3.09
4.58
5.69
6.51
7.17
7.71
8.07
8.15
7.87
7.27
6.47
5.68
5.09
4.78
4.70
4.71
4.64
4.38
3.92
3.33
2.72
2.17
1.70
1.26
0.79
0.24
-0.36
-0.95
-1.42
-1.70
-1.85
-2.00
-2.32
-2.90
-3.71
-4.58
-5.31
-5.79
-6.08
-6.41
-6.98
-7.86
-8.82
-9.44
-9.31
-8.23
-6.30
-3.87
-1.37
0.89
2.82
4.47
5.91
7.12
7.99
8.44
8.46
8.22
7.92
7.73
7.69
7.67
7.53
7.15
6.51
5.71
4.88
4.11
3.44
2.85
2.31
1.83
1.45
1.20
1.04
0.88
0.60
0.17
-0.37
-0.88
-1.23
-1.39
-1.43
-1.51
-1.79
-2.34
-3.09
-3.91
-4.67
-5.27
-5.69
-5.95
-6.12
-6.27
-6.51
-6.93
-7.57
-8.41
-9.31
-10.02
-10.27
-9.85
-8.67
-6.80
-4.44
-1.84
0.71
3.00
4.88
6.29
7.18
7.60
7.63
7.43
7.17
7.04
7.08
7.27
7.42
7.36
6.95
6.20
5.21
4.20
3.37
2.84
2.60
2.54
2.50
2.32
1.91
1.27
0.45
-0.48
-1.45
-2.41
-3.34
-4.20
-4.89
-5.37
-5.62
-5.69
-5.71
-5.81
-6.10
-6.60
-7.26
-8.01
-8.72
-9.26
-9.54
-9.42
-8.82
-7.65
-5.91
-3.73
-1.33
0.99
2.92
4.28
5.01
5.22
5.16
5.06
5.08
5.22
5.35
5.29
4.94
4.32
3.58
2.91
2.46
2.24
2.18
2.14
2.01
1.77
1.47
1.18
0.91
0.64
0.31
-0.12
-0.67
-1.33
-2.04
-2.75
-3.43
-4.03
-4.51
-4.82
-4.98
-5.02
-5.05
-5.19
-5.53
-6.11
-6.82
-7.46
-7.76
-7.45
-6.38
-4.60
-2.38
-0.12
1.81
3.20
4.03
4.52
4.89
5.31
5.80
6.21
6.40
6.26
5.86
5.34
4.90
4.63
4.50
4.44
4.34
4.13
3.85
3.56
3.30
3.05
2.75
2.33
1.74
1.03
0.24
-0.56
-1.37
-2.21
-3.09
-3.97
-4.78
-5.40
-5.80
-6.00
-6.12
-6.34
-6.81
-7.58
-8.56
-9.53
-10.25
-10.48
-10.09
-9.04
-7.44
-5.43
-3.19
-0.92
1.20
2.99
4.30
5.09
5.46
5.63
5.85
6.28
6.94
7.67
8.25
8.48
8.29
7.71
6.87
5.90
4.96
4.17
3.67
3.49
3.59
3.83
3.96
3.81
3.32
2.59
1.79
1.12
0.69
0.45
0.24
-0.13
-0.77
-1.68
-2.74
-3.76
-4.58
-5.14
-5.47
-5.67
-5.88
-6.16
-6.58
-7.14
-7.89
-8.81
-9.90
-11.02
-11.96
-12.46
-12.27
-11.26
-9.46
-7.03
-4.26
-1.44
1.11
3.17
4.62
5.44
5.80
5.93
6.09
6.45
7.03
7.71
8.29
8.61
8.59
8.28
7.78
7.18
6.53
5.85
5.15
4.49
3.92
3.51
3.23
3.01
2.72
2.25
1.56
0.65
-0.39
-1.50
-2.57
-3.54
-4.34
-4.95
-5.36
-5.66
-5.98
-6.51
-7.36
-8.50
-9.74
-10.73
-11.13
-10.66
-9.29
-7.19
-4.69
-2.13
0.20
2.16
3.71
4.87
5.71
6.30
6.71
7.08
7.49
7.96
8.40
8.66
8.59
8.15
7.43
6.59
5.83
5.24
4.85
4.61
4.43
4.26
4.07
3.85
3.60
3.28
2.86
2.33
1.70
1.02
0.33
-0.32
-0.91
-1.47
-2.03
-2.65
-3.31
-3.99
-4.61
-5.14
-5.56
-5.92
-6.30
-6.80
-7.48
-8.38
-9.42
-10.46
-11.26
-11.56
-11.12
-9.85
-7.83
-5.31
-2.63
-0.10
2.06
3.74
4.96
5.79
6.32
6.67
6.91
7.08
7.15
7.07
6.80
6.36
5.84
5.35
4.98
4.73
4.53
4.26
3.90
3.48
3.08
2.76
2.51
2.23
1.84
1.30
0.68
0.07
-0.47
-0.95
-1.45
-2.07
-2.84
-3.73
-4.66
-5.56
-6.35
-6.98
-7.37
-7.38
-6.92
-5.92
-4.43
-2.63
-0.72
1.07
2.59
3.79
4.69
5.35
5.82
6.17
6.41
6.55
6.57
6.45
6.19
5.78
5.26
4.67
4.06
3.49
3.00
2.62
2.31
2.05
1.76
1.43
1.06
0.69
0.34
-0.01
-0.44
-1.03
-1.82
-2.74
-3.64
-4.38
-4.85
-5.07
-5.16
-5.26
-5.53
-6.02
-6.72
-7.51
-8.23
-8.62
-8.48
-7.66
-6.18
-4.20
-1.99
0.16
2.03
3.52
4.61
5.36
5.86
6.19
6.44
6.65
6.84
7.00
7.10
7.09
6.98
6.80
6.54
6.18
5.67
4.98
4.16
3.31
2.58
2.06
1.76
1.59
1.42
1.15
0.79
0.35
-0.09
-0.50
-0.89
-1.30
-1.73
-2.17
-2.60
-3.00
-3.37
-3.75
-4.15
-4.58
-5.01
-5.43
-5.82
-6.20
-6.60
-7.06
-7.60
-8.23
-8.88
-9.47
-9.81
-9.69
-8.92
-7.44
-5.34
-2.92
-0.52
1.54
3.09
4.13
4.80
5.23
5.55
5.86
6.18
6.56
7.00
7.45
7.79
7.87
7.60
6.96
6.06
5.09
4.24
3.62
3.25
3.07
3.00
2.93
2.75
2.37
1.74
0.87
-0.16
-1.20
-2.10
-2.77
-3.22
-3.53
-3.82
-4.18
-4.65
-5.21
-5.86
-6.59
-7.37
-8.14
-8.76
-9.02
-8.74
-7.83
-6.36
-4.54
-2.61
-0.81
0.75
2.00
2.97
3.67
4.14
4.45
4.70
4.98
5.34
5.72
6.01
6.06
5.78
5.19
4.39
3.56
2.82
2.24
1.82
1.52
1.29
1.12
1.01
0.91
0.74
0.40
-0.17
-0.98
-1.95
-2.93
-3.82
-4.55
-5.08
-5.42
-5.60
-5.65
-5.65
-5.73
-6.01
-6.56
-7.36
-8.27
-9.10
-9.64
-9.74
-9.28
-8.19
-6.49
-4.26
-1.74
0.72
2.75
4.11
4.75
4.86
4.74
4.67
4.79
5.09
5.44
5.70
5.79
5.64
5.25
4.64
3.88
3.12
2.53
2.25
2.33
2.72
3.23
3.67
3.92
3.88
3.56
3.00
2.21
1.26
0.19
-0.88
-1.85
-2.60
-3.11
-3.44
-3.72
-4.08
-4.62
-5.36
-6.22
-7.03
-7.62
-7.84
-7.56
-6.74
-5.42
-3.69
-1.73
0.26
2.05
3.51
4.59
5.36
5.92
6.43
6.95
7.46
7.88
8.08
7.95
7.44
6.59
5.54
4.44
3.48
2.79
2.43
2.40
2.58
2.82
2.98
2.93
2.63
2.10
1.41
0.65
-0.07
-0.70
-1.23
-1.70
-2.18
-2.67
-3.18
-3.62
-3.95
-4.15
-4.28
-4.45
-4.78
-5.34
-6.10
-6.94
-7.64
-7.98
-7.77
-6.92
-5.45
-3.51
-1.33
0.78
2.56
3.84
4.62
5.08
5.48
6.00
6.68
7.36
7.82
7.89
7.56
7.00
6.43
5.99
5.68
5.39
5.01
4.51
4.00
3.60
3.39
3.34
3.33
3.25
3.03
2.68
2.25
1.78
1.26
0.68
0.09
-0.47
-0.93
-1.29
-1.59
-1.93
-2.37
-2.90
-3.44
-3.86
-4.11
-4.20
-4.24
-4.34
-4.59
-5.02
-5.63
-6.38
-7.21
-7.99
-8.55
-8.69
-8.26
-7.23
-5.68
-3.81
-1.86
-0.04
1.46
2.56
3.22
3.52
3.61
3.71
3.96
4.40
4.89
5.22
5.22
4.85
4.24
3.61
3.10
2.77
2.55
2.34
2.10
1.90
1.80
1.82
1.85
1.72
1.29
0.55
-0.38
-1.29
-2.02
-2.49
-2.75
-2.94
-3.15
-3.44
-3.75
-4.02
-4.22
-4.39
-4.66
-5.15
-5.88
-6.77
-7.57
-8.01
-7.87
-7.10
-5.81
-4.20
-2.52
-0.94
0.43
1.55
2.41
2.99
3.36
3.55
3.66
3.72
3.73
3.64
3.45
3.15
2.83
2.52
2.26
2.03
1.78
1.51
1.24
1.04
0.94
0.93
0.91
0.79
0.50
0.09
-0.40
-0.88
-1.33
-1.74
-2.13
-2.51
-2.87
-3.18
-3.46
-3.76
-4.14
-4.68
-5.39
-6.24
-7.09
-7.78
-8.15
-8.09
-7.55
-6.57
-5.25
-3.70
-2.03
-0.41
1.02
2.14
2.89
3.32
3.57
3.83
4.22
4.73
5.23
5.52
5.46
5.04
4.36
3.63
3.05
2.73
2.69
2.86
3.10
3.31
3.36
3.18
2.78
2.17
1.45
0.67
-0.07
-0.69
-1.18
-1.51
-1.73
-1.90
-2.10
-2.40
-2.81
-3.32
-3.88
-4.51
-5.23
-6.09
-7.08
-8.09
-8.90
-9.23
-8.87
-7.69
-5.81
-3.49
-1.10
1.01
2.58
3.56
4.07
4.38
4.77
5.40
6.28
7.22
7.97
8.32
8.17
7.58
6.71
5.76
4.92
4.31
3.98
3.92
4.07
4.32
4.54
4.61
4.47
4.10
3.53
2.78
1.88
0.86
-0.18
-1.14
-1.92
-2.47
-2.86
-3.21
-3.62
-4.12
-4.61
-4.99
-5.17
-5.19
-5.12
-5.11
-5.23
-5.50
-5.88
-6.39
-7.09
-8.01
-9.12
-10.21
-10.97
-11.03
-10.17
-8.41
-6.00
-3.34
-0.85
1.20
2.69
3.65
4.21
4.54
4.83
5.23
5.80
6.49
7.18
7.68
7.87
7.71
7.28
6.69
6.07
5.52
5.08
4.77
4.63
4.64
4.75
4.87
4.86
4.61
4.07
3.28
2.36
1.46
0.73
0.25
-0.03
-0.19
-0.37
-0.66
-1.10
-1.67
-2.27
-2.85
-3.40
-3.93
-4.46
-5.02
-5.67
-6.41
-7.28
-8.21
-9.05
-9.53
-9.36
-8.35
-6.44
-3.86
-1.00
1.69
3.82
5.21
5.91
6.13
6.13
6.17
6.36
6.72
7.18
7.60
7.85
7.83
7.49
6.84
5.96
5.02
4.16
3.56
3.26
3.23
3.33
3.42
3.38
3.16
2.75
2.19
1.51
0.71
-0.16
-1.01
-1.76
-2.33
-2.73
-3.03
-3.37
-3.83
-4.41
-5.02
-5.55
-5.93
-6.22
-6.55
-7.07
-7.80
-8.59
-9.14
-9.12
-8.29
-6.67
-4.48
-2.12
0.03
1.71
2.86
3.60
4.13
4.60
5.06
5.50
5.85
6.08
6.19
6.19
6.07
5.80
5.35
4.76
4.14
3.65
3.37
3.31
3.37
3.39
3.24
2.90
2.44
1.94
1.50
1.12
0.76
0.37
-0.12
-0.68
-1.30
-1.92
-2.49
-2.98
-3.36
-3.65
-3.84
-3.96
-4.08
-4.31
-4.76
-5.51
-6.47
-7.42
-8.03
-8.00
-7.20
-5.67
-3.70
-1.62
0.26
1.77
2.87
3.62
4.09
4.39
4.57
4.70
4.81
4.91
4.98
4.98
4.90
4.73
4.48
4.19
3.84
3.45
3.00
2.52
2.05
1.68
1.47
1.48
1.67
1.94
2.12
2.06
1.62
0.80
-0.25
-1.35
-2.28
-2.90
-3.20
-3.26
-3.19
-3.12
-3.11
-3.22
-3.50
-4.02
-4.84
-5.92
-7.12
-8.17
-8.76
-8.61
-7.61
-5.84
-3.56
-1.16
0.99
2.66
3.75
4.32
4.55
4.61
4.64
4.73
4.87
5.01
5.11
5.15
5.15
5.13
5.09
4.97
4.71
4.27
3.66
3.00
2.45
2.13
2.07
2.16
2.24
2.17
1.90
1.51
1.07
0.68
0.32
-0.04
-0.45
-0.90
-1.32
-1.65
-1.88
-2.04
-2.25
-2.59
-3.09
-3.68
-4.21
-4.55
-4.64
-4.53
-4.37
-4.38
-4.70
-5.36
-6.24
-7.12
-7.67
-7.60
-6.75
-5.14
-2.97
-0.58
1.67
3.53
4.93
5.94
6.69
7.27
7.71
8.00
8.08
7.88
7.33
6.34
4.85
2.93
0.86
-0.92
-1.87
-1.64
-0.15
2.29
5.16
7.89
10.07
11.50
12.22
12.32
11.94
11.17
10.08
8.80
7.46
6.18
5.00
3.85
2.57
0.98
-1.00
-3.31
-5.72
-7.94
-9.67
-10.71
-11.05
-10.83
-10.33
-9.86
-9.69
-9.97
-10.64
-11.49
-12.18
-12.34
-11.73
-10.29
-8.17
-5.64
-3.03
-0.59
1.52
3.26
4.64
5.68
6.41
6.93
7.36
7.83
8.39
8.94
9.28
9.16
8.45
7.21
5.69
4.22
3.02
2.18
1.56
0.96
0.22
-0.68
-1.66
-2.58
-3.31
-3.81
-4.11
-4.23
-4.23
-4.13
-3.96
-3.73
-3.39
-2.83
-1.90
-0.47
1.55
4.11
7.01
9.91
12.39
14.09
14.80
14.59
13.79
12.91
12.43
12.55
13.18
13.94
14.45
14.46
13.99
13.22
12.39
11.63
10.96
10.31
9.61
8.78
7.83
6.80
5.83
5.08
4.70
4.73
4.99
5.15
4.81
3.72
1.81
-0.73
-3.62
-6.56
-9.34
-11.80
-13.79
-15.21
-16.02
-16.35
-16.44
-16.63
-17.16
-18.10
-19.29
-20.45
-21.29
-21.66
-21.63
-21.42
-21.30
-21.45
-21.81
-22.07
-21.70
-20.13
-16.92
-12.00
-5.76
0.97
7.11
11.65
14.01
14.15
12.60
10.23
7.90
6.32
5.77
6.23
7.38
8.82
10.11
10.85
10.79
9.78
7.87
5.33
2.56
0.04
-1.82
-2.79
-2.88
-2.33
-1.56
-1.04
-1.24
-2.42
-4.71
-8.01
-12.04
-16.39
-20.58
-24.14
-26.75
-28.28
-28.82
-28.66
-28.16
-27.70
-27.53
-27.80
-28.53
-29.68
-31.06
-32.41
-33.31
-33.31
-32.07
-29.49
-25.82
-21.55
-17.28
-13.44
-10.17
-7.25
-4.24
-0.65
3.82
9.18
15.15
21.25
26.94
31.75
35.39
37.73
38.75
38.56
37.28
35.09
32.20
28.82
25.19
21.52
17.96
14.61
11.49
8.58
5.90
3.44
1.26
-0.62
-2.22
-3.62
-4.96
-6.31
-7.66
-8.91
-9.92
-10.64
-11.13
-11.60
-12.26
-13.25
-14.50
-15.81
-16.94
-17.70
-18.12
-18.40
-18.84
-19.70
-21.10
-22.88
-24.74
-26.22
-26.89
-26.42
-24.68
-21.75
-17.86
-13.38
-8.67
-3.96
0.65
5.17
9.66
14.11
18.40
22.37
25.90
28.96
31.60
33.91
35.97
37.75
39.21
40.28
40.92
41.13
40.91
40.31
39.35
38.08
36.57
34.85
32.91
30.74
28.32
25.72
23.08
20.53
18.18
16.00
13.87
11.58
8.95
5.86
2.28
-1.74
-6.05
-10.45
-14.68
-18.50
-21.78
-24.58
-27.10
-29.65
-32.44
-35.46
-38.41
-40.81
-42.19
-42.24
-40.96
-38.59
-35.53
-32.18
-28.84
-25.70
-22.78
-20.01
-17.30
-14.55
-11.74
-8.93
-6.22
-3.73
-1.50
0.46
2.24
3.93
5.53
6.98
8.19
9.08
9.63
9.91
10.00
10.02
10.05
10.15
10.33
10.57
10.80
10.98
11.06
11.05
10.95
10.79
10.60
10.33
9.91
9.21
8.13
6.57
4.49
1.92
-0.93
-3.75
-6.17
-7.85
-8.55
-8.14
-6.65
-4.24
-1.19
2.25
5.81
9.18
12.16
14.66
16.71
18.49
20.14
21.74
23.38
25.07
26.57
27.60
27.84
27.07
25.15
22.09
17.99
13.27
8.44
3.86
-0.33
-4.23
-8.18
-12.22
-16.06
-20.30
-25.06
-29.53
-32.98
-34.89
-35.11
-33.84
-31.55
-28.85
-26.32
-24.27
-22.88
-22.35
-22.74
-23.97
-25.72
-27.53
-28.82
-29.09
-27.84
-24.82
-20.15
-14.20
-7.54
-0.77
5.60
11.26
16.08
20.27
24.09
27.75
31.30
34.64
37.60
40.01
41.78
42.94
43.67
44.12
44.36
44.32
43.84
42.76
40.95
38.48
35.55
32.44
29.41
26.55
23.85
21.16
18.34
15.28
11.96
8.45
4.87
1.39
-1.84
-4.67
-7.08
-9.17
-11.13
-13.16
-15.39
-17.84
-20.43
-23.00
-25.41
-27.59
-29.53
-31.28
-32.93
-34.54
-36.10
-37.45
-38.31
-38.29
-36.99
-34.19
-29.85
-24.20
-17.64
-10.64
-3.59
3.22
9.60
15.44
20.63
25.04
28.51
30.85
31.93
31.71
30.31
28.02
25.24
22.37
19.69
17.32
15.26
13.44
11.80
10.35
9.11
8.07
7.15
6.24
5.25
4.14
2.95
1.76
0.66
-0.35
-1.33
-2.40
-3.68
-5.26
-7.15
-9.28
-11.50
-13.67
-15.66
-17.35
-18.66
-19.47
-19.63
-18.99
-17.49
-15.15
-12.17
-8.86
-5.60
-2.72
-0.51
0.86
1.28
0.75
-0.72
-3.03
-5.96
-9.18
-12.32
-15.07
-17.29
-19.09
-20.77
-22.64
-24.82
-27.15
-29.20
-30.49
-30.68
-29.72
-27.87
-25.46
-22.79
-20.02
-17.18
-14.26
-11.29
-8.41
-5.76
-3.46
-1.55
-0.05
1.09
1.92
2.49
2.86
3.07
3.13
2.97
2.49
1.55
0.08
-1.84
-4.02
-6.14
-7.84
-8.81
-8.84
-7.87
-6.03
-3.65
-1.22
0.76
1.86
1.88
0.91
-0.75
-2.66
-4.38
-5.57
-6.02
-5.63
-4.38
-2.38
0.17
2.95
5.59
7.77
9.28
10.12
10.43
10.43
10.33
10.27
10.26
10.22
9.90
9.03
7.36
4.80
1.47
-2.25
-5.91
-9.04
-11.35
-12.70
-13.14
-12.77
-11.76
-10.27
-8.45
-6.42
-4.22
-1.88
0.58
3.11
5.54
7.72
9.58
11.18
12.74
14.54
16.79
19.55
22.67
25.84
28.69
30.80
31.90
31.85
30.74
28.83
26.50
24.13
22.00
20.31
19.15
18.53
18.46
18.96
19.92
21.17
22.32
22.92
22.44
20.40
16.52
10.72
3.26
-5.30
-14.13
-22.27
-28.87
-33.38
-35.70
-36.12
-35.20
-33.55
-31.62
-29.67
-27.87
-26.27
-24.91
-23.66
-22.29
-20.44
-17.86
-14.52
-10.67
-6.78
-3.25
-0.27
2.23
4.49
6.74
9.14
11.68
14.28
16.83
19.17
21.13
22.52
23.22
23.21
22.61
21.67
20.64
19.67
18.79
17.88
16.81
15.48
13.93
12.30
10.80
9.63
8.83
8.29
7.82
7.20
6.33
5.23
4.04
2.92
2.04
1.52
1.54
2.24
3.73
5.95
8.62
11.27
13.36
14.46
14.41
13.30
11.45
9.25
7.13
5.48
4.56
4.51
5.32
6.76
8.51
10.21
11.58
12.52
13.06
13.32
13.45
13.55
13.69
13.90
14.20
14.50
14.67
14.48
13.76
12.40
10.46
8.10
5.60
3.21
1.12
-0.56
-1.81
-2.66
-3.22
-3.61
-3.95
-4.33
-4.82
-5.44
-6.18
-7.00
-7.82
-8.54
-9.06
-9.34
-9.41
-9.37
-9.40
-9.63
-10.18
-11.07
-12.25
-13.55
-14.73
-15.50
-15.60
-14.88
-13.36
-11.22
-8.70
-6.05
-3.45
-1.00
1.23
3.20
4.90
6.31
7.52
8.60
9.63
10.66
11.61
12.38
12.88
13.10
13.14
13.18
13.40
13.88
14.59
15.38
16.06
16.53
16.75
16.78
16.71
16.53
16.15
15.40
14.14
12.28
9.91
7.19
4.36
1.63
-0.89
-3.17
-5.23
-7.18
-9.11
-11.16
-13.42
-15.91
-18.49
-20.89
-22.75
-23.70
-23.54
-22.25
-20.05
-17.27
-14.32
-11.55
-9.27
-7.70
-6.98
-7.16
-8.14
-9.74
-11.70
-13.69
-15.39
-16.55
-17.10
-17.11
-16.86
-16.63
-16.67
-17.00
-17.47
-17.80
-17.82
-17.50
-17.03
-16.75
-16.94
-17.76
-19.15
-20.90
-22.80
-24.70
-26.55
-28.39
-30.22
-31.97
-33.46
-34.50
-34.96
-34.87
-34.34
-33.50
-32.37
-30.85
-28.76
-26.00
-22.58
-18.72
-14.71
-10.82
-7.22
-3.92
-0.85
2.08
4.87
7.42
9.53
10.97
11.56
11.27
10.24
8.76
7.21
5.94
5.17
4.98
5.29
5.98
6.86
7.76
8.54
9.03
9.12
8.75
7.94
6.88
5.77
4.81
4.09
3.59
3.22
2.86
2.44
1.90
1.16
0.10
-1.40
-3.38
-5.73
-8.13
-10.07
-11.04
-10.70
-8.98
-6.15
-2.74
0.70
3.72
6.15
8.06
9.66
11.16
12.64
14.05
15.26
16.15
16.65
16.79
16.63
16.25
15.67
14.95
14.14
13.35
12.68
12.21
11.93
11.76
11.57
11.27
10.80
10.12
9.28
8.31
7.31
6.45
5.94
5.95
6.50
7.43
8.37
8.90
8.71
7.75
6.22
4.51
2.99
1.96
1.54
1.72
2.39
3.40
4.55
5.65
6.55
7.22
7.66
7.89
7.87
7.38
6.12
3.87
0.67
-3.07
-6.69
-9.50
-11.05
-11.29
-10.52
-9.20
-7.75
-6.42
-5.26
-4.22
-3.19
-2.05
-0.66
1.08
3.27
5.87
8.70
11.48
13.87
15.55
16.31
16.09
14.96
13.12
10.86
8.51
6.34
4.52
3.01
1.68
0.32
-1.19
-2.88
-4.55
-5.92
-6.64
-6.42
-5.12
-2.82
0.24
3.65
6.97
9.82
11.94
13.30
14.03
14.36
14.57
14.87
15.35
16.02
16.79
17.53
18.13
18.50
18.62
18.54
18.34
18.11
17.93
17.85
17.87
17.98
18.05
17.91
17.40
16.41
14.98
13.32
11.73
10.49
9.73
9.31
8.90
8.04
6.32
3.50
-0.43
-5.23
-10.49
-15.75
-20.55
-24.58
-27.69
-29.90
-31.33
-32.21
-32.71
-33.01
-33.16
-33.11
-32.72
-31.81
-30.34
-28.38
-26.19
-24.10
-22.40
-21.25
-20.64
-20.49
-20.68
-21.11
-21.66
-22.22
-22.65
-22.81
-22.66
-22.25
-21.66
-20.89
-19.78
-18.07
-15.54
-12.12
-8.07
-3.88
-0.09
2.85
4.76
5.68
5.79
5.31
4.43
3.35
2.30
1.58
1.48
2.18
3.74
6.03
8.79
11.70
14.44
16.79
18.65
20.06
21.14
21.96
22.44
22.36
21.43
19.52
16.79
13.69
10.83
8.73
7.59
7.24
7.25
7.14
6.60
5.49
3.86
1.81
-0.59
-3.27
-6.17
-9.15
-12.06
-14.80
-17.35
-19.85
-22.55
-25.76
-29.75
-34.54
-39.84
-44.98
-48.97
-50.84
-49.95
-46.27
-40.51
-33.92
-27.87
-23.40
-20.88
-19.96
-19.64
-18.68
-15.90
-10.62
-2.80
6.78
16.78
25.70
32.33
36.12
37.30
36.62
35.01
33.14
31.32
29.53
27.65
25.65
23.65
21.85
20.37
19.11
17.76
15.99
13.57
10.56
7.27
4.08
1.26
-1.11
-3.21
-5.31
-7.64
-10.25
-12.96
-15.37
-16.97
-17.34
-16.26
-13.83
-10.49
-6.81
-3.34
-0.36
2.16
4.45
6.78
9.25
11.79
14.19
16.26
17.85
18.92
19.48
19.57
19.22
18.52
17.61
16.64
15.75
14.98
14.35
13.81
13.40
13.14
13.08
13.23
13.50
13.74
13.75
13.39
12.58
11.34
9.76
7.94
5.99
3.92
1.71
-0.71
-3.41
-6.34
-9.33
-12.09
-14.22
-15.37
-15.32
-14.05
-11.74
-8.69
-5.27
-1.80
1.44
4.28
6.63
8.51
10.08
11.55
13.13
14.89
16.66
18.08
18.78
18.51
17.32
15.46
13.31
11.10
8.89
6.56
4.03
1.37
-1.16
-3.23
-4.65
-5.51
-6.18
-7.16
-8.84
-11.26
-14.13
-16.96
-19.31
-20.94
-21.91
-22.45
-22.85
-23.29
-23.81
-24.38
-24.87
-25.12
-24.87
-23.83
-21.68
-18.17
-13.23
-6.99
0.28
8.15
16.14
23.72
30.31
35.39
38.70
40.32
40.74
40.71
40.91
41.67
42.83
43.81
43.94
42.81
40.51
37.58
34.76
32.61
31.28
30.54
29.96
29.18
28.00
26.34
24.19
21.56
18.69
16.03
14.18
13.48
13.70
13.92
12.84
9.35
3.08
-5.51
-15.43
-25.80
-36.16
-46.56
-57.12
-67.67
-77.59
-85.99
-92.08
-95.47
-96.26
-94.85
-91.76
-87.41
-82.14
-76.19
-69.74
-62.85
-55.44
-47.34
-38.36
-28.55
-18.24
-8.03
1.41
9.61
16.46
22.16
27.00
31.11
34.43
36.76
37.96
38.01
36.92
34.59
30.66
24.77
16.81
7.18
-3.23
-13.27
-21.90
-28.49
-32.77
-34.67
-34.03
-30.70
-24.66
-16.38
-6.91
2.35
10.04
15.28
17.95
18.56
17.97
16.94
15.99
15.24
14.65
14.16
13.77
13.54
13.44
13.36
13.07
12.38
11.24
9.70
7.98
6.27
4.73
3.40
2.25
1.13
-0.09
-1.58
-3.41
-5.58
-7.95
-10.27
-12.23
-13.62
-14.36
-14.58
-14.58
-14.73
-15.37
-16.59
-18.25
-19.94
-21.14
-21.37
-20.35
-18.04
-14.64
-10.46
-5.85
-1.16
3.33
7.38
10.83
13.57
15.62
17.05
18.00
18.57
18.86
18.89
18.71
18.37
17.96
17.54
17.13
16.72
16.24
15.63
14.89
14.04
13.11
12.09
10.90
9.44
7.63
5.49
3.17
0.87
-1.23
-3.08
-4.73
-6.36
-8.18
-10.31
-12.68
-15.03
-16.98
-18.07
-17.98
-16.58
-14.03
-10.74
-7.27
-4.16
-1.85
-0.58
-0.31
-0.82
-1.76
-2.81
-3.74
-4.47
-5.06
-5.58
-6.10
-6.61
-7.01
-7.10
-6.63
-5.35
-3.06
0.22
4.24
8.52
12.45
15.52
17.49
18.44
18.78
19.03
19.61
20.73
22.28
23.98
25.49
26.57
27.20
27.58
28.05
29.00
30.68
33.15
36.20
39.46
42.42
44.58
45.53
45.01
42.99
39.69
35.54
31.13
26.94
23.24
19.97
16.80
13.37
9.50
5.32
1.20
-2.41
-5.20
-7.14
-8.44
-9.43
-10.36
-11.31
-12.19
-12.79
-12.99
-12.77
-12.31
-11.91
-11.84
-12.26
-13.19
-14.53
-16.24
-18.39
-21.08
-24.44
-28.54
-33.40
-39.10
-45.70
-53.04
-60.56
-67.18
-71.48
-72.25
-69.00
-62.31
-53.63
-44.73
-37.03
-31.16
-26.90
-23.60
-20.53
-17.22
-13.48
-9.26
-4.57
0.62
6.26
12.14
17.91
23.10
27.32
30.37
32.30
33.32
33.74
33.79
33.56
33.05
32.18
30.91
29.26
27.38
25.44
23.61
22.03
20.79
20.07
20.10
21.17
23.46
26.84
30.84
34.70
37.63
39.12
39.08
37.81
35.78
33.41
30.90
28.34
25.76
23.25
20.97
19.05
17.48
16.07
14.58
12.78
10.58
8.07
5.47
3.10
1.31
0.33
0.23
0.78
1.50
1.73
0.88
-1.37
-4.92
-9.29
-13.86
-18.13
-21.94
-25.45
-29.03
-33.01
-37.52
-42.50
-47.64
-52.42
-56.12
-57.96
-57.27
-53.74
-47.67
-39.94
-31.84
-24.60
-19.05
-15.38
-13.27
-12.16
-11.55
-11.18
-10.96
-10.89
-10.88
-10.74
-10.32
-9.58
-8.67
-7.91
-7.64
-8.04
-9.02
-10.29
-11.43
-12.08
-12.06
-11.36
-10.10
-8.37
-6.19
-3.55
-0.53
2.66
5.65
8.07
9.67
10.42
10.51
10.13
9.46
8.57
7.54
6.63
6.37
7.45
10.53
15.84
22.96
30.79
37.91
43.01
45.35
44.96
42.56
39.11
35.47
32.05
28.83
25.57
22.10
18.53
15.11
12.08
9.45
6.89
3.87
-0.08
-5.07
-10.78
-16.57
-21.75
-25.89
-28.95
-31.24
-33.22
-35.30
-37.71
-40.51
-43.62
-46.96
-50.35
-53.50
-55.91
-56.97
-56.03
-52.71
-47.00
-39.35
-30.57
-21.60
-13.33
-6.33
-0.86
3.11
5.82
7.57
8.63
9.24
9.58
9.80
10.00
10.30
10.76
11.48
12.49
13.81
15.34
16.97
18.53
19.87
20.87
21.48
21.70
21.55
21.10
20.40
19.49
18.40
17.11
15.55
13.64
11.35
8.76
6.09
3.75
2.23
2.01
3.38
6.37
10.65
15.59
20.43
24.46
27.25
28.66
28.86
28.16
26.88
25.23
23.29
21.04
18.42
15.39
11.99
8.33
4.59
0.96
-2.34
-5.15
-7.36
-8.98
-10.07
-10.76
-11.16
-11.42
-11.64
-11.93
-12.34
-12.92
-13.70
-14.75
-16.14
-17.97
-20.25
-22.82
-25.32
-27.13
-27.61
-26.26
-23.00
-18.26
-12.92
-8.03
-4.48
-2.77
-2.88
-4.44
-6.98
-10.08
-13.51
-17.04
-20.39
-23.07
-24.57
-24.49
-22.71
-19.44
-15.12
-10.27
-5.41
-1.00
2.50
4.68
5.33
4.62
3.11
1.71
1.24
2.19
4.49
7.60
10.77
13.35
14.91
15.31
14.64
13.18
11.34
9.72
8.93
9.51
11.72
15.45
20.22
25.32
30.01
33.73
36.20
37.45
37.76
37.52
37.06
36.58
36.04
35.30
34.19
32.59
30.55
28.16
25.53
22.73
19.74
16.56
13.25
9.92
6.76
3.91
1.43
-0.69
-2.53
-4.16
-5.61
-6.87
-7.92
-8.77
-9.48
-10.13
-10.82
-11.60
-12.42
-13.15
-13.63
-13.70
-13.27
-12.34
-10.99
-9.33
-7.53
-5.72
-4.07
-2.75
-1.87
-1.47
-1.45
-1.64
-1.87
-2.01
-2.01
-1.83
-1.38
-0.50
0.93
2.90
5.16
7.28
8.80
9.44
9.22
8.48
7.65
7.11
6.99
7.22
7.57
7.84
7.96
7.96
7.92
7.88
7.78
7.46
6.78
5.70
4.42
3.30
2.83
3.35
4.99
7.55
10.65
13.86
16.79
19.12
20.48
20.40
18.40
14.23
8.10
0.77
-6.64
-13.01
-17.66
-20.47
-21.77
-22.05
-21.69
-20.92
-19.91
-19.02
-18.75
-19.62
-21.97
-25.74
-30.45
-35.42
-39.98
-43.72
-46.57
-48.73
-50.51
-52.12
-53.55
-54.51
-54.54
-53.19
-50.20
-45.60
-39.66
-32.73
-25.07
-16.88
-8.28
0.44
8.82
16.17
21.80
25.24
26.44
25.74
23.76
21.18
18.47
15.89
13.51
11.35
9.44
7.89
6.80
6.23
6.12
6.34
6.72
7.11
7.41
7.55
7.49
7.18
6.60
5.72
4.50
2.92
0.95
-1.45
-4.30
-7.58
-11.27
-15.27
-19.35
-23.14
-26.12
-27.73
-27.51
-25.27
-21.19
-15.78
-9.75
-3.85
1.36
5.53
8.64
10.85
12.47
13.80
15.10
16.44
17.72
18.73
19.22
18.97
17.85
15.82
12.98
9.53
5.78
2.14
-1.07
-3.61
-5.52
-7.04
-8.54
-10.31
-12.43
-14.74
-16.93
-18.69
-19.88
-20.60
-21.10
-21.70
-22.59
-23.74
-24.87
-25.56
-25.32
-23.84
-20.99
-16.95
-12.08
-6.93
-2.03
2.15
5.32
7.34
8.24
8.23
7.62
6.82
6.21
6.12
6.69
7.82
9.27
10.73
11.90
12.66
13.01
13.02
12.82
12.49
12.13
11.83
11.69
11.75
11.97
12.21
12.24
11.87
11.00
9.65
7.94
5.99
3.89
1.66
-0.73
-3.34
-6.19
-9.27
-12.54
-15.89
-19.09
-21.74
-23.30
-23.24
-21.21
-17.23
-11.73
-5.44
0.81
6.32
10.69
13.82
15.90
17.23
18.13
18.80
19.32
19.67
19.82
19.77
19.59
19.36
19.14
18.90
18.55
18.01
17.31
16.54
15.81
15.20
14.70
14.17
13.48
12.48
11.12
9.39
7.40
5.33
3.35
1.59
0.07
-1.30
-2.69
-4.26
-6.07
-8.14
-10.41
-12.80
-15.14
-17.16
-18.44
-18.53
-17.07
-14.01
-9.67
-4.68
0.26
4.55
7.88
10.22
11.70
12.54
12.94
13.04
12.96
12.83
12.74
12.72
12.75
12.72
12.54
12.15
11.55
10.81
10.03
9.30
8.67
8.17
7.73
7.25
6.63
5.78
4.66
3.27
1.68
0.00
-1.66
-3.23
-4.68
-6.05
-7.42
-8.85
-10.34
-11.82
-13.19
-14.36
-15.39
-16.44
-17.72
-19.35
-21.19
-22.82
-23.61
-23.03
-20.82
-17.15
-12.58
-7.80
-3.43
0.19
3.01
5.22
7.07
8.69
10.14
11.36
12.36
13.25
14.26
15.65
17.61
20.14
23.13
26.41
29.87
33.54
37.54
41.97
46.92
52.31
57.97
63.49
68.30
71.60
72.60
70.74
66.08
59.36
51.86
44.91
39.36
35.28
32.03
28.70
24.60
19.58
13.94
8.19
2.71
-2.38
-7.22
-12.01
-16.92
-22.01
-27.24
-32.46
-37.44
-41.79
-45.03
-46.69
-46.43
-44.20
-40.29
-35.28
-29.85
-24.60
-19.90
-15.84
-12.38
-9.52
-7.45
-6.50
-6.99
-8.99
-12.21
-16.14
-20.27
-24.34
-28.37
-32.43
-36.47
-40.09
-42.66
-43.52
-42.30
-39.01
-33.97
-27.71
-20.91
-14.40
-9.10
-5.87
-5.21
-7.00
-10.48
-14.59
-18.45
-21.68
-24.50
-27.43
-30.85
-34.67
-38.31
-40.94
-41.86
-40.77
-37.77
-33.30
-27.90
-22.13
-16.49
-11.35
-6.99
-3.56
-1.09
0.52
1.46
2.05
2.63
3.53
4.93
6.80
8.89
10.83
12.30
13.13
13.43
13.49
13.63
14.08
14.83
15.69
16.40
16.78
16.76
16.43
15.89
15.24
14.48
13.59
12.55
11.37
10.05
8.62
7.11
5.59
4.15
2.91
1.92
1.13
0.34
-0.70
-2.22
-4.29
-6.74
-9.19
-11.07
-11.87
-11.25
-9.20
-6.03
-2.24
1.64
5.20
8.23
10.69
12.56
13.81
14.35
14.12
13.14
11.61
9.75
7.82
5.93
4.10
2.29
0.56
-0.91
-1.89
-2.17
-1.68
-0.55
0.96
2.57
4.09
5.42
6.53
7.37
7.85
7.88
7.46
6.69
5.75
4.82
3.96
3.15
2.31
1.42
0.61
0.07
-0.07
0.17
0.58
0.77
0.44
-0.51
-1.83
-3.07
-3.70
-3.37
-2.02
0.09
2.53
4.90
7.00
8.83
10.56
12.30
14.05
15.62
16.71
17.03
16.42
14.94
12.78
10.34
8.02
6.16
4.82
3.74
2.30
-0.28
-4.65
-11.02
-18.96
-27.54
-35.67
-42.52
-47.74
-51.50
-54.19
-56.16
-57.60
-58.50
-58.80
-58.34
-56.75
-53.38
-47.50
-38.61
-27.00
-13.91
-1.32
8.64
14.42
15.57
12.67
6.98
-0.06
-7.02
-12.50
-14.98
-13.13
-6.29
4.93
18.51
31.58
41.55
47.15
48.92
48.82
49.10
51.20
55.07
59.29
61.88
61.11
56.23
47.52
36.01
23.02
9.81
-2.62
-13.51
-22.18
-28.04
-30.66
-30.01
-26.60
-21.47
-15.93
-11.13
-7.72
-5.65
-4.35
-3.11
-1.43
0.77
3.11
5.02
5.95
5.62
4.15
1.93
-0.47
-2.49
-3.68
-3.82
-2.84
-0.85
1.93
5.19
8.56
11.64
14.09
15.72
16.51
16.61
16.26
15.71
15.12
14.52
13.90
13.25
12.59
11.97
11.42
10.91
10.37
9.75
9.06
8.46
8.08
8.02
8.23
8.49
8.55
8.25
7.61
6.83
6.15
5.80
5.81
6.13
6.62
7.16
7.69
8.12
8.29
7.97
6.89
4.91
2.11
-1.27
-4.84
-8.28
-11.33
-13.82
-15.58
-16.45
-16.30
-15.09
-12.99
-10.32
-7.47
-4.74
-2.29
-0.12
1.82
3.50
4.83
5.73
6.17
6.28
6.30
6.41
6.71
7.14
7.55
7.84
8.03
8.22
8.58
9.22
10.10
11.08
11.94
12.51
12.70
12.60
12.41
12.37
12.64
13.29
14.19
15.08
15.65
15.67
15.07
13.96
12.60
11.30
10.37
10.01
10.34
11.39
13.14
15.54
18.57
22.18
26.30
30.82
35.57
40.22
44.19
46.68
46.71
43.41
36.41
26.09
13.65
0.76
-11.04
-20.86
-28.71
-35.27
-41.36
-47.47
-53.51
-58.99
-63.44
-66.66
-68.80
-70.03
-70.27
-69.12
-65.99
-60.54
-53.01
-44.23
-35.42
-27.71
-21.76
-17.67
-15.17
-13.91
-13.71
-14.54
-16.36
-18.83
-21.25
-22.77
-22.70
-20.78
-17.27
-12.76
-7.84
-2.90
1.83
6.24
10.13
13.23
15.34
16.50
17.02
17.45
18.36
20.10
22.69
25.85
29.06
31.81
33.75
34.83
35.28
35.50
35.86
36.53
37.40
38.14
38.38
37.93
36.91
35.78
35.17
35.65
37.56
40.76
44.68
48.32
50.47
49.98
45.98
38.17
26.84
12.86
-2.56
-18.14
-32.82
-45.89
-57.02
-66.08
-72.93
-77.32
-78.80
-77.01
-71.85
-63.78
-53.76
-43.06
-32.97
-24.37
-17.57
-12.31
-7.98
-3.89
0.37
4.78
8.89
11.95
13.29
12.56
9.92
6.05
1.87
-1.73
-4.21
-5.47
-5.72
-5.30
-4.49
-3.47
-2.34
-1.25
-0.45
-0.28
-0.99
-2.63
-4.93
-7.41
-9.55
-11.00
-11.74
-12.04
-12.36
-13.08
-14.40
-16.29
-18.48
-20.61
-22.29
-23.15
-22.90
-21.41
-18.72
-15.09
-10.93
-6.74
-2.98
0.03
2.15
3.35
3.75
3.52
2.90
2.09
1.29
0.59
-0.04
-0.66
-1.31
-1.98
-2.55
-2.87
-2.88
-2.61
-2.17
-1.69
-1.20
-0.69
-0.12
0.49
0.96
1.04
0.49
-0.77
-2.63
-4.81
-7.06
-9.20
-11.18
-13.06
-14.99
-17.15
-19.78
-23.06
-26.97
-31.11
-34.74
-36.94
-37.01
-34.71
-30.37
-24.74
-18.69
-12.95
-7.97
-4.01
-1.21
0.42
0.95
0.62
-0.21
-1.19
-2.00
-2.42
-2.31
-1.62
-0.40
1.14
2.65
3.78
4.35
4.37
4.10
3.93
4.30
5.57
7.95
11.42
15.64
20.00
23.78
26.33
27.34
26.81
24.95
22.08
18.46
14.32
9.99
5.82
2.11
-1.10
-4.09
-7.36
-11.31
-15.86
-20.33
-23.61
-24.56
-22.55
-17.67
-10.81
-3.34
3.34
8.19
10.83
11.53
11.00
10.10
9.50
9.56
10.26
11.36
12.56
13.58
14.28
14.58
14.51
14.16
13.70
13.37
13.38
13.89
14.88
16.19
17.52
18.58
19.14
19.04
18.23
16.72
14.61
12.05
9.29
6.62
4.30
2.45
1.04
-0.04
-0.99
-1.97
-3.07
-4.33
-5.62
-6.70
-7.21
-6.72
-4.94
-1.83
2.35
7.05
11.68
15.81
19.31
22.28
24.94
27.38
29.51
31.06
31.71
31.21
29.46
26.56
22.73
18.29
13.62
9.12
5.10
1.80
-0.72
-2.50
-3.67
-4.38
-4.75
-4.87
-4.78
-4.58
-4.39
-4.36
-4.63
-5.28
-6.29
-7.61
-9.18
-10.95
-12.93
-15.16
-17.70
-20.58
-23.72
-26.94
-29.86
-32.00
-32.87
-32.10
-29.58
-25.59
-20.68
-15.62
-11.06
-7.44
-4.80
-2.92
-1.40
0.07
1.59
3.09
4.42
5.48
6.33
7.12
7.98
8.94
9.89
10.67
11.16
11.39
11.53
11.79
12.36
13.34
14.73
16.41
18.23
19.97
21.47
22.60
23.31
23.65
23.70
23.54
23.23
22.69
21.78
20.28
17.99
14.80
10.83
6.47
2.28
-1.11
-3.19
-3.74
-2.87
-0.93
1.60
4.22
6.57
8.41
9.69
10.43
10.77
10.89
10.94
11.04
11.23
11.51
11.82
12.09
12.29
12.38
12.37
12.30
12.25
12.36
12.73
13.42
14.33
15.31
16.12
16.56
16.52
16.00
15.14
14.09
13.00
11.94
10.92
9.86
8.65
7.22
5.52
3.55
1.38
-0.91
-3.29
-5.74
-8.29
-10.90
-13.45
-15.70
-17.35
-18.18
-18.11
-17.27
-15.94
-14.44
-13.04
-11.89
-11.01
-10.34
-9.84
-9.51
-9.36
-9.44
-9.72
-10.15
-10.62
-11.05
-11.36
-11.51
-11.56
-11.56
-11.64
-11.86
-12.29
-12.91
-13.67
-14.50
-15.34
-16.12
-16.75
-17.13
-17.15
-16.77
-16.04
-15.14
-14.32
-13.83
-13.79
-14.24
-15.09
-16.22
-17.49
-18.79
-19.95
-20.79
-21.06
-20.53
-19.07
-16.67
-13.48
-9.80
-5.98
-2.36
0.83
3.46
5.50
6.99
7.98
8.49
8.50
8.03
7.12
5.88
4.48
3.10
1.88
0.94
0.30
-0.09
-0.30
-0.42
-0.53
-0.72
-1.06
-1.62
-2.44
-3.53
-4.83
-6.22
-7.52
-8.53
-9.20
-9.57
-9.87
-10.40
-11.40
-12.95
-14.90
-16.91
-18.54
-19.34
-18.99
-17.35
-14.48
-10.64
-6.23
-1.69
2.58
6.33
9.47
12.01
14.03
15.59
16.70
17.38
17.66
17.62
17.39
17.02
16.54
15.91
15.08
14.04
12.83
11.50
10.09
8.54
6.76
4.66
2.25
-0.36
-3.02
-5.49
-7.59
-9.15
-10.08
-10.35
-10.04
-9.35
-8.54
-7.94
-7.81
-8.28
-9.36
-10.90
-12.74
-14.67
-16.41
-17.60
-17.89
-16.96
-14.73
-11.43
-7.51
-3.56
-0.04
2.78
4.93
6.59
7.98
9.21
10.25
11.02
11.43
11.50
11.34
11.07
10.78
10.51
10.21
9.81
9.25
8.53
7.67
6.77
5.92
5.20
4.61
4.13
3.63
3.01
2.19
1.17
-0.02
-1.31
-2.63
-3.97
-5.36
-6.80
-8.27
-9.77
-11.30
-12.87
-14.51
-16.22
-17.92
-19.39
-20.35
-20.49
-19.58
-17.58
-14.66
-11.17
-7.54
-4.20
-1.39
0.81
2.50
3.86
5.09
6.29
7.46
8.55
9.44
10.02
10.24
10.10
9.65
9.00
8.24
7.50
6.86
6.43
6.23
6.26
6.40
6.49
6.34
5.86
5.02
3.93
2.74
1.62
0.65
-0.14
-0.88
-1.75
-3.02
-4.91
-7.49
-10.60
-13.81
-16.50
-18.05
-18.05
-16.40
-13.36
-9.41
-5.12
-0.97
2.73
5.83
8.32
10.32
11.94
13.30
14.49
15.49
16.30
16.86
17.12
17.03
16.58
15.80
14.76
13.58
12.42
11.36
10.47
9.74
9.12
8.51
7.83
6.99
5.88
4.42
2.57
0.38
-2.00
-4.39
-6.61
-8.61
-10.44
-12.28
-14.34
-16.80
-19.70
-22.93
-26.18
-28.92
-30.60
-30.74
-29.12
-25.87
-21.43
-16.38
-11.23
-6.30
-1.72
2.50
6.32
9.64
12.33
14.33
15.69
16.54
17.07
17.38
17.49
17.36
16.95
16.29
15.47
14.59
13.68
12.75
11.70
10.53
9.25
7.95
6.75
5.70
4.75
3.77
2.61
1.17
-0.57
-2.49
-4.46
-6.33
-8.05
-9.65
-11.24
-12.96
-14.93
-17.20
-19.68
-22.15
-24.21
-25.37
-25.14
-23.16
-19.40
-14.15
-8.04
-1.82
3.82
8.51
12.14
14.87
16.95
18.55
19.75
20.50
20.72
20.43
19.69
18.66
17.50
16.32
15.17
14.04
12.88
11.66
10.37
9.08
7.87
6.83
5.98
5.27
4.59
3.85
2.95
1.90
0.70
-0.67
-2.24
-4.02
-6.01
-8.12
-10.21
-12.19
-14.07
-15.96
-18.01
-20.26
-22.47
-24.19
-24.83
-23.91
-21.24
-17.01
-11.74
-6.07
-0.57
4.33
8.45
11.73
14.23
16.04
17.28
18.08
18.55
18.76
18.79
18.65
18.34
17.87
17.24
16.44
15.51
14.48
13.44
12.47
11.64
10.97
10.39
9.79
9.06
8.14
7.03
5.82
4.52
3.18
1.73
0.12
-1.68
-3.66
-5.70
-7.68
-9.47
-11.03
-12.44
-13.88
-15.59
-17.74
-20.30
-22.98
-25.18
-26.21
-25.48
-22.74
-18.20
-12.49
-6.41
-0.74
4.00
7.63
10.24
12.04
13.30
14.18
14.78
15.14
15.23
15.06
14.69
14.20
13.68
13.22
12.81
12.38
11.81
10.98
9.91
8.73
7.67
6.91
6.51
6.29
5.94
5.17
3.81
1.93
-0.23
-2.39
-4.33
-6.00
-7.44
-8.75
-10.03
-11.35
-12.76
-14.34
-16.17
-18.22
-20.33
-22.09
-22.98
-22.48
-20.30
-16.49
-11.51
-6.05
-0.83
3.64
7.11
9.65
11.42
12.65
13.46
13.90
14.00
13.78
13.31
12.70
12.02
11.35
10.74
10.18
9.63
9.06
8.43
7.79
7.21
6.80
6.54
6.33
5.95
5.16
3.82
1.95
-0.30
-2.63
-4.81
-6.67
-8.17
-9.39
-10.45
-11.52
-12.77
-14.36
-16.36
-18.70
-21.08
-23.02
-23.93
-23.30
-20.92
-16.95
-11.90
-6.49
-1.38
3.00
6.49
9.14
11.15
12.71
13.95
14.92
15.61
16.03
16.17
16.08
15.81
15.40
14.87
14.19
13.36
12.40
11.37
10.35
9.40
8.56
7.82
7.12
6.41
5.59
4.60
3.39
1.94
0.30
-1.45
-3.16
-4.73
-6.11
-7.35
-8.54
-9.79
-11.23
-12.95
-15.00
-17.37
-19.93
-22.47
-24.59
-25.85
-25.81
-24.21
-21.01
-16.50
-11.19
-5.72
-0.65
3.59
6.85
9.22
10.91
12.16
13.16
13.95
14.52
14.82
14.87
14.70
14.37
13.90
13.33
12.64
11.87
11.08
10.37
9.76
9.20
8.56
7.71
6.57
5.19
3.75
2.43
1.36
0.48
-0.36
-1.38
-2.71
-4.31
-6.01
-7.57
-8.86
-9.93
-10.98
-12.26
-13.96
-16.08
-18.49
-20.94
-23.13
-24.72
-25.34
-24.65
-22.43
-18.72
-13.88
-8.49
-3.20
1.46
5.27
8.31
10.77
12.83
14.53
15.79
16.51
16.69
16.50
16.16
15.87
15.68
15.52
15.23
14.73
14.01
13.18
12.37
11.63
10.90
10.09
9.08
7.83
6.40
4.92
3.52
2.29
1.25
0.32
-0.61
-1.64
-2.84
-4.17
-5.54
-6.86
-8.04
-9.11
-10.15
-11.27
-12.56
-14.07
-15.80
-17.72
-19.72
-21.59
-23.00
-23.51
-22.72
-20.41
-16.70
-12.01
-6.99
-2.26
1.74
4.87
7.22
9.00
10.33
11.23
11.64
11.52
10.92
10.06
9.20
8.56
8.24
8.17
8.20
8.18
8.00
7.65
7.17
6.62
6.05
5.47
4.87
4.22
3.46
2.51
1.28
-0.24
-2.01
-3.90
-5.71
-7.27
-8.48
-9.40
-10.18
-11.01
-12.09
-13.52
-15.26
-17.18
-18.98
-20.25
-20.52
-19.39
-16.71
-12.65
-7.74
-2.70
1.79
5.28
7.71
9.31
10.46
11.43
12.37
13.21
13.82
14.11
14.04
13.68
13.11
12.44
11.73
11.04
10.42
9.88
9.41
8.93
8.36
7.62
6.72
5.70
4.61
3.44
2.13
0.60
-1.14
-3.04
-4.91
-6.62
-8.07
-9.27
-10.34
-11.42
-12.68
-14.26
-16.29
-18.75
-21.42
-23.84
-25.34
-25.29
-23.34
-19.59
-14.58
-9.10
-3.91
0.53
4.10
6.95
9.29
11.22
12.74
13.81
14.43
14.72
14.85
14.96
15.05
15.00
14.65
13.96
13.00
11.97
11.04
10.32
9.77
9.29
8.75
8.10
7.30
6.33
5.18
3.81
2.20
0.42
-1.45
-3.29
-5.00
-6.52
-7.86
-9.06
-10.18
-11.31
-12.56
-14.04
-15.87
-18.05
-20.43
-22.66
-24.26
-24.68
-23.54
-20.74
-16.49
-11.33
-5.91
-0.84
3.49
6.92
9.50
11.43
12.92
14.09
15.01
15.68
16.07
16.18
16.04
15.69
15.17
14.53
13.82
13.12
12.50
12.01
11.70
11.52
11.36
11.08
10.53
9.61
8.32
6.75
5.11
3.61
2.39
1.47
0.68
-0.20
-1.38
-2.95
-4.86
-6.95
-9.03
-10.96
-12.70
-14.31
-15.94
-17.72
-19.68
-21.68
-23.40
-24.38
-24.17
-22.50
-19.36
-15.07
-10.16
-5.22
-0.71
3.09
6.11
8.44
10.23
11.62
12.72
13.52
13.95
13.96
13.51
12.73
11.79
10.93
10.29
9.89
9.60
9.24
8.70
7.99
7.22
6.53
5.97
5.46
4.82
3.88
2.60
1.03
-0.66
-2.27
-3.72
-4.96
-6.04
-7.01
-7.96
-8.97
-10.15
-11.65
-13.53
-15.74
-18.03
-19.97
-21.05
-20.83
-19.10
-15.95
-11.74
-7.03
-2.39
1.72
5.03
7.48
9.19
10.37
11.17
11.72
12.03
12.09
11.92
11.57
11.13
10.68
10.26
9.81
9.27
8.58
7.76
6.90
6.12
5.53
5.14
4.87
4.49
3.76
2.51
0.75
-1.30
-3.32
-4.98
-6.17
-7.01
-7.83
-8.95
-10.55
-12.60
-14.90
-17.18
-19.22
-20.78
-21.59
-21.32
-19.72
-16.70
-12.50
-7.65
-2.83
1.38
4.69
7.10
8.87
10.29
11.59
12.82
13.93
14.77
15.25
15.32
15.02
14.45
13.68
12.83
11.93
11.02
10.14
9.30
8.52
7.81
7.14
6.46
5.71
4.83
3.78
2.54
1.11
-0.51
-2.26
-4.04
-5.74
-7.26
-8.56
-9.65
-10.64
-11.65
-12.87
-14.43
-16.40
-18.69
-21.02
-22.91
-23.81
-23.23
-20.94
-17.09
-12.15
-6.84
-1.84
2.34
5.49
7.70
9.23
10.40
11.44
12.47
13.46
14.30
14.86
15.06
14.86
14.30
13.43
12.39
11.29
10.26
9.35
8.57
7.88
7.21
6.48
5.63
4.63
3.46
2.12
0.64
-0.95
-2.65
-4.45
-6.35
-8.31
-10.24
-11.99
-13.43
-14.56
-15.46
-16.35
-17.46
-18.95
-20.82
-22.90
-24.82
-26.13
-26.34
-25.06
-22.12
-17.66
-12.16
-6.27
-0.69
4.08
7.81
10.55
12.51
13.97
15.11
16.05
16.87
17.65
18.48
19.42
20.43
21.43
22.25
22.77
22.96
22.90
22.73
22.64
22.68
22.80
22.80
22.47
21.62
20.23
18.39
16.29
14.09
11.87
9.59
7.13
4.49
1.73
-0.95
-3.37
-5.46
-7.30
-9.06
-10.96
-13.14
-15.61
-18.29
-20.98
-23.38
-25.11
-25.76
-24.97
-22.61
-18.83
-14.08
-9.00
-4.19
-0.10
3.12
5.52
7.28
8.56
9.44
9.94
10.04
9.76
9.22
8.56
7.96
7.46
7.04
6.56
5.87
4.90
3.73
2.55
1.59
0.95
0.59
0.25
-0.37
-1.55
-3.32
-5.51
-7.79
-9.80
-11.31
-12.29
-12.91
-13.44
-14.16
-15.26
-16.83
-18.79
-20.93
-22.94
-24.40
-24.87
-24.03
-21.75
-18.16
-13.63
-8.67
-3.79
0.57
4.16
6.92
8.95
10.43
11.53
12.37
12.94
13.20
13.08
12.57
11.75
10.76
9.77
8.88
8.14
7.52
6.95
6.37
5.74
5.02
4.21
3.29
2.22
0.96
-0.49
-2.13
-3.89
-5.67
-7.35
-8.89
-10.28
-11.59
-12.91
-14.38
-16.09
-18.12
-20.48
-23.08
-25.66
-27.79
-28.95
-28.63
-26.56
-22.80
-17.80
-12.21
-6.73
-1.85
2.26
5.64
8.48
10.93
13.05
14.86
16.35
17.52
18.41
19.06
19.49
19.68
19.67
19.46
19.11
18.63
18.04
17.37
16.63
15.89
15.22
14.66
14.25
13.94
13.69
13.41
12.99
12.33
11.35
10.06
8.57
7.09
5.89
5.15
4.89
4.98
5.13
5.07
4.59
3.66
2.45
1.28
0.57
0.75
2.12
4.79
8.58
13.07
17.62
21.58
24.40
25.82
25.92
25.01
23.48
21.61
19.44
16.72
13.10
8.35
2.57
-3.77
-9.92
-15.15
-18.96
-21.27
-22.29
-22.40
-21.93
-21.11
-20.03
-18.74
-17.34
-15.96
-14.78
-13.93
-13.46
-13.35
-13.49
-13.73
-13.98
-14.16
-14.34
-14.61
-15.09
-15.79
-16.63
-17.49
-18.31
-19.13
-20.03
-21.00
-21.81
-21.99
-21.00
-18.40
-14.16
-8.70
-2.81
2.67
7.05
10.02
11.63
12.21
12.13
11.71
11.14
10.49
9.78
9.03
8.29
7.62
7.02
6.44
5.80
5.06
4.30
3.69
3.47
3.82
4.78
6.15
7.59
8.68
9.06
8.60
7.31
5.43
3.21
0.87
-1.43
-3.65
-5.79
-7.91
-10.06
-12.30
-14.66
-17.10
-19.50
-21.57
-22.93
-23.12
-21.79
-18.81
-14.44
-9.24
-3.95
0.77
4.50
7.21
9.17
10.81
12.47
14.31
16.23
17.98
19.32
20.14
20.41
20.22
19.64
18.71
17.44
15.88
14.12
12.33
10.66
9.20
7.95
6.78
5.54
4.10
2.39
0.45
-1.60
-3.57
-5.29
-6.65
-7.65
-8.42
-9.16
-10.07
-11.37
-13.16
-15.44
-18.03
-20.57
-22.55
-23.41
-22.71
-20.33
-16.49
-11.72
-6.72
-2.10
1.73
4.65
6.68
7.95
8.65
8.95
9.07
9.20
9.51
10.00
10.59
11.08
11.31
11.20
10.82
10.28
9.71
9.18
8.69
8.18
7.59
6.88
6.00
4.94
3.71
2.34
0.92
-0.47
-1.76
-2.92
-3.96
-4.95
-5.99
-7.14
-8.44
-9.85
-11.36
-12.98
-14.74
-16.71
-18.80
-20.72
-21.98
-21.94
-20.13
-16.40
-11.07
-4.85
1.39
6.92
11.28
14.41
16.49
17.82
18.65
19.10
19.22
18.98
18.38
17.43
16.22
14.84
13.40
11.99
10.66
9.43
8.28
7.20
6.20
5.31
4.55
3.89
3.32
2.77
2.23
1.67
1.05
0.30
-0.68
-1.99
-3.66
-5.61
-7.69
-9.72
-11.58
-13.21
-14.68
-16.09
-17.57
-19.25
-21.21
-23.45
-25.74
-27.67
-28.71
-28.41
-26.59
-23.43
-19.44
-15.24
-11.32
-7.88
-4.86
-2.01
0.87
3.86
6.83
9.57
11.86
13.59
14.76
15.51
15.99
16.36
16.68
16.89
16.88
16.53
15.79
14.76
13.58
12.41
11.34
10.28
9.08
7.61
5.82
3.79
1.71
-0.27
-2.10
-3.86
-5.68
-7.65
-9.78
-11.95
-14.07
-16.10
-18.11
-20.19
-22.33
-24.32
-25.74
-26.16
-25.26
-22.95
-19.47
-15.22
-10.66
-6.20
-2.19
1.20
3.86
5.81
7.12
7.94
8.40
8.63
8.72
8.74
8.76
8.83
8.95
9.04
9.02
8.77
8.30
7.70
7.10
6.64
6.36
6.17
5.92
5.45
4.63
3.45
2.01
0.44
-1.10
-2.52
-3.80
-5.01
-6.23
-7.58
-9.14
-10.94
-12.99
-15.15
-17.19
-18.71
-19.26
-18.44
-16.05
-12.25
-7.50
-2.45
2.27
6.27
9.47
12.01
14.16
16.11
17.93
19.62
21.14
22.51
23.77
24.97
26.08
27.04
27.75
28.20
28.45
28.65
28.88
29.15
29.34
29.31
28.94
28.22
27.18
25.91
24.46
22.84
21.06
19.15
17.13
15.05
12.89
10.59
8.08
5.37
2.56
-0.22
-2.85
-5.33
-7.77
-10.27
-12.89
-15.50
-17.80
-19.36
-19.77
-18.77
-16.33
-12.65
-8.15
-3.35
1.27
5.35
8.75
11.52
13.81
15.78
17.51
18.97
20.06
20.69
20.83
20.48
19.66
18.40
16.72
14.67
12.40
10.16
8.20
6.70
5.71
5.12
4.72
4.28
3.62
2.64
1.28
-0.53
-2.82
-5.59
-8.75
-12.08
-15.27
-18.03
-20.16
-21.64
-22.64
-23.43
-24.30
-25.42
-26.87
-28.54
-30.28
-31.82
-32.87
-33.13
-32.36
-30.43
-27.48
-23.85
-20.05
-16.59
-13.77
-11.62
-9.93
-8.37
-6.68
-4.77
-2.80
-1.04
0.20
0.79
0.74
0.27
-0.32
-0.73
-0.84
-0.70
-0.52
-0.59
-1.15
-2.32
-4.05
-6.17
-8.45
-10.71
-12.76
-14.46
-15.73
-16.55
-16.96
-17.06
-17.00
-16.89
-16.81
-16.84
-17.00
-17.37
-18.03
-19.02
-20.31
-21.73
-22.98
-23.70
-23.53
-22.21
-19.66
-15.98
-11.47
-6.55
-1.69
2.70
6.36
9.21
11.29
12.77
13.81
14.54
15.02
15.29
15.36
15.26
15.00
14.59
14.03
13.32
12.47
11.54
10.64
9.88
9.32
8.97
8.70
8.35
7.74
6.77
5.40
3.74
1.93
0.09
-1.75
-3.59
-5.49
-7.47
-9.53
-11.63
-13.70
-15.69
-17.57
-19.30
-20.84
-22.14
-23.08
-23.43
-22.83
-20.87
-17.20
-11.66
-4.44
3.92
12.66
20.97
28.21
33.99
38.16
40.65
41.47
40.66
38.33
34.79
30.51
26.05
21.88
18.27
15.31
12.89
10.87
9.13
7.56
6.13
4.80
3.54
2.35
1.20
0.07
-1.13
-2.49
-4.11
-6.02
-8.18
-10.45
-12.64
-14.61
-16.25
-17.57
-18.68
-19.77
-21.02
-22.59
-24.53
-26.74
-28.99
-30.90
-32.05
-32.01
-30.49
-27.41
-22.99
-17.69
-12.11
-6.82
-2.20
1.66
4.88
7.68
10.25
12.62
14.70
16.30
17.31
17.73
17.70
17.40
17.00
16.62
16.28
15.96
15.61
15.22
14.80
14.34
13.85
13.28
12.61
11.81
10.88
9.81
8.61
7.26
5.75
4.07
2.23
0.24
-1.86
-4.01
-6.10
-8.06
-9.85
-11.59
-13.49
-15.81
-18.70
-22.04
-25.41
-28.10
-29.41
-28.82
-26.25
-22.05
-16.88
-11.44
-6.32
-1.82
2.00
5.26
8.10
10.62
12.86
14.76
16.29
17.42
18.16
18.59
18.74
18.63
18.29
17.73
17.02
16.27
15.61
15.07
14.61
14.13
13.49
12.66
11.67
10.60
9.55
8.55
7.56
6.52
5.38
4.08
2.66
1.15
-0.40
-1.96
-3.51
-5.12
-6.83
-8.74
-10.91
-13.35
-15.88
-18.18
-19.80
-20.27
-19.25
-16.72
-12.95
-8.48
-3.88
0.38
4.05
7.11
9.62
11.69
13.38
14.76
15.88
16.81
17.61
18.26
18.75
19.06
19.21
19.30
19.40
19.56
19.70
19.69
19.32
18.44
16.99
14.98
12.55
9.90
7.24
4.73
2.47
0.41
-1.56
-3.64
-6.00
-8.73
-11.77
-14.94
-17.97
-20.62
-22.78
-24.49
-25.90
-27.24
-28.64
-30.05
-31.22
-31.72
-31.12
-29.12
-25.71
-21.20
-16.09
-10.95
-6.24
-2.17
1.26
4.18
6.77
9.11
11.21
13.05
14.58
15.80
16.72
17.35
17.69
17.76
17.57
17.21
16.76
16.36
16.10
16.01
16.06
16.16
16.20
16.06
15.66
14.94
13.93
12.70
11.42
10.20
9.10
8.05
6.90
5.53
3.92
2.20
0.60
-0.68
-1.64
-2.45
-3.45
-4.95
-7.14
-10.00
-13.29
-16.61
-19.44
-21.21
-21.47
-19.98
-16.86
-12.57
-7.84
-3.38
0.31
3.08
5.07
6.58
7.81
8.78
9.38
9.47
9.01
8.08
6.91
5.70
4.58
3.60
2.74
1.97
1.28
0.69
0.23
-0.09
-0.30
-0.46
-0.67
-1.02
-1.63
-2.52
-3.64
-4.85
-5.96
-6.82
-7.40
-7.82
-8.30
-9.09
-10.28
-11.81
-13.46
-14.96
-16.14
-16.99
-17.65
-18.40
-19.51
-21.15
-23.36
-25.97
-28.61
-30.72
-31.70
-31.02
-28.41
-23.99
-18.24
-11.86
-5.61
-0.07
4.45
7.90
10.46
12.42
14.06
15.57
17.01
18.32
19.39
20.13
20.53
20.65
20.52
20.12
19.41
18.34
16.99
15.58
14.36
13.55
13.14
12.96
12.72
12.15
11.15
9.77
8.16
6.49
4.86
3.30
1.76
0.21
-1.40
-3.09
-4.82
-6.55
-8.24
-9.83
-11.32
-12.74
-14.16
-15.68
-17.44
-19.49
-21.79
-24.08
-25.92
-26.77
-26.16
-23.91
-20.22
-15.58
-10.62
-5.88
-1.66
1.94
4.97
7.52
9.65
11.41
12.85
14.00
14.93
15.63
16.08
16.27
16.20
15.93
15.53
15.11
14.73
14.43
14.22
14.06
13.83
13.40
12.67
11.60
10.27
8.80
7.35
6.02
4.78
3.54
2.16
0.56
-1.23
-3.09
-4.86
-6.43
-7.76
-8.95
-10.14
-11.50
-13.12
-15.02
-17.06
-18.99
-20.44
-21.02
-20.36
-18.27
-14.81
-10.30
-5.27
-0.28
4.21
7.95
10.90
13.22
15.08
16.63
17.95
19.01
19.80
20.29
20.52
20.56
20.49
20.35
20.09
19.65
18.97
18.07
17.03
16.01
15.15
14.49
13.96
13.40
12.64
11.58
10.23
8.69
7.05
5.40
3.77
2.17
0.60
-0.94
-2.45
-3.96
-5.50
-7.10
-8.73
-10.37
-12.02
-13.74
-15.65
-17.91
-20.54
-23.37
-26.00
-27.88
-28.43
-27.21
-24.14
-19.51
-13.90
-8.06
-2.68
1.82
5.30
7.90
9.92
11.63
13.18
14.53
15.59
16.22
16.42
16.28
15.98
15.66
15.37
15.04
14.58
13.95
13.20
12.48
11.89
11.44
11.01
10.35
9.29
7.74
5.80
3.71
1.71
-0.05
-1.57
-3.02
-4.62
-6.49
-8.61
-10.79
-12.78
-14.39
-15.60
-16.55
-17.48
-18.66
-20.26
-22.29
-24.61
-26.88
-28.61
-29.24
-28.32
-25.62
-21.23
-15.61
-9.41
-3.36
1.97
6.25
9.47
11.80
13.58
15.12
16.62
18.13
19.54
20.66
21.30
21.38
20.92
20.03
18.85
17.55
16.21
14.92
13.75
12.71
11.78
10.90
9.97
8.87
7.52
5.90
4.06
2.12
0.22
-1.49
-2.92
-4.04
-4.93
-5.74
-6.64
-7.74
-9.01
-10.36
-11.62
-12.71
-13.66
-14.62
-15.74
-17.15
-18.84
-20.73
-22.64
-24.32
-25.49
-25.83
-25.05
-22.97
-19.67
-15.48
-10.92
-6.56
-2.81
0.15
2.36
3.98
5.18
6.05
6.63
6.93
6.98
6.84
6.57
6.19
5.65
4.94
4.08
3.18
2.40
1.87
1.60
1.48
1.31
0.93
0.26
-0.63
-1.57
-2.46
-3.25
-4.01
-4.88
-5.94
-7.21
-8.62
-10.01
-11.27
-12.35
-13.26
-14.09
-14.91
-15.80
-16.83
-18.07
-19.55
-21.20
-22.80
-23.92
-24.01
-22.60
-19.44
-14.73
-9.04
-3.16
2.19
6.55
9.87
12.39
14.47
16.31
17.95
19.26
20.08
20.36
20.12
19.50
18.60
17.46
16.09
14.52
12.84
11.24
9.92
9.01
8.49
8.20
7.89
7.31
6.32
4.92
3.22
1.44
-0.24
-1.71
-3.01
-4.30
-5.81
-7.70
-10.04
-12.68
-15.39
-17.91
-20.10
-22.02
-23.96
-26.27
-29.25
-32.94
-37.02
-40.86
-43.66
-44.70
-43.56
-40.32
-35.49
-29.86
-24.22
-19.21
-15.14
-12.04
-9.79
-8.16
-6.99
-6.14
-5.56
-5.25
-5.24
-5.57
-6.29
-7.35
-8.72
-10.33
-12.09
-13.90
-15.57
-16.83
-17.42
-17.13
-15.96
-14.12
-11.98
-9.91
-8.12
-6.57
-5.03
-3.21
-0.97
1.63
4.38
6.98
9.23
11.10
12.73
14.33
16.11
18.15
20.38
22.60
24.50
25.74
25.99
25.07
23.00
20.06
16.81
13.95
12.15
11.85
13.12
15.68
18.98
22.42
25.54
28.08
30.00
31.38
32.37
33.13
33.79
34.43
35.05
35.62
36.02
36.15
35.89
35.15
33.83
31.82
29.13
25.83
22.20
18.59
15.33
12.62
10.42
8.57
6.90
5.31
3.85
2.60
1.56
0.60
-0.49
-1.91
-3.71
-5.78
-7.91
-9.92
-11.74
-13.46
-15.27
-17.36
-19.89
-22.86
-26.12
-29.24
-31.58
-32.40
-31.09
-27.43
-21.78
-14.98
-8.09
-2.02
2.71
6.11
8.51
10.34
11.85
13.09
13.92
14.25
14.07
13.56
12.94
12.40
12.07
11.95
11.99
12.13
12.29
12.38
12.32
12.05
11.57
10.89
10.02
8.96
7.65
6.01
3.97
1.58
-1.04
-3.67
-6.10
-8.16
-9.81
-11.09
-12.10
-13.02
-14.04
-15.34
-17.08
-19.27
-21.76
-24.16
-25.92
-26.46
-25.33
-22.43
-18.04
-12.74
-7.24
-2.11
2.30
5.95
8.97
11.52
13.69
15.54
17.08
18.36
19.44
20.32
20.89
20.98
20.48
19.41
17.97
16.48
15.22
14.31
13.65
13.01
12.20
11.16
9.96
8.77
7.66
6.65
5.59
4.37
2.89
1.14
-0.78
-2.77
-4.76
-6.72
-8.62
-10.51
-12.39
-14.28
-16.24
-18.35
-20.69
-23.22
-25.72
-27.71
-28.61
-27.85
-25.17
-20.74
-15.12
-9.13
-3.53
1.17
4.84
7.65
9.90
11.88
13.72
15.42
16.87
18.01
18.80
19.25
19.40
19.25
18.76
17.89
16.68
15.24
13.76
12.47
11.54
10.96
10.60
10.18
9.49
8.41
6.97
5.34
3.65
1.95
0.19
-1.69
-3.69
-5.70
-7.53
-9.07
-10.32
-11.45
-12.71
-14.29
-16.29
-18.69
-21.40
-24.25
-26.91
-28.87
-29.55
-28.47
-25.47
-20.83
-15.20
-9.38
-4.01
0.58
4.37
7.56
10.32
12.74
14.78
16.37
17.47
18.14
18.44
18.48
18.31
17.96
17.44
16.79
16.06
15.32
14.65
14.05
13.48
12.87
12.11
11.13
9.92
8.51
7.01
5.53
4.14
2.83
1.52
0.10
-1.52
-3.35
-5.29
-7.19
-8.91
-10.35
-11.54
-12.61
-13.76
-15.22
-17.18
-19.70
-22.56
-25.25
-27.09
-27.37
-25.66
-21.99
-16.84
-11.02
-5.33
-0.36
3.69
6.94
9.63
11.96
14.02
15.75
17.09
18.04
18.65
19.04
19.27
19.34
19.15
18.60
17.69
16.47
15.12
13.85
12.81
12.04
11.46
10.91
10.19
9.17
7.85
6.32
4.77
3.41
2.37
1.67
1.16
0.62
-0.20
-1.46
-3.20
-5.28
-7.48
-9.56
-11.35
-12.81
-13.99
-15.07
-16.27
-17.79
-19.79
-22.23
-24.87
-27.24
-28.71
-28.73
-26.96
-23.43
-18.54
-12.93
-7.30
-2.20
2.04
5.33
7.80
9.64
11.10
12.32
13.34
14.09
14.47
14.43
14.03
13.44
12.87
12.41
12.04
11.64
11.10
10.38
9.59
8.85
8.24
7.73
7.19
6.48
5.53
4.36
3.08
1.80
0.53
-0.82
-2.38
-4.20
-6.22
-8.20
-9.85
-10.97
-11.59
-11.95
-12.47
-13.55
-15.41
-17.93
-20.72
-23.15
-24.56
-24.44
-22.61
-19.20
-14.66
-9.59
-4.56
0.03
3.95
7.18
9.80
11.91
13.59
14.87
15.78
16.32
16.53
16.44
16.06
15.44
14.64
13.71
12.74
11.81
11.01
10.43
10.11
9.98
9.93
9.77
9.31
8.48
7.30
5.86
4.28
2.68
1.11
-0.36
-1.71
-2.93
-4.06
-5.18
-6.36
-7.65
-9.01
-10.35
-11.60
-12.75
-13.86
-15.00
-16.28
-17.80
-19.61
-21.74
-24.07
-26.31
-27.98
-28.50
-27.39
-24.49
-20.04
-14.60
-8.92
-3.61
0.92
4.53
7.29
9.41
11.07
12.45
13.67
14.76
15.67
16.35
16.70
16.70
16.33
15.64
14.70
13.63
12.55
11.59
10.83
10.29
9.92
9.65
9.38
9.01
8.46
7.66
6.60
5.36
4.04
2.79
1.67
0.68
-0.30
-1.39
-2.67
-4.11
-5.64
-7.17
-8.65
-10.08
-11.48
-12.86
-14.20
-15.48
-16.74
-18.12
-19.79
-21.86
-24.25
-26.59
-28.32
-28.75
-27.37
-24.02
-18.98
-12.88
-6.54
-0.68
4.20
7.91
10.51
12.21
13.30
14.07
14.77
15.56
16.47
17.42
18.24
18.76
18.85
18.46
17.67
16.62
15.50
14.51
13.81
13.44
13.33
13.29
13.09
12.60
11.76
10.67
9.46
8.24
7.06
5.87
4.62
3.28
1.87
0.45
-0.90
-2.12
-3.23
-4.28
-5.40
-6.65
-8.09
-9.65
-11.24
-12.74
-14.09
-15.29
-16.44
-17.68
-19.20
-21.11
-23.41
-25.83
-27.88
-28.88
-28.21
-25.51
-20.96
-15.18
-9.08
-3.50
1.05
4.48
7.00
8.98
10.67
12.20
13.53
14.56
15.23
15.50
15.41
15.02
14.41
13.68
12.92
12.19
11.51
10.92
10.43
10.08
9.84
9.67
9.43
8.99
8.24
7.15
5.77
4.25
2.78
1.49
0.44
-0.43
-1.23
-2.15
-3.32
-4.81
-6.54
-8.31
-9.89
-11.09
-11.88
-12.43
-13.02
-13.96
-15.47
-17.57
-20.09
-22.67
-24.84
-26.05
-25.84
-23.96
-20.41
-15.56
-9.99
-4.37
0.68
4.77
7.79
9.86
11.29
12.38
13.39
14.35
15.19
15.75
15.89
15.64
15.10
14.47
13.90
13.43
13.03
12.65
12.26
11.88
11.56
11.29
10.99
10.55
9.82
8.77
7.42
5.91
4.40
3.04
1.91
1.00
0.20
-0.61
-1.56
-2.69
-3.98
-5.36
-6.77
-8.20
-9.63
-11.06
-12.46
-13.79
-15.01
-16.17
-17.42
-18.99
-21.05
-23.59
-26.25
-28.39
-29.21
-28.07
-24.75
-19.54
-13.21
-6.70
-0.88
3.78
7.19
9.57
11.32
12.73
13.97
15.05
15.92
16.54
16.94
17.15
17.17
16.96
16.45
15.65
14.67
13.70
12.97
12.61
12.61
12.79
12.92
12.79
12.28
11.41
10.28
9.03
7.79
6.62
5.55
4.55
3.59
2.63
1.64
0.60
-0.50
-1.69
-2.99
-4.39
-5.83
-7.27
-8.66
-9.99
-11.27
-12.52
-13.73
-14.88
-15.94
-16.93
-18.02
-19.41
-21.30
-23.73
-26.46
-28.94
-30.42
-30.19
-27.84
-23.41
-17.45
-10.79
-4.32
1.28
5.72
8.99
11.34
13.03
14.28
15.20
15.88
16.39
16.76
17.01
17.13
17.05
16.74
16.21
15.53
14.82
14.21
13.75
13.47
13.31
13.15
12.86
12.30
11.44
10.32
9.07
7.82
6.68
5.63
4.59
3.47
2.27
1.04
-0.09
-1.04
-1.83
-2.58
-3.48
-4.67
-6.16
-7.85
-9.60
-11.24
-12.68
-13.90
-14.93
-15.84
-16.70
-17.67
-18.96
-20.74
-23.06
-25.64
-27.87
-28.95
-28.12
-25.03
-19.88
-13.39
-6.58
-0.35
4.73
8.54
11.26
13.19
14.58
15.58
16.27
16.74
17.10
17.46
17.87
18.27
18.54
18.53
18.20
17.57
16.80
16.08
15.56
15.31
15.31
15.40
15.39
15.08
14.37
13.28
11.90
10.41
8.98
7.70
6.59
5.58
4.58
3.50
2.33
1.17
0.26
-0.12
0.31
1.61
3.55
5.53
6.71
6.18
3.21
-2.63
-11.38
-22.77
-36.20
-50.79
-65.34
-78.46
-88.70
-94.85
-96.25
-92.94
-85.62
-75.48
-63.98
-52.52
-42.29
-34.08
-28.21
-24.48
-22.21
-20.40
-17.98
-14.08
-8.33
-0.92
7.40
15.65
22.86
28.45
32.34
34.89
36.68
38.18
39.56
40.72
41.44
41.50
40.83
39.51
37.65
35.34
32.69
29.81
26.85
24.00
21.41
19.11
17.01
14.94
12.73
10.37
7.96
5.75
3.92
2.59
1.67
0.91
-0.03
-1.48
-3.62
-6.45
-9.66
-12.73
-14.99
-15.82
-14.80
-11.94
-7.68
-2.80
1.85
5.62
8.30
10.03
11.23
12.29
13.42
14.60
15.65
16.42
16.87
17.06
17.08
16.98
16.72
16.22
15.46
14.46
13.37
12.36
11.59
11.15
10.96
10.86
10.64
10.11
9.24
8.14
6.99
5.95
5.08
4.33
3.55
2.65
1.64
0.59
-0.44
-1.48
-2.62
-3.96
-5.50
-7.12
-8.63
-9.86
-10.80
-11.59
-12.51
-13.81
-15.62
-17.85
-20.17
-22.05
-22.93
-22.30
-19.96
-16.03
-11.03
-5.67
-0.66
3.53
6.74
9.12
10.95
12.50
13.86
15.01
15.88
16.44
16.71
16.77
16.66
16.40
15.96
15.27
14.28
12.96
11.35
9.51
7.57
5.72
4.10
2.83
1.93
1.33
0.93
0.57
0.15
-0.36
-1.00
-1.72
-2.53
-3.42
-4.37
-5.31
-6.20
-6.98
-7.63
-8.19
-8.71
-9.22
-9.73
-10.20
-10.65
-11.15
-11.88
-12.99
-14.55
-16.45
-18.31
-19.63
-19.90
-18.75
-16.12
-12.28
-7.75
-3.17
0.94
4.27
6.78
8.61
9.95
10.94
11.65
12.14
12.45
12.68
12.88
13.10
13.29
13.43
13.52
13.64
13.86
14.19
14.57
14.88
14.97
14.77
14.21
13.26
11.90
10.15
8.14
6.10
4.33
3.08
2.43
2.35
2.70
3.34
4.17
5.04
5.76
6.07
5.71
4.55
2.64
0.22
-2.40
-4.95
-7.32
-9.58
-11.88
-14.39
-17.13
-19.95
-22.53
-24.46
-25.32
-24.89
-23.16
-20.40
-17.01
-13.45
-10.07
-7.08
-4.56
-2.48
-0.78
0.64
1.86
2.99
4.12
5.33
6.61
7.91
9.16
10.26
11.17
11.93
12.63
13.38
14.22
15.09
15.90
16.52
16.94
17.17
17.29
17.33
17.25
16.97
16.44
15.69
14.82
13.97
13.21
12.51
11.83
11.12
10.46
10.03
10.02
10.58
11.65
12.92
13.90
13.99
12.72
9.84
5.44
-0.08
-6.14
-12.07
-17.23
-21.12
-23.35
-23.75
-22.37
-19.54
-15.75
-11.60
-7.64
-4.24
-1.55
0.48
1.99
3.15
4.09
4.87
5.49
5.89
6.03
5.91
5.57
5.07
4.51
3.92
3.33
2.78
2.30
1.96
1.77
1.73
1.72
1.57
1.11
0.23
-1.08
-2.69
-4.41
-6.03
-7.41
-8.54
-9.51
-10.47
-11.57
-12.89
-14.34
-15.78
-17.07
-18.16
-19.15
-20.24
-21.63
-23.44
-25.59
-27.89
-30.02
-31.59
-32.27
-31.74
-29.86
-26.68
-22.49
-17.79
-13.16
-9.05
-5.74
-3.26
-1.49
-0.23
0.69
1.45
2.20
3.05
4.06
5.21
6.37
7.38
8.14
8.64
8.94
9.15
9.28
9.31
9.13
8.60
7.63
6.18
4.30
2.13
-0.13
-2.24
-4.01
-5.37
-6.36
-7.19
-8.11
-9.33
-10.98
-13.03
-15.37
-17.86
-20.37
-22.77
-25.01
-27.07
-29.00
-30.97
-33.20
-35.96
-39.40
-43.43
-47.66
-51.40
-53.86
-54.33
-52.33
-47.84
-41.22
-33.16
-24.50
-16.00
-8.21
-1.41
4.41
9.44
13.90
17.94
21.61
24.88
27.66
29.89
31.55
32.67
33.34
33.62
33.60
33.36
32.97
32.48
31.97
31.46
30.96
30.41
29.72
28.80
27.57
26.04
24.32
22.58
20.99
19.62
18.38
17.12
15.66
13.93
11.99
9.96
7.97
6.05
4.20
2.39
0.61
-1.10
-2.77
-4.48
-6.42
-8.72
-11.34
-13.99
-16.15
-17.22
-16.79
-14.79
-11.55
-7.65
-3.72
-0.27
2.48
4.57
6.21
7.63
8.96
10.24
11.38
12.29
12.91
13.22
13.29
13.20
13.01
12.80
12.56
12.31
12.03
11.72
11.42
11.15
10.92
10.64
10.22
9.53
8.49
7.08
5.35
3.43
1.44
-0.51
-2.32
-3.92
-5.28
-6.43
-7.47
-8.55
-9.84
-11.34
-12.88
-14.09
-14.51
-13.79
-11.84
-8.87
-5.30
-1.60
1.87
5.02
7.92
10.70
13.40
15.86
17.80
18.91
19.06
18.43
17.46
16.73
16.65
17.39
18.73
20.26
21.53
22.21
22.15
21.25
19.43
16.62
12.81
8.20
3.14
-1.98
-6.91
-11.57
-16.05
-20.30
-23.99
-26.52
-27.24
-25.76
-22.23
-17.32
-11.96
-7.06
-3.15
-0.40
1.27
2.08
2.18
1.66
0.58
-0.95
-2.75
-4.60
-6.30
-7.75
-8.93
-9.93
-10.93
-12.07
-13.34
-14.48
-15.10
-14.73
-13.10
-10.28
-6.70
-3.00
0.25
2.69
4.32
5.33
5.98
6.40
6.56
6.39
5.84
4.97
3.91
2.81
1.73
0.67
-0.46
-1.68
-2.97
-4.19
-5.16
-5.73
-5.81
-5.42
-4.69
-3.81
-2.98
-2.31
-1.83
-1.50
-1.23
-0.96
-0.72
-0.58
-0.64
-0.93
-1.41
-1.98
-2.55
-3.07
-3.59
-4.13
-4.69
-5.26
-5.83
-6.48
-7.38
-8.67
-10.30
-11.98
-13.19
-13.39
-12.25
-9.78
-6.37
-2.59
1.00
4.06
6.44
8.18
9.40
10.23
10.78
11.15
11.43
11.67
11.92
12.19
12.46
12.71
12.88
12.91
12.75
12.37
11.78
11.06
10.32
9.64
9.09
8.63
8.17
7.58
6.79
5.76
4.55
3.29
2.13
1.14
0.34
-0.38
-1.14
-2.03
-3.13
-4.41
-5.82
-7.27
-8.68
-9.97
-11.05
-11.89
-12.53
-13.10
-13.75
-14.57
-15.47
-16.15
-16.16
-15.10
-12.77
-9.30
-5.12
-0.76
3.28
6.65
9.26
11.15
12.47
13.37
14.00
14.49
14.96
15.54
16.30
17.22
18.22
19.18
20.01
20.68
21.16
21.46
21.54
21.27
20.47
18.97
16.69
13.65
10.07
6.26
2.58
-0.70
-3.49
-5.88
-8.08
-10.31
-12.62
-14.91
-16.97
-18.62
-19.84
-20.68
-21.28
-21.77
-22.24
-22.75
-23.34
-23.96
-24.27
-23.69
-21.41
-16.68
-9.21
0.68
12.05
23.64
34.17
42.77
48.98
52.84
54.69
55.05
54.52
53.66
52.85
52.20
51.56
50.55
48.76
45.89
41.89
36.94
31.42
25.76
20.37
15.56
11.53
8.34
5.96
4.31
3.21
2.51
2.05
1.68
1.24
0.59
-0.36
-1.67
-3.30
-5.19
-7.24
-9.40
-11.60
-13.78
-15.85
-17.70
-19.17
-20.18
-20.73
-20.90
-20.89
-20.88
-21.05
-21.48
-22.19
-23.08
-24.00
-24.74
-25.11
-24.96
-24.23
-22.99
-21.36
-19.54
-17.74
-16.14
-14.89
-14.08
-13.68
-13.60
-13.64
-13.60
-13.34
-12.89
-12.37
-11.96
-11.80
-11.93
-12.26
-12.67
-13.01
-13.19
-13.18
-12.96
-12.52
-11.91
-11.20
-10.50
-9.91
-9.52
-9.32
-9.27
-9.31
-9.41
-9.56
-9.72
-9.86
-9.91
-9.80
-9.55
-9.24
-9.00
-8.94
-9.06
-9.26
-9.39
-9.34
-9.06
-8.64
-8.20
-7.86
-7.71
-7.75
-7.98
-8.37
-8.85
-9.27
-9.47
-9.30
-8.67
-7.64
-6.39
-5.13
-4.07
-3.29
-2.74
-2.31
-1.84
-1.25
-0.56
0.12
0.66
0.97
1.02
0.90
0.77
0.74
0.86
1.09
1.32
1.48
1.54
1.52
1.47
1.40
1.29
1.11
0.87
0.59
0.31
0.01
-0.30
-0.62
-0.88
-0.98
-0.85
-0.48
-0.02
0.34
0.42
0.14
-0.42
-1.11
-1.77
-2.33
-2.73
-2.99
-3.10
-3.06
-2.93
-2.83
-2.89
-3.21
-3.78
-4.47
-5.08
-5.42
-5.36
-4.91
-4.18
-3.28
-2.36
-1.49
-0.70
-0.01
0.59
1.11
1.53
1.87
2.15
2.39
2.61
2.78
2.89
2.87
2.73
2.45
2.11
1.77
1.50
1.34
1.29
1.32
1.37
1.35
1.19
0.87
0.42
-0.06
-0.48
-0.74
-0.82
-0.76
-0.68
-0.65
-0.75
-0.97
-1.26
-1.55
-1.77
-1.90
-1.97
-2.04
-2.15
-2.32
-2.56
-2.84
-3.16
-3.50
-3.86
-4.22
-4.49
-4.57
-4.38
-3.86
-3.05
-2.06
-1.02
-0.06
0.73
1.35
1.81
2.15
2.41
2.60
2.76
2.90
3.01
3.12
3.24
3.36
3.46
3.53
3.54
3.50
3.41
3.29
3.15
3.01
2.88
2.77
2.63
2.45
2.21
1.95
1.69
1.48
1.34
1.24
1.14
1.05
0.95
0.86
0.75
0.56
0.21
-0.31
-0.96
-1.61
-2.08
-2.31
-2.30
-2.25
-2.36
-2.75
-3.42
-4.16
-4.69
-4.78
-4.35
-3.51
-2.51
-1.58
-0.84
-0.25
0.28
0.84
1.44
2.01
2.51
2.93
3.34
3.77
4.23
4.62
4.85
4.84
4.62
4.26
3.91
3.67
3.59
3.64
3.79
3.96
4.09
4.12
3.99
3.64
3.06
2.29
1.41
0.59
-0.02
-0.35
-0.38
-0.22
0.01
0.18
0.23
0.15
-0.03
-0.29
-0.62
-0.98
-1.35
-1.67
-1.93
-2.13
-2.34
-2.65
-3.17
-3.94
-4.90
-5.90
-6.70
-7.09
-6.95
-6.29
-5.28
-4.13
-3.01
-1.98
-1.00
-0.03
0.95
1.86
2.59
3.12
3.52
3.89
4.32
4.73
5.00
4.98
4.69
4.25
3.88
3.70
3.72
3.79
3.79
3.66
3.44
3.27
3.19
3.20
3.21
3.13
2.90
2.54
2.07
1.51
0.91
0.34
-0.10
-0.35
-0.41
-0.36
-0.35
-0.47
-0.76
-1.13
-1.47
-1.71
-1.84
-1.92
-2.02
-2.18
-2.42
-2.73
-3.16
-3.74
-4.50
-5.36
-6.15
-6.66
-6.69
-6.16
-5.15
-3.84
-2.44
-1.14
-0.00
0.94
1.71
2.31
2.73
2.96
3.05
3.09
3.14
3.28
3.48
3.66
3.75
3.66
3.37
2.96
2.50
2.08
1.77
1.54
1.30
0.96
0.45
-0.25
-1.06
-1.90
-2.72
-3.53
-4.40
-5.47
-6.82
-8.44
-10.21
-11.92
-13.37
-14.49
-15.38
-16.31
-17.60
-19.50
-22.07
-25.11
-28.26
-31.10
-33.33
-34.93
-36.16
-37.59
-39.83
-43.46
-48.72
-55.31
-62.26
-67.96
-70.52
-68.30
-60.56
-47.78
-31.61
-14.28
2.18
16.60
28.89
39.65
49.58
58.82
66.81
72.49
74.89
73.54
68.73
61.37
52.56
43.30
34.23
25.67
17.72
10.42
3.85
-1.94
-6.98
-11.42
-15.47
-19.21
-22.47
-24.82
-25.83
-25.29
-23.51
-21.15
-18.98
-17.36
-15.99
-14.08
-10.73
-5.51
1.30
8.72
15.55
20.76
23.75
24.28
22.22
17.48
10.14
0.66
-9.83
-19.65
-27.03
-30.69
-30.31
-26.65
-21.19
-15.52
-10.80
-7.45
-5.24
-3.62
-2.11
-0.47
1.25
2.87
4.27
5.44
6.49
7.55
8.64
9.72
10.63
11.28
11.63
11.77
11.81
11.83
11.86
11.85
11.69
11.35
10.84
10.22
9.62
9.19
9.10
9.50
10.52
12.15
14.20
16.29
17.94
18.74
18.45
17.13
15.01
12.39
9.51
6.48
3.26
-0.25
-4.19
-8.61
-13.39
-18.08
-21.91
-23.89
-23.08
-18.98
-11.74
-2.23
8.26
18.38
27.12
33.92
38.66
41.44
42.45
41.91
40.05
37.21
33.75
30.00
26.21
22.50
18.90
15.40
12.03
8.86
6.00
3.60
1.78
0.61
0.11
0.14
0.46
0.75
0.71
0.16
-0.93
-2.46
-4.19
-5.90
-7.38
-8.52
-9.27
-9.70
-9.89
-9.98
-10.09
-10.29
-10.57
-10.90
-11.21
-11.53
-11.98
-12.74
-14.05
-16.05
-18.82
-22.22
-25.93
-29.37
-31.86
-32.72
-31.47
-28.03
-22.73
-16.21
-9.17
-2.23
4.30
10.30
15.76
20.69
25.01
28.61
31.41
33.36
34.49
34.81
34.38
33.26
31.63
29.72
27.82
26.20
25.01
24.25
23.78
23.45
23.12
22.78
22.44
22.09
21.60
20.72
19.19
16.89
13.90
10.52
7.18
4.23
1.81
-0.14
-1.85
-3.50
-5.16
-6.73
-7.99
-8.77
-9.01
-8.85
-8.56
-8.55
-9.27
-11.05
-14.05
-18.04
-22.41
-26.21
-28.38
-28.07
-24.94
-19.24
-11.77
-3.63
4.08
10.53
15.23
18.07
19.27
19.26
18.61
17.90
17.62
18.05
19.27
21.12
23.25
25.22
26.56
26.89
26.01
23.97
21.03
17.62
14.18
11.07
8.47
6.45
4.98
4.03
3.55
3.50
3.76
4.15
4.44
4.37
3.78
2.63
1.01
-0.91
-2.96
-5.00
-6.92
-8.64
-10.05
-11.07
-11.61
-11.73
-11.55
-11.29
-11.20
-11.46
-12.17
-13.34
-14.80
-16.29
-17.43
-17.83
-17.16
-15.33
-12.47
-8.92
-5.07
-1.24
2.37
5.69
8.68
11.27
13.38
14.94
15.96
16.47
16.52
16.14
15.29
14.02
12.43
10.77
9.30
8.30
7.93
8.24
9.18
10.60
12.27
13.90
15.09
15.49
14.79
12.84
9.69
5.56
0.79
-4.21
-9.08
-13.44
-17.01
-19.64
-21.33
-22.26
-22.72
-23.05
-23.49
-24.13
-24.86
-25.43
-25.60
-25.20
-24.16
-22.50
-20.25
-17.47
-14.24
-10.70
-7.03
-3.46
-0.13
2.88
5.52
7.74
9.37
10.16
9.88
8.38
5.70
2.12
-1.95
-5.98
-9.47
-11.97
-13.21
-13.11
-11.81
-9.62
-6.87
-3.84
-0.69
2.55
5.79
8.91
11.65
13.81
15.26
16.07
16.51
16.86
17.39
18.19
19.17
20.10
20.69
20.71
19.97
18.46
16.33
13.80
11.13
8.50
5.90
3.17
0.04
-3.71
-8.19
-13.26
-18.59
-23.60
-27.59
-29.90
-30.02
-27.81
-23.50
-17.73
-11.35
-5.20
0.04
3.98
6.54
7.88
8.26
8.04
7.51
6.92
6.38
5.88
5.34
4.61
3.56
2.11
0.22
-2.05
-4.56
-7.07
-9.24
-10.76
-11.43
-11.31
-10.71
-10.12
-10.03
-10.73
-12.25
-14.29
-16.40
-18.08
-18.89
-18.60
-17.17
-14.76
-11.73
-8.50
-5.51
-3.07
-1.34
-0.30
0.12
-0.00
-0.63
-1.73
-3.28
-5.25
-7.66
-10.53
-13.77
-17.12
-20.03
-21.80
-21.79
-19.71
-15.77
-10.65
-5.20
-0.18
4.02
7.29
9.80
11.72
13.22
14.42
15.40
16.29
17.13
17.89
18.45
18.68
18.47
17.84
16.90
15.86
14.89
14.15
13.69
13.49
13.44
13.39
13.16
12.66
11.81
10.66
9.33
7.96
6.71
5.72
5.05
4.70
4.54
4.39
4.01
3.26
2.10
0.67
-0.79
-2.08
-3.09
-3.91
-4.71
-5.70
-7.05
-8.83
-10.98
-13.36
-15.65
-17.37
-17.96
-16.90
-13.99
-9.48
-4.02
1.52
6.37
10.09
12.64
14.24
15.21
15.77
16.06
16.10
15.90
15.49
14.88
14.07
13.06
11.86
10.55
9.24
8.05
7.06
6.29
5.69
5.15
4.57
3.83
2.86
1.63
0.19
-1.35
-2.87
-4.28
-5.55
-6.69
-7.81
-8.98
-10.21
-11.46
-12.66
-13.75
-14.72
-15.67
-16.72
-18.02
-19.67
-21.66
-23.85
-25.91
-27.37
-27.69
-26.47
-23.53
-19.08
-13.66
-7.95
-2.62
1.92
5.52
8.28
10.44
12.25
13.83
15.23
16.42
17.31
17.90
18.23
18.36
18.35
18.17
17.76
17.05
16.06
14.91
13.83
13.00
12.47
12.11
11.67
10.85
9.48
7.56
5.24
2.78
0.42
-1.67
-3.42
-4.88
-6.13
-7.27
-8.37
-9.49
-10.67
-11.92
-13.25
-14.66
-16.14
-17.68
-19.29
-21.04
-23.01
-25.28
-27.85
-30.51
-32.84
-34.23
-34.03
-31.80
-27.52
-21.62
-14.91
-8.33
-2.65
1.73
4.84
7.02
8.67
10.07
11.30
12.28
12.91
13.16
13.11
12.94
12.79
12.72
12.68
12.53
12.17
11.59
10.86
10.11
9.43
8.83
8.25
7.60
6.81
5.86
4.81
3.71
2.61
1.51
0.37
-0.85
-2.16
-3.53
-4.93
-6.33
-7.76
-9.23
-10.77
-12.34
-13.87
-15.28
-16.49
-17.52
-18.48
-19.59
-21.06
-23.01
-25.37
-27.83
-29.85
-30.78
-30.06
-27.36
-22.73
-16.62
-9.77
-3.05
2.83
7.42
10.68
12.87
14.40
15.65
16.83
17.95
18.90
19.55
19.79
19.64
19.14
18.34
17.34
16.21
15.04
13.95
13.03
12.35
11.92
11.69
11.57
11.43
11.15
10.61
9.74
8.54
7.05
5.37
3.60
1.84
0.14
-1.47
-3.01
-4.54
-6.12
-7.80
-9.54
-11.28
-12.90
-14.33
-15.59
-16.82
-18.23
-20.03
-22.37
-25.23
-28.43
-31.53
-33.95
-35.01
-34.18
-31.24
-26.42
-20.36
-13.96
-8.05
-3.17
0.51
3.17
5.12
6.68
8.03
9.28
10.44
11.52
12.54
13.48
14.33
15.05
15.62
16.06
16.35
16.52
16.58
16.53
16.42
16.27
16.05
15.71
15.11
14.12
12.67
10.74
8.45
5.96
3.46
1.10
-1.02
-2.88
-4.57
-6.21
-7.90
-9.71
-11.56
-13.29
-14.71
-15.72
-16.39
-16.96
-17.80
-19.25
-21.42
-24.18
-27.02
-29.24
-30.06
-28.88
-25.47
-20.01
-13.11
-5.54
1.90
8.61
14.26
18.75
22.24
24.92
27.02
28.65
29.84
30.51
30.60
30.09
29.03
27.51
25.63
23.41
20.85
17.99
14.89
11.73
8.68
5.88
3.39
1.18
-0.81
-2.69
-4.58
-6.58
-8.72
-10.96
-13.17
-15.13
-16.70
-17.80
-18.54
-19.13
-19.80
-20.69
-21.71
-22.64
-23.12
-22.87
-21.73
-19.77
-17.27
-14.66
-12.34
-10.60
-9.41
-8.43
-7.05
-4.54
-0.30
5.93
13.90
22.93
32.06
40.39
47.27
52.47
56.09
58.37
59.45
59.24
57.50
53.94
48.45
41.23
32.79
23.87
15.20
7.35
0.61
-5.10
-10.15
-15.06
-20.37
-26.37
-32.97
-39.75
-46.01
-50.96
-53.95
-54.52
-52.50
-48.07
-41.66
-34.01
-26.02
-18.56
-12.32
-7.65
-4.55
-2.74
-1.83
-1.38
-1.04
-0.53
0.30
1.46
2.74
3.79
4.21
3.73
2.32
0.29
-1.76
-3.13
-3.16
-1.50
1.86
6.51
11.75
16.80
20.94
23.73
25.02
24.97
23.94
22.33
20.49
18.65
16.84
14.99
12.98
10.76
8.36
5.85
3.35
0.89
-1.56
-4.06
-6.64
-9.29
-11.89
-14.27
-16.24
-17.62
-18.33
-18.38
-17.90
-17.09
-16.17
-15.28
-14.48
-13.75
-13.04
-12.31
-11.54
-10.77
-10.02
-9.35
-8.79
-8.36
-8.01
-7.70
-7.33
-6.86
-6.30
-5.76
-5.42
-5.51
-6.13
-7.24
-8.58
-9.65
-9.84
-8.57
-5.48
-0.62
5.53
12.18
18.50
23.81
27.81
30.55
32.32
33.46
34.25
34.82
35.26
35.63
35.98
36.29
36.45
36.23
35.33
33.42
30.25
25.73
19.89
12.88
5.03
-3.19
-11.17
-18.26
-23.89
-27.73
-29.76
-30.27
-29.75
-28.75
-27.71
-26.80
-25.94
-24.86
-23.37
-21.44
-19.32
-17.38
-15.98
-15.22
-14.92
-14.74
-14.37
-13.68
-12.75
-11.79
-10.94
-10.23
-9.54
-8.68
-7.48
-5.79
-3.48
-0.46
3.32
7.79
12.76
17.91
22.85
27.21
30.75
33.37
35.11
36.14
36.64
36.75
36.55
36.01
35.01
33.35
30.83
27.36
23.03
18.12
13.02
8.12
3.64
-0.40
-4.12
-7.68
-11.15
-14.43
-17.37
-19.80
-21.72
-23.27
-24.65
-26.05
-27.49
-28.82
-29.83
-30.27
-29.98
-28.93
-27.20
-24.98
-22.52
-20.11
-18.02
-16.51
-15.74
-15.69
-16.10
-16.49
-16.27
-14.97
-12.34
-8.51
-3.89
0.92
5.35
9.02
11.81
13.81
15.19
16.16
16.83
17.28
17.56
17.76
17.92
18.06
18.11
17.96
17.54
16.84
15.95
15.00
14.08
13.20
12.32
11.36
10.29
9.16
8.04
6.96
5.89
4.75
3.46
2.03
0.54
-0.88
-2.14
-3.22
-4.17
-5.01
-5.76
-6.34
-6.71
-6.89
-7.00
-7.23
-7.80
-8.83
-10.37
-12.36
-14.61
-16.81
-18.53
-19.25
-18.55
-16.24
-12.49
-7.77
-2.75
2.00
6.08
9.34
11.82
13.63
14.88
15.66
16.05
16.13
16.02
15.79
15.49
15.12
14.65
14.06
13.37
12.64
11.98
11.48
11.20
11.08
11.01
10.85
10.48
9.82
8.89
7.73
6.41
5.01
3.61
2.28
1.09
0.05
-0.90
-1.86
-2.93
-4.13
-5.44
-6.76
-8.02
-9.22
-10.47
-11.91
-13.69
-15.78
-17.96
-19.80
-20.77
-20.46
-18.63
-15.42
-11.25
-6.70
-2.36
1.35
4.27
6.42
7.98
9.16
10.12
10.99
11.86
12.75
13.62
14.35
14.78
14.75
14.21
13.23
12.00
10.75
9.66
8.84
8.29
7.92
7.63
7.31
6.86
6.21
5.35
4.33
3.23
2.12
1.02
-0.13
-1.43
-2.93
-4.65
-6.48
-8.28
-9.91
-11.28
-12.37
-13.24
-13.96
-14.63
-15.35
-16.21
-17.26
-18.45
-19.58
-20.33
-20.28
-19.10
-16.69
-13.21
-9.08
-4.84
-0.95
2.34
4.99
7.12
8.90
10.44
11.75
12.74
13.30
13.37
12.97
12.21
11.23
10.18
9.13
8.08
6.99
5.78
4.40
2.84
1.15
-0.65
-2.53
-4.55
-6.74
-9.12
-11.59
-13.99
-16.06
-17.60
-18.48
-18.71
-18.42
-17.78
-17.00
-16.21
-15.47
-14.74
-13.93
-12.93
-11.73
-10.42
-9.17
-8.18
-7.47
-6.89
-6.07
-4.61
-2.26
0.94
4.70
8.55
12.05
14.94
17.17
18.87
20.22
21.43
22.58
23.68
24.63
25.28
25.47
25.07
24.07
22.54
20.63
18.50
16.33
14.23
12.27
10.49
8.86
7.32
5.75
4.03
2.07
-0.15
-2.50
-4.79
-6.77
-8.29
-9.34
-10.10
-10.89
-11.99
-13.56
-15.57
-17.73
-19.69
-21.03
-21.45
-20.76
-18.99
-16.34
-13.22
-10.11
-7.46
-5.48
-4.08
-2.93
-1.54
0.46
3.21
6.60
10.31
13.93
17.12
19.61
21.24
21.93
21.67
20.60
18.91
16.85
14.65
12.46
10.29
8.06
5.58
2.71
-0.61
-4.18
-7.58
-10.20
-11.40
-10.72
-8.09
-3.88
1.16
6.13
10.31
13.33
15.24
16.36
17.05
17.54
17.88
18.02
17.97
17.79
17.55
17.21
16.53
15.14
12.70
8.97
3.96
-2.10
-8.85
-15.81
-22.41
-28.06
-32.23
-34.58
-35.08
-34.08
-32.15
-29.93
-27.91
-26.28
-24.97
-23.72
-22.21
-20.15
-17.36
-13.82
-9.69
-5.28
-0.95
2.97
6.24
8.80
10.69
12.03
12.92
13.46
13.74
13.91
14.19
14.81
15.89
17.36
18.94
20.23
20.81
20.37
18.79
16.11
12.47
8.06
3.12
-2.11
-7.37
-12.46
-17.24
-21.75
-26.13
-30.53
-35.01
-39.43
-43.46
-46.60
-48.36
-48.37
-46.53
-43.06
-38.46
-33.41
-28.53
-24.21
-20.53
-17.28
-14.17
-10.98
-7.72
-4.56
-1.70
0.74
2.81
4.66
6.43
8.15
9.74
11.09
12.12
12.85
13.37
13.79
14.17
14.50
14.76
14.95
15.07
15.18
15.27
15.31
15.25
15.02
14.61
13.99
13.18
12.13
10.79
9.06
6.84
4.08
0.79
-2.88
-6.63
-10.02
-12.51
-13.63
-13.14
-11.15
-8.10
-4.62
-1.30
1.53
3.87
5.93
8.01
10.30
12.77
15.25
17.53
19.40
20.78
21.59
21.80
21.37
20.29
18.66
16.67
14.61
12.76
11.32
10.33
9.69
9.18
8.59
7.74
6.57
5.09
3.40
1.60
-0.17
-1.82
-3.24
-4.35
-5.12
-5.55
-5.78
-5.95
-6.27
-6.90
-7.92
-9.31
-10.96
-12.59
-13.87
-14.38
-13.80
-11.99
-9.06
-5.44
-1.66
1.78
4.57
6.68
8.25
9.50
10.57
11.51
12.24
12.70
12.85
12.74
12.44
12.03
11.51
10.83
9.90
8.69
7.23
5.69
4.23
2.99
1.98
1.11
0.20
-0.84
-2.04
-3.30
-4.48
-5.51
-6.41
-7.32
-8.39
-9.71
-11.29
-12.98
-14.63
-16.12
-17.43
-18.70
-20.16
-22.04
-24.44
-27.32
-30.39
-33.16
-35.02
-35.37
-33.83
-30.37
-25.43
-19.80
-14.42
-10.07
-7.12
-5.48
-4.73
-4.28
-3.70
-2.78
-1.61
-0.41
0.54
1.04
1.05
0.61
-0.11
-0.99
-1.88
-2.71
-3.44
-4.00
-4.34
-4.41
-4.24
-3.85
-3.32
-2.70
-2.02
-1.32
-0.63
-0.04
0.38
0.55
0.42
-0.01
-0.66
-1.42
-2.13
-2.65
-2.89
-2.90
-2.85
-3.02
-3.75
-5.25
-7.52
-10.28
-12.97
-14.91
-15.50
-14.46
-11.91
-8.41
-4.73
-1.61
0.50
1.59
2.00
2.29
3.05
4.73
7.52
11.32
15.73
20.16
23.98
26.69
28.03
28.09
27.16
25.64
23.90
22.19
20.66
19.32
18.09
16.84
15.41
13.68
11.63
9.36
7.08
5.01
3.32
2.06
1.18
0.48
-0.29
-1.34
-2.80
-4.62
-6.58
-8.38
-9.70
-10.40
-10.55
-10.41
-10.26
-10.25
-10.34
-10.32
-9.91
-8.92
-7.33
-5.24
-2.88
-0.46
1.83
3.86
5.48
6.59
7.12
7.12
6.75
6.26
5.88
5.80
6.07
6.67
7.46
8.31
9.11
9.79
10.32
10.72
10.99
11.16
11.20
11.05
10.68
10.08
9.27
8.31
7.25
6.12
4.93
3.68
2.41
1.15
-0.04
-1.15
-2.22
-3.34
-4.61
-6.07
-7.68
-9.26
-10.52
-11.13
-10.83
-9.52
-7.30
-4.49
-1.49
1.31
3.64
5.35
6.49
7.20
7.68
8.14
8.76
9.61
10.60
11.54
12.18
12.30
11.89
11.07
10.10
9.22
8.58
8.20
7.99
7.86
7.72
7.55
7.31
6.89
6.18
5.10
3.67
2.06
0.51
-0.74
-1.58
-2.06
-2.35
-2.69
-3.25
-4.14
-5.38
-6.97
-8.86
-10.95
-13.01
-14.71
-15.62
-15.37
-13.78
-10.96
-7.32
-3.45
0.05
2.75
4.51
5.45
5.93
6.29
6.83
7.61
8.52
9.33
9.80
9.83
9.44
8.77
7.99
7.27
6.69
6.27
6.00
5.86
5.81
5.80
5.77
5.63
5.28
4.67
3.75
2.55
1.13
-0.43
-2.02
-3.55
-4.92
-6.05
-6.93
-7.60
-8.17
-8.82
-9.73
-11.03
-12.76
-14.74
-16.66
-18.07
-18.56
-17.83
-15.89
-12.96
-9.48
-5.96
-2.84
-0.36
1.45
2.70
3.62
4.41
5.23
6.14
7.11
8.05
8.83
9.35
9.54
9.42
9.06
8.56
7.99
7.43
6.91
6.44
6.01
5.62
5.25
4.88
4.45
3.95
3.36
2.70
2.02
1.40
0.84
0.30
-0.34
-1.16
-2.21
-3.43
-4.68
-5.81
-6.71
-7.39
-7.96
-8.62
-9.56
-10.90
-12.57
-14.34
-15.83
-16.58
-16.22
-14.60
-11.84
-8.30
-4.48
-0.86
2.21
4.56
6.18
7.20
7.83
8.27
8.70
9.17
9.66
10.04
10.21
10.14
9.87
9.52
9.17
8.83
8.46
7.99
7.41
6.76
6.12
5.51
4.91
4.19
3.28
2.15
0.87
-0.40
-1.54
-2.51
-3.39
-4.30
-5.31
-6.41
-7.50
-8.45
-9.23
-9.87
-10.48
-11.20
-12.11
-13.25
-14.51
-15.70
-16.54
-16.71
-15.95
-14.17
-11.47
-8.14
-4.65
-1.45
1.12
2.96
4.13
4.87
5.43
5.98
6.56
7.11
7.51
7.66
7.56
7.24
6.80
6.32
5.87
5.46
5.09
4.75
4.40
4.04
3.68
3.31
2.90
2.44
1.87
1.11
0.15
-1.00
-2.26
-3.52
-4.68
-5.70
-6.61
-7.50
-8.46
-9.58
-10.89
-12.34
-13.82
-15.16
-16.09
-16.35
-15.70
-14.06
-11.54
-8.40
-5.05
-1.86
0.90
3.11
4.81
6.08
7.01
7.67
8.09
8.29
8.30
8.17
7.92
7.56
7.06
6.44
5.72
5.01
4.37
3.90
3.61
3.46
3.36
3.18
2.82
2.19
1.25
0.03
-1.41
-2.94
-4.42
-5.74
-6.84
-7.75
-8.59
-9.51
-10.63
-12.02
-13.64
-15.29
-16.67
-17.43
-17.22
-15.85
-13.35
-10.02
-6.31
-2.71
0.40
2.90
4.87
6.54
8.17
9.88
11.70
13.47
15.02
16.18
16.84
16.99
16.70
16.12
15.42
14.73
14.16
13.75
13.49
13.35
13.28
13.22
13.10
12.86
12.48
11.95
11.29
10.50
9.60
8.57
7.41
6.20
5.00
3.89
2.91
1.96
0.88
-0.54
-2.49
-5.05
-8.11
-11.39
-14.42
-16.67
-17.72
-17.29
-15.49
-12.73
-9.63
-6.79
-4.65
-3.30
-2.60
-2.22
-1.87
-1.43
-0.91
-0.41
-0.04
0.18
0.29
0.35
0.40
0.41
0.32
0.12
-0.17
-0.48
-0.71
-0.81
-0.70
-0.41
0.02
0.50
0.90
1.09
1.03
0.72
0.28
-0.15
-0.49
-0.73
-1.01
-1.47
-2.22
-3.26
-4.43
-5.50
-6.30
-6.78
-7.02
-7.20
-7.52
-8.11
-9.05
-10.35
-11.99
-13.81
-15.58
-16.89
-17.29
-16.38
-14.05
-10.51
-6.30
-2.08
1.59
4.44
6.52
8.06
9.35
10.54
11.64
12.55
13.17
13.49
13.56
13.48
13.31
13.03
12.62
12.07
11.41
10.74
10.15
9.70
9.40
9.17
8.91
8.52
7.94
7.19
6.33
5.43
4.55
3.72
2.91
2.04
1.04
-0.19
-1.68
-3.39
-5.21
-6.93
-8.35
-9.36
-9.96
-10.26
-10.47
-10.83
-11.52
-12.66
-14.23
-16.08
-17.84
-19.07
-19.29
-18.17
-15.67
-12.12
-8.05
-4.08
-0.70
1.81
3.38
4.07
4.02
3.42
2.47
1.43
0.52
-0.11
-0.45
-0.58
-0.61
-0.58
-0.43
-0.03
0.71
1.80
3.21
4.83
6.56
8.28
9.81
10.90
11.30
10.88
9.69
7.99
6.16
4.55
3.37
2.62
2.18
1.85
1.49
1.00
0.36
-0.44
-1.37
-2.40
-3.55
-4.85
-6.36
-8.19
-10.42
-13.07
-16.10
-19.31
-22.39
-24.93
-26.50
-26.82
-25.80
-23.59
-20.56
-17.13
-13.69
-10.46
-7.48
-4.68
-1.93
0.81
3.46
5.81
7.69
8.94
9.59
9.80
9.78
9.75
9.83
10.07
10.49
11.09
11.88
12.85
13.92
14.90
15.62
15.92
15.78
15.28
14.57
13.80
13.08
12.49
12.09
11.93
12.04
12.41
12.94
13.45
13.76
13.74
13.33
12.57
11.55
10.32
8.90
7.25
5.39
3.45
1.67
0.40
-0.09
0.33
1.50
3.04
4.49
5.44
5.71
5.38
4.74
4.13
3.75
3.64
3.65
3.57
3.26
2.72
2.11
1.59
1.33
1.32
1.46
1.57
1.50
1.17
0.60
-0.13
-0.92
-1.69
-2.42
-3.11
-3.77
-4.41
-5.05
-5.70
-6.35
-7.00
-7.62
-8.17
-8.65
-9.07
-9.48
-9.93
-10.52
-11.32
-12.42
-13.90
-15.70
-17.63
-19.28
-20.18
-19.90
-18.27
-15.44
-11.91
-8.30
-5.14
-2.71
-0.96
0.35
1.51
2.70
3.93
5.09
6.03
6.67
7.02
7.18
7.22
7.17
6.99
6.62
6.07
5.44
4.84
4.37
4.03
3.70
3.21
2.43
1.33
-0.00
-1.41
-2.67
-3.58
-4.03
-4.00
-3.57
-2.98
-2.47
-2.27
-2.45
-2.93
-3.55
-4.13
-4.59
-4.98
-5.47
-6.22
-7.33
-8.79
-10.42
-11.98
-13.14
-13.55
-12.95
-11.21
-8.43
-4.97
-1.32
2.02
4.68
6.56
7.80
8.68
9.51
10.48
11.59
12.71
13.63
14.19
14.38
14.28
14.07
13.91
13.85
13.84
13.76
13.49
12.98
12.28
11.48
10.70
9.98
9.28
8.52
7.62
6.53
5.29
4.00
2.80
1.78
0.93
0.14
-0.78
-1.99
-3.52
-5.24
-6.91
-8.31
-9.32
-10.02
-10.58
-11.20
-12.05
-13.20
-14.65
-16.36
-18.21
-19.94
-21.16
-21.41
-20.31
-17.80
-14.19
-10.08
-6.17
-2.97
-0.67
0.85
1.91
2.81
3.75
4.81
5.98
7.20
8.39
9.48
10.41
11.13
11.60
11.84
11.92
11.93
11.97
12.09
12.32
12.60
12.88
13.06
13.08
12.93
12.61
12.15
11.59
10.96
10.27
9.53
8.72
7.80
6.76
5.60
4.36
3.12
1.93
0.85
-0.10
-0.95
-1.77
-2.61
-3.57
-4.71
-6.09
-7.72
-9.57
-11.52
-13.34
-14.75
-15.40
-15.00
-13.41
-10.70
-7.21
-3.39
0.26
3.36
5.74
7.42
8.55
9.32
9.90
10.39
10.87
11.32
11.68
11.87
11.77
11.35
10.65
9.75
8.79
7.88
7.08
6.42
5.89
5.48
5.17
4.93
4.69
4.38
3.92
3.29
2.47
1.46
0.28
-1.05
-2.50
-3.97
-5.36
-6.61
-7.71
-8.74
-9.79
-10.92
-12.12
-13.32
-14.50
-15.62
-16.72
-17.81
-18.88
-19.95
-21.04
-22.23
-23.60
-25.11
-26.57
-27.59
-27.73
-26.64
-24.29
-20.93
-17.05
-13.15
-9.59
-6.48
-3.82
-1.53
0.38
1.84
2.80
3.31
3.55
3.77
4.19
4.91
5.87
6.94
7.98
8.92
9.68
10.20
10.37
10.09
9.30
7.99
6.20
3.98
1.37
-1.59
-4.84
-8.22
-11.53
-14.59
-17.28
-19.65
-21.81
-23.94
-26.09
-28.23
-30.17
-31.69
-32.58
-32.78
-32.32
-31.33
-29.94
-28.21
-26.05
-23.31
-19.79
-15.42
-10.32
-4.79
0.80
6.14
11.03
15.41
19.24
22.39
24.71
26.06
26.43
26.03
25.21
24.35
23.69
23.26
22.96
22.63
22.15
21.51
20.76
20.03
19.40
18.92
18.55
18.18
17.70
17.00
16.04
14.88
13.64
12.38
11.10
9.69
8.03
6.04
3.78
1.44
-0.76
-2.61
-4.01
-5.04
-5.89
-6.82
-8.06
-9.77
-11.95
-14.39
-16.77
-18.58
-19.33
-18.62
-16.31
-12.60
-7.98
-3.16
1.19
4.62
7.00
8.51
9.50
10.33
11.22
12.22
13.28
14.27
15.10
15.68
15.94
15.87
15.47
14.80
13.96
13.10
12.36
11.85
11.62
11.65
11.84
12.03
12.01
11.65
10.90
9.82
8.58
7.39
6.34
5.45
4.63
3.76
2.76
1.59
0.29
-1.09
-2.46
-3.75
-4.94
-6.08
-7.26
-8.65
-10.33
-12.29
-14.33
-16.09
-17.12
-17.09
-15.83
-13.45
-10.31
-6.87
-3.63
-0.98
0.92
2.06
2.65
2.95
3.21
3.55
3.96
4.30
4.42
4.22
3.70
2.92
1.98
0.89
-0.39
-1.88
-3.57
-5.31
-6.88
-8.11
-8.95
-9.50
-9.95
-10.48
-11.17
-12.02
-13.03
-14.24
-15.72
-17.58
-19.83
-22.38
-25.09
-27.77
-30.30
-32.57
-34.48
-35.79
-36.19
-35.31
-32.91
-29.00
-23.81
-17.84
-11.64
-5.71
-0.37
4.28
8.34
12.05
15.66
19.27
22.80
26.00
28.51
30.08
30.61
30.26
29.31
28.07
26.77
25.52
24.34
23.22
22.17
21.19
20.26
19.30
18.21
16.92
15.47
13.92
12.37
10.81
9.13
7.14
4.73
1.99
-0.76
-3.03
-4.41
-4.72
-4.14
-3.12
-2.17
-1.75
-2.03
-2.91
-4.08
-5.15
-5.77
-5.73
-5.00
-3.76
-2.29
-0.87
0.27
1.10
1.72
2.33
3.11
4.10
5.24
6.35
7.23
7.66
7.54
6.86
5.71
4.28
2.82
1.56
0.61
0.01
-0.29
-0.43
-0.53
-0.73
-1.12
-1.81
-2.83
-4.11
-5.52
-6.85
-7.91
-8.58
-8.89
-8.94
-8.96
-9.15
-9.68
-10.62
-11.86
-13.22
-14.39
-15.06
-14.99
-14.02
-12.17
-9.57
-6.48
-3.24
-0.18
2.47
4.58
6.21
7.49
8.58
9.59
10.56
11.48
12.27
12.87
13.18
13.09
12.58
11.69
10.60
9.52
8.67
8.14
7.90
7.81
7.73
7.52
7.15
6.59
5.86
5.00
4.04
3.03
1.99
0.93
-0.17
-1.32
-2.48
-3.61
-4.62
-5.54
-6.44
-7.48
-8.78
-10.32
-11.88
-13.09
-13.58
-13.04
-11.41
-8.85
-5.71
-2.37
0.82
3.58
5.80
7.44
8.58
9.36
9.98
10.60
11.32
12.12
12.86
13.35
13.46
13.17
12.60
11.94
11.34
10.89
10.57
10.36
10.21
10.14
10.12
10.10
9.95
9.54
8.75
7.59
6.14
4.57
3.05
1.68
0.48
-0.57
-1.54
-2.50
-3.45
-4.36
-5.18
-5.91
-6.59
-7.33
-8.26
-9.50
-11.08
-12.90
-14.76
-16.34
-17.28
-17.26
-16.14
-13.96
-11.00
-7.66
-4.36
-1.42
0.98
2.84
4.28
5.48
6.59
7.73
8.89
10.02
10.98
11.68
12.07
12.18
12.09
11.89
11.68
11.51
11.42
11.44
11.58
11.79
11.97
12.04
11.88
11.44
10.70
9.71
8.58
7.40
6.25
5.14
4.04
2.90
1.69
0.43
-0.78
-1.84
-2.68
-3.29
-3.75
-4.20
-4.80
-5.72
-7.06
-8.86
-11.05
-13.39
-15.53
-17.01
-17.44
-16.59
-14.49
-11.48
-8.09
-4.89
-2.29
-0.44
0.77
1.58
2.28
3.02
3.83
4.62
5.31
5.77
5.91
5.69
5.09
4.16
3.01
1.82
0.77
-0.01
-0.50
-0.77
-0.91
-1.04
-1.17
-1.27
-1.23
-0.98
-0.46
0.30
1.21
2.18
3.07
3.78
4.22
4.32
4.01
3.26
2.07
0.48
-1.45
-3.67
-6.14
-8.86
-11.81
-14.82
-17.62
-19.76
-20.82
-20.49
-18.76
-15.94
-12.59
-9.34
-6.67
-4.80
-3.60
-2.80
-2.12
-1.39
-0.59
0.21
0.96
1.63
2.19
2.61
2.74
2.48
1.77
0.71
-0.43
-1.39
-1.96
-2.15
-2.15
-2.25
-2.72
-3.68
-5.11
-6.82
-8.57
-10.14
-11.38
-12.28
-12.98
-13.66
-14.53
-15.69
-17.11
-18.66
-20.16
-21.45
-22.48
-23.27
-23.94
-24.62
-25.41
-26.31
-27.20
-27.86
-27.94
-27.10
-25.08
-21.81
-17.50
-12.54
-7.47
-2.77
1.26
4.55
7.20
9.38
11.27
12.98
14.57
16.02
17.30
18.34
18.99
19.13
18.70
17.73
16.33
14.65
12.77
10.73
8.54
6.30
4.21
2.47
1.24
0.45
-0.10
-0.73
-1.65
-2.86
-4.18
-5.30
-5.98
-6.11
-5.76
-5.14
-4.48
-3.93
-3.56
-3.30
-3.07
-2.73
-2.25
-1.64
-1.01
-0.56
-0.48
-0.92
-1.87
-3.09
-4.13
-4.36
-3.22
-0.38
4.07
9.55
15.12
19.70
22.41
22.81
21.02
17.64
13.55
9.61
6.44
4.30
3.12
2.61
2.48
2.48
2.52
2.57
2.59
2.55
2.40
2.15
1.88
1.72
1.74
1.92
2.10
2.08
1.70
0.94
-0.08
-1.14
-2.06
-2.72
-3.13
-3.39
-3.61
-3.97
-4.63
-5.75
-7.36
-9.38
-11.53
-13.45
-14.80
-15.41
-15.32
-14.79
-14.24
-14.03
-14.45
-15.54
-17.12
-18.77
-19.96
-20.13
-18.85
-16.00
-11.80
-6.77
-1.58
3.13
6.97
9.81
11.78
13.17
14.28
15.32
16.36
17.39
18.30
19.04
19.55
19.81
19.84
19.64
19.24
18.66
17.97
17.24
16.54
15.90
15.33
14.78
14.20
13.53
12.71
11.70
10.50
9.17
7.80
6.54
5.47
4.63
3.92
3.23
2.42
1.43
0.28
-0.92
-2.07
-3.07
-3.91
-4.67
-5.45
-6.41
-7.67
-9.33
-11.37
-13.62
-15.73
-17.22
-17.58
-16.45
-13.77
-9.88
-5.36
-0.88
3.04
6.14
8.44
10.07
11.23
12.06
12.67
13.16
13.63
14.13
14.65
15.08
15.31
15.29
15.06
14.76
14.50
14.35
14.24
14.07
13.71
13.12
12.31
11.38
10.44
9.54
8.67
7.76
6.74
5.56
4.26
2.92
1.62
0.42
-0.73
-1.88
-3.11
-4.43
-5.77
-7.07
-8.25
-9.33
-10.35
-11.39
-12.53
-13.85
-15.39
-17.17
-19.09
-20.92
-22.21
-22.45
-21.23
-18.40
-14.22
-9.26
-4.26
0.17
3.68
6.30
8.26
9.87
11.32
12.63
13.67
14.28
14.41
14.09
13.48
12.72
11.89
10.98
9.93
8.72
7.40
6.08
4.89
3.87
2.94
1.93
0.69
-0.83
-2.54
-4.26
-5.81
-7.13
-8.27
-9.40
-10.62
-11.91
-13.07
-13.89
-14.24
-14.25
-14.25
-14.64
-15.73
-17.60
-20.05
-22.64
-24.86
-26.20
-26.33
-25.08
-22.55
-19.06
-15.06
-11.04
-7.41
-4.41
-2.07
-0.27
1.16
2.34
3.28
3.91
4.12
3.90
3.32
2.59
1.92
1.46
1.26
1.26
1.37
1.60
2.00
2.69
3.72
5.00
6.30
7.33
7.91
8.00
7.73
7.30
6.87
6.51
6.14
5.65
4.89
3.79
2.40
0.91
-0.45
-1.46
-2.06
-2.31
-2.44
-2.75
-3.47
-4.73
-6.49
-8.54
-10.50
-11.93
-12.39
-11.58
-9.50
-6.41
-2.84
0.64
3.55
5.66
6.99
7.76
8.24
8.70
9.30
10.13
11.13
12.18
13.10
13.72
13.93
13.71
13.13
12.33
11.47
10.71
10.18
9.97
10.05
10.32
10.57
10.60
10.24
9.43
8.24
6.83
5.42
4.18
3.21
2.48
1.89
1.29
0.53
-0.45
-1.61
-2.84
-4.01
-5.03
-5.89
-6.66
-7.50
-8.59
-10.06
-11.97
-14.23
-16.61
-18.74
-20.18
-20.51
-19.48
-17.11
-13.69
-9.75
-5.86
-2.45
0.23
2.18
3.56
4.61
5.51
6.41
7.34
8.28
9.18
9.94
10.51
10.84
10.94
10.86
10.67
10.43
10.22
10.10
10.13
10.37
10.81
11.45
12.23
13.05
13.81
14.38
14.66
14.57
14.09
13.22
11.97
10.36
8.37
6.04
3.44
0.78
-1.72
-3.88
-5.66
-7.18
-8.66
-10.31
-12.25
-14.49
-16.98
-19.64
-22.41
-25.16
-27.58
-29.27
-29.74
-28.69
-26.11
-22.38
-18.15
-14.16
-11.01
-9.01
-8.16
-8.26
-9.06
-10.33
-11.90
-13.65
-15.44
-17.05
-18.25
-18.83
-18.66
-17.74
-16.18
-14.10
-11.53
-8.42
-4.69
-0.32
4.55
9.64
14.55
18.87
22.31
24.73
26.13
26.62
26.39
25.63
24.55
23.33
22.12
21.04
20.12
19.30
18.38
17.18
15.52
13.39
10.98
8.61
6.66
5.41
4.97
5.21
5.89
6.67
7.28
7.52
7.38
6.94
6.36
5.83
5.43
5.19
5.01
4.77
4.40
3.87
3.24
2.55
1.83
1.05
0.23
-0.58
-1.25
-1.63
-1.62
-1.22
-0.60
0.06
0.54
0.75
0.65
0.31
-0.20
-0.82
-1.50
-2.25
-3.10
-4.12
-5.44
-7.14
-9.25
-11.65
-14.02
-15.91
-16.83
-16.50
-14.86
-12.19
-8.98
-5.77
-2.97
-0.76
0.92
2.24
3.40
4.51
5.60
6.64
7.60
8.48
9.24
9.80
10.09
10.00
9.53
8.78
7.90
7.05
6.35
5.88
5.62
5.50
5.41
5.20
4.72
3.87
2.65
1.17
-0.38
-1.81
-3.02
-3.99
-4.75
-5.43
-6.14
-6.97
-8.02
-9.33
-10.88
-12.54
-14.07
-15.19
-15.59
-15.05
-13.48
-10.96
-7.76
-4.27
-0.90
1.99
4.22
5.79
6.87
7.69
8.47
9.35
10.34
11.35
12.20
12.72
12.77
12.37
11.64
10.75
9.89
9.16
8.58
8.15
7.81
7.51
7.23
6.89
6.44
5.85
5.12
4.33
3.57
2.88
2.24
1.54
0.64
-0.53
-1.97
-3.53
-5.01
-6.25
-7.14
-7.74
-8.17
-8.66
-9.38
-10.48
-12.04
-14.03
-16.30
-18.50
-20.15
-20.75
-19.92
-17.62
-14.12
-10.02
-5.98
-2.55
-0.01
1.68
2.74
3.52
4.31
5.29
6.52
7.90
9.25
10.31
10.93
11.04
10.72
10.16
9.53
8.95
8.52
8.26
8.17
8.23
8.36
8.42
8.24
7.71
6.81
5.68
4.55
3.63
3.02
2.67
2.40
1.97
1.21
0.08
-1.30
-2.74
-4.03
-5.05
-5.81
-6.47
-7.20
-8.21
-9.60
-11.36
-13.36
-15.33
-16.85
-17.44
-16.66
-14.32
-10.58
-6.01
-1.42
2.37
4.80
5.76
5.53
4.64
3.63
2.85
2.42
2.23
2.12
1.89
1.44
0.72
-0.21
-1.24
-2.24
-3.04
-3.55
-3.70
-3.49
-2.97
-2.25
-1.45
-0.73
-0.20
0.07
0.16
0.23
0.52
1.19
2.28
3.62
4.89
5.79
6.08
5.72
4.86
3.73
2.56
1.43
0.28
-1.11
-3.01
-5.59
-8.78
-12.27
-15.51
-17.91
-18.99
-18.56
-16.81
-14.20
-11.32
-8.71
-6.68
-5.30
-4.44
-3.85
-3.33
-2.76
-2.12
-1.47
-0.90
-0.51
-0.40
-0.64
-1.24
-2.20
-3.46
-4.89
-6.34
-7.68
-8.77
-9.57
-10.07
-10.30
-10.28
-10.02
-9.45
-8.52
-7.22
-5.66
-4.03
-2.56
-1.47
-0.81
-0.58
-0.68
-1.05
-1.66
-2.51
-3.63
-4.99
-6.58
-8.35
-10.26
-12.20
-13.96
-15.22
-15.58
-14.76
-12.68
-9.58
-5.95
-2.34
0.81
3.27
5.11
6.56
7.86
9.23
10.73
12.32
13.86
15.23
16.27
16.89
17.05
16.76
16.10
15.16
14.08
13.00
12.10
11.47
11.14
11.05
11.02
10.84
10.34
9.45
8.24
6.84
5.43
4.13
3.00
2.02
1.05
-0.05
-1.41
-3.06
-4.89
-6.71
-8.32
-9.65
-10.82
-12.10
-13.75
-15.90
-18.43
-20.95
-22.94
-23.87
-23.38
-21.35
-17.98
-13.66
-8.92
-4.30
-0.18
3.21
5.88
7.97
9.67
11.21
12.73
14.29
15.85
17.27
18.43
19.23
19.65
19.79
19.75
19.61
19.41
19.12
18.77
18.43
18.17
18.04
17.90
17.52
16.65
15.17
13.22
11.11
9.20
7.72
6.66
5.82
4.92
3.78
2.37
0.78
-0.88
-2.52
-4.14
-5.75
-7.40
-9.07
-10.76
-12.53
-14.46
-16.65
-19.09
-21.56
-23.57
-24.58
-24.13
-22.08
-18.68
-14.52
-10.26
-6.46
-3.37
-0.95
1.05
2.89
4.76
6.71
8.65
10.41
11.85
12.90
13.56
13.93
14.13
14.28
14.39
14.48
14.54
14.59
14.68
14.84
15.08
15.33
15.51
15.51
15.29
14.85
14.23
13.46
12.55
11.52
10.39
9.15
7.79
6.32
4.68
2.88
0.95
-1.03
-2.94
-4.71
-6.31
-7.84
-9.42
-11.21
-13.34
-15.73
-18.18
-20.27
-21.57
-21.69
-20.53
-18.27
-15.37
-12.36
-9.69
-7.60
-6.10
-5.04
-4.19
-3.29
-2.13
-0.60
1.33
3.50
5.67
7.56
8.98
9.91
10.46
10.80
11.03
11.16
11.12
10.88
10.46
9.97
9.48
9.04
8.59
8.02
7.27
6.30
5.15
3.87
2.49
1.05
-0.42
-1.83
-3.09
-4.16
-5.06
-5.91
-6.90
-8.18
-9.81
-11.73
-13.67
-15.24
-15.99
-15.57
-13.83
-10.94
-7.33
-3.60
-0.31
2.20
3.86
4.84
5.47
6.07
6.89
7.98
9.27
10.59
11.70
12.43
12.64
12.31
11.50
10.36
9.10
7.91
6.95
6.27
5.80
5.38
4.84
4.07
3.05
1.90
0.77
-0.22
-1.03
-1.71
-2.36
-3.08
-3.96
-5.04
-6.30
-7.63
-8.90
-9.98
-10.81
-11.46
-12.14
-13.08
-14.47
-16.29
-18.32
-20.10
-21.12
-20.95
-19.41
-16.68
-13.21
-9.62
-6.50
-4.18
-2.69
-1.80
-1.18
-0.48
0.45
1.60
2.87
4.10
5.20
6.10
6.78
7.22
7.40
7.33
7.00
6.47
5.81
5.07
4.35
3.68
3.08
2.50
1.85
1.02
-0.06
-1.37
-2.78
-4.11
-5.20
-6.05
-6.81
-7.72
-8.96
-10.55
-12.33
-14.03
-15.45
-16.54
-17.39
-18.23
-19.23
-20.46
-21.90
-23.43
-24.89
-26.06
-26.65
-26.28
-24.63
-21.50
-16.98
-11.51
-5.71
-0.26
4.33
7.85
10.40
12.29
13.92
15.61
17.52
19.64
21.74
23.49
24.63
24.99
24.64
23.78
22.73
21.73
20.92
20.32
19.89
19.59
19.37
19.19
18.90
18.33
17.32
15.83
13.96
11.93
10.00
8.35
7.00
5.81
4.55
3.06
1.28
-0.69
-2.63
-4.33
-5.69
-6.75
-7.74
-8.95
-10.63
-12.90
-15.65
-18.61
-21.31
-23.26
-23.93
-22.98
-20.30
-16.12
-10.93
-5.41
-0.24
4.10
7.37
9.56
10.85
11.50
11.78
11.92
12.10
12.37
12.72
12.97
12.93
12.42
11.37
9.86
8.10
6.33
4.80
3.62
2.75
2.04
1.33
0.54
-0.32
-1.13
-1.77
-2.21
-2.57
-3.03
-3.74
-4.76
-5.97
-7.22
-8.36
-9.40
-10.42
-11.55
-12.87
-14.40
-16.11
-17.99
-20.00
-22.00
-23.67
-24.50
-23.95
-21.69
-17.81
-12.84
-7.60
-2.89
0.80
3.45
5.39
7.08
8.88
10.88
12.94
14.78
16.21
17.17
17.71
17.97
18.01
17.84
17.42
16.76
15.95
15.13
14.44
13.93
13.51
13.00
12.21
11.06
9.62
8.08
6.69
5.59
4.73
3.92
2.90
1.46
-0.41
-2.56
-4.76
-6.85
-8.81
-10.78
-12.93
-15.39
-18.20
-21.30
-24.51
-27.54
-29.99
-31.33
-31.06
-28.86
-24.80
-19.38
-13.42
-7.82
-3.22
0.13
2.40
4.03
5.50
7.10
8.89
10.70
12.29
13.47
14.16
14.47
14.52
14.44
14.29
14.02
13.63
13.12
12.60
12.14
11.76
11.38
10.83
9.98
8.82
7.49
6.21
5.16
4.37
3.72
2.98
1.97
0.65
-0.90
-2.50
-4.00
-5.32
-6.46
-7.51
-8.57
-9.73
-11.07
-12.62
-14.36
-16.16
-17.68
-18.51
-18.18
-16.44
-13.33
-9.29
-5.01
-1.19
1.64
3.36
4.17
4.51
4.81
5.29
5.94
6.59
7.03
7.11
6.83
6.28
5.58
4.80
3.97
3.06
2.07
1.04
0.03
-0.81
-1.38
-1.60
-1.51
-1.24
-0.96
-0.84
-1.00
-1.45
-2.15
-3.03
-3.98
-4.90
-5.73
-6.42
-7.02
-7.64
-8.43
-9.54
-11.04
-12.82
-14.66
-16.15
-16.83
-16.29
-14.32
-10.98
-6.67
-2.00
2.40
6.03
8.72
10.57
11.90
12.97
13.94
14.81
15.50
15.90
16.01
15.88
15.59
15.23
14.83
14.38
13.86
13.22
12.45
11.58
10.64
9.66
8.66
7.62
6.45
5.07
3.44
1.59
-0.32
-2.10
-3.58
-4.68
-5.48
-6.15
-6.93
-8.03
-9.57
-11.55
-13.85
-16.23
-18.37
-19.83
-20.21
-19.19
-16.74
-13.14
-8.98
-4.95
-1.55
1.01
2.92
4.54
6.24
8.10
10.02
11.72
12.96
13.70
14.02
14.05
13.86
13.44
12.74
11.80
10.77
9.90
9.37
9.23
9.33
9.38
9.12
8.39
7.25
5.89
4.56
3.41
2.47
1.61
0.65
-0.56
-2.07
-3.79
-5.56
-7.21
-8.61
-9.76
-10.78
-11.87
-13.29
-15.17
-17.51
-20.05
-22.30
-23.66
-23.59
-21.80
-18.42
-13.92
-9.04
-4.53
-0.94
1.55
3.15
4.25
5.35
6.74
8.47
10.33
11.98
13.13
13.60
13.45
12.87
12.09
11.31
10.64
10.08
9.61
9.21
8.88
8.61
8.38
8.13
7.71
7.01
5.93
4.51
2.87
1.23
-0.23
-1.40
-2.32
-3.11
-3.92
-4.89
-6.06
-7.38
-8.76
-10.10
-11.35
-12.53
-13.70
-14.96
-16.45
-18.22
-20.30
-22.53
-24.61
-26.08
-26.43
-25.24
-22.35
-17.92
-12.48
-6.70
-1.31
3.21
6.68
9.21
11.14
12.83
14.53
16.33
18.07
19.51
20.35
20.41
19.66
18.24
16.37
14.36
12.46
10.95
10.00
9.73
10.09
10.92
11.97
12.99
13.80
14.35
14.67
14.82
14.83
14.66
14.29
13.70
12.95
12.16
11.40
10.71
10.01
9.15
7.97
6.39
4.39
2.09
-0.27
-2.33
-3.67
-3.93
-2.88
-0.50
3.01
7.34
12.16
17.26
22.59
28.18
33.98
39.82
45.30
49.94
53.21
54.67
54.03
51.17
46.16
39.38
31.41
23.03
15.04
8.02
2.26
-2.30
-5.96
-9.10
-12.04
-14.98
-17.98
-21.03
-24.04
-26.90
-29.43
-31.49
-32.96
-33.82
-34.19
-34.29
-34.39
-34.69
-35.25
-35.96
-36.62
-37.05
-37.19
-37.14
-37.08
-37.11
-37.13
-36.80
-35.66
-33.29
-29.52
-24.53
-18.84
-13.13
-8.04
-3.98
-1.06
0.91
2.22
3.13
3.82
4.30
4.53
4.49
4.21
3.77
3.24
2.68
2.09
1.43
0.73
0.06
-0.45
-0.70
-0.62
-0.29
0.13
0.43
0.43
0.12
-0.42
-1.02
-1.53
-1.92
-2.23
-2.58
-3.04
-3.61
-4.25
-4.93
-5.64
-6.40
-7.19
-7.98
-8.66
-9.20
-9.64
-10.16
-10.93
-11.98
-13.11
-13.90
-13.88
-12.70
-10.40
-7.34
-4.15
-1.40
0.54
1.64
2.17
2.48
2.87
3.49
4.27
5.08
5.74
6.17
6.38
6.40
6.29
6.04
5.63
5.09
4.50
4.03
3.81
3.85
4.08
4.30
4.31
4.00
3.38
2.58
1.75
1.06
0.55
0.21
-0.05
-0.38
-0.90
-1.68
-2.67
-3.78
-4.85
-5.78
-6.52
-7.12
-7.64
-8.19
-8.85
-9.73
-10.88
-12.28
-13.77
-15.03
-15.63
-15.21
-13.63
-11.08
-8.06
-5.13
-2.79
-1.27
-0.49
-0.15
0.10
0.55
1.31
2.28
3.26
3.97
4.24
4.05
3.52
2.88
2.33
1.97
1.77
1.62
1.40
1.05
0.53
-0.12
-0.89
-1.78
-2.83
-4.07
-5.58
-7.42
-9.68
-12.34
-15.29
-18.27
-20.94
-23.02
-24.38
-25.08
-25.40
-25.71
-26.34
-27.45
-29.00
-30.69
-32.05
-32.52
-31.61
-29.06
-24.90
-19.50
-13.41
-7.25
-1.53
3.44
7.58
11.01
13.97
16.70
19.39
22.10
24.69
26.95
28.60
29.48
29.53
28.87
27.67
26.18
24.62
23.25
22.23
21.69
21.53
21.53
21.35
20.68
19.39
17.54
15.38
13.21
11.24
9.51
7.97
6.50
4.94
3.23
1.35
-0.62
-2.54
-4.29
-5.88
-7.42
-9.15
-11.38
-14.23
-17.58
-20.97
-23.66
-24.91
-24.10
-21.06
-16.13
-10.06
-3.80
1.80
6.26
9.54
11.93
13.89
15.77
17.69
19.60
21.29
22.59
23.39
23.67
23.42
22.70
21.55
20.08
18.41
16.74
15.26
14.14
13.48
13.19
13.03
12.68
11.86
10.43
8.49
6.28
4.11
2.23
0.74
-0.39
-1.36
-2.38
-3.63
-5.21
-7.03
-8.92
-10.65
-12.09
-13.26
-14.39
-15.80
-17.79
-20.46
-23.62
-26.82
-29.39
-30.54
-29.66
-26.43
-21.02
-14.08
-6.62
0.28
5.80
9.58
11.80
13.06
14.04
15.28
16.95
18.85
20.59
21.75
22.12
21.72
20.73
19.41
17.93
16.38
14.84
13.43
12.33
11.66
11.46
11.56
11.65
11.38
10.54
9.13
7.33
5.43
3.68
2.19
0.91
-0.31
-1.63
-3.14
-4.83
-6.57
-8.20
-9.61
-10.77
-11.79
-12.82
-14.07
-15.71
-17.81
-20.23
-22.61
-24.35
-24.79
-23.42
-20.05
-14.94
-8.75
-2.33
3.50
8.16
11.44
13.43
14.43
14.84
14.99
15.09
15.19
15.23
15.08
14.66
13.96
13.08
12.14
11.22
10.34
9.45
8.50
7.52
6.56
5.68
4.94
4.28
3.61
2.83
1.90
0.85
-0.27
-1.42
-2.57
-3.75
-4.98
-6.22
-7.38
-8.42
-9.32
-10.21
-11.25
-12.62
-14.42
-16.56
-18.76
-20.49
-21.19
-20.31
-17.60
-13.19
-7.66
-1.83
3.42
7.50
10.22
11.76
12.55
13.01
13.43
13.86
14.20
14.30
14.05
13.46
12.60
11.60
10.57
9.57
8.60
7.65
6.69
5.76
4.92
4.19
3.55
2.87
1.94
0.63
-1.13
-3.21
-5.41
-7.44
-9.10
-10.32
-11.16
-11.82
-12.54
-13.56
-15.06
-17.09
-19.49
-21.92
-23.87
-24.77
-24.14
-21.76
-17.75
-12.59
-6.99
-1.67
2.77
6.10
8.40
10.03
11.39
12.79
14.33
15.85
17.13
17.90
18.05
17.59
16.68
15.49
14.18
12.89
11.65
10.49
9.44
8.52
7.79
7.23
6.78
6.31
5.66
4.67
3.28
1.51
-0.53
-2.68
-4.73
-6.52
-7.99
-9.13
-10.05
-10.94
-12.04
-13.57
-15.68
-18.33
-21.22
-23.79
-25.35
-25.25
-23.13
-19.09
-13.64
-7.59
-1.79
3.12
6.83
9.40
11.12
12.39
13.54
14.76
16.06
17.27
18.18
18.58
18.39
17.64
16.49
15.10
13.66
12.29
11.08
10.11
9.41
8.97
8.74
8.58
8.32
7.78
6.83
5.45
3.79
2.06
0.54
-0.61
-1.38
-1.95
-2.63
-3.73
-5.38
-7.51
-9.82
-11.93
-13.53
-14.53
-15.07
-15.55
-16.42
-18.04
-20.53
-23.67
-26.93
-29.55
-30.76
-29.93
-26.82
-21.62
-14.99
-7.85
-1.17
4.32
8.35
11.04
12.81
14.12
15.32
16.54
17.70
18.65
19.24
19.37
18.99
18.09
16.77
15.16
13.47
11.96
10.83
10.19
10.00
10.07
10.11
9.85
9.09
7.81
6.14
4.32
2.55
0.93
-0.57
-2.04
-3.58
-5.17
-6.76
-8.24
-9.57
-10.79
-11.95
-13.19
-14.60
-16.32
-18.44
-21.00
-23.81
-26.45
-28.23
-28.38
-26.36
-22.06
-15.99
-9.10
-2.53
2.88
6.75
9.27
10.96
12.37
13.82
15.35
16.74
17.76
18.27
18.25
17.80
17.04
16.09
15.05
14.01
13.04
12.22
11.58
11.12
10.76
10.42
9.94
9.23
8.24
7.00
5.58
4.08
2.51
0.86
-0.90
-2.75
-4.63
-6.42
-8.05
-9.54
-11.00
-12.58
-14.39
-16.47
-18.77
-21.15
-23.38
-25.12
-25.89
-25.22
-22.78
-18.61
-13.14
-7.16
-1.48
3.25
6.81
9.33
11.14
12.62
13.96
15.19
16.24
17.00
17.40
17.44
17.16
16.57
15.72
14.62
13.36
12.08
10.93
10.07
9.58
9.39
9.27
8.96
8.21
6.96
5.32
3.54
1.85
0.41
-0.82
-2.00
-3.30
-4.84
-6.59
-8.39
-10.06
-11.41
-12.41
-13.15
-13.83
-14.73
-16.08
-18.00
-20.38
-22.91
-25.03
-26.09
-25.51
-23.00
-18.72
-13.22
-7.34
-1.87
2.61
5.94
8.26
9.94
11.32
12.59
13.79
14.84
15.64
16.10
16.22
15.99
15.44
14.59
13.49
12.24
10.97
9.84
8.97
8.43
8.17
8.06
7.87
7.40
6.51
5.20
3.59
1.90
0.37
-0.89
-1.86
-2.68
-3.53
-4.60
-5.98
-7.66
-9.47
-11.16
-12.53
-13.45
-14.04
-14.57
-15.44
-16.93
-19.09
-21.65
-24.03
-25.54
-25.56
-23.77
-20.18
-15.19
-9.44
-3.67
1.48
5.60
8.55
10.47
11.64
12.43
13.11
13.82
14.59
15.30
15.82
15.99
15.69
14.89
13.63
12.08
10.48
9.13
8.25
7.95
8.15
8.60
8.96
8.91
8.24
6.93
5.13
3.08
1.05
-0.72
-2.12
-3.16
-3.98
-4.80
-5.83
-7.16
-8.72
-10.30
-11.66
-12.66
-13.39
-14.08
-15.06
-16.55
-18.61
-21.00
-23.30
-24.93
-25.33
-24.11
-21.12
-16.63
-11.16
-5.44
-0.13
4.31
7.69
10.08
11.71
12.82
13.64
14.26
14.70
14.91
14.82
14.39
13.66
12.74
11.74
10.77
9.90
9.14
8.51
8.04
7.74
7.56
7.40
7.05
6.32
5.13
3.54
1.74
-0.03
-1.58
-2.83
-3.85
-4.77
-5.72
-6.78
-7.94
-9.17
-10.40
-11.66
-13.02
-14.60
-16.53
-18.86
-21.49
-24.02
-25.86
-26.26
-24.68
-20.90
-15.29
-8.68
-2.13
3.47
7.62
10.34
12.02
13.13
14.05
14.95
15.84
16.71
17.49
18.13
18.52
18.49
17.89
16.66
14.95
13.09
11.47
10.36
9.82
9.70
9.69
9.49
8.93
7.97
6.73
5.36
3.98
2.68
1.51
0.43
-0.62
-1.76
-3.12
-4.77
-6.69
-8.71
-10.59
-12.13
-13.23
-14.04
-14.83
-15.97
-17.71
-20.05
-22.72
-25.20
-26.81
-26.94
-25.15
-21.38
-15.97
-9.60
-3.14
2.57
6.99
9.98
11.77
12.83
13.65
14.56
15.66
16.81
17.78
18.35
18.41
17.98
17.15
16.04
14.77
13.43
12.11
10.91
9.94
9.28
8.94
8.76
8.53
7.99
6.99
5.54
3.82
2.11
0.66
-0.45
-1.29
-2.13
-3.21
-4.68
-6.52
-8.52
-10.40
-11.95
-13.08
-13.87
-14.52
-15.32
-16.51
-18.24
-20.46
-22.88
-24.98
-26.12
-25.68
-23.34
-19.12
-13.50
-7.26
-1.30
3.66
7.25
9.50
10.82
11.73
12.68
13.90
15.32
16.72
17.84
18.51
18.67
18.37
17.63
16.50
15.05
13.44
11.93
10.77
10.09
9.85
9.80
9.63
9.07
8.05
6.66
5.11
3.60
2.27
1.13
0.10
-0.96
-2.18
-3.66
-5.37
-7.21
-8.99
-10.55
-11.83
-12.87
-13.84
-14.98
-16.50
-18.46
-20.73
-22.94
-24.55
-24.97
-23.75
-20.70
-16.03
-10.31
-4.35
1.04
5.28
8.17
9.89
10.86
11.55
12.26
13.07
13.84
14.34
14.39
13.95
13.12
12.05
10.94
9.92
9.05
8.31
7.67
7.04
6.40
5.78
5.21
4.69
4.13
3.37
2.27
0.78
-0.96
-2.73
-4.29
-5.53
-6.54
-7.53
-8.70
-10.15
-11.88
-13.78
-15.82
-17.96
-20.15
-22.21
-23.74
-24.22
-23.13
-20.25
-15.72
-10.12
-4.25
1.10
5.40
8.51
10.61
12.09
13.31
14.45
15.51
16.33
16.73
16.64
16.12
15.31
14.36
13.37
12.39
11.45
10.60
9.91
9.44
9.12
8.81
8.31
7.46
6.24
4.81
3.34
1.97
0.67
-0.71
-2.36
-4.30
-6.40
-8.35
-9.87
-10.84
-11.40
-11.87
-12.67
-14.09
-16.23
-18.92
-21.79
-24.31
-25.94
-26.18
-24.68
-21.35
-16.43
-10.49
-4.31
1.31
5.79
8.91
10.85
12.09
13.15
14.40
15.93
17.55
18.92
19.74
19.88
19.38
18.45
17.29
16.04
14.75
13.46
12.21
11.14
10.38
10.00
9.93
9.95
9.74
9.02
7.62
5.63
3.29
0.97
-1.01
-2.49
-3.48
-4.18
-4.88
-5.84
-7.21
-8.97
-10.90
-12.73
-14.25
-15.42
-16.44
-17.62
-19.26
-21.47
-24.09
-26.68
-28.63
-29.32
-28.26
-25.28
-20.51
-14.44
-7.84
-1.57
3.64
7.39
9.72
11.07
12.02
13.09
14.49
16.13
17.73
18.98
19.70
19.89
19.64
19.06
18.21
17.09
15.76
14.32
12.97
11.88
11.12
10.63
10.25
9.78
9.08
8.07
6.77
5.22
3.54
1.89
0.41
-0.76
-1.63
-2.32
-3.08
-4.18
-5.76
-7.76
-9.91
-11.87
-13.34
-14.26
-14.79
-15.28
-16.12
-17.57
-19.66
-22.14
-24.53
-26.24
-26.73
-25.58
-22.63
-18.08
-12.43
-6.37
-0.65
4.15
7.74
10.15
11.64
12.56
13.21
13.78
14.31
14.75
15.01
15.00
14.70
14.15
13.44
12.63
11.79
10.92
10.02
9.12
8.26
7.48
6.80
6.14
5.42
4.53
3.41
2.05
0.51
-1.15
-2.84
-4.51
-6.08
-7.49
-8.70
-9.73
-10.65
-11.59
-12.71
-14.18
-16.08
-18.39
-20.91
-23.21
-24.74
-24.88
-23.20
-19.61
-14.42
-8.33
-2.21
3.19
7.38
10.31
12.26
13.66
14.87
16.09
17.29
18.33
18.99
19.20
18.94
18.34
17.52
16.58
15.58
14.52
13.45
12.44
11.61
11.04
10.70
10.45
10.06
9.31
8.09
6.46
4.63
2.87
1.38
0.21
-0.72
-1.61
-2.68
-4.04
-5.71
-7.60
-9.58
-11.48
-13.19
-14.64
-15.84
-16.87
-17.92
-19.24
-21.09
-23.55
-26.38
-28.99
-30.53
-30.15
-27.35
-22.20
-15.37
-7.93
-0.99
4.62
8.54
10.91
12.19
12.94
13.65
14.56
15.71
16.94
18.03
18.78
19.08
18.91
18.30
17.35
16.16
14.87
13.68
12.77
12.22
12.00
11.91
11.68
11.14
10.24
9.10
7.87
6.66
5.46
4.19
2.80
1.32
-0.14
-1.45
-2.56
-3.55
-4.57
-5.76
-7.18
-8.77
-10.40
-11.93
-13.28
-14.49
-15.63
-16.88
-18.39
-20.31
-22.68
-25.38
-28.08
-30.27
-31.31
-30.60
-27.79
-22.94
-16.53
-9.35
-2.34
3.69
8.26
11.26
12.92
13.72
14.15
14.64
15.41
16.46
17.62
18.64
19.29
19.46
19.15
18.49
17.60
16.59
15.52
14.44
13.44
12.58
11.95
11.48
11.06
10.49
9.62
8.39
6.90
5.30
3.78
2.43
1.29
0.29
-0.69
-1.80
-3.16
-4.82
-6.75
-8.78
-10.70
-12.34
-13.62
-14.62
-15.52
-16.53
-17.85
-19.54
-21.58
-23.83
-26.00
-27.61
-28.12
-26.99
-23.92
-18.99
-12.75
-6.05
0.18
5.25
8.83
11.01
12.13
12.62
12.85
13.06
13.35
13.69
14.02
14.22
14.21
13.93
13.36
12.55
11.58
10.55
9.57
8.72
8.06
7.59
7.24
6.91
6.48
5.84
4.94
3.80
2.48
1.02
-0.54
-2.22
-3.99
-5.78
-7.50
-9.01
-10.24
-11.18
-11.94
-12.69
-13.66
-15.10
-17.14
-19.75
-22.62
-25.18
-26.67
-26.34
-23.78
-19.05
-12.72
-5.71
0.96
6.50
10.49
12.92
14.10
14.49
14.59
14.75
15.14
15.74
16.39
16.88
17.05
16.81
16.14
15.13
13.87
12.58
11.45
10.66
10.26
10.12
9.97
9.48
8.44
6.85
4.90
2.91
1.13
-0.33
-1.49
-2.49
-3.50
-4.63
-5.93
-7.40
-9.01
-10.72
-12.44
-14.08
-15.62
-17.13
-18.77
-20.71
-23.01
-25.38
-27.27
-27.88
-26.51
-22.85
-17.19
-10.33
-3.35
2.76
7.41
10.53
12.43
13.62
14.55
15.52
16.58
17.62
18.44
18.89
18.89
18.48
17.77
16.87
15.86
14.82
13.84
12.99
12.37
11.97
11.70
11.36
10.77
9.82
8.55
7.12
5.66
4.25
2.85
1.43
-0.03
-1.46
-2.77
-3.88
-4.82
-5.69
-6.65
-7.85
-9.32
-11.06
-12.93
-14.78
-16.48
-18.01
-19.46
-21.04
-22.99
-25.48
-28.41
-31.40
-33.73
-34.52
-33.03
-28.93
-22.45
-14.41
-5.94
1.86
8.18
12.70
15.57
17.22
18.18
18.88
19.56
20.31
21.07
21.71
22.11
22.15
21.81
21.08
20.02
18.71
17.28
15.89
14.71
13.81
13.17
12.63
11.94
10.89
9.35
7.40
5.23
3.10
1.26
-0.19
-1.31
-2.26
-3.28
-4.56
-6.18
-8.06
-9.99
-11.74
-13.12
-14.12
-14.89
-15.73
-16.95
-18.75
-21.14
-23.82
-26.26
-27.75
-27.60
-25.36
-20.99
-14.92
-7.95
-1.04
4.94
9.48
12.44
14.05
14.69
14.81
14.76
14.78
14.92
15.15
15.35
15.34
15.00
14.21
13.01
11.50
9.92
8.55
7.63
7.32
7.57
8.12
8.59
8.60
7.92
6.55
4.71
2.78
1.08
-0.24
-1.25
-2.18
-3.30
-4.77
-6.56
-8.45
-10.14
-11.41
-12.24
-12.81
-13.47
-14.59
-16.39
-18.86
-21.74
-24.53
-26.63
-27.43
-26.44
-23.50
-18.77
-12.79
-6.34
-0.25
4.84
8.58
10.95
12.19
12.63
12.61
12.34
11.93
11.40
10.77
10.02
9.19
8.38
7.65
7.06
6.61
6.26
5.94
5.58
5.20
4.82
4.49
4.21
3.96
3.65
3.17
2.40
1.28
-0.23
-2.07
-4.12
-6.20
-8.10
-9.70
-10.99
-12.09
-13.24
-14.69
-16.62
-18.98
-21.50
-23.62
-24.67
-24.08
-21.50
-17.02
-11.09
-4.49
1.90
7.34
11.35
13.83
15.09
15.65
16.06
16.70
17.61
18.58
19.23
19.31
18.80
17.89
16.83
15.80
14.82
13.81
12.70
11.51
10.33
9.28
8.40
7.64
6.91
6.13
5.24
4.22
3.02
1.61
-0.03
-1.87
-3.79
-5.65
-7.33
-8.79
-10.09
-11.40
-12.92
-14.83
-17.21
-20.01
-23.00
-25.76
-27.73
-28.28
-26.91
-23.38
-17.92
-11.16
-4.04
2.49
7.71
11.36
13.62
15.00
16.06
17.22
18.60
20.07
21.35
22.17
22.40
22.10
21.43
20.54
19.55
18.47
17.29
16.03
14.79
13.69
12.80
12.10
11.40
10.47
9.11
7.26
5.06
2.76
0.67
-1.07
-2.45
-3.65
-4.92
-6.48
-8.36
-10.47
-12.57
-14.41
-15.86
-16.93
-17.80
-18.77
-20.14
-22.16
-24.83
-27.92
-30.88
-32.94
-33.25
-31.23
-26.71
-20.12
-12.42
-4.79
1.72
6.53
9.62
11.43
12.58
13.61
14.77
16.03
17.23
18.20
18.86
19.21
19.31
19.09
18.49
17.43
15.97
14.32
12.77
11.61
10.93
10.60
10.34
9.82
8.85
7.41
5.68
3.89
2.21
0.75
-0.50
-1.63
-2.76
-4.03
-5.50
-7.17
-8.94
-10.66
-12.19
-13.46
-14.55
-15.64
-17.04
-19.00
-21.63
-24.74
-27.81
-30.06
-30.65
-28.98
-24.94
-18.95
-11.89
-4.80
1.46
6.38
9.90
12.24
13.77
14.77
15.47
15.96
16.29
16.47
16.52
16.44
16.19
15.74
15.08
14.26
13.38
12.55
11.86
11.28
10.69
9.94
8.92
7.61
6.07
4.43
2.76
1.15
-0.39
-1.82
-3.15
-4.42
-5.69
-7.04
-8.53
-10.14
-11.81
-13.49
-15.20
-17.05
-19.18
-21.66
-24.30
-26.65
-28.02
-27.72
-25.30
-20.78
-14.68
-7.91
-1.48
3.85
7.71
10.25
11.88
13.15
14.45
15.93
17.47
18.86
19.84
20.24
20.02
19.21
17.94
16.37
14.67
13.02
11.63
10.62
10.04
9.80
9.68
9.38
8.64
7.34
5.56
3.52
1.52
-0.25
-1.73
-3.04
-4.35
-5.81
-7.45
-9.18
-10.82
-12.25
-13.46
-14.60
-15.94
-17.74
-20.12
-22.98
-25.94
-28.45
-29.83
-29.49
-27.10
-22.70
-16.79
-10.18
-3.79
1.64
5.76
8.64
10.66
12.29
13.87
15.48
17.04
18.40
19.43
20.10
20.39
20.26
19.65
18.55
17.06
15.43
13.96
12.88
12.28
12.04
11.90
11.59
10.88
9.67
8.00
6.03
4.01
2.16
0.62
-0.64
-1.83
-3.20
-4.93
-7.01
-9.21
-11.22
-12.78
-13.87
-14.69
-15.55
-16.78
-18.57
-20.97
-23.81
-26.75
-29.25
-30.63
-30.22
-27.60
-22.77
-16.30
-9.14
-2.42
3.00
6.73
8.96
10.26
11.26
12.41
13.82
15.30
16.56
17.30
17.39
16.87
15.88
14.56
13.06
11.51
10.01
8.67
7.59
6.78
6.16
5.57
4.77
3.59
2.02
0.17
-1.72
-3.46
-5.02
-6.52
-8.14
-10.01
-12.13
-14.29
-16.24
-17.78
-18.85
-19.59
-20.23
-21.11
-22.51
-24.56
-27.15
-29.84
-31.93
-32.62
-31.23
-27.49
-21.61
-14.30
-6.55
0.72
6.83
11.49
14.80
17.09
18.75
20.11
21.32
22.40
23.22
23.64
23.56
22.98
21.99
20.75
19.41
18.11
16.94
15.96
15.20
14.62
14.11
13.45
12.44
10.99
9.15
7.14
5.23
3.62
2.30
1.15
-0.07
-1.51
-3.22
-5.10
-7.01
-8.82
-10.45
-11.91
-13.32
-14.85
-16.71
-19.02
-21.76
-24.56
-26.79
-27.68
-26.57
-23.20
-17.86
-11.30
-4.53
1.57
6.44
9.99
12.46
14.24
15.69
17.02
18.30
19.50
20.55
21.41
21.98
22.16
21.84
20.97
19.60
17.92
16.23
14.86
14.04
13.79
13.92
14.07
13.87
13.06
11.55
9.48
7.14
4.87
2.92
1.41
0.31
-0.56
-1.43
-2.50
-3.88
-5.55
-7.39
-9.20
-10.80
-12.11
-13.23
-14.41
-15.95
-18.10
-20.88
-23.98
-26.72
-28.27
-27.87
-25.14
-20.24
-13.87
-7.06
-0.83
4.10
7.48
9.51
10.67
11.50
12.39
13.51
14.82
16.14
17.25
17.99
18.25
18.04
17.42
16.48
15.37
14.23
13.20
12.40
11.88
11.59
11.43
11.24
10.87
10.22
9.24
7.97
6.49
4.92
3.43
2.11
0.98
-0.02
-1.07
-2.36
-3.98
-5.87
-7.87
-9.79
-11.50
-13.01
-14.42
-15.85
-17.38
-19.06
-20.88
-22.86
-24.92
-26.85
-28.24
-28.50
-27.10
-23.77
-18.73
-12.63
-6.41
-0.92
3.32
6.21
8.06
9.27
10.28
11.33
12.50
13.76
14.97
16.01
16.77
17.15
17.13
16.73
16.04
15.19
14.30
13.50
12.82
12.30
11.89
11.54
11.15
10.61
9.83
8.78
7.50
6.12
4.81
3.68
2.73
1.87
0.94
-0.22
-1.66
-3.33
-5.09
-6.79
-8.28
-9.50
-10.49
-11.31
-12.12
-13.06
-14.30
-15.94
-18.01
-20.41
-22.87
-24.99
-26.21
-26.05
-24.16
-20.55
-15.59
-9.92
-4.32
0.53
4.25
6.79
8.41
9.52
10.53
11.66
12.90
14.09
14.98
15.37
15.20
14.53
13.52
12.32
11.08
9.92
8.97
8.33
8.04
8.07
8.24
8.32
8.07
7.36
6.20
4.75
3.21
1.76
0.47
-0.70
-1.84
-3.08
-4.48
-6.02
-7.61
-9.13
-10.45
-11.54
-12.48
-13.45
-14.71
-16.45
-18.74
-21.43
-24.11
-26.18
-26.98
-26.04
-23.20
-18.73
-13.23
-7.47
-2.17
2.17
5.35
7.46
8.78
9.67
10.48
11.43
12.53
13.68
14.65
15.23
15.34
15.02
14.39
13.58
12.68
11.75
10.86
10.14
9.66
9.46
9.37
9.17
8.57
7.45
5.85
4.00
2.20
0.67
-0.53
-1.51
-2.44
-3.53
-4.91
-6.58
-8.45
-10.36
-12.11
-13.56
-14.70
-15.61
-16.53
-17.72
-19.44
-21.74
-24.43
-27.02
-28.79
-29.01
-27.14
-23.09
-17.27
-10.52
-3.89
1.74
5.87
8.50
10.01
10.98
11.91
13.09
14.54
16.11
17.54
18.59
19.14
19.17
18.76
18.05
17.22
16.38
15.63
15.00
14.45
13.96
13.51
13.07
12.63
12.12
11.41
10.40
9.00
7.26
5.36
3.51
1.92
0.67
-0.30
-1.16
-2.10
-3.23
-4.57
-6.09
-7.69
-9.33
-10.96
-12.55
-14.04
-15.39
-16.57
-17.69
-18.94
-20.59
-22.83
-25.58
-28.43
-30.64
-31.36
-29.95
-26.22
-20.57
-13.84
-7.02
-0.99
3.73
7.02
9.13
10.47
11.49
12.55
13.84
15.36
16.90
18.17
18.91
19.02
18.61
17.90
17.13
16.44
15.85
15.32
14.81
14.33
13.94
13.63
13.31
12.82
12.00
10.82
9.39
7.94
6.66
5.62
4.71
3.74
2.55
1.13
-0.37
-1.75
-2.86
-3.76
-4.64
-5.75
-7.22
-9.01
-10.89
-12.62
-14.01
-15.06
-15.91
-16.77
-17.87
-19.39
-21.39
-23.83
-26.51
-29.03
-30.81
-31.21
-29.68
-26.03
-20.51
-13.81
-6.85
-0.57
4.43
7.93
10.14
11.49
12.45
13.35
14.34
15.36
16.30
17.07
17.61
17.92
18.01
17.89
17.59
17.13
16.58
16.07
15.67
15.44
15.31
15.15
14.79
14.09
13.03
11.67
10.19
8.80
7.61
6.64
5.80
4.91
3.81
2.46
0.95
-0.52
-1.78
-2.74
-3.51
-4.32
-5.43
-7.00
-8.98
-11.11
-13.07
-14.59
-15.60
-16.28
-16.95
-17.97
-19.59
-21.85
-24.52
-27.14
-29.02
-29.46
-27.91
-24.15
-18.46
-11.61
-4.62
1.53
6.19
9.23
10.88
11.64
11.98
12.21
12.46
12.75
13.04
13.29
13.48
13.54
13.42
13.12
12.66
12.14
11.65
11.26
10.99
10.80
10.64
10.42
10.06
9.43
8.44
7.05
5.34
3.51
1.84
0.51
-0.46
-1.22
-2.07
-3.25
-4.85
-6.74
-8.62
-10.17
-11.22
-11.82
-12.22
-12.77
-13.78
-15.42
-17.71
-20.49
-23.44
-26.08
-27.79
-27.93
-26.02
-21.99
-16.23
-9.58
-3.03
2.56
6.71
9.41
10.96
11.86
12.53
13.28
14.18
15.16
16.03
16.60
16.76
16.53
16.01
15.35
14.68
14.08
13.58
13.22
13.00
12.89
12.79
12.51
11.89
10.88
9.60
8.28
7.08
6.06
5.11
4.05
2.75
1.21
-0.41
-1.92
-3.23
-4.34
-5.38
-6.48
-7.75
-9.19
-10.72
-12.26
-13.72
-15.12
-16.51
-18.01
-19.76
-21.85
-24.30
-26.95
-29.40
-31.09
-31.38
-29.77
-26.09
-20.61
-14.01
-7.20
-1.05
3.81
7.19
9.27
10.51
11.42
12.41
13.66
15.14
16.68
18.05
19.02
19.49
19.40
18.79
17.75
16.44
15.09
13.91
13.11
12.72
12.65
12.68
12.57
12.13
11.33
10.21
8.88
7.46
6.01
4.56
3.13
1.75
0.45
-0.77
-1.95
-3.22
-4.68
-6.41
-8.35
-10.37
-12.26
-13.89
-15.24
-16.41
-17.56
-18.89
-20.56
-22.70
-25.39
-28.57
-31.91
-34.74
-36.16
-35.31
-31.71
-25.52
-17.51
-8.89
-0.86
5.69
10.35
13.19
14.60
15.11
15.15
15.02
14.81
14.49
13.98
13.22
12.22
11.06
9.82
8.58
7.37
6.27
5.35
4.73
4.46
4.49
4.67
4.78
4.59
3.99
2.99
1.71
0.33
-0.97
-2.02
-2.73
-3.08
-3.14
-3.08
-3.07
-3.29
-3.81
-4.55
-5.23
-5.54
-5.15
-3.93
-1.99
0.30
2.39
3.70
3.69
2.10
-1.01
-5.12
-9.36
-12.65
-14.08
-13.20
-10.17
-5.70
-0.74
3.83
7.48
10.02
11.52
12.19
12.26
12.01
11.74
11.72
12.07
12.72
13.40
13.75
13.55
12.77
11.64
10.47
9.59
9.18
9.27
9.73
10.37
11.00
11.47
11.73
11.77
11.59
11.18
10.51
9.54
8.27
6.78
5.22
3.72
2.39
1.21
0.11
-1.00
-2.21
-3.62
-5.30
-7.37
-9.88
-12.74
-15.60
-17.89
-18.94
-18.21
-15.55
-11.26
-6.00
-0.60
4.26
8.20
11.18
13.40
15.15
16.61
17.87
18.81
19.32
19.28
18.71
17.71
16.43
15.00
13.45
11.79
10.04
8.26
6.63
5.29
4.27
3.42
2.47
1.13
-0.71
-2.95
-5.33
-7.58
-9.57
-11.43
-13.42
-15.82
-18.73
-22.03
-25.36
-28.30
-30.52
-31.82
-32.21
-31.88
-31.09
-30.19
-29.50
-29.28
-29.56
-30.07
-30.25
-29.39
-26.87
-22.49
-16.55
-9.78
-3.09
2.78
7.43
10.87
13.35
15.21
16.68
17.92
18.99
19.95
20.83
21.64
22.30
22.66
22.59
21.98
20.88
19.47
18.02
16.78
15.90
15.39
15.12
14.86
14.38
13.53
12.29
10.73
8.98
7.17
5.36
3.56
1.75
-0.12
-2.03
-3.92
-5.77
-7.51
-9.15
-10.65
-12.02
-13.28
-14.49
-15.78
-17.34
-19.39
-22.05
-25.21
-28.47
-31.19
-32.62
-32.21
-29.75
-25.56
-20.33
-14.92
-10.07
-6.20
-3.36
-1.38
0.05
1.21
2.32
3.51
4.88
6.45
8.16
9.86
11.36
12.49
13.16
13.40
13.33
13.16
13.09
13.23
13.55
13.88
13.98
13.66
12.90
11.86
10.76
9.79
8.97
8.15
7.15
5.83
4.21
2.46
0.80
-0.60
-1.65
-2.38
-2.90
-3.34
-3.88
-4.71
-5.98
-7.74
-9.79
-11.71
-12.87
-12.63
-10.58
-6.76
-1.68
3.84
8.99
13.19
16.28
18.43
19.96
21.17
22.18
22.97
23.39
23.34
22.73
21.60
20.01
18.07
15.89
13.59
11.28
9.10
7.14
5.45
3.98
2.58
1.02
-0.90
-3.31
-6.17
-9.25
-12.30
-15.05
-17.38
-19.31
-20.94
-22.41
-23.81
-25.18
-26.50
-27.74
-28.89
-29.95
-30.97
-31.98
-32.99
-33.96
-34.80
-35.27
-35.03
-33.68
-30.87
-26.48
-20.72
-14.11
-7.40
-1.27
3.79
7.67
10.54
12.76
14.66
16.45
18.18
19.79
21.16
22.22
22.95
23.32
23.34
22.95
22.16
21.04
19.79
18.72
18.17
18.31
19.13
20.37
21.61
22.49
22.76
22.38
21.47
20.20
18.74
17.16
15.46
13.54
11.27
8.55
5.37
1.89
-1.62
-4.89
-7.74
-10.18
-12.43
-14.82
-17.63
-20.98
-24.73
-28.49
-31.71
-33.79
-34.25
-32.87
-29.80
-25.48
-20.62
-15.90
-11.88
-8.77
-6.52
-4.80
-3.15
-1.17
1.40
4.59
8.19
11.84
15.15
17.81
19.68
20.80
21.31
21.41
21.28
21.04
20.80
20.62
20.53
20.54
20.57
20.48
20.11
19.32
18.09
16.49
14.64
12.73
10.88
9.12
7.39
5.56
3.53
1.28
-1.11
-3.41
-5.42
-6.99
-8.18
-9.19
-10.33
-11.85
-13.83
-16.16
-18.61
-20.87
-22.64
-23.67
-23.70
-22.53
-20.10
-16.53
-12.21
-7.71
-3.66
-0.48
1.71
3.09
4.01
4.76
5.45
6.01
6.31
6.27
5.96
5.54
5.21
5.08
5.12
5.25
5.40
5.56
5.78
6.08
6.40
6.61
6.54
6.13
5.45
4.63
3.81
3.05
2.26
1.32
0.17
-1.21
-2.69
-4.13
-5.42
-6.55
-7.53
-8.45
-9.41
-10.50
-11.81
-13.40
-15.26
-17.22
-18.95
-19.93
-19.68
-17.88
-14.55
-10.12
-5.33
-0.93
2.53
4.89
6.40
7.48
8.57
9.88
11.39
12.86
14.05
14.77
14.98
14.74
14.16
13.33
12.36
11.30
10.25
9.29
8.47
7.83
7.36
6.95
6.49
5.89
5.11
4.24
3.40
2.73
2.27
1.94
1.55
0.89
-0.17
-1.57
-3.10
-4.52
-5.64
-6.52
-7.37
-8.46
-10.02
-12.12
-14.67
-17.41
-20.03
-22.09
-23.16
-22.81
-20.80
-17.21
-12.49
-7.37
-2.63
1.17
3.80
5.44
6.44
7.24
8.14
9.28
10.58
11.83
12.79
13.29
13.27
12.83
12.13
11.34
10.60
9.96
9.45
9.13
9.03
9.17
9.51
9.93
10.23
10.21
9.66
8.50
6.80
4.72
2.53
0.46
-1.34
-2.85
-4.20
-5.50
-6.85
-8.28
-9.76
-11.22
-12.65
-14.00
-15.28
-16.49
-17.67
-18.89
-20.28
-21.91
-23.74
-25.53
-26.91
-27.44
-26.79
-24.84
-21.69
-17.72
-13.41
-9.26
-5.67
-2.88
-0.92
0.32
1.07
1.57
2.03
2.58
3.22
3.88
4.42
4.72
4.71
4.44
4.03
3.68
3.55
3.77
4.38
5.36
6.67
8.25
10.01
11.82
13.52
14.92
15.87
16.33
16.36
16.08
15.61
15.02
14.27
13.25
11.89
10.22
8.39
6.59
5.00
3.66
2.48
1.26
-0.23
-2.14
-4.51
-7.20
-9.95
-12.33
-13.89
-14.26
-13.25
-10.94
-7.70
-4.04
-0.47
2.63
5.14
7.06
8.51
9.60
10.40
11.00
11.45
11.81
12.12
12.30
12.25
11.91
11.25
10.35
9.31
8.24
7.17
6.11
5.04
4.02
3.10
2.33
1.63
0.88
-0.13
-1.54
-3.37
-5.49
-7.70
-9.79
-11.67
-13.36
-14.99
-16.66
-18.43
-20.27
-22.12
-23.90
-25.61
-27.26
-28.89
-30.54
-32.31
-34.33
-36.71
-39.48
-42.44
-45.16
-47.03
-47.42
-45.86
-42.19
-36.63
-29.67
-22.02
-14.40
-7.42
-1.50
3.27
7.01
10.06
12.73
15.30
17.83
20.28
22.50
24.37
25.83
26.91
27.68
28.25
28.67
28.97
29.13
29.10
28.85
28.36
27.61
26.58
25.26
23.64
21.79
19.82
17.88
16.12
14.66
13.52
12.68
12.01
11.41
10.77
10.03
9.21
8.38
7.68
7.25
7.20
7.47
7.88
8.06
7.68
6.47
4.29
1.14
-2.89
-7.57
-12.48
-16.99
-20.33
-21.83
-21.15
-18.53
-14.67
-10.51
-6.82
-3.98
-1.90
-0.23
1.36
3.01
4.67
6.19
7.45
8.45
9.24
9.87
10.30
10.46
10.27
9.75
8.99
8.19
7.55
7.18
7.09
7.12
7.01
6.51
5.51
4.08
2.50
1.10
0.14
-0.32
-0.43
-0.47
-0.74
-1.39
-2.45
-3.76
-5.13
-6.37
-7.36
-8.11
-8.79
-9.63
-10.91
-12.77
-15.10
-17.54
-19.53
-20.51
-20.16
-18.54
-16.05
-13.27
-10.74
-8.82
-7.60
-6.96
-6.62
-6.24
-5.52
-4.25
-2.36
0.02
2.63
5.14
7.25
8.81
9.79
10.30
10.46
10.42
10.25
10.06
9.86
9.67
9.41
9.00
8.34
7.35
6.04
4.43
2.62
0.69
-1.27
-3.16
-4.87
-6.37
-7.64
-8.76
-9.84
-11.02
-12.39
-13.96
-15.66
-17.28
-18.53
-19.05
-18.52
-16.73
-13.68
-9.63
-5.04
-0.46
3.63
6.94
9.40
11.17
12.49
13.59
14.62
15.64
16.58
17.36
17.86
17.98
17.69
17.00
15.97
14.72
13.42
12.24
11.31
10.69
10.33
10.11
9.85
9.41
8.73
7.86
6.91
5.98
5.11
4.28
3.41
2.44
1.37
0.23
-0.92
-2.07
-3.23
-4.42
-5.71
-7.09
-8.57
-10.14
-11.77
-13.41
-14.99
-16.33
-17.15
-17.15
-16.11
-13.97
-10.90
-7.27
-3.56
-0.18
2.60
4.71
6.27
7.48
8.54
9.59
10.62
11.57
12.34
12.85
13.06
12.98
12.68
12.19
11.57
10.88
10.22
9.72
9.47
9.50
9.70
9.91
9.89
9.51
8.75
7.74
6.66
5.71
5.03
4.67
4.63
4.84
5.16
5.39
5.35
4.91
4.06
2.90
1.60
0.32
-0.88
-2.05
-3.36
-4.97
-6.99
-9.43
-12.18
-15.04
-17.68
-19.73
-20.81
-20.63
-19.08
-16.32
-12.76
-8.95
-5.46
-2.70
-0.80
0.40
1.23
2.09
3.21
4.60
6.04
7.24
7.96
8.13
7.84
7.32
6.75
6.21
5.70
5.14
4.53
3.88
3.24
2.54
1.67
0.46
-1.17
-3.16
-5.34
-7.43
-9.26
-10.72
-11.83
-12.70
-13.41
-14.06
-14.70
-15.39
-16.17
-17.02
-17.90
-18.72
-19.41
-19.95
-20.39
-20.81
-21.32
-22.00
-22.88
-23.85
-24.65
-24.89
-24.19
-22.33
-19.35
-15.61
-11.61
-7.85
-4.66
-2.07
0.08
2.02
3.89
5.73
7.44
8.90
10.00
10.69
10.98
10.92
10.59
10.08
9.52
9.03
8.73
8.66
8.85
9.24
9.75
10.28
10.69
10.87
10.71
10.22
9.46
8.57
7.68
6.80
5.88
4.83
3.58
2.18
0.74
-0.60
-1.77
-2.79
-3.78
-4.89
-6.25
-7.88
-9.66
-11.36
-12.65
-13.19
-12.72
-11.13
-8.50
-5.09
-1.27
2.54
5.95
8.67
10.60
11.84
12.61
13.18
13.75
14.39
15.04
15.56
15.84
15.85
15.64
15.30
14.90
14.47
14.04
13.66
13.41
13.33
13.37
13.40
13.22
12.65
11.62
10.19
8.56
6.94
5.51
4.32
3.31
2.37
1.39
0.32
-0.88
-2.19
-3.59
-5.05
-6.55
-8.07
-9.65
-11.35
-13.25
-15.42
-17.83
-20.32
-22.56
-24.12
-24.53
-23.49
-20.96
-17.25
-12.96
-8.73
-5.12
-2.36
-0.39
1.05
2.25
3.41
4.54
5.58
6.44
7.07
7.50
7.75
7.81
7.60
7.07
6.21
5.16
4.12
3.34
2.97
3.01
3.30
3.58
3.64
3.34
2.70
1.90
1.16
0.68
0.54
0.68
0.95
1.13
1.05
0.59
-0.22
-1.31
-2.53
-3.74
-4.82
-5.71
-6.45
-7.14
-7.98
-9.16
-10.80
-12.85
-15.08
-17.03
-18.18
-18.07
-16.49
-13.53
-9.60
-5.26
-1.10
2.48
5.30
7.40
8.93
10.07
10.98
11.75
12.42
12.99
13.41
13.65
13.69
13.54
13.29
13.06
12.91
12.85
12.81
12.69
12.40
11.92
11.30
10.62
9.96
9.37
8.82
8.27
7.70
7.05
6.32
5.50
4.63
3.73
2.84
2.02
1.26
0.54
-0.21
-1.06
-2.08
-3.29
-4.65
-6.13
-7.66
-9.22
-10.77
-12.33
-13.95
-15.67
-17.52
-19.39
-21.03
-22.06
-22.08
-20.79
-18.15
-14.39
-9.99
-5.56
-1.65
1.38
3.47
4.79
5.71
6.57
7.62
8.84
10.08
11.07
11.63
11.75
11.55
11.19
10.77
10.29
9.67
8.88
7.94
6.99
6.13
5.41
4.77
4.08
3.22
2.18
1.06
-0.02
-0.96
-1.75
-2.44
-3.05
-3.62
-4.16
-4.67
-5.18
-5.75
-6.41
-7.19
-8.04
-8.93
-9.84
-10.77
-11.73
-12.72
-13.79
-15.01
-16.50
-18.32
-20.39
-22.38
-23.82
-24.22
-23.32
-21.24
-18.39
-15.35
-12.57
-10.25
-8.32
-6.60
-4.95
-3.37
-1.94
-0.72
0.36
1.45
2.71
4.23
5.90
7.51
8.88
9.91
10.62
11.17
11.69
12.30
12.98
13.65
14.21
14.54
14.61
14.41
13.99
13.38
12.60
11.64
10.53
9.32
8.05
6.80
5.63
4.56
3.58
2.64
1.70
0.66
-0.53
-1.94
-3.61
-5.52
-7.48
-9.18
-10.23
-10.28
-9.21
-7.15
-4.48
-1.66
0.90
3.04
4.77
6.26
7.63
8.93
10.07
10.95
11.49
11.66
11.53
11.16
10.64
10.04
9.43
8.84
8.27
7.68
7.08
6.49
5.96
5.55
5.24
4.90
4.34
3.40
2.03
0.36
-1.37
-2.90
-4.11
-5.05
-5.90
-6.83
-7.87
-8.95
-9.96
-10.81
-11.56
-12.37
-13.38
-14.71
-16.30
-18.04
-19.75
-21.20
-22.16
-22.31
-21.38
-19.22
-15.98
-12.09
-8.16
-4.74
-2.11
-0.22
1.25
2.70
4.34
6.22
8.12
9.83
11.13
11.99
12.47
12.69
12.77
12.75
12.65
12.45
12.19
11.92
11.72
11.64
11.61
11.52
11.25
10.70
9.91
9.04
8.25
7.67
7.33
7.13
6.92
6.55
5.93
5.03
3.86
2.40
0.59
-1.66
-4.40
-7.58
-11.07
-14.66
-18.20
-21.52
-24.44
-26.73
-28.04
-28.01
-26.47
-23.57
-19.82
-15.93
-12.49
-9.76
-7.59
-5.52
-3.12
-0.16
3.24
6.71
9.82
12.23
13.85
14.70
14.92
14.59
13.76
12.45
10.75
8.86
7.06
5.61
4.73
4.49
4.81
5.49
6.30
7.01
7.48
7.65
7.56
7.30
6.97
6.65
6.39
6.20
6.01
5.74
5.29
4.57
3.57
2.35
1.03
-0.28
-1.52
-2.68
-3.85
-5.09
-6.53
-8.23
-10.26
-12.60
-15.05
-17.23
-18.58
-18.57
-16.91
-13.71
-9.49
-4.99
-0.89
2.40
4.84
6.68
8.25
9.81
11.45
13.11
14.63
15.89
16.82
17.39
17.63
17.53
17.06
16.18
14.90
13.31
11.58
9.94
8.57
7.54
6.78
6.16
5.53
4.81
3.99
3.10
2.16
1.22
0.35
-0.34
-0.74
-0.83
-0.70
-0.61
-0.87
-1.71
-3.25
-5.41
-8.00
-10.75
-13.42
-15.86
-17.99
-19.88
-21.69
-23.64
-25.84
-28.21
-30.36
-31.73
-31.77
-30.12
-26.83
-22.28
-17.13
-12.01
-7.40
-3.48
-0.21
2.58
5.06
7.31
9.33
11.06
12.42
13.41
14.06
14.51
14.89
15.35
15.90
16.47
16.90
16.99
16.66
15.93
14.92
13.76
12.55
11.31
10.03
8.77
7.69
6.99
6.89
7.48
8.68
10.21
11.69
12.77
13.20
12.88
11.91
10.48
8.84
7.16
5.53
3.94
2.31
0.56
-1.32
-3.29
-5.20
-6.83
-7.94
-8.30
-7.75
-6.29
-4.06
-1.37
1.39
3.85
5.74
6.94
7.49
7.52
7.21
6.68
6.00
5.18
4.22
3.15
2.04
1.00
0.14
-0.50
-0.91
-1.17
-1.36
-1.53
-1.73
-1.93
-2.13
-2.32
-2.51
-2.70
-2.92
-3.20
-3.57
-4.08
-4.80
-5.75
-6.88
-8.08
-9.22
-10.19
-10.94
-11.51
-12.05
-12.70
-13.62
-14.85
-16.33
-17.80
-18.93
-19.36
-18.76
-17.01
-14.17
-10.52
-6.48
-2.50
1.07
4.02
6.36
8.22
9.77
11.13
12.32
13.27
13.87
14.10
13.99
13.64
13.14
12.51
11.75
10.88
9.98
9.14
8.49
8.03
7.69
7.31
6.72
5.86
4.73
3.42
2.06
0.76
-0.43
-1.52
-2.59
-3.71
-4.91
-6.18
-7.42
-8.56
-9.58
-10.57
-11.75
-13.36
-15.55
-18.26
-21.21
-23.97
-26.00
-26.86
-26.26
-24.20
-20.96
-17.02
-12.93
-9.18
-5.99
-3.38
-1.19
0.74
2.50
4.07
5.40
6.45
7.22
7.76
8.08
8.20
8.10
7.79
7.34
6.83
6.36
5.98
5.71
5.56
5.48
5.42
5.27
4.91
4.24
3.24
1.96
0.55
-0.82
-2.02
-3.02
-3.90
-4.81
-5.88
-7.16
-8.54
-9.87
-10.91
-11.51
-11.62
-11.29
-10.65
-9.94
-9.45
-9.52
-10.43
-12.27
-14.81
-17.49
-19.57
-20.33
-19.42
-16.90
-13.22
-9.03
-4.92
-1.26
1.81
4.33
6.44
8.30
10.03
11.73
13.42
15.11
16.75
18.26
19.54
20.54
21.19
21.50
21.49
21.24
20.82
20.32
19.79
19.23
18.56
17.62
16.22
14.20
11.51
8.27
4.73
1.23
-1.97
-4.75
-7.18
-9.48
-11.93
-14.75
-18.01
-21.62
-25.31
-28.74
-31.56
-33.54
-34.61
-34.87
-34.62
-34.22
-34.03
-34.26
-34.85
-35.42
-35.32
-33.87
-30.59
-25.41
-18.77
-11.41
-4.16
2.36
7.90
12.54
16.57
20.32
24.07
27.91
31.68
34.96
37.18
37.79
36.54
33.62
29.65
25.46
21.81
19.13
17.40
16.30
15.38
14.26
12.74
10.78
8.46
5.88
3.15
0.26
-2.91
-6.57
-10.94
-16.07
-21.77
-27.57
-32.91
-37.32
-40.61
-42.89
-44.41
-45.39
-45.81
-45.41
-43.80
-40.70
-36.03
-30.02
-23.13
-15.89
-8.76
-2.03
4.10
9.55
14.20
17.90
20.49
21.89
22.14
21.43
20.06
18.32
16.42
14.50
12.68
11.07
9.84
9.11
8.98
9.40
10.26
11.37
12.55
13.60
14.31
14.47
13.89
12.52
10.51
8.20
6.04
4.41
3.45
3.07
2.93
2.64
1.87
0.46
-1.61
-4.16
-6.92
-9.49
-11.40
-12.22
-11.66
-9.65
-6.42
-2.41
1.82
5.75
9.08
11.76
13.95
15.90
17.81
19.78
21.72
23.47
24.84
25.74
26.11
25.98
25.40
24.44
23.21
21.83
20.45
19.18
18.09
17.22
16.58
16.20
16.05
16.05
16.02
15.75
15.05
13.78
11.92
9.59
6.94
4.17
1.43
-1.21
-3.79
-6.40
-9.20
-12.25
-15.55
-18.92
-22.08
-24.69
-26.41
-27.01
-26.40
-24.71
-22.21
-19.29
-16.28
-13.37
-10.51
-7.50
-4.12
-0.27
3.93
8.21
12.22
15.68
18.42
20.41
21.66
22.24
22.24
21.78
21.04
20.19
19.32
18.43
17.43
16.23
14.83
13.31
11.82
10.50
9.39
8.39
7.32
5.97
4.25
2.18
-0.10
-2.38
-4.49
-6.29
-7.74
-8.88
-9.82
-10.70
-11.70
-12.96
-14.51
-16.25
-17.89
-19.01
-19.18
-18.11
-15.78
-12.49
-8.72
-5.03
-1.88
0.52
2.21
3.40
4.38
5.37
6.44
7.57
8.63
9.50
10.07
10.31
10.21
9.82
9.17
8.32
7.38
6.45
5.63
5.02
4.64
4.47
4.44
4.47
4.47
4.38
4.14
3.76
3.25
2.65
1.98
1.23
0.38
-0.57
-1.54
-2.39
-2.99
-3.28
-3.36
-3.42
-3.74
-4.54
-5.85
-7.56
-9.35
-10.85
-11.70
-11.67
-10.66
-8.73
-6.06
-2.96
0.24
3.20
5.65
7.46
8.64
9.36
9.80
10.10
10.29
10.27
9.91
9.16
8.06
6.78
5.56
4.54
3.78
3.21
2.71
2.18
1.59
0.99
0.46
0.03
-0.33
-0.74
-1.32
-2.16
-3.24
-4.44
-5.61
-6.58
-7.28
-7.71
-7.95
-8.09
-8.20
-8.33
-8.54
-8.92
-9.55
-10.50
-11.69
-12.89
-13.68
-13.62
-12.41
-10.06
-6.92
-3.54
-0.51
1.81
3.32
4.21
4.80
5.36
6.04
6.81
7.52
8.01
8.19
8.04
7.63
7.05
6.39
5.71
5.06
4.43
3.85
3.30
2.79
2.31
1.82
1.30
0.74
0.14
-0.50
-1.14
-1.79
-2.45
-3.19
-4.04
-5.03
-6.10
-7.14
-8.06
-8.79
-9.37
-9.94
-10.67
-11.76
-13.29
-15.22
-17.35
-19.30
-20.62
-20.86
-19.79
-17.46
-14.27
-10.81
-7.73
-5.46
-4.13
-3.58
-3.47
-3.48
-3.41
-3.22
-2.97
-2.73
-2.56
-2.48
-2.52
-2.75
-3.24
-3.99
-4.89
-5.76
-6.34
-6.48
-6.11
-5.33
-4.34
-3.35
-2.55
-2.03
-1.82
-1.89
-2.13
-2.41
-2.56
-2.46
-2.07
-1.49
-0.92
-0.62
-0.78
-1.45
-2.51
-3.75
-4.97
-6.05
-7.03
-8.00
-9.04
-10.25
-11.71
-13.46
-15.57
-17.93
-20.24
-21.97
-22.52
-21.43
-18.61
-14.38
-9.43
-4.52
-0.27
3.01
5.34
6.98
8.25
9.41
10.62
11.92
13.26
14.51
15.56
16.31
16.68
16.67
16.31
15.68
14.91
14.14
13.48
12.99
12.66
12.43
12.21
11.90
11.46
10.86
10.07
9.10
7.96
6.67
5.27
3.82
2.37
0.94
-0.43
-1.70
-2.84
-3.90
-4.99
-6.35
-8.22
-10.70
-13.70
-16.78
-19.33
-20.65
-20.26
-18.04
-14.30
-9.68
-4.95
-0.76
2.50
4.73
6.09
6.83
7.24
7.51
7.79
8.14
8.58
9.02
9.30
9.24
8.70
7.68
6.31
4.86
3.53
2.49
1.72
1.16
0.73
0.38
0.15
0.06
0.10
0.25
0.53
0.96
1.69
2.84
4.47
6.47
8.63
10.60
12.07
12.86
13.01
12.71
12.24
11.83
11.54
11.22
10.61
9.43
7.51
4.92
1.91
-1.14
-3.78
-5.60
-6.29
-5.72
-3.95
-1.27
1.86
4.93
7.51
9.36
10.44
10.88
10.88
10.62
10.23
9.72
9.09
8.28
7.27
6.02
4.59
3.07
1.65
0.52
-0.13
-0.23
0.15
0.83
1.57
2.13
2.37
2.27
1.91
1.43
0.99
0.70
0.61
0.67
0.75
0.64
0.16
-0.79
-2.18
-3.78
-5.31
-6.47
-7.11
-7.26
-7.09
-6.90
-6.97
-7.47
-8.35
-9.38
-10.11
-10.04
-8.72
-5.99
-2.01
2.66
7.26
11.06
13.59
14.77
14.89
14.43
13.87
13.48
13.33
13.32
13.27
13.04
12.59
11.92
11.05
10.01
8.82
7.54
6.27
5.12
4.16
3.40
2.76
2.08
1.19
-0.01
-1.55
-3.35
-5.25
-7.06
-8.62
-9.86
-10.77
-11.45
-11.99
-12.53
-13.19
-14.05
-15.18
-16.62
-18.34
-20.21
-21.97
-23.25
-23.64
-22.82
-20.69
-17.42
-13.40
-9.13
-5.05
-1.51
1.34
3.50
5.04
6.13
6.96
7.72
8.51
9.32
10.01
10.43
10.46
10.09
9.42
8.63
7.85
7.18
6.65
6.24
5.95
5.75
5.57
5.30
4.82
4.04
2.92
1.52
-0.07
-1.71
-3.29
-4.75
-6.10
-7.42
-8.81
-10.31
-11.89
-13.46
-14.96
-16.37
-17.80
-19.40
-21.26
-23.26
-25.05
-26.09
-25.92
-24.31
-21.35
-17.49
-13.33
-9.45
-6.28
-4.00
-2.55
-1.68
-1.10
-0.54
0.19
1.11
2.20
3.32
4.34
5.15
5.67
5.88
5.78
5.43
4.91
4.34
3.85
3.54
3.42
3.42
3.34
2.98
2.19
1.05
-0.23
-1.28
-1.78
-1.54
-0.65
0.62
1.87
2.74
3.00
2.61
1.73
0.64
-0.38
-1.15
-1.64
-2.04
-2.65
-3.82
-5.74
-8.36
-11.33
-14.09
-15.99
-16.49
-15.30
-12.48
-8.43
-3.80
0.75
4.67
7.69
9.84
11.38
12.66
13.97
15.43
17.03
18.67
20.27
21.76
23.05
24.03
24.58
24.59
24.09
23.25
22.30
21.42
20.67
19.91
19.00
17.82
16.42
14.89
13.33
11.74
10.05
8.21
6.26
4.33
2.56
0.98
-0.54
-2.22
-4.26
-6.69
-9.35
-11.99
-14.35
-16.34
-18.06
-19.74
-21.63
-23.93
-26.66
-29.66
-32.59
-34.98
-36.32
-36.16
-34.27
-30.70
-25.86
-20.35
-14.87
-9.97
-5.95
-2.85
-0.49
1.42
3.16
4.94
6.85
8.90
11.02
13.15
15.20
17.10
18.81
20.24
21.27
21.80
21.81
21.41
20.79
20.19
19.74
19.44
19.13
18.59
17.66
16.31
14.66
12.90
11.19
9.62
8.13
6.56
4.77
2.68
0.33
-2.13
-4.47
-6.55
-8.32
-9.88
-11.48
-13.38
-15.85
-18.98
-22.66
-26.51
-29.95
-32.27
-32.87
-31.39
-27.91
-22.92
-17.23
-11.76
-7.27
-4.18
-2.47
-1.78
-1.55
-1.28
-0.64
0.43
1.77
3.11
4.22
5.02
5.55
5.97
6.41
6.97
7.64
8.37
9.11
9.83
10.53
11.19
11.75
12.11
12.18
11.87
11.17
10.16
8.94
7.66
6.41
5.27
4.26
3.32
2.38
1.33
0.06
-1.48
-3.27
-5.12
-6.74
-7.69
-7.48
-5.68
-2.15
2.90
8.83
14.76
19.81
23.43
25.47
26.22
26.20
25.92
25.74
25.75
25.83
25.78
25.34
24.35
22.74
20.51
17.76
14.61
11.23
7.81
4.55
1.63
-0.80
-2.70
-4.12
-5.16
-5.96
-6.61
-7.11
-7.42
-7.53
-7.48
-7.42
-7.59
-8.21
-9.37
-11.01
-12.91
-14.77
-16.36
-17.60
-18.54
-19.38
-20.36
-21.73
-23.67
-26.24
-29.32
-32.46
-34.98
-36.03
-34.87
-31.26
-25.52
-18.60
-11.66
-5.76
-1.48
1.19
2.70
3.67
4.62
5.76
7.00
8.10
8.79
8.88
8.30
7.09
5.35
3.24
0.92
-1.37
-3.37
-4.86
-5.70
-5.92
-5.70
-5.30
-4.90
-4.64
-4.50
-4.44
-4.43
-4.47
-4.57
-4.72
-4.91
-5.12
-5.40
-5.84
-6.55
-7.56
-8.77
-9.96
-10.89
-11.41
-11.55
-11.48
-11.48
-11.81
-12.61
-13.84
-15.26
-16.54
-17.22
-16.84
-15.04
-11.68
-6.89
-1.17
4.81
10.32
14.88
18.31
20.78
22.63
24.23
25.79
27.31
28.65
29.57
29.84
29.30
27.91
25.76
23.02
19.94
16.78
13.80
11.19
9.09
7.59
6.61
6.00
5.50
4.85
3.86
2.48
0.84
-0.82
-2.28
-3.40
-4.15
-4.68
-5.18
-5.82
-6.70
-7.77
-8.90
-9.91
-10.72
-11.37
-12.08
-13.12
-14.76
-17.15
-20.23
-23.75
-27.26
-30.18
-31.90
-31.96
-30.14
-26.61
-21.93
-16.82
-11.98
-7.83
-4.43
-1.53
1.21
4.06
7.05
10.06
12.92
15.50
17.73
19.62
21.17
22.32
23.02
23.25
23.04
22.49
21.69
20.68
19.49
18.15
16.72
15.29
13.94
12.69
11.54
10.40
9.21
7.97
6.68
5.37
4.08
2.80
1.49
0.15
-1.24
-2.58
-3.79
-4.78
-5.54
-6.17
-6.91
-8.05
-9.85
-12.36
-15.36
-18.37
-20.78
-21.99
-21.63
-19.64
-16.32
-12.23
-8.02
-4.29
-1.41
0.51
1.61
2.21
2.63
3.09
3.75
4.64
5.72
6.95
8.24
9.43
10.37
10.91
11.04
10.85
10.57
10.40
10.49
10.80
11.17
11.38
11.25
10.69
9.72
8.39
6.81
5.08
3.30
1.54
-0.13
-1.73
-3.26
-4.77
-6.28
-7.77
-9.19
-10.50
-11.69
-12.80
-13.92
-15.14
-16.53
-18.11
-19.86
-21.64
-23.17
-24.05
-23.83
-22.19
-19.05
-14.70
-9.75
-4.91
-0.79
2.27
4.29
5.49
6.25
6.86
7.48
8.14
8.77
9.26
9.57
9.70
9.76
9.86
10.11
10.50
10.97
11.40
11.71
11.85
11.84
11.73
11.54
11.26
10.86
10.32
9.61
8.72
7.65
6.44
5.16
3.91
2.80
1.86
1.04
0.19
-0.87
-2.26
-4.04
-6.14
-8.37
-10.50
-12.27
-13.42
-13.74
-13.14
-11.67
-9.56
-7.19
-4.93
-3.10
-1.81
-0.98
-0.33
0.50
1.78
3.63
5.93
8.39
10.66
12.41
13.49
13.90
13.81
13.47
13.14
13.01
13.17
13.59
14.14
14.63
14.90
14.81
14.35
13.54
12.52
11.44
10.48
9.80
9.48
9.53
9.88
10.41
11.00
11.54
11.89
11.91
11.44
10.35
8.63
6.53
4.46
2.93
2.34
2.82
4.14
5.83
7.30
8.08
7.96
7.02
5.59
4.15
3.16
2.99
3.75
5.34
7.46
9.67
11.54
12.74
13.10
12.60
11.36
9.56
7.35
4.89
2.33
-0.18
-2.46
-4.40
-5.96
-7.25
-8.45
-9.73
-11.21
-12.84
-14.47
-15.90
-16.97
-17.62
-17.93
-18.05
-18.16
-18.44
-18.99
-19.82
-20.82
-21.81
-22.61
-23.10
-23.28
-23.32
-23.50
-24.13
-25.42
-27.30
-29.40
-31.08
-31.61
-30.42
-27.36
-22.73
-17.26
-11.81
-7.14
-3.67
-1.47
-0.31
0.23
0.56
1.01
1.77
2.89
4.29
5.83
7.38
8.80
10.02
10.97
11.57
11.76
11.55
11.03
10.39
9.88
9.73
10.05
10.84
11.95
13.11
14.06
14.57
14.51
13.91
12.89
11.67
10.41
9.20
8.01
6.81
5.61
4.46
3.49
2.77
2.29
1.89
1.30
0.26
-1.44
-3.91
-7.06
-10.61
-14.10
-16.91
-18.46
-18.36
-16.60
-13.55
-9.83
-6.13
-2.94
-0.46
1.30
2.48
3.24
3.70
3.97
4.15
4.31
4.47
4.58
4.54
4.29
3.86
3.34
2.83
2.44
2.17
1.97
1.76
1.47
1.06
0.53
-0.14
-0.91
-1.77
-2.68
-3.63
-4.65
-5.73
-6.89
-8.08
-9.22
-10.23
-11.08
-11.77
-12.35
-12.90
-13.55
-14.46
-15.78
-17.57
-19.74
-21.92
-23.54
-24.02
-22.89
-20.09
-15.95
-11.12
-6.32
-2.12
1.17
3.56
5.25
6.51
7.58
8.58
9.49
10.18
10.46
10.23
9.52
8.53
7.59
7.03
7.07
7.80
9.09
10.69
12.28
13.56
14.33
14.54
14.31
13.82
13.26
12.72
12.12
11.32
10.15
8.54
6.56
4.36
2.13
-0.00
-1.99
-3.85
-5.62
-7.37
-9.20
-11.27
-13.76
-16.74
-20.05
-23.19
-25.41
-25.97
-24.38
-20.70
-15.52
-9.80
-4.52
-0.34
2.55
4.36
5.55
6.55
7.64
8.88
10.22
11.55
12.75
13.70
14.31
14.52
14.29
13.65
12.73
11.72
10.84
10.26
10.02
10.01
10.00
9.68
8.84
7.40
5.51
3.46
1.64
0.37
-0.17
0.04
0.82
1.87
2.84
3.42
3.44
2.89
1.89
0.63
-0.75
-2.18
-3.74
-5.53
-7.72
-10.40
-13.60
-17.16
-20.75
-23.86
-25.91
-26.38
-24.99
-21.80
-17.25
-11.99
-6.80
-2.31
1.05
3.21
4.34
4.84
5.14
5.58
6.33
7.35
8.49
9.55
10.38
10.94
11.27
11.43
11.47
11.41
11.26
11.02
10.70
10.33
9.93
9.50
9.00
8.41
7.75
7.06
6.39
5.75
5.05
4.15
2.90
1.23
-0.76
-2.82
-4.66
-6.03
-6.90
-7.46
-8.03
-9.02
-10.69
-13.11
-16.01
-18.86
-20.94
-21.56
-20.26
-16.98
-12.17
-6.59
-1.15
3.37
6.55
8.40
9.20
9.41
9.47
9.74
10.45
11.70
13.46
15.60
17.87
19.95
21.57
22.53
22.80
22.48
21.79
20.94
20.10
19.32
18.57
17.75
16.74
15.44
13.77
11.74
9.43
6.97
4.54
2.26
0.16
-1.82
-3.79
-5.85
-8.01
-10.21
-12.30
-14.20
-15.84
-17.24
-18.47
-19.66
-20.94
-22.48
-24.37
-26.56
-28.78
-30.54
-31.25
-30.42
-27.83
-23.70
-18.57
-13.21
-8.28
-4.21
-1.06
1.38
3.48
5.59
7.91
10.47
13.17
15.86
18.39
20.62
22.43
23.71
24.33
24.27
23.60
22.51
21.23
19.93
18.60
17.14
15.39
13.30
10.96
8.57
6.28
4.17
2.17
0.16
-1.88
-3.91
-5.82
-7.54
-9.08
-10.50
-11.92
-13.41
-15.05
-16.91
-19.05
-21.45
-23.90
-25.96
-27.03
-26.56
-24.34
-20.56
-15.80
-10.83
-6.34
-2.75
-0.18
1.47
2.41
2.86
3.07
3.35
4.02
5.35
7.40
9.99
12.73
15.21
17.14
18.46
19.28
19.80
20.15
20.33
20.29
19.97
19.35
18.46
17.34
15.97
14.26
12.20
9.81
7.26
4.77
2.49
0.42
-1.59
-3.72
-6.07
-8.56
-11.01
-13.21
-15.10
-16.76
-18.43
-20.35
-22.63
-25.23
-27.93
-30.33
-31.95
-32.28
-30.95
-27.83
-23.21
-17.74
-12.26
-7.55
-4.08
-1.87
-0.55
0.45
1.66
3.35
5.45
7.67
9.57
10.79
11.15
10.70
9.67
8.34
7.01
5.92
5.24
5.10
5.52
6.43
7.65
8.91
9.93
10.45
10.37
9.68
8.52
7.09
5.61
4.27
3.18
2.35
1.64
0.87
-0.12
-1.40
-2.86
-4.26
-5.37
-6.09
-6.50
-6.84
-7.41
-8.49
-10.20
-12.48
-15.12
-17.73
-19.83
-20.88
-20.44
-18.29
-14.62
-9.97
-5.13
-0.88
2.27
4.17
4.99
5.05
4.73
4.30
3.93
3.69
3.59
3.60
3.66
3.74
3.85
4.09
4.53
5.21
6.13
7.21
8.42
9.77
11.30
12.95
14.56
15.86
16.59
16.64
16.05
15.02
13.78
12.46
11.12
9.67
8.09
6.38
4.63
2.92
1.31
-0.19
-1.60
-2.98
-4.39
-5.90
-7.59
-9.50
-11.65
-13.94
-16.11
-17.80
-18.55
-17.98
-15.92
-12.51
-8.23
-3.72
0.35
3.51
5.62
6.78
7.32
7.56
7.72
7.86
7.88
7.71
7.33
6.84
6.41
6.19
6.20
6.34
6.42
6.25
5.75
4.88
3.68
2.18
0.44
-1.44
-3.29
-4.84
-5.87
-6.27
-6.12
-5.62
-5.01
-4.44
-3.90
-3.29
-2.53
-1.59
-0.60
0.26
0.75
0.68
-0.08
-1.51
-3.46
-5.62
-7.48
-8.52
-8.29
-6.63
-3.74
-0.12
3.55
6.72
9.03
10.44
11.17
11.52
11.78
12.15
12.68
13.31
13.90
14.27
14.31
14.00
13.40
12.66
11.94
11.30
10.73
10.20
9.67
9.17
8.77
8.51
8.32
8.05
7.52
6.66
5.58
4.52
3.78
3.49
3.58
3.75
3.64
3.03
1.92
0.54
-0.77
-1.74
-2.28
-2.49
-2.60
-2.89
-3.56
-4.64
-6.02
-7.42
-8.48
-8.77
-7.96
-5.91
-2.74
1.12
5.12
8.71
11.56
13.71
15.57
17.78
21.03
25.73
31.84
38.83
45.81
51.81
56.07
58.21
58.22
56.33
52.81
47.92
41.92
35.19
28.29
21.88
16.49
12.32
9.11
6.26
3.10
-0.88
-5.79
-11.37
-17.14
-22.56
-27.18
-30.76
-33.24
-34.78
-35.67
-36.22
-36.69
-37.17
-37.61
-37.89
-37.90
-37.61
-37.14
-36.68
-36.42
-36.44
-36.70
-36.95
-36.79
-35.68
-33.13
-28.81
-22.82
-15.68
-8.22
-1.35
4.33
8.63
11.78
14.25
16.40
18.32
19.76
20.24
19.27
16.55
12.09
6.28
-0.28
-6.95
-13.21
-18.82
-23.78
-28.13
-31.88
-34.89
-36.91
-37.71
-37.18
-35.36
-32.45
-28.71
-24.42
-19.92
-15.60
-11.83
-8.93
-7.03
-6.05
-5.74
-5.76
-5.88
-5.99
-6.19
-6.74
-8.01
-10.39
-14.12
-19.14
-24.93
-30.55
-34.86
-36.87
-36.12
-32.84
-27.85
-22.25
-17.02
-12.71
-9.42
-6.91
-4.89
-3.23
-2.02
-1.50
-1.87
-3.17
-5.19
-7.58
-9.97
-12.13
-13.99
-15.67
-17.35
-19.20
-21.30
-23.61
-26.00
-28.24
-30.08
-31.27
-31.61
-31.04
-29.59
-27.35
-24.43
-20.89
-16.84
-12.47
-8.15
-4.35
-1.51
0.13
0.61
0.16
-0.91
-2.39
-4.15
-6.06
-7.85
-9.07
-9.19
-7.81
-4.85
-0.67
4.10
8.78
12.90
16.31
19.12
21.55
23.77
25.82
27.67
29.32
30.81
32.21
33.52
34.60
35.25
35.25
34.55
33.30
31.80
30.36
29.15
28.15
27.19
26.06
24.65
22.97
21.12
19.25
17.39
15.52
13.55
11.41
9.14
6.85
4.71
2.86
1.34
0.06
-1.14
-2.49
-4.19
-6.34
-8.85
-11.46
-13.70
-15.01
-14.95
-13.26
-10.03
-5.66
-0.75
4.10
8.40
11.92
14.67
16.84
18.69
20.38
21.98
23.43
24.58
25.31
25.55
25.34
24.74
23.86
22.80
21.65
20.52
19.50
18.66
17.98
17.41
16.79
16.01
14.99
13.72
12.25
10.68
9.11
7.61
6.24
5.01
3.84
2.63
1.27
-0.26
-1.91
-3.52
-4.94
-6.07
-6.97
-7.80
-8.80
-10.23
-12.24
-14.81
-17.69
-20.39
-22.22
-22.52
-20.85
-17.21
-12.10
-6.35
-0.88
3.63
6.88
8.97
10.22
11.04
11.80
12.72
13.89
15.25
16.66
17.88
18.69
18.97
18.69
17.97
17.00
15.93
14.92
14.04
13.33
12.80
12.42
12.13
11.84
11.42
10.71
9.64
8.23
6.58
4.89
3.32
2.00
0.95
0.11
-0.66
-1.51
-2.54
-3.80
-5.22
-6.66
-7.93
-8.88
-9.52
-10.02
-10.65
-11.72
-13.41
-15.70
-18.38
-21.05
-23.21
-24.36
-24.12
-22.33
-19.11
-14.88
-10.23
-5.78
-1.98
0.92
2.90
4.11
4.77
5.11
5.35
5.66
6.15
6.78
7.47
8.07
8.45
8.57
8.43
8.13
7.79
7.51
7.34
7.29
7.29
7.27
7.10
6.70
6.02
5.05
3.86
2.57
1.29
0.11
-0.92
-1.84
-2.70
-3.56
-4.49
-5.48
-6.49
-7.48
-8.44
-9.44
-10.59
-12.03
-13.78
-15.68
-17.34
-18.26
-17.96
-16.20
-13.14
-9.25
-5.20
-1.59
1.20
3.14
4.44
5.39
6.24
7.07
7.85
8.48
8.88
9.04
8.99
8.76
8.39
7.85
7.22
6.59
6.14
6.00
6.18
6.49
6.66
6.41
5.61
4.37
2.94
1.63
0.63
-0.02
-0.45
-0.83
-1.33
-2.00
-2.84
-3.76
-4.68
-5.51
-6.23
-6.87
-7.49
-8.21
-9.18
-10.50
-12.20
-14.22
-16.27
-17.94
-18.75
-18.28
-16.34
-13.10
-9.03
-4.81
-1.08
1.74
3.52
4.44
4.85
5.16
5.64
6.40
7.40
8.47
9.41
10.04
10.27
10.14
9.75
9.28
8.87
8.64
8.59
8.71
8.87
8.98
8.90
8.54
7.84
6.86
5.68
4.43
3.25
2.21
1.37
0.70
0.15
-0.41
-1.09
-2.02
-3.25
-4.74
-6.31
-7.72
-8.78
-9.42
-9.76
-10.08
-10.71
-11.89
-13.68
-15.91
-18.20
-20.03
-20.87
-20.33
-18.30
-15.00
-10.92
-6.70
-2.92
0.08
2.25
3.76
4.92
5.95
7.00
8.05
9.04
9.84
10.32
10.42
10.16
9.61
8.91
8.23
7.64
7.15
6.69
6.16
5.51
4.77
4.00
3.28
2.64
2.06
1.51
0.97
0.49
0.13
-0.06
-0.09
-0.01
0.05
0.01
-0.19
-0.57
-1.11
-1.78
-2.56
-3.44
-4.42
-5.56
-6.98
-8.78
-11.02
-13.57
-16.07
-18.03
-18.93
-18.43
-16.49
-13.38
-9.64
-5.86
-2.58
-0.11
1.47
2.29
2.62
2.76
2.95
3.35
3.99
4.79
5.64
6.40
6.97
7.31
7.42
7.39
7.32
7.31
7.43
7.71
8.12
8.57
8.92
9.00
8.69
7.95
6.83
5.45
3.96
2.45
0.99
-0.42
-1.76
-2.97
-4.01
-4.83
-5.46
-6.03
-6.72
-7.69
-9.08
-10.90
-13.06
-15.34
-17.38
-18.73
-18.97
-17.82
-15.26
-11.64
-7.54
-3.61
-0.38
1.93
3.38
4.24
4.81
5.28
5.69
5.97
6.05
5.87
5.48
4.95
4.35
3.75
3.19
2.72
2.37
2.16
2.05
2.00
1.93
1.78
1.55
1.23
0.87
0.48
0.09
-0.33
-0.77
-1.24
-1.75
-2.31
-3.00
-3.87
-4.91
-6.06
-7.16
-8.05
-8.61
-8.83
-8.84
-8.82
-9.01
-9.59
-10.67
-12.14
-13.64
-14.61
-14.40
-12.55
-8.94
-3.93
1.77
7.33
12.10
15.75
18.30
20.01
21.17
22.01
22.67
23.21
23.68
24.10
24.47
24.73
24.81
24.59
24.01
23.03
21.70
20.07
18.24
16.29
14.30
12.34
10.47
8.70
7.00
5.32
3.61
1.90
0.28
-1.08
-2.02
-2.43
-2.34
-1.89
-1.31
-0.84
-0.69
-1.00
-1.85
-3.22
-4.99
-6.96
-8.88
-10.60
-12.08
-13.41
-14.78
-16.38
-18.30
-20.51
-22.80
-24.84
-26.19
-26.43
-25.21
-22.41
-18.22
-13.16
-7.94
-3.32
0.18
2.42
3.66
4.39
5.16
6.30
7.83
9.52
11.03
12.14
12.77
13.04
13.06
12.92
12.61
12.09
11.40
10.67
10.04
9.64
9.46
9.36
9.17
8.75
8.07
7.21
6.30
5.44
4.65
3.87
2.98
1.91
0.63
-0.81
-2.30
-3.72
-4.98
-6.09
-7.08
-8.03
-8.99
-9.98
-10.99
-12.00
-13.01
-14.09
-15.29
-16.71
-18.29
-19.81
-20.89
-21.04
-19.88
-17.28
-13.47
-8.95
-4.37
-0.32
2.82
4.94
6.18
6.82
7.20
7.57
8.09
8.80
9.57
10.25
10.70
10.81
10.59
10.11
9.48
8.79
8.12
7.52
7.01
6.61
6.28
5.96
5.55
4.94
4.06
2.92
1.64
0.37
-0.78
-1.80
-2.77
-3.83
-5.08
-6.56
-8.18
-9.79
-11.21
-12.36
-13.23
-13.94
-14.71
-15.78
-17.27
-19.13
-21.02
-22.43
-22.78
-21.69
-19.13
-15.42
-11.15
-6.92
-3.22
-0.27
1.94
3.51
4.58
5.24
5.57
5.65
5.58
5.48
5.41
5.38
5.39
5.39
5.38
5.36
5.37
5.43
5.54
5.72
5.94
6.15
6.25
6.16
5.82
5.24
4.51
3.76
3.09
2.52
1.95
1.25
0.28
-1.02
-2.58
-4.27
-5.90
-7.34
-8.55
-9.63
-10.82
-12.36
-14.38
-16.82
-19.31
-21.26
-22.07
-21.30
-18.83
-14.93
-10.18
-5.27
-0.81
2.79
5.37
7.01
7.97
8.57
9.12
9.85
10.82
11.92
12.94
13.61
13.77
13.40
12.65
11.77
11.00
10.43
9.99
9.57
9.04
8.39
7.73
7.16
6.71
6.25
5.59
4.57
3.15
1.52
-0.03
-1.26
-2.02
-2.39
-2.59
-2.88
-3.45
-4.36
-5.55
-6.84
-8.05
-9.02
-9.66
-10.03
-10.31
-10.77
-11.65
-13.04
-14.78
-16.45
-17.41
-17.01
-14.83
-10.78
-5.20
1.28
7.92
14.03
19.12
22.96
25.56
27.11
27.95
28.40
28.71
29.01
29.29
29.48
29.54
29.50
29.42
29.34
29.20
28.86
28.11
26.89
25.26
23.42
21.57
19.84
18.18
16.46
14.55
12.45
10.28
8.24
6.50
5.12
4.03
3.01
1.80
0.20
-1.85
-4.23
-6.69
-8.93
-10.76
-12.12
-13.13
-14.02
-15.08
-16.57
-18.63
-21.27
-24.27
-27.17
-29.32
-30.07
-28.94
-25.84
-21.14
-15.51
-9.78
-4.68
-0.67
2.08
3.65
4.30
4.34
4.14
3.98
4.03
4.31
4.73
5.15
5.41
5.43
5.14
4.59
3.82
2.97
2.26
1.90
2.03
2.62
3.41
3.96
3.87
2.89
1.05
-1.36
-3.93
-6.32
-8.35
-10.02
-11.46
-12.78
-14.03
-15.18
-16.17
-17.02
-17.80
-18.69
-19.85
-21.42
-23.38
-25.55
-27.60
-29.09
-29.63
-28.96
-27.07
-24.22
-20.86
-17.52
-14.70
-12.78
-11.94
-12.13
-13.09
-14.42
-15.65
-16.43
-16.60
-16.19
-15.35
-14.19
-12.72
-10.84
-8.48
-5.66
-2.56
0.59
3.53
6.13
8.35
10.22
11.74
12.94
13.81
14.37
14.67
14.74
14.59
14.19
13.56
12.74
11.86
11.03
10.30
9.61
8.81
7.69
6.11
4.04
1.60
-0.96
-3.26
-4.88
-5.41
-4.58
-2.39
0.89
4.75
8.59
11.89
14.40
16.10
17.19
17.90
18.43
18.88
19.28
19.58
19.74
19.76
19.60
19.26
18.74
18.02
17.14
16.13
15.10
14.14
13.32
12.67
12.11
11.53
10.81
9.85
8.61
7.13
5.50
3.80
2.09
0.42
-1.22
-2.83
-4.40
-5.92
-7.37
-8.69
-9.88
-10.90
-11.77
-12.56
-13.44
-14.60
-16.17
-18.10
-20.03
-21.37
-21.50
-20.00
-16.89
-12.61
-7.94
-3.60
-0.05
2.62
4.63
6.35
8.03
9.78
11.55
13.22
14.66
15.77
16.48
16.74
16.51
15.84
14.83
13.67
12.53
11.54
10.72
10.02
9.36
8.64
7.83
6.90
5.81
4.50
2.93
1.08
-1.04
-3.36
-5.78
-8.20
-10.53
-12.72
-14.73
-16.54
-18.16
-19.63
-21.01
-22.38
-23.80
-25.28
-26.82
-28.42
-30.09
-31.90
-33.86
-35.84
-37.53
-38.48
-38.25
-36.62
-33.62
-29.57
-24.85
-19.85
-14.82
-9.92
-5.32
-1.20
2.26
4.97
6.98
8.52
9.90
11.38
13.12
15.12
17.26
19.37
21.23
22.67
23.59
23.98
23.96
23.69
23.33
22.95
22.46
21.69
20.44
18.59
16.25
13.68
11.23
9.20
7.70
6.62
5.73
4.81
3.71
2.44
1.10
-0.16
-1.21
-1.96
-2.35
-2.39
-2.19
-1.91
-1.74
-1.75
-1.85
-1.79
-1.18
0.31
2.90
6.53
10.89
15.50
19.84
23.42
25.96
27.38
27.80
27.49
26.75
25.87
25.02
24.27
23.62
22.99
22.32
21.56
20.67
19.65
18.50
17.25
15.92
14.52
13.02
11.39
9.60
7.66
5.59
3.45
1.28
-0.94
-3.25
-5.67
-8.19
-10.68
-13.01
-15.07
-16.84
-18.40
-19.89
-21.40
-22.98
-24.66
-26.45
-28.36
-30.30
-32.04
-33.18
-33.26
-31.99
-29.40
-25.85
-21.89
-18.12
-14.89
-12.35
-10.40
-8.91
-7.73
-6.79
-6.02
-5.33
-4.67
-4.04
-3.52
-3.27
-3.41
-3.97
-4.86
-5.88
-6.83
-7.56
-8.04
-8.28
-8.35
-8.31
-8.16
-7.91
-7.55
-7.13
-6.72
-6.40
-6.23
-6.19
-6.25
-6.34
-6.42
-6.48
-6.54
-6.65
-6.86
-7.25
-7.89
-8.84
-10.12
-11.59
-12.98
-13.84
-13.70
-12.16
-9.15
-4.90
0.06
5.08
9.60
13.25
15.93
17.74
18.86
19.45
19.69
19.74
19.77
19.91
20.26
20.87
21.67
22.58
23.49
24.29
24.88
25.19
25.17
24.84
24.23
23.37
22.25
20.84
19.08
16.99
14.68
12.34
10.18
8.34
6.80
5.44
4.06
2.53
0.80
-1.06
-2.93
-4.68
-6.24
-7.64
-8.92
-10.18
-11.52
-13.01
-14.69
-16.47
-18.16
-19.42
-19.84
-19.10
-17.10
-14.04
-10.36
-6.64
-3.35
-0.79
1.02
2.27
3.19
4.03
4.89
5.82
6.75
7.62
8.37
8.98
9.38
9.57
9.49
9.17
8.66
8.05
7.49
7.07
6.86
6.80
6.79
6.68
6.32
5.63
4.61
3.36
2.05
0.89
0.04
-0.46
-0.68
-0.86
-1.22
-1.95
-3.05
-4.31
-5.44
-6.20
-6.51
-6.53
-6.53
-6.81
-7.48
-8.49
-9.64
-10.62
-11.15
-10.97
-9.92
-7.90
-4.96
-1.34
2.55
6.21
9.22
11.34
12.65
13.39
13.83
14.17
14.42
14.50
14.33
13.91
13.32
12.64
11.93
11.11
10.08
8.78
7.21
5.51
3.81
2.22
0.76
-0.57
-1.76
-2.78
-3.57
-4.14
-4.56
-4.99
-5.61
-6.53
-7.71
-9.05
-10.39
-11.63
-12.72
-13.71
-14.63
-15.54
-16.51
-17.61
-18.90
-20.37
-21.85
-22.97
-23.27
-22.30
-19.88
-16.16
-11.64
-6.98
-2.83
0.40
2.55
3.78
4.38
4.71
5.04
5.50
6.08
6.69
7.18
7.46
7.47
7.22
6.78
6.20
5.55
4.89
4.28
3.76
3.33
2.98
2.65
2.25
1.69
0.93
-0.06
-1.20
-2.42
-3.63
-4.77
-5.85
-6.91
-7.99
-9.06
-10.09
-11.02
-11.90
-12.85
-14.08
-15.70
-17.67
-19.71
-21.34
-22.03
-21.38
-19.21
-15.66
-11.18
-6.34
-1.77
2.02
4.74
6.37
7.14
7.46
7.76
8.32
9.21
10.27
11.24
11.86
11.99
11.69
11.10
10.41
9.77
9.24
8.84
8.59
8.47
8.44
8.41
8.20
7.68
6.77
5.51
4.03
2.53
1.17
0.03
-0.89
-1.70
-2.54
-3.55
-4.77
-6.19
-7.69
-9.14
-10.41
-11.45
-12.35
-13.27
-14.44
-16.04
-18.11
-20.49
-22.80
-24.49
-25.01
-23.95
-21.23
-17.11
-12.14
-6.99
-2.26
1.66
4.67
6.86
8.46
9.68
10.72
11.65
12.54
13.36
14.08
14.64
14.95
14.96
14.63
13.99
13.14
12.20
11.29
10.48
9.81
9.29
8.92
8.66
8.41
8.04
7.41
6.48
5.30
4.04
2.83
1.75
0.77
-0.21
-1.28
-2.48
-3.82
-5.26
-6.77
-8.31
-9.84
-11.27
-12.54
-13.63
-14.60
-15.58
-16.75
-18.26
-20.16
-22.30
-24.36
-25.84
-26.18
-24.92
-21.89
-17.29
-11.66
-5.76
-0.30
4.22
7.56
9.80
11.20
12.08
12.76
13.46
14.28
15.20
16.07
16.71
16.98
16.82
16.27
15.45
14.48
13.52
12.68
12.03
11.59
11.34
11.17
10.94
10.55
9.90
8.97
7.82
6.49
5.06
3.60
2.14
0.75
-0.52
-1.66
-2.69
-3.65
-4.63
-5.75
-7.10
-8.72
-10.62
-12.74
-15.00
-17.29
-19.47
-21.37
-22.77
-23.47
-23.34
-22.32
-20.48
-17.92
-14.75
-11.09
-7.06
-2.88
1.10
4.39
6.53
7.18
6.33
4.32
1.76
-0.64
-2.33
-2.99
-2.63
-1.45
0.25
2.20
4.20
6.13
7.95
9.62
11.13
12.48
13.64
14.56
15.22
15.60
15.74
15.71
15.55
15.21
14.55
13.39
11.64
9.38
6.84
4.33
2.09
0.20
-1.40
-2.92
-4.55
-6.39
-8.49
-10.86
-13.45
-16.18
-18.78
-20.80
-21.68
-20.91
-18.34
-14.26
-9.38
-4.56
-0.51
2.42
4.32
5.51
6.35
7.04
7.57
7.78
7.54
6.81
5.73
4.54
3.53
2.95
2.90
3.36
4.20
5.23
6.31
7.35
8.29
9.08
9.67
9.96
9.88
9.45
8.69
7.73
6.67
5.56
4.44
3.31
2.20
1.19
0.38
-0.20
-0.63
-1.12
-2.00
-3.49
-5.61
-8.04
-10.14
-11.07
-10.12
-6.94
-1.75
4.83
11.95
18.95
25.54
31.89
38.37
45.34
52.84
60.59
68.09
74.90
80.79
85.86
90.38
94.63
98.84
103.11
107.46
111.94
116.50
120.98
125.07
128.34
130.41
131.14
130.68
129.33
127.35
124.73
121.15
116.19
109.60
101.57
92.63
83.47
74.56
65.92
57.17
47.79
37.44
26.12
14.12
1.85
-10.39
-22.39
-33.90
-44.35
-52.88
-58.42
-60.11
-57.67
-51.60
-43.10
-33.79
-25.27
-18.78
-15.04
-14.20
-15.89
-19.36
-23.71
-28.18
-32.41
-36.61
-41.38
-47.51
-55.54
-65.43
-76.52
-87.75
-97.95
-106.28
-112.44
-116.69
-119.71
-122.35
-125.28
-128.81
-132.76
-136.59
-139.67
-141.60
-142.34
-142.16
-141.40
-140.29
-138.97
-137.62
-136.59
-136.34
-137.16
-138.89
-140.88
-142.18
-141.88
-139.25
-133.68
-124.57
-111.30
-93.62
-72.07
-48.20
-24.29
-2.59
15.53
30.03
41.96
52.77
63.54
74.61
85.68
96.20
105.75
114.13
121.22
126.87
130.85
133.10
133.84
133.67
133.33
133.50
134.46
136.13
138.09
139.77
140.68
140.44
139.02
136.65
133.82
131.02
128.35
125.20
120.28
111.99
99.09
81.36
59.84
36.57
13.89
-6.30
-23.04
-36.59
-48.22
-59.79
-73.04
-88.91
-107.01
-125.66
-142.40
-154.90
-161.83
-163.28
-160.57
-155.52
-149.81
-144.42
-139.64
-135.35
-131.21
-126.93
-122.32
-117.45
-112.78
-109.26
-108.11
-110.43
-116.72
-126.49
-138.34
-150.40
-160.83
-168.29
-172.09
-172.05
-168.42
-161.87
-153.50
-144.78
-137.29
-132.13
-129.52
-128.72
-128.51
-127.83
-126.41
-124.90
-124.34
-125.50
-128.24
-131.62
-134.30
-135.15
-133.57
-129.35
-122.41
-112.55
-99.67
-84.15
-67.05
-49.93
-34.18
-20.18
-6.98
7.36
24.79
46.14
70.42
95.02
116.67
132.70
142.05
145.43
144.87
142.73
140.80
139.90
139.94
140.44
141.04
141.70
142.69
144.28
146.52
149.10
151.45
152.88
152.86
151.15
147.83
143.19
137.62
131.45
124.87
118.02
110.98
103.82
96.52
88.95
80.86
72.11
62.93
54.00
46.41
41.20
39.00
39.63
42.25
45.65
48.74
50.86
51.87
52.01
51.66
51.18
50.77
50.53
50.44
50.43
50.33
49.93
48.99
47.33
44.85
41.65
37.96
34.13
30.52
27.42
24.96
23.07
21.54
20.08
18.42
16.37
13.90
11.07
8.00
4.85
1.77
-1.12
-3.72
-5.98
-7.91
-9.61
-11.28
-13.20
-15.64
-18.79
-22.61
-26.80
-30.76
-33.70
-34.81
-33.50
-29.58
-23.38
-15.68
-7.54
-0.01
6.14
10.56
13.34
14.93
15.92
16.88
18.15
19.76
21.52
23.08
24.10
24.40
23.97
22.92
21.46
19.79
18.11
16.61
15.44
14.69
14.29
14.08
13.74
12.98
11.60
9.58
7.10
4.43
1.87
-0.36
-2.16
-3.59
-4.78
-5.92
-7.20
-8.73
-10.54
-12.55
-14.62
-16.61
-18.40
-20.00
-21.49
-23.15
-25.23
-27.94
-31.22
-34.64
-37.47
-38.77
-37.76
-34.07
-27.89
-19.94
-11.25
-2.88
4.39
10.16
14.39
17.35
19.35
20.70
21.61
22.22
22.67
23.05
23.43
23.78
23.98
23.85
23.27
22.20
20.82
19.35
18.03
16.95
16.02
15.06
13.87
12.34
10.47
8.34
6.07
3.77
1.49
-0.71
-2.84
-4.88
-6.87
-8.81
-10.72
-12.59
-14.40
-16.13
-17.76
-19.31
-20.86
-22.53
-24.48
-26.90
-29.83
-33.15
-36.40
-38.85
-39.67
-38.19
-34.17
-27.89
-20.12
-11.82
-3.95
2.79
8.05
11.78
14.19
15.64
16.61
17.51
18.63
20.00
21.40
22.49
22.96
22.70
21.79
20.50
19.08
17.74
16.58
15.62
14.85
14.21
13.59
12.79
11.59
9.83
7.48
4.67
1.66
-1.28
-3.91
-6.11
-7.88
-9.35
-10.68
-12.01
-13.41
-14.89
-16.40
-17.93
-19.50
-21.20
-23.13
-25.44
-28.22
-31.46
-34.94
-38.18
-40.43
-40.86
-38.84
-34.16
-27.21
-18.88
-10.26
-2.39
4.11
9.03
12.52
14.90
16.51
17.63
18.49
19.27
20.09
21.03
22.03
22.95
23.62
23.87
23.61
22.88
21.82
20.63
19.53
18.69
18.09
17.55
16.74
15.36
13.22
10.38
7.13
3.86
0.88
-1.67
-3.84
-5.81
-7.74
-9.75
-11.85
-14.02
-16.18
-18.28
-20.24
-22.04
-23.72
-25.42
-27.35
-29.76
-32.83
-36.56
-40.65
-44.49
-47.20
-47.83
-45.70
-40.59
-32.91
-23.61
-13.91
-4.91
2.61
8.39
12.55
15.47
17.59
19.29
20.86
22.45
24.07
25.60
26.82
27.56
27.72
27.35
26.54
25.41
24.03
22.46
20.76
19.03
17.33
15.63
13.80
11.64
9.06
6.15
3.18
0.48
-1.70
-3.32
-4.54
-5.59
-6.62
-7.66
-8.58
-9.28
-9.73
-10.09
-10.64
-11.73
-13.65
-16.56
-20.36
-24.56
-28.32
-30.46
-29.84
-25.65
-17.74
-6.67
6.47
20.52
34.56
48.08
60.80
72.52
82.89
91.61
98.60
104.31
109.61
115.50
122.61
130.88
139.51
147.26
152.85
155.45
154.96
152.05
148.13
144.90
143.96
146.08
150.62
155.23
156.16
149.10
130.43
98.40
53.95
0.71
-55.71
-109.41
-155.97
-193.86
-224.58
-251.42
-277.36
-303.26
-327.35
-346.38
-357.67
-360.89
-358.40
-354.22
-352.08
-353.89
-359.21
-365.77
-370.56
-370.67
-363.80
-348.66
-325.21
-294.93
-260.83
-226.74
-196.27
-171.60
-152.79
-137.91
-123.77
-107.00
-85.00
-56.41
-21.19
19.50
63.62
108.47
151.03
188.38
218.22
239.38
252.04
257.55
257.87
254.87
249.80
243.01
234.28
223.15
209.53
193.78
176.76
159.55
143.20
128.58
116.33
106.93
100.66
97.50
97.02
98.33
100.21
101.39
100.88
98.17
93.29
86.68
78.96
70.72
62.45
54.39
46.63
39.18
32.05
25.35
19.30
14.19
10.34
7.98
7.15
7.66
9.13
10.99
12.67
13.70
13.90
13.34
12.27
10.99
9.69
8.44
7.24
6.07
4.95
3.91
2.95
1.98
0.90
-0.33
-1.61
-2.73
-3.41
-3.43
-2.71
-1.34
0.46
2.39
4.16
5.51
6.27
6.39
5.89
4.87
3.47
1.79
-0.08
-2.08
-4.13
-6.21
-8.27
-10.29
-12.27
-14.23
-16.18
-18.16
-20.14
-22.06
-23.84
-25.43
-26.84
-28.15
-29.49
-30.89
-32.22
-33.09
-32.97
-31.40
-28.16
-23.46
-17.86
-12.07
-6.75
-2.31
1.09
3.53
5.15
6.12
6.59
6.74
6.73
6.72
6.79
6.99
7.29
7.67
8.18
8.86
9.76
10.88
12.14
13.44
14.70
15.83
16.80
17.54
17.95
17.89
17.30
16.16
14.60
12.84
11.06
9.39
7.82
6.26
4.62
2.91
1.22
-0.30
-1.52
-2.45
-3.20
-3.94
-4.80
-5.86
-7.12
-8.57
-10.29
-12.38
-14.95
-17.98
-21.23
-24.26
-26.50
-27.37
-26.54
-23.96
-19.97
-15.16
-10.26
-5.93
-2.59
-0.32
1.04
1.85
2.46
3.15
4.03
5.08
6.21
7.30
8.24
8.98
9.46
9.69
9.70
9.57
9.40
9.28
9.25
9.28
9.31
9.26
9.11
8.85
8.49
8.03
7.43
6.67
5.75
4.75
3.79
2.96
2.27
1.63
0.90
-0.04
-1.21
-2.54
-3.91
-5.16
-6.19
-6.94
-7.40
-7.66
-7.87
-8.25
-9.00
-10.26
-11.97
-13.88
-15.52
-16.37
-15.96
-14.04
-10.69
-6.31
-1.52
2.95
6.51
8.82
9.81
9.74
9.02
8.13
7.42
7.08
7.12
7.40
7.76
8.08
8.30
8.43
8.46
8.35
8.07
7.60
7.04
6.53
6.17
5.93
5.63
5.01
3.89
2.21
0.13
-2.06
-4.07
-5.69
-6.82
-7.53
-7.95
-8.24
-8.58
-9.10
-9.88
-10.90
-12.07
-13.21
-14.19
-14.92
-15.46
-16.02
-16.82
-18.02
-19.58
-21.15
-22.19
-22.05
-20.30
-16.86
-12.07
-6.59
-1.22
3.39
6.87
9.19
10.54
11.26
11.64
11.91
12.11
12.24
12.27
12.21
12.07
11.87
11.63
11.34
11.00
10.65
10.32
10.06
9.82
9.49
8.91
8.01
6.79
5.42
4.03
2.69
1.32
-0.23
-2.07
-4.16
-6.29
-8.20
-9.72
-10.84
-11.72
-12.57
-13.57
-14.84
-16.42
-18.28
-20.31
-22.22
-23.58
-23.89
-22.71
-19.86
-15.56
-10.34
-4.93
0.02
4.08
7.11
9.19
10.55
11.46
12.15
12.77
13.39
13.98
14.50
14.91
15.17
15.32
15.42
15.48
15.48
15.36
15.05
14.55
13.93
13.33
12.88
12.62
12.51
12.37
11.97
11.17
9.96
8.48
6.98
5.68
4.70
4.02
3.50
2.96
2.20
1.09
-0.40
-2.19
-4.13
-6.06
-7.87
-9.55
-11.26
-13.19
-15.52
-18.25
-21.10
-23.59
-25.11
-25.12
-23.36
-19.96
-15.34
-10.19
-5.20
-0.94
2.29
4.45
5.73
6.43
6.87
7.28
7.76
8.32
8.91
9.44
9.86
10.15
10.33
10.41
10.41
10.33
10.17
9.95
9.69
9.42
9.16
8.94
8.78
8.69
8.65
8.60
8.48
8.24
7.93
7.63
7.45
7.47
7.63
7.82
7.87
7.67
7.20
6.54
5.85
5.27
4.89
4.71
4.63
4.47
3.98
2.93
1.14
-1.37
-4.35
-7.29
-9.59
-10.73
-10.48
-9.00
-6.82
-4.63
-3.02
-2.32
-2.54
-3.45
-4.75
-6.20
-7.66
-9.02
-10.17
-11.02
-11.47
-11.54
-11.33
-11.00
-10.69
-10.45
-10.29
-10.14
-9.94
-9.69
-9.37
-8.96
-8.43
-7.79
-7.07
-6.34
-5.70
-5.23
-4.94
-4.73
-4.47
-3.99
-3.21
-2.12
-0.86
0.32
1.19
1.61
1.57
1.25
0.81
0.36
-0.18
-1.01
-2.39
-4.51
-7.39
-10.82
-14.36
-17.44
-19.57
-20.40
-19.96
-18.62
-16.93
-15.46
-14.60
-14.42
-14.73
-15.15
-15.23
-14.56
-12.88
-10.11
-6.47
-2.41
1.52
4.83
7.25
8.82
9.84
10.67
11.61
12.78
14.11
15.41
16.45
17.05
17.16
16.84
16.18
15.30
14.23
12.96
11.49
9.84
8.13
6.54
5.27
4.46
4.17
4.34
4.83
5.51
6.25
7.00
7.86
8.99
10.61
12.85
15.67
18.85
22.03
24.81
26.85
27.99
28.20
27.67
26.69
25.60
24.70
24.11
23.75
23.35
22.54
21.04
18.76
15.80
12.47
9.09
5.98
3.34
1.27
-0.22
-1.24
-1.94
-2.53
-3.19
-4.09
-5.29
-6.78
-8.48
-10.30
-12.10
-13.78
-15.17
-16.18
-16.77
-17.01
-17.13
-17.47
-18.47
-20.49
-23.73
-28.01
-32.79
-37.18
-40.20
-41.10
-39.60
-36.05
-31.25
-26.17
-21.60
-17.95
-15.20
-13.10
-11.41
-10.06
-9.21
-9.17
-10.22
-12.45
-15.65
-19.24
-22.42
-24.28
-24.13
-21.67
-17.20
-11.55
-5.89
-1.27
1.67
3.06
3.66
4.48
6.31
9.43
13.55
18.13
22.67
26.80
30.51
33.89
37.18
40.65
44.62
49.20
54.02
58.12
59.95
58.18
52.07
42.39
31.31
21.65
15.71
14.20
16.81
21.33
24.72
24.66
21.26
16.36
12.29
10.81
12.79
18.16
25.77
33.32
37.66
35.89
26.13
8.41
-15.16
-41.06
-65.68
-86.74
-98.17
-99.26
-92.60
-81.83
-69.63
-57.33
-45.57
-34.89
-25.92
-18.94
-14.45
-11.79
-9.81
-7.31
-3.68
0.89
5.73
10.10
13.56
15.53
16.38
16.77
17.43
18.68
20.31
21.81
22.58
22.21
19.66
15.55
10.51
5.12
-0.22
-5.46
-10.65
-15.92
-20.06
-23.67
-26.75
-29.13
-30.53
-30.81
-30.09
-28.40
-25.88
-23.82
-21.40
-18.09
-13.66
-8.09
-1.60
5.14
11.67
18.43
24.20
28.70
32.07
34.50
36.09
36.62
34.87
30.80
24.28
15.44
5.24
-5.10
-14.52
-22.41
-27.53
-31.47
-35.39
-40.16
-45.96
-51.94
-56.86
-59.81
-60.40
-59.20
-57.58
-56.60
-57.21
-60.10
-65.58
-73.47
-82.46
-89.57
-90.54
-81.49
-60.58
-29.89
4.87
36.54
59.32
71.04
73.45
70.57
66.23
62.59
59.72
56.78
53.26
49.61
46.82
45.63
45.92
46.78
47.24
46.60
44.93
42.96
41.44
40.86
41.24
42.16
43.10
43.76
44.18
44.72
45.75
47.41
49.64
51.96
53.83
54.82
54.81
54.24
54.37
57.00
63.55
73.58
84.00
89.29
83.58
63.49
30.33
-9.94
-48.80
-78.43
-94.39
-96.51
-88.19
-74.49
-60.41
-49.69
-44.37
-44.65
-49.08
-55.28
-60.69
-63.85
-64.85
-64.99
-65.60
-67.51
-70.74
-74.63
-77.98
-78.90
-74.81
-62.85
-41.30
-11.01
24.34
59.29
88.81
110.53
125.43
136.30
145.02
150.45
148.51
134.59
106.91
68.58
26.90
-9.65
-35.32
-49.23
-54.81
-57.33
-60.41
-64.34
-66.68
-64.87
-58.37
-49.71
-43.22
-42.57
-48.83
-60.35
-74.06
-86.93
-97.01
-102.92
-103.00
-95.32
-78.30
-52.06
-19.44
14.80
45.98
71.33
90.69
104.85
113.01
111.43
94.80
59.99
9.46
-48.03
-100.18
-135.96
-150.35
-145.83
-130.35
-113.25
-100.90
-94.96
-93.26
-92.66
-90.42
-85.75
-79.15
-71.02
-60.68
-46.30
-25.53
3.27
39.00
78.45
116.95
149.85
174.09
188.70
194.84
195.17
192.44
188.43
183.76
177.70
168.70
155.18
136.07
110.80
79.37
42.22
0.60
-42.51
-82.30
-112.92
-128.62
-127.71
-113.15
-91.58
-70.86
-57.02
-52.17
-54.79
-61.61
-69.51
-77.21
-84.91
-93.16
-101.85
-109.92
-115.81
-118.53
-118.05
-115.07
-110.69
-105.41
-98.75
-89.44
-76.18
-57.87
-34.50
-7.33
21.34
48.72
72.26
90.23
101.88
107.43
107.78
104.08
97.45
88.74
78.49
67.02
54.69
42.00
29.76
19.08
11.04
6.43
5.43
7.45
11.32
15.73
19.72
23.07
26.39
30.80
37.48
47.35
60.86
77.87
97.34
116.99
133.42
142.72
141.75
129.35
107.00
78.29
47.61
18.66
-6.23
-25.90
-39.54
-46.26
-45.33
-37.24
-24.50
-11.46
-2.87
-1.84
-8.24
-18.74
-28.19
-32.04
-28.35
-18.72
-7.66
-1.01
-4.15
-20.15
-48.56
-84.86
-120.84
-146.26
-151.65
-131.85
-89.15
-34.20
16.49
46.16
44.40
11.55
-41.33
-97.27
-140.56
-162.78
-164.63
-153.48
-138.00
-123.67
-111.08
-97.49
-79.97
-57.79
-32.70
-7.66
14.69
32.91
46.58
55.84
61.05
63.06
63.50
64.57
68.44
76.22
87.44
100.07
111.42
119.01
121.42
118.57
111.50
101.97
92.06
83.98
79.86
81.09
88.31
100.90
116.92
133.33
146.74
154.43
155.16
149.47
140.21
130.12
120.93
113.09
105.84
97.79
87.59
74.43
58.29
39.49
18.69
-3.71
-27.60
-53.16
-80.72
-110.28
-141.32
-172.76
-203.12
-230.98
-255.36
-275.65
-291.61
-303.20
-310.26
-312.36
-308.71
-298.38
-279.03
-249.19
-208.56
-158.34
-101.18
-40.69
19.26
75.34
125.14
167.31
201.33
227.27
245.42
256.21
260.30
258.79
253.34
245.92
238.34
231.85
226.72
222.02
216.00
206.80
193.11
174.77
153.29
129.56
104.22
77.38
48.36
16.11
-20.37
-61.63
-106.32
-153.01
-199.53
-242.05
-275.07
-292.48
-289.71
-266.25
-226.60
-179.25
-133.93
-98.06
-74.51
-61.85
-56.49
-55.07
-56.09
-59.59
-65.83
-74.26
-83.30
-90.93
-95.88
-98.36
-99.54
-101.41
-105.44
-111.86
-119.55
-126.19
-128.28
-121.58
-103.20
-71.56
-28.93
18.10
60.14
88.13
96.64
85.62
60.25
28.81
0.12
-18.60
-22.19
-7.67
25.27
73.05
127.50
177.32
210.92
220.61
205.67
172.89
133.04
98.53
78.01
73.57
81.78
96.45
111.56
123.07
128.75
126.99
115.54
92.42
56.07
8.54
-43.67
-91.15
-124.85
-139.87
-137.18
-122.04
-102.00
-83.60
-69.74
-60.92
-57.04
-58.50
-65.72
-77.54
-90.09
-97.48
-94.14
-77.46
-49.38
-15.34
18.46
47.25
68.88
83.47
92.01
95.47
94.67
90.44
83.90
76.40
69.29
63.48
59.20
56.01
53.06
49.66
45.44
40.56
35.68
31.62
29.03
28.15
28.73
30.16
31.78
33.04
33.68
33.93
34.22
35.03
36.68
39.17
42.20
45.32
48.17
50.18
51.24
51.52
51.27
50.70
49.77
48.06
44.85
39.52
31.30
20.14
6.57
-8.35
-23.33
-37.31
-49.86
-60.86
-70.73
-80.14
-89.49
-99.25
-110.02
-122.29
-135.74
-148.58
-157.69
-159.62
-152.47
-136.88
-116.25
-95.16
-76.97
-62.17
-48.09
-30.64
-6.23
24.40
57.66
88.68
113.29
129.24
135.80
133.33
121.59
100.68
72.30
40.97
12.93
-5.48
-10.09
-2.22
12.40
26.15
33.09
31.02
21.87
9.88
-0.97
-8.65
-13.35
-16.23
-18.16
-19.14
-18.71
-16.50
-12.90
-8.91
-5.80
-4.40
-4.74
-6.13
-7.51
-8.04
-7.45
-6.21
-5.19
-5.59
-7.81
-11.67
-16.46
-21.24
-25.26
-28.24
-30.41
-32.36
-34.74
-37.90
-41.92
-46.49
-51.16
-55.48
-59.19
-62.23
-64.55
-66.07
-66.62
-65.91
-63.62
-59.43
-53.21
-45.10
-35.47
-25.12
-14.52
-4.07
5.78
14.61
22.08
27.89
31.79
33.54
32.96
30.03
24.76
17.22
7.58
-3.86
-16.71
-30.10
-43.32
-55.61
-66.58
-75.47
-81.61
-84.53
-83.92
-79.67
-71.94
-61.11
-47.80
-32.75
-16.77
-0.75
14.37
27.79
38.80
46.90
51.74
53.25
51.55
47.00
40.02
31.12
20.83
9.63
-2.06
-13.87
-25.51
-36.72
-47.30
-57.06
-65.89
-73.60
-80.10
-85.28
-89.10
-91.51
-92.60
-92.51
-91.49
-89.83
-87.93
-86.19
-85.06
-84.87
-85.92
-88.36
-92.23
-97.36
-103.41
