1510239431.000000, IBI
38.142371,0.625029
38.736148,0.593777
39.314300,0.578151
54.143104,0.578151
54.643126,0.500023
55.283781,0.640654
55.783804,0.500023
78.081699,0.640654
78.706728,0.625029
79.378634,0.671906
79.988037,0.609403
80.613065,0.625029
81.222468,0.609403
81.753742,0.531274
82.331894,0.578151
82.925671,0.593777
83.488197,0.562526
84.003845,0.515649
84.581997,0.578151
89.332214,0.562526
89.972869,0.640654
90.551020,0.578151
91.207300,0.656280
91.785452,0.578151
92.363603,0.578151
92.973006,0.609403
99.379549,0.578151
100.051455,0.671906
103.535990,0.609403
104.098515,0.562526
109.458136,0.609403
110.067538,0.609403
110.630064,0.562526
111.176964,0.546900
111.833244,0.656280
125.161979,0.500023
125.802634,0.640654
126.505791,0.703157
127.021440,0.515649
127.583965,0.562526
128.099614,0.515649
128.755894,0.656280
129.318420,0.562526
129.818443,0.500023
130.365343,0.546900
131.037248,0.671906
131.631026,0.593777
132.177926,0.546900
132.756077,0.578151
133.365480,0.609403
133.974883,0.609403
134.584286,0.609403
135.084309,0.500023
175.476783,0.562526
176.117437,0.640654
176.648711,0.531274
227.541666,0.546900
230.401172,0.625029
231.010575,0.609403
231.541849,0.531274
231.979369,0.437520
264.762120,0.562526
265.277768,0.515649
280.137823,0.609403
280.700349,0.562526
281.356629,0.656280
315.592571,0.609403
369.001266,0.750034
369.704423,0.703157
370.407580,0.703157
419.441075,0.703157
420.097355,0.656280
420.847389,0.750034
433.379213,0.640654
434.019867,0.640654
434.644896,0.625029
435.254299,0.609403
435.863702,0.609403
436.457479,0.593777
483.522133,0.546900
484.162787,0.640654
484.631559,0.468771
485.147207,0.515649
485.819113,0.671906
486.334762,0.515649
486.897288,0.562526
487.491065,0.593777
488.022339,0.531274
488.522362,0.500023
489.178642,0.656280
489.709916,0.531274
490.288068,0.578151
512.382829,0.531274
513.039109,0.656280
513.586009,0.546900
527.711656,0.609403
528.289807,0.578151
528.789830,0.500023
529.461736,0.671906
530.149267,0.687531
530.727419,0.578151
598.418017,0.515649
598.980543,0.562526
599.621197,0.640654
675.687179,0.609403
721.658034,0.593777
724.658171,0.640654
725.236322,0.578151
803.239893,0.562526
803.833670,0.593777
804.583704,0.750034
819.443760,0.656280
852.679656,0.703157
853.335936,0.656280
856.820471,0.703157
857.554879,0.734409
858.289288,0.734409
866.164648,0.718783
866.758425,0.593777
876.571375,0.812537
893.790913,0.578151
894.462819,0.671906
895.103473,0.640654
895.837882,0.734409
896.416033,0.578151
897.056687,0.640654
904.213265,0.656280
1062.423632,0.578151
1062.986158,0.562526
1098.519034,0.515649
1118.082430,0.578151
1124.801487,0.546900
1125.457767,0.656280
1126.129673,0.671906
1126.723450,0.593777
1127.254725,0.531274
1127.895379,0.640654
1128.536033,0.640654
1131.723679,0.765660
1134.739442,0.625029
1140.911600,0.609403
1141.583505,0.671906
1149.099474,0.734409
1149.615123,0.515649
1150.193274,0.578151
1150.865180,0.671906
1151.583963,0.718783
1152.162115,0.578151
1152.787143,0.625029
1170.334821,0.640654
1171.053604,0.718783
1171.616130,0.562526
1193.632763,0.640654
1194.304669,0.671906
1195.007826,0.703157
1195.664106,0.656280
1196.289135,0.625029
1196.929789,0.640654
1197.476689,0.546900
1198.117343,0.640654
1198.789249,0.671906
1199.476780,0.687531
1200.117435,0.640654
1200.679960,0.562526
1201.304989,0.625029
1202.023772,0.718783
1202.711303,0.687531
1205.758318,0.625029
1206.414598,0.656280
1207.086504,0.671906
1253.166738,0.593777
1312.466327,0.593777
1313.013227,0.546900
1313.747636,0.734409
1314.263285,0.515649
1392.094972,0.687531
1392.751252,0.656280
1466.551506,0.546900
1507.115862,0.640654
1507.787768,0.671906
1647.091020,0.671906
1658.575920,0.562526
1693.296260,0.640654
1693.921288,0.625029
1694.515066,0.593777
1695.124469,0.609403
1717.875510,0.593777
1718.469287,0.593777
1731.063614,0.734409
1731.610514,0.546900
1806.832707,0.640654
1807.598367,0.765660
1905.274713,0.593777
1905.993496,0.718783
2007.810657,0.640654
2011.357694,0.453146
2029.077255,0.671906
2029.639781,0.562526
2030.311687,0.671906
2030.827335,0.515649
2053.906517,0.546900
2099.096085,0.671906
2099.705488,0.609403
2100.330517,0.625029
2100.971171,0.640654
2109.471560,0.578151
2110.080963,0.609403
2110.565360,0.484397
2111.190389,0.625029
2111.799792,0.609403
2112.362318,0.562526
2196.709929,0.531274
2197.256829,0.546900
2197.709974,0.453146
2204.132143,0.562526
2269.119493,0.640654
2269.635142,0.515649
2270.244545,0.609403
2270.791445,0.546900
2271.400847,0.609403
2625.292047,0.656280
2772.455033,0.531274
2847.364712,0.515649
2898.179538,0.640654
2898.742064,0.562526
2907.883107,0.562526
2908.539387,0.656280
2909.101913,0.562526
2974.354900,0.703157
2974.854923,0.500023
2975.464325,0.609403
2976.026851,0.562526
2976.605003,0.578151
2977.198780,0.593777
2977.823808,0.625029
2978.401960,0.578151
3085.969384,0.671906
3086.469407,0.500023
3111.673685,0.593777
3112.236211,0.562526
3112.814363,0.578151
3113.470643,0.656280
3114.111297,0.640654
3114.611320,0.500023
3115.142594,0.531274
3115.736371,0.593777
3211.350123,0.562526
3212.068906,0.718783
3295.275840,0.671906
3296.025874,0.750034
3325.058453,0.578151
3574.366740,0.515649
3622.822083,0.515649
3623.493989,0.671906
3623.962760,0.468771
3624.540912,0.578151
3630.728695,0.531274
3631.306846,0.578151
3631.869372,0.562526
3632.494401,0.625029
3633.228809,0.734409
3633.775709,0.546900
3634.416364,0.640654
3635.041392,0.625029
3635.635170,0.593777
3636.197695,0.562526
3636.791472,0.593777
3644.073056,0.515649
3644.604330,0.531274
3645.244984,0.640654
3645.776259,0.531274
3646.385662,0.609403
3647.041942,0.656280
3647.635719,0.593777
3648.245122,0.609403
3648.760770,0.515649
3649.417050,0.656280
3649.917073,0.500023
3650.526476,0.609403
3651.104628,0.578151
3651.667153,0.562526
3652.260931,0.593777
3652.870333,0.609403
3659.104994,0.515649
3659.730022,0.625029
3660.339425,0.609403
3660.933203,0.593777
3661.573857,0.640654
3662.245763,0.671906
3662.870791,0.625029
3663.558323,0.687531
3664.198977,0.640654
3669.683603,0.750034
3670.355509,0.671906
3671.011789,0.656280
3671.621192,0.609403
3672.214969,0.593777
3672.839998,0.625029
3675.699503,0.578151
3770.016321,0.671906
3785.360773,0.578151
3785.985802,0.625029
4057.248219,0.578151
4057.779493,0.531274
4260.991920,0.593777
4301.743785,0.843789
4302.556322,0.812537
4330.448224,0.562526
4331.026376,0.578151
4331.667030,0.640654
4332.213930,0.546900
4364.387278,0.656280
4364.981055,0.593777
4388.841522,0.781286
4389.654059,0.812537
4390.419719,0.765660
4414.373941,0.531274
4414.889589,0.515649
4415.530244,0.640654
4416.077144,0.546900
4423.280598,0.609403
4423.811873,0.531274
4424.436901,0.625029
4424.952550,0.515649
4425.577579,0.625029
4440.375131,0.578151
4440.906405,0.531274
4482.236422,0.531274
4482.892702,0.656280
4489.783643,0.531274
4490.393045,0.609403
4491.018074,0.625029
4491.674354,0.656280
4492.236880,0.562526
4492.830657,0.593777
4493.408808,0.578151
4493.940083,0.531274
4494.518234,0.578151
4495.096386,0.578151
4495.627660,0.531274
4496.268314,0.640654
4496.940220,0.671906
4497.643377,0.703157
4655.291219,0.562526
4655.978750,0.687531
4656.463147,0.484397
4656.947544,0.484397
4657.603824,0.656280
4662.947819,0.687531
4784.453381,0.531274
4785.078409,0.625029
4785.765941,0.687531
4788.844207,0.609403
4789.422358,0.578151
4790.078638,0.656280
4790.719293,0.640654
4791.359947,0.640654
4791.969350,0.609403
4792.563127,0.593777
4793.172530,0.609403
4793.781933,0.609403
4803.172988,0.625029
4803.782391,0.609403
4804.423045,0.640654
4805.094951,0.671906
4805.798108,0.703157
4806.501265,0.703157
4807.235674,0.734409
4807.985708,0.750034
4808.626362,0.640654
4809.298268,0.671906
4809.954548,0.656280
4819.345603,0.625029
4819.970632,0.625029
4820.720666,0.750034
4828.267886,0.625029
4828.924166,0.656280
4829.549195,0.625029
4830.221101,0.671906
4830.939884,0.718783
4831.611789,0.671906
4832.299321,0.687531
4833.049355,0.750034
4833.658758,0.609403
4834.346290,0.687531
4834.986944,0.640654
4835.674475,0.687531
4847.300008,0.593777
4847.987539,0.687531
4856.394174,0.671906
4857.066080,0.671906
4857.675483,0.609403
4858.300511,0.625029
4858.988043,0.687531
4859.597445,0.609403
4873.598086,0.593777
4874.254366,0.656280
4874.895021,0.640654
4875.551301,0.656280
4876.223207,0.671906
4876.895112,0.671906
4877.520141,0.625029
4878.176421,0.656280
4878.863952,0.687531
4879.535858,0.671906
4880.254641,0.718783
4880.989050,0.734409
4881.692207,0.703157
4882.348487,0.656280
4931.835127,0.687531
4932.600787,0.765660
4933.335196,0.734409
4934.038353,0.703157
4934.757136,0.718783
4935.429042,0.671906
4936.100947,0.671906
4936.772853,0.671906
4937.444759,0.671906
4938.085413,0.640654
4941.163679,0.703157
4941.788708,0.625029
4942.444988,0.656280
4943.163771,0.718783
5006.463543,0.593777
5007.104198,0.640654
5007.682349,0.578151
5056.700218,0.718783
5057.434626,0.734409
5058.200286,0.765660
5058.981572,0.781286
5059.606601,0.625029
5060.419138,0.812537
5116.546707,0.562526
5122.328222,0.640654
5125.140851,0.625029
5125.687751,0.546900
5126.281528,0.593777
5126.890931,0.609403
5130.031699,0.687531
5130.594225,0.562526
5131.172377,0.578151
5131.750528,0.578151
5132.375557,0.625029
5132.953708,0.578151
5133.563111,0.609403
5134.235017,0.671906
5134.781917,0.546900
5135.391320,0.609403
5136.031974,0.640654
5136.672628,0.640654
5137.297657,0.625029
5137.907060,0.609403
5138.469586,0.562526
5208.582170,0.718783
5209.254076,0.671906
5209.925982,0.671906
5210.613513,0.687531
5241.958698,0.656280
5261.709602,0.656280
5262.334630,0.625029
5263.022162,0.687531
5272.006948,0.687531
5272.631977,0.625029
5273.288257,0.656280
5273.975788,0.687531
5274.632068,0.656280
5282.866820,0.562526
5283.460598,0.593777
5284.116878,0.656280
5284.710655,0.593777
5285.320058,0.609403
5285.960712,0.640654
5286.616992,0.656280
5287.195143,0.578151
5287.804546,0.609403
5288.476452,0.671906
5289.132732,0.656280
5305.789745,0.578151
5306.352270,0.562526
5346.869750,0.687531
5347.432276,0.562526
5353.135662,0.593777
5393.668767,0.656280
5394.371924,0.703157
5395.075082,0.703157
5395.684484,0.609403
5396.372016,0.687531
5404.872405,0.671906
5405.481808,0.609403
5406.122462,0.640654
5406.809994,0.687531
5407.450648,0.640654
5408.075677,0.625029
5408.794460,0.718783
5409.435114,0.640654
5420.638752,0.734409
5437.311390,0.703157
5454.749688,0.625029
5455.499722,0.750034
5456.202880,0.703157
5456.906037,0.703157
5480.907135,0.687531
5481.610293,0.703157
5482.329076,0.718783
5515.533720,0.609403
5516.174375,0.640654
5522.346532,0.625029
5522.987187,0.640654
5529.628116,0.625029
5536.409676,0.640654
5718.652393,0.562526
5719.230545,0.578151
5719.824322,0.593777
5726.590257,0.656280
5727.152782,0.562526
5727.855940,0.703157
5728.465343,0.609403
5729.074745,0.609403
5729.793528,0.718783
5730.356054,0.562526
5733.856214,0.609403
5734.496869,0.640654
5735.168774,0.671906
5735.809429,0.640654
5736.450083,0.640654
5737.090737,0.640654
5737.731392,0.640654
5738.372046,0.640654
5738.950197,0.578151
5739.575226,0.625029
5740.106500,0.531274
5740.809658,0.703157
5741.403435,0.593777
5741.997212,0.593777
5742.606615,0.609403
5743.169141,0.562526
5743.731666,0.562526
5744.294192,0.562526
6070.043478,0.656280
6070.668507,0.625029
6071.277910,0.609403
6071.902938,0.625029
6072.606096,0.703157
6073.184247,0.578151
6073.809276,0.625029
6074.496807,0.687531
6075.246841,0.750034
6076.028127,0.781286
6076.825039,0.796911
6077.559447,0.734409
6078.309482,0.750034
6081.825268,0.609403
6137.468440,0.640654
6138.109094,0.640654
6138.765374,0.656280
6139.452905,0.687531
6140.109185,0.656280
6144.843777,0.656280
6145.531309,0.687531
6146.218840,0.687531
6146.859494,0.640654
6147.547026,0.687531
6148.250183,0.703157
6148.890837,0.640654
6149.547117,0.656280
6150.219023,0.671906
6150.922180,0.703157
6151.578460,0.656280
6152.219115,0.640654
6152.906646,0.687531
